# time Tc_folded Tref_folded value value_err offset model full_model val_compare val_compare_err residuals residuals_err jitter jitter_flag offset_flag subset_flag 
2455480.529186 0.000000 0.000000 -26.909975 0.971355 -24.710966 -2.175473 -26.886439 -2.199009 0.971355 -0.023536 0.971355 1.144732   1   1  -1 
2455480.532970 0.000000 0.000000 -26.058843 0.880169 -24.710966 -2.179973 -26.890939 -1.347877 0.880169 0.832096 0.880169 1.144732   1   1  -1 
2455480.536778 0.000000 0.000000 -26.244486 0.930093 -24.710966 -2.184496 -26.895462 -1.533520 0.930093 0.650976 0.930093 1.144732   1   1  -1 
2455482.554786 0.000000 0.000000 -25.645222 0.707811 -24.710966 -2.982972 -27.693938 -0.934256 0.707811 2.048716 0.707811 1.144732   1   1  -1 
2455484.542056 0.000000 0.000000 -27.186795 1.028638 -24.710966 -1.514665 -26.225631 -2.475829 1.028638 -0.961164 1.028638 1.144732   1   1  -1 
2455484.545828 0.000000 0.000000 -26.136740 1.065413 -24.710966 -1.512590 -26.223556 -1.425774 1.065413 0.086816 1.065413 1.144732   1   1  -1 
2455484.549671 0.000000 0.000000 -24.017564 1.016694 -24.710966 -1.510482 -26.221448 0.693402 1.016694 2.203884 1.016694 1.144732   1   1  -1 
2455485.527184 0.000000 0.000000 -25.766756 0.864068 -24.710966 -1.182187 -25.893153 -1.055790 0.864068 0.126397 0.864068 1.144732   1   1  -1 
2455485.532971 0.000000 0.000000 -27.967751 0.891412 -24.710966 -1.181281 -25.892247 -3.256785 0.891412 -2.075504 0.891412 1.144732   1   1  -1 
2455487.543214 0.000000 0.000000 -26.158314 0.808873 -24.710966 -0.941779 -25.652745 -1.447348 0.808873 -0.505569 0.808873 1.144732   1   1  -1 
2455487.548897 0.000000 0.000000 -23.138260 0.803534 -24.710966 -0.940641 -25.651606 1.572706 0.803534 2.513346 0.803534 1.144732   1   1  -1 
2455493.544252 0.000000 0.000000 -25.229085 0.793201 -24.710966 -0.934145 -25.645111 -0.518119 0.793201 0.416026 0.793201 1.144732   1   1  -1 
2455493.550478 0.000000 0.000000 -23.168274 0.810440 -24.710966 -0.932611 -25.643577 1.542692 0.810440 2.475303 0.810440 1.144732   1   1  -1 
2455495.535877 0.000000 0.000000 -22.710575 0.802492 -24.710966 -1.131662 -25.842628 2.000391 0.802492 3.132053 0.802492 1.144732   1   1  -1 
2455495.541664 0.000000 0.000000 -25.642209 0.850836 -24.710966 -1.133466 -25.844432 -0.931243 0.850836 0.202223 0.850836 1.144732   1   1  -1 
2455498.517820 0.000000 0.000000 -24.342041 1.327692 -24.710966 -0.285349 -24.996314 0.368925 1.327692 0.654273 1.327692 1.144732   1   1  -1 
2455498.523445 0.000000 0.000000 -24.738223 1.200196 -24.710966 -0.281990 -24.992956 -0.027257 1.200196 0.254733 1.200196 1.144732   1   1  -1 
2455500.544007 0.000000 0.000000 -24.476855 0.683673 -24.710966 -0.572261 -25.283227 0.234111 0.683673 0.806372 0.683673 1.144732   1   1  -1 
2455500.549389 0.000000 0.000000 -24.813524 0.744348 -24.710966 -0.577058 -25.288024 -0.102558 0.744348 0.474500 0.744348 1.144732   1   1  -1 
2455501.547102 0.000000 0.000000 -24.783974 0.605317 -24.710966 -1.518829 -26.229795 -0.073008 0.605317 1.445821 0.605317 1.144732   1   1  -1 
2455501.552738 0.000000 0.000000 -26.031797 0.578445 -24.710966 -1.523521 -26.234487 -1.320831 0.578445 0.202690 0.578445 1.144732   1   1  -1 
2455505.514789 0.000000 0.000000 -24.965633 0.688526 -24.710966 -0.588607 -25.299572 -0.254667 0.688526 0.333939 0.688526 1.144732   1   1  -1 
2455505.520425 0.000000 0.000000 -25.963370 0.681455 -24.710966 -0.588790 -25.299756 -1.252404 0.681455 -0.663614 0.681455 1.144732   1   1  -1 
2455507.517142 0.000000 0.000000 -27.398443 0.529962 -24.710966 -1.436415 -26.147380 -2.687477 0.529962 -1.251063 0.529962 1.144732   1   1  -1 
2455507.522824 0.000000 0.000000 -26.516546 0.540417 -24.710966 -1.438865 -26.149831 -1.805580 0.540417 -0.366715 0.540417 1.144732   1   1  -1 
2455509.518050 0.000000 0.000000 -26.509772 0.760523 -24.710966 -1.653897 -26.364863 -1.798806 0.760523 -0.144909 0.760523 1.144732   1   1  -1 
2455509.523524 0.000000 0.000000 -26.058801 0.709529 -24.710966 -1.653642 -26.364607 -1.347835 0.709529 0.305806 0.709529 1.144732   1   1  -1 
2455511.516449 0.000000 0.000000 -28.045351 0.796997 -24.710966 -1.965686 -26.676651 -3.334385 0.796997 -1.368700 0.796997 1.144732   1   1  -1 
2455511.521935 0.000000 0.000000 -25.840348 0.793324 -24.710966 -1.967418 -26.678384 -1.129382 0.793324 0.838036 0.793324 1.144732   1   1  -1 
2455513.504562 0.000000 0.000000 -26.063860 0.836669 -24.710966 -2.266157 -26.977123 -1.352894 0.836669 0.913263 0.836669 1.144732   1   1  -1 
2455513.510244 0.000000 0.000000 -26.656020 0.882170 -24.710966 -2.265856 -26.976822 -1.945054 0.882170 0.320802 0.882170 1.144732   1   1  -1 
2455514.505835 0.000000 0.000000 -28.058961 0.671812 -24.710966 -2.211708 -26.922673 -3.347995 0.671812 -1.136288 0.671812 1.144732   1   1  -1 
2455514.511356 0.000000 0.000000 -26.642215 0.683432 -24.710966 -2.211683 -26.922648 -1.931249 0.683432 0.280433 0.683432 1.144732   1   1  -1 
2455519.503938 0.000000 0.000000 -24.641989 1.033370 -24.710966 -0.210298 -24.921264 0.068977 1.033370 0.279275 1.033370 1.144732   1   1  -1 
2455519.508811 0.000000 0.000000 -25.135445 0.996146 -24.710966 -0.205371 -24.916337 -0.424479 0.996146 -0.219108 0.996146 1.144732   1   1  -1 
2455523.508036 0.000000 0.000000 -23.856297 0.829835 -24.710966 0.145167 -24.565799 0.854669 0.829835 0.709502 0.829835 1.144732   1   1  -1 
2455523.513036 0.000000 0.000000 -22.994255 0.865769 -24.710966 0.146990 -24.563976 1.716711 0.865769 1.569721 0.865769 1.144732   1   1  -1 
2455524.521481 0.000000 0.000000 -24.709671 0.667948 -24.710966 0.697789 -24.013177 0.001295 0.667948 -0.696494 0.667948 1.144732   1   1  -1 
2455524.526446 0.000000 0.000000 -24.308004 0.678388 -24.710966 0.700815 -24.010151 0.402962 0.678388 -0.297853 0.678388 1.144732   1   1  -1 
2455653.900831 0.000000 0.000000 -25.612029 0.744608 -24.710966 -0.306607 -25.017572 -0.901063 0.744608 -0.594457 0.744608 1.144732   1   1  -1 
2455653.906410 0.000000 0.000000 -24.161106 0.736194 -24.710966 -0.307424 -25.018390 0.549860 0.736194 0.857284 0.736194 1.144732   1   1  -1 
2455654.900357 0.000000 0.000000 -24.436787 0.814117 -24.710966 -0.553447 -25.264412 0.274179 0.814117 0.827625 0.814117 1.144732   1   1  -1 
2455654.905936 0.000000 0.000000 -24.084025 0.731415 -24.710966 -0.555149 -25.266114 0.626941 0.731415 1.182089 0.731415 1.144732   1   1  -1 
2455657.909222 0.000000 0.000000 -24.104658 0.605709 -24.710966 -0.810059 -25.521025 0.606308 0.605709 1.416367 0.605709 1.144732   1   1  -1 
2455657.914813 0.000000 0.000000 -23.667872 0.631733 -24.710966 -0.809472 -25.520438 1.043094 0.631733 1.852566 0.631733 1.144732   1   1  -1 
2455659.907949 0.000000 0.000000 -23.898066 0.769486 -24.710966 -0.764127 -25.475092 0.812900 0.769486 1.577026 0.769486 1.144732   1   1  -1 
2455659.913540 0.000000 0.000000 -23.238369 0.803020 -24.710966 -0.764335 -25.475301 1.472597 0.803020 2.236932 0.803020 1.144732   1   1  -1 
2455660.901884 0.000000 0.000000 -24.754074 0.502349 -24.710966 -0.771818 -25.482784 -0.043108 0.502349 0.728710 0.502349 1.144732   1   1  -1 
2455662.902485 0.000000 0.000000 -24.200224 0.948916 -24.710966 -0.687560 -25.398525 0.510742 0.948916 1.198301 0.948916 1.144732   1   1  -1 
2455662.908180 0.000000 0.000000 -24.067169 0.909242 -24.710966 -0.688072 -25.399038 0.643797 0.909242 1.331869 0.909242 1.144732   1   1  -1 
2455663.839263 0.000000 0.000000 -26.097182 1.737212 -24.710966 -0.895880 -25.606846 -1.386216 1.737212 -0.490336 1.737212 1.144732   1   1  -1 
2455672.897729 0.000000 0.000000 -25.596039 0.653920 -24.710966 -0.833304 -25.544269 -0.885073 0.653920 -0.051770 0.653920 1.144732   1   1  -1 
2455672.902775 0.000000 0.000000 -25.939332 0.601277 -24.710966 -0.832231 -25.543197 -1.228366 0.601277 -0.396135 0.601277 1.144732   1   1  -1 
2455675.905453 0.000000 0.000000 -25.957415 0.422700 -24.710966 -0.803057 -25.514023 -1.246449 0.422700 -0.443392 0.422700 1.144732   1   1  -1 
2455679.879903 0.000000 0.000000 -24.345286 0.504578 -24.710966 -1.106981 -25.817947 0.365680 0.504578 1.472661 0.504578 1.144732   1   1  -1 
2455679.885123 0.000000 0.000000 -25.711920 0.513702 -24.710966 -1.108300 -25.819266 -1.000954 0.513702 0.107346 0.513702 1.144732   1   1  -1 
2455712.893679 0.000000 0.000000 -25.516104 0.560355 -24.710966 -0.759006 -25.469971 -0.805138 0.560355 -0.046133 0.560355 1.144732   1   1  -1 
2455715.864679 0.000000 0.000000 -22.931541 1.363467 -24.710966 -0.770834 -25.481800 1.779425 1.363467 2.550259 1.363467 1.144732   1   1  -1 
2455715.867376 0.000000 0.000000 -28.616863 1.418842 -24.710966 -0.770007 -25.480972 -3.905897 1.418842 -3.135891 1.418842 1.144732   1   1  -1 
2455715.869992 0.000000 0.000000 -25.093281 1.436778 -24.710966 -0.769204 -25.480169 -0.382315 1.436778 0.386888 1.436778 1.144732   1   1  -1 
2455715.872747 0.000000 0.000000 -24.781614 1.484829 -24.710966 -0.768358 -25.479323 -0.070648 1.484829 0.697709 1.484829 1.144732   1   1  -1 
2455727.859452 0.000000 0.000000 -23.690321 1.056398 -24.710966 -0.322587 -25.033553 1.020645 1.056398 1.343232 1.056398 1.144732   1   1  -1 
2455727.863145 0.000000 0.000000 -25.870346 1.033327 -24.710966 -0.321461 -25.032426 -1.159380 1.033327 -0.837920 1.033327 1.144732   1   1  -1 
2455727.866953 0.000000 0.000000 -25.899190 1.119485 -24.710966 -0.320301 -25.031267 -1.188224 1.119485 -0.867923 1.119485 1.144732   1   1  -1 
2455735.809170 0.000000 0.000000 -25.001888 0.526032 -24.710966 -0.909543 -25.620509 -0.290922 0.526032 0.618621 0.526032 1.144732   1   1  -1 
2455754.777241 0.000000 0.000000 -23.310355 1.091349 -24.710966 -0.804368 -25.515334 1.400611 1.091349 2.204979 1.091349 1.144732   1   1  -1 
2455755.755721 0.000000 0.000000 -27.691015 0.768792 -24.710966 -0.918118 -25.629084 -2.980049 0.768792 -2.061931 0.768792 1.144732   1   1  -1 
2455769.736300 0.000000 0.000000 -23.807786 0.677532 -24.710966 -0.493140 -25.204106 0.903180 0.677532 1.396320 0.677532 1.144732   1   1  -1 
2455769.742075 0.000000 0.000000 -25.737885 0.770313 -24.710966 -0.494057 -25.205023 -1.026919 0.770313 -0.532862 0.770313 1.144732   1   1  -1 
2455776.628483 0.000000 0.000000 -24.967384 0.712348 -24.710966 -1.314759 -26.025725 -0.256418 0.712348 1.058341 0.712348 1.144732   1   1  -1 
2455782.624998 0.000000 0.000000 -26.013016 0.761072 -24.710966 0.199695 -24.511270 -1.302050 0.761072 -1.501746 0.761072 1.144732   1   1  -1 
2455784.737667 0.000000 0.000000 -26.498015 0.545366 -24.710966 -0.706585 -25.417551 -1.787049 0.545366 -1.080464 0.545366 1.144732   1   1  -1 
2455801.526698 0.000000 0.000000 -24.288917 1.273141 -24.710966 0.264299 -24.446667 0.422049 1.273141 0.157750 1.273141 1.144732   1   1  -1 
2455801.531628 0.000000 0.000000 -26.351823 1.177162 -24.710966 0.266017 -24.444949 -1.640857 1.177162 -1.906874 1.177162 1.144732   1   1  -1 
2455804.632333 0.000000 0.000000 -26.712023 1.120566 -24.710966 -0.130105 -24.841070 -2.001057 1.120566 -1.870953 1.120566 1.144732   1   1  -1 
2455804.637669 0.000000 0.000000 -26.500980 1.032150 -24.710966 -0.131343 -24.842308 -1.790014 1.032150 -1.658672 1.032150 1.144732   1   1  -1 
2455807.626267 0.000000 0.000000 -25.803456 0.965710 -24.710966 -0.766013 -25.476979 -1.092490 0.965710 -0.326477 0.965710 1.144732   1   1  -1 
2455807.631162 0.000000 0.000000 -27.246843 0.886584 -24.710966 -0.767125 -25.478091 -2.535877 0.886584 -1.768752 0.886584 1.144732   1   1  -1 
2455810.581550 0.000000 0.000000 -26.536934 0.754194 -24.710966 -0.356781 -25.067747 -1.825968 0.754194 -1.469187 0.754194 1.144732   1   1  -1 
2455810.586723 0.000000 0.000000 -26.643570 0.797392 -24.710966 -0.354060 -25.065025 -1.932604 0.797392 -1.578545 0.797392 1.144732   1   1  -1 
2455816.587002 0.000000 0.000000 -27.268074 0.959785 -24.710966 -2.227151 -26.938116 -2.557108 0.959785 -0.329958 0.959785 1.144732   1   1  -1 
2455816.590578 0.000000 0.000000 -24.693999 0.889883 -24.710966 -2.229887 -26.940853 0.016967 0.889883 2.246854 0.889883 1.144732   1   1  -1 
2455816.594154 0.000000 0.000000 -25.997669 0.876464 -24.710966 -2.232620 -26.943586 -1.286703 0.876464 0.945917 0.876464 1.144732   1   1  -1 
2455834.622073 0.000000 0.000000 -25.259445 0.577372 -24.710966 -0.149878 -24.860844 -0.548479 0.577372 -0.398601 0.577372 1.144732   1   1  -1 
2455834.627593 0.000000 0.000000 -25.841078 0.576524 -24.710966 -0.153768 -24.864733 -1.130112 0.576524 -0.976345 0.576524 1.144732   1   1  -1 
2455836.585712 0.000000 0.000000 -26.404099 0.680522 -24.710966 -1.820647 -26.531612 -1.693133 0.680522 0.127513 0.680522 1.144732   1   1  -1 
2455836.591440 0.000000 0.000000 -25.180084 0.679136 -24.710966 -1.825115 -26.536081 -0.469118 0.679136 1.355997 0.679136 1.144732   1   1  -1 
2455839.585007 0.000000 0.000000 -23.458640 0.910132 -24.710966 -2.149970 -26.860936 1.252326 0.910132 3.402296 0.910132 1.144732   1   1  -1 
2455839.590794 0.000000 0.000000 -25.200869 0.919769 -24.710966 -2.146089 -26.857054 -0.489903 0.919769 1.656185 0.919769 1.144732   1   1  -1 
2455842.549547 0.000000 0.000000 -22.047028 1.066299 -24.710966 0.167376 -24.543590 2.663938 1.066299 2.496562 1.066299 1.144732   1   1  -1 
2455842.555033 0.000000 0.000000 -25.918735 0.873203 -24.710966 0.169614 -24.541351 -1.207769 0.873203 -1.377384 0.873203 1.144732   1   1  -1 
2455845.575633 0.000000 0.000000 -25.259730 1.067738 -24.710966 0.747392 -23.963574 -0.548764 1.067738 -1.296156 1.067738 1.144732   1   1  -1 
2455845.581258 0.000000 0.000000 -25.817378 0.922401 -24.710966 0.749008 -23.961958 -1.106412 0.922401 -1.855420 0.922401 1.144732   1   1  -1 
2455870.498785 0.000000 0.000000 -26.611150 0.730627 -24.710966 -1.433093 -26.144059 -1.900184 0.730627 -0.467091 0.730627 1.144732   1   1  -1 
2455870.504422 0.000000 0.000000 -27.219360 0.718479 -24.710966 -1.438576 -26.149542 -2.508394 0.718479 -1.069818 0.718479 1.144732   1   1  -1 
2455874.532217 0.000000 0.000000 -26.523893 1.027595 -24.710966 -0.508537 -25.219503 -1.812927 1.027595 -1.304390 1.027595 1.144732   1   1  -1 
2455874.537437 0.000000 0.000000 -24.043101 1.390676 -24.710966 -0.506412 -25.217378 0.667865 1.390676 1.174277 1.390676 1.144732   1   1  -1 
2455878.549549 0.000000 0.000000 -26.332169 1.360956 -24.710966 -1.518526 -26.229492 -1.621203 1.360956 -0.102677 1.360956 1.144732   1   1  -1 
2455878.554965 0.000000 0.000000 -27.171511 1.321422 -24.710966 -1.519678 -26.230644 -2.460545 1.321422 -0.940867 1.321422 1.144732   1   1  -1 
2456020.892743 0.000000 0.000000 -26.398556 0.800504 -24.710966 -0.268971 -24.979937 -1.687590 0.800504 -1.418619 0.800504 1.144732   1   1  -1 
2456020.898160 0.000000 0.000000 -24.498061 0.781449 -24.710966 -0.269037 -24.980003 0.212905 0.781449 0.481942 0.781449 1.144732   1   1  -1 
2456022.889397 0.000000 0.000000 -25.350339 0.994688 -24.710966 -0.436274 -25.147240 -0.639373 0.994688 -0.203099 0.994688 1.144732   1   1  -1 
2456022.894884 0.000000 0.000000 -26.468069 1.113054 -24.710966 -0.437014 -25.147980 -1.757103 1.113054 -1.320089 1.113054 1.144732   1   1  -1 
2456024.891353 0.000000 0.000000 -25.969708 0.857313 -24.710966 -0.698289 -25.409255 -1.258742 0.857313 -0.560453 0.857313 1.144732   1   1  -1 
2456024.897048 0.000000 0.000000 -25.325267 0.814076 -24.710966 -0.699117 -25.410083 -0.614301 0.814076 0.084816 0.814076 1.144732   1   1  -1 
2456028.922257 0.000000 0.000000 -26.626536 0.690565 -24.710966 -1.284741 -25.995707 -1.915570 0.690565 -0.630829 0.690565 1.144732   1   1  -1 
2456029.892891 0.000000 0.000000 -27.734634 1.086998 -24.710966 -0.824316 -25.535282 -3.023668 1.086998 -2.199352 1.086998 1.144732   1   1  -1 
2456029.898354 0.000000 0.000000 -24.980386 1.038533 -24.710966 -0.821008 -25.531974 -0.269420 1.038533 0.551588 1.038533 1.144732   1   1  -1 
2456031.852968 0.000000 0.000000 -23.499732 0.817617 -24.710966 0.126110 -24.584856 1.211234 0.817617 1.085124 0.817617 1.144732   1   1  -1 
2456052.857065 0.000000 0.000000 -27.077636 0.812636 -24.710966 -0.510769 -25.221735 -2.366670 0.812636 -1.855901 0.812636 1.144732   1   1  -1 
2456052.862482 0.000000 0.000000 -25.515691 0.787680 -24.710966 -0.512787 -25.223753 -0.804725 0.787680 -0.291938 0.787680 1.144732   1   1  -1 
2456053.851639 0.000000 0.000000 -27.718607 0.874947 -24.710966 -0.949526 -25.660492 -3.007641 0.874947 -2.058115 0.874947 1.144732   1   1  -1 
2456053.857114 0.000000 0.000000 -24.875823 0.828685 -24.710966 -0.952055 -25.663020 -0.164857 0.828685 0.787197 0.828685 1.144732   1   1  -1 
2456054.839916 0.000000 0.000000 -26.614037 0.533012 -24.710966 -1.326474 -26.037439 -1.903071 0.533012 -0.576598 0.533012 1.144732   1   1  -1 
2456055.886865 0.000000 0.000000 -26.560052 0.509706 -24.710966 -1.403818 -26.114784 -1.849086 0.509706 -0.445268 0.509706 1.144732   1   1  -1 
2456056.818146 0.000000 0.000000 -25.035898 0.893302 -24.710966 -1.181639 -25.892605 -0.324932 0.893302 0.856707 0.893302 1.144732   1   1  -1 
2456056.823714 0.000000 0.000000 -25.575505 0.813986 -24.710966 -1.179765 -25.890731 -0.864539 0.813986 0.315226 0.813986 1.144732   1   1  -1 
2456078.843392 0.000000 0.000000 -24.518196 0.647558 -24.710966 -0.279077 -24.990042 0.192770 0.647558 0.471846 0.647558 1.144732   1   1  -1 
2456078.849075 0.000000 0.000000 -24.174693 0.632973 -24.710966 -0.277303 -24.988268 0.536273 0.632973 0.813575 0.632973 1.144732   1   1  -1 
2456081.832748 0.000000 0.000000 -22.774279 0.796018 -24.710966 0.049707 -24.661259 1.936687 0.796018 1.886980 0.796018 1.144732   1   1  -1 
2456081.838651 0.000000 0.000000 -23.542613 0.647447 -24.710966 0.048968 -24.661998 1.168353 0.647447 1.119385 0.647447 1.144732   1   1  -1 
2456085.820521 0.000000 0.000000 -24.535394 0.878497 -24.710966 -1.130395 -25.841361 0.175572 0.878497 1.305967 0.878497 1.144732   1   1  -1 
2456085.826250 0.000000 0.000000 -25.784214 0.917873 -24.710966 -1.130504 -25.841470 -1.073248 0.917873 0.057256 0.917873 1.144732   1   1  -1 
2456088.742747 0.000000 0.000000 -24.555140 0.549399 -24.710966 0.179694 -24.531272 0.155826 0.549399 -0.023868 0.549399 1.144732   1   1  -1 
2456092.900369 0.000000 0.000000 -25.520468 0.628826 -24.710966 0.489877 -24.221089 -0.809502 0.628826 -1.299379 0.628826 1.144732   1   1  -1 
2456115.815540 0.000000 0.000000 -24.478774 0.776191 -24.710966 0.991624 -23.719342 0.232192 0.776191 -0.759432 0.776191 1.144732   1   1  -1 
2456118.809984 0.000000 0.000000 -25.405570 0.512854 -24.710966 0.556928 -24.154038 -0.694604 0.512854 -1.251532 0.512854 1.144732   1   1  -1 
2456121.820367 0.000000 0.000000 -25.220090 1.411859 -24.710966 0.551804 -24.159162 -0.509124 1.411859 -1.060928 1.411859 1.144732   1   1  -1 
2456149.686124 0.000000 0.000000 -25.751686 0.845009 -24.710966 -1.563033 -26.273999 -1.040720 0.845009 0.522313 0.845009 1.144732   1   1  -1 
2456154.723489 0.000000 0.000000 -23.590960 0.865117 -24.710966 -0.165325 -24.876290 1.120006 0.865117 1.285330 0.865117 1.144732   1   1  -1 
2456154.728442 0.000000 0.000000 -25.978785 1.281739 -24.710966 -0.161547 -24.872513 -1.267819 1.281739 -1.106272 1.281739 1.144732   1   1  -1 
2456166.527551 0.000000 0.000000 -23.896330 0.645517 -24.710966 0.493668 -24.217297 0.814636 0.645517 0.320967 0.645517 1.144732   1   1  -1 
2456168.609469 0.000000 0.000000 -25.596469 0.971404 -24.710966 0.041683 -24.669282 -0.885503 0.971404 -0.927187 0.971404 1.144732   1   1  -1 
2456168.615105 0.000000 0.000000 -23.735823 0.857956 -24.710966 0.039693 -24.671273 0.975143 0.857956 0.935450 0.857956 1.144732   1   1  -1 
2456171.510563 0.000000 0.000000 -25.064368 0.523911 -24.710966 -1.242576 -25.953542 -0.353402 0.523911 0.889174 0.523911 1.144732   1   1  -1 
2456173.694840 0.000000 0.000000 -23.658056 0.870055 -24.710966 -1.240492 -25.951457 1.052910 0.870055 2.293401 0.870055 1.144732   1   1  -1 
2456181.612869 0.000000 0.000000 -25.749650 0.609426 -24.710966 -0.667994 -25.378960 -1.038684 0.609426 -0.370690 0.609426 1.144732   1   1  -1 
2456186.623747 0.000000 0.000000 -24.370201 0.538290 -24.710966 0.001350 -24.709616 0.340765 0.538290 0.339415 0.538290 1.144732   1   1  -1 
2456189.666838 0.000000 0.000000 -25.693203 1.709832 -24.710966 0.448473 -24.262493 -0.982237 1.709832 -1.430710 1.709832 1.144732   1   1  -1 
2456190.592865 0.000000 0.000000 -21.505898 0.873280 -24.710966 0.561410 -24.149556 3.205068 0.873280 2.643658 0.873280 1.144732   1   1  -1 
2456190.598548 0.000000 0.000000 -22.814816 0.820368 -24.710966 0.560865 -24.150100 1.896150 0.820368 1.335284 0.820368 1.144732   1   1  -1 
2456195.586272 0.000000 0.000000 -23.991425 0.911842 -24.710966 -0.250147 -24.961113 0.719541 0.911842 0.969688 0.911842 1.144732   1   1  -1 
2456195.591793 0.000000 0.000000 -25.301327 0.913007 -24.710966 -0.247996 -24.958962 -0.590361 0.913007 -0.342365 0.913007 1.144732   1   1  -1 
2456198.564091 0.000000 0.000000 -19.336707 1.186346 -24.710966 2.151525 -22.559441 5.374259 1.186346 3.222734 1.186346 1.144732   1   1  -1 
2456198.569866 0.000000 0.000000 -24.445113 1.250845 -24.710966 2.154499 -22.556467 0.265853 1.250845 -1.888646 1.250845 1.144732   1   1  -1 
2456204.547188 0.000000 0.000000 -20.889997 0.781661 -24.710966 1.131281 -23.579685 3.820969 0.781661 2.689688 0.781661 1.144732   1   1  -1 
2456205.523197 0.000000 0.000000 -22.994646 0.447471 -24.710966 1.172532 -23.538434 1.716320 0.447471 0.543788 0.447471 1.144732   1   1  -1 
2456208.615737 0.000000 0.000000 -27.443259 0.942056 -24.710966 -1.115886 -25.826852 -2.732293 0.942056 -1.616407 0.942056 1.144732   1   1  -1 
2456209.540800 0.000000 0.000000 -25.491736 1.053758 -24.710966 -0.331877 -25.042842 -0.780770 1.053758 -0.448894 1.053758 1.144732   1   1  -1 
2456210.532155 0.000000 0.000000 -25.261528 0.864183 -24.710966 0.789398 -23.921567 -0.550562 0.864183 -1.339961 0.864183 1.144732   1   1  -1 
2456212.523498 0.000000 0.000000 -25.294554 0.479583 -24.710966 1.399153 -23.311813 -0.583588 0.479583 -1.982741 0.479583 1.144732   1   1  -1 
2456217.523649 0.000000 0.000000 -19.703787 0.740951 -24.710966 1.941008 -22.769957 5.007179 0.740951 3.066170 0.740951 1.144732   1   1  -1 
2456217.529482 0.000000 0.000000 -19.326386 0.723468 -24.710966 1.945439 -22.765527 5.384580 0.723468 3.439141 0.723468 1.144732   1   1  -1 
2456218.587951 0.000000 0.000000 -19.082533 0.783291 -24.710966 2.739344 -21.971622 5.628433 0.783291 2.889089 0.783291 1.144732   1   1  -1 
2456219.500319 0.000000 0.000000 -19.527157 0.495656 -24.710966 3.076852 -21.634114 5.183809 0.495656 2.106957 0.495656 1.144732   1   1  -1 
2456220.491327 0.000000 0.000000 -20.168133 0.783227 -24.710966 2.648603 -22.062363 4.542833 0.783227 1.894230 0.783227 1.144732   1   1  -1 
2456220.514069 0.000000 0.000000 -21.014052 0.640640 -24.710966 2.628520 -22.082446 3.696914 0.640640 1.068394 0.640640 1.144732   1   1  -1 
2456409.867093 0.000000 0.000000 -20.591699 1.234666 -24.710966 3.407679 -21.303287 4.119267 1.234666 0.711588 1.234666 1.144732   1   1  -1 
2456409.872719 0.000000 0.000000 -20.151012 1.190406 -24.710966 3.405767 -21.305199 4.559954 1.190406 1.154187 1.190406 1.144732   1   1  -1 
2456416.824768 0.000000 0.000000 -22.159939 1.100783 -24.710966 1.195261 -23.515705 2.551027 1.100783 1.355766 1.100783 1.144732   1   1  -1 
2456416.828565 0.000000 0.000000 -23.100921 1.091725 -24.710966 1.194055 -23.516911 1.610045 1.091725 0.415990 1.091725 1.144732   1   1  -1 
2456416.832443 0.000000 0.000000 -22.956212 1.133660 -24.710966 1.192820 -23.518146 1.754754 1.133660 0.561934 1.133660 1.144732   1   1  -1 
2456432.884915 0.000000 0.000000 -27.579236 0.787972 -24.710966 -0.168189 -24.879154 -2.868270 0.787972 -2.700082 0.787972 1.144732   1   1  -1 
2456432.890124 0.000000 0.000000 -26.715660 0.901606 -24.710966 -0.171124 -24.882090 -2.004694 0.901606 -1.833570 0.901606 1.144732   1   1  -1 
2456433.905268 0.000000 0.000000 -25.594069 1.477288 -24.710966 -0.207927 -24.918893 -0.883103 1.477288 -0.675176 1.477288 1.144732   1   1  -1 
2456433.910395 0.000000 0.000000 -28.401349 1.603077 -24.710966 -0.205749 -24.916714 -3.690383 1.603077 -3.484635 1.603077 1.144732   1   1  -1 
2456434.892458 0.000000 0.000000 -25.809648 0.969582 -24.710966 0.413542 -24.297423 -1.098682 0.969582 -1.512225 0.969582 1.144732   1   1  -1 
2456434.898129 0.000000 0.000000 -23.506674 0.937709 -24.710966 0.417454 -24.293511 1.204292 0.937709 0.786837 0.937709 1.144732   1   1  -1 
2456437.889188 0.000000 0.000000 -24.884604 0.801579 -24.710966 0.312756 -24.398210 -0.173638 0.801579 -0.486394 0.801579 1.144732   1   1  -1 
2456437.894720 0.000000 0.000000 -25.072705 0.735776 -24.710966 0.309907 -24.401059 -0.361739 0.735776 -0.671646 0.735776 1.144732   1   1  -1 
2456438.860772 0.000000 0.000000 -25.990651 0.640814 -24.710966 -0.051847 -24.762813 -1.279685 0.640814 -1.227838 0.640814 1.144732   1   1  -1 
2456441.860316 0.000000 0.000000 -24.014503 0.846284 -24.710966 1.048057 -23.662909 0.696463 0.846284 -0.351594 0.846284 1.144732   1   1  -1 
2456454.832361 0.000000 0.000000 -23.997808 0.709239 -24.710966 -0.141213 -24.852178 0.713158 0.709239 0.854370 0.709239 1.144732   1   1  -1 
2456454.837894 0.000000 0.000000 -22.599444 0.711651 -24.710966 -0.135880 -24.846846 2.111522 0.711651 2.247402 0.711651 1.144732   1   1  -1 
2456467.823190 0.000000 0.000000 -25.761156 1.255655 -24.710966 0.023831 -24.687135 -1.050190 1.255655 -1.074021 1.255655 1.144732   1   1  -1 
2456467.826929 0.000000 0.000000 -24.870329 1.113375 -24.710966 0.024850 -24.686116 -0.159363 1.113375 -0.184213 1.113375 1.144732   1   1  -1 
2456467.830702 0.000000 0.000000 -26.757156 1.185837 -24.710966 0.025890 -24.685075 -2.046190 1.185837 -2.072081 1.185837 1.144732   1   1  -1 
2456473.860840 0.000000 0.000000 -26.025579 1.051321 -24.710966 -1.156318 -25.867284 -1.314613 1.051321 -0.158295 1.051321 1.144732   1   1  -1 
2456473.864821 0.000000 0.000000 -26.100899 1.016901 -24.710966 -1.156384 -25.867350 -1.389933 1.016901 -0.233549 1.016901 1.144732   1   1  -1 
2456473.868595 0.000000 0.000000 -29.196466 1.098920 -24.710966 -1.156429 -25.867395 -4.485500 1.098920 -3.329071 1.098920 1.144732   1   1  -1 
2456480.776552 0.000000 0.000000 -23.192493 0.996431 -24.710966 0.019490 -24.691476 1.518473 0.996431 1.498983 0.996431 1.144732   1   1  -1 
2456480.782281 0.000000 0.000000 -24.495239 0.925325 -24.710966 0.020174 -24.690792 0.215727 0.925325 0.195553 0.925325 1.144732   1   1  -1 
2456481.631506 0.000000 0.000000 -26.796869 1.240759 -24.710966 0.224176 -24.486790 -2.085903 1.240759 -2.310079 1.240759 1.144732   1   1  -1 
2456481.637189 0.000000 0.000000 -26.767470 1.259412 -24.710966 0.226083 -24.484882 -2.056504 1.259412 -2.282588 1.259412 1.144732   1   1  -1 
2456501.599929 0.000000 0.000000 -24.740542 0.631664 -24.710966 0.542417 -24.168548 -0.029576 0.631664 -0.571994 0.631664 1.144732   1   1  -1 
2456523.744316 0.000000 0.000000 -25.807160 0.567478 -24.710966 0.089855 -24.621111 -1.096194 0.567478 -1.186049 0.567478 1.144732   1   1  -1 
2456524.691276 0.000000 0.000000 -25.319964 0.703132 -24.710966 -0.293564 -25.004530 -0.608998 0.703132 -0.315434 0.703132 1.144732   1   1  -1 
2456524.696693 0.000000 0.000000 -24.516845 0.716695 -24.710966 -0.295464 -25.006430 0.194121 0.716695 0.489585 0.716695 1.144732   1   1  -1 
2456525.743740 0.000000 0.000000 -25.822667 0.637734 -24.710966 -0.516785 -25.227751 -1.111701 0.637734 -0.594916 0.637734 1.144732   1   1  -1 
2456569.534062 0.000000 0.000000 -26.502332 1.076929 -24.710966 -0.512823 -25.223789 -1.791366 1.076929 -1.278543 1.076929 1.144732   1   1  -1 
2456585.564665 0.000000 0.000000 -24.318027 0.855663 -24.710966 -0.248936 -24.959902 0.392939 0.855663 0.641875 0.855663 1.144732   1   1  -1 
2456585.568473 0.000000 0.000000 -25.604567 0.828824 -24.710966 -0.248052 -24.959018 -0.893601 0.828824 -0.645549 0.828824 1.144732   1   1  -1 
2456585.572350 0.000000 0.000000 -26.300858 0.846101 -24.710966 -0.247151 -24.958116 -1.589892 0.846101 -1.342742 0.846101 1.144732   1   1  -1 
2456586.547688 0.000000 0.000000 -22.976857 0.928572 -24.710966 -0.029941 -24.740907 1.734109 0.928572 1.764050 0.928572 1.144732   1   1  -1 
2456586.551530 0.000000 0.000000 -24.816035 0.993006 -24.710966 -0.029332 -24.740298 -0.105069 0.993006 -0.075737 0.993006 1.144732   1   1  -1 
2456586.555442 0.000000 0.000000 -25.499232 1.030307 -24.710966 -0.028716 -24.739682 -0.788266 1.030307 -0.759550 1.030307 1.144732   1   1  -1 
2456590.510961 0.000000 0.000000 -24.188890 1.367518 -24.710966 -0.799789 -25.510755 0.522076 1.367518 1.321865 1.367518 1.144732   1   1  -1 
2456590.514943 0.000000 0.000000 -26.805340 1.522789 -24.710966 -0.799081 -25.510047 -2.094374 1.522789 -1.295293 1.522789 1.144732   1   1  -1 
2456590.518611 0.000000 0.000000 -28.066154 1.287716 -24.710966 -0.798421 -25.509387 -3.355188 1.287716 -2.556767 1.287716 1.144732   1   1  -1 
2456765.917789 0.000000 0.000000 -25.232175 0.712210 -24.710966 -0.192430 -24.903396 -0.521209 0.712210 -0.328779 0.712210 1.144732   1   1  -1 
2456765.923021 0.000000 0.000000 -25.375142 0.718686 -24.710966 -0.191814 -24.902779 -0.664176 0.718686 -0.472363 0.718686 1.144732   1   1  -1 
2456789.854143 0.000000 0.000000 -27.340576 0.783119 -24.710966 -0.572556 -25.283522 -2.629610 0.783119 -2.057054 0.783119 1.144732   1   1  -1 
2456789.859722 0.000000 0.000000 -26.773936 0.810184 -24.710966 -0.569793 -25.280759 -2.062970 0.810184 -1.493177 0.810184 1.144732   1   1  -1 
2456806.890179 0.000000 0.000000 -27.483229 0.848654 -24.710966 -0.425083 -25.136049 -2.772263 0.848654 -2.347180 0.848654 1.144732   1   1  -1 
2456829.893363 0.000000 0.000000 -28.440148 0.544726 -24.710966 -0.824547 -25.535513 -3.729182 0.544726 -2.904635 0.544726 1.144732   1   1  -1 
2456857.748704 0.000000 0.000000 -25.370298 0.916881 -24.710966 -0.085349 -24.796315 -0.659332 0.916881 -0.573983 0.916881 1.144732   1   1  -1 
2456857.754433 0.000000 0.000000 -26.513555 0.896024 -24.710966 -0.086784 -24.797750 -1.802589 0.896024 -1.715805 0.896024 1.144732   1   1  -1 
2456866.784629 0.000000 0.000000 -28.725741 0.744866 -24.710966 -1.605135 -26.316101 -4.014775 0.744866 -2.409640 0.744866 1.144732   1   1  -1 
2456896.727940 0.000000 0.000000 -25.463793 1.053796 -24.710966 0.857473 -23.853493 -0.752827 1.053796 -1.610300 1.053796 1.144732   1   1  -1 
2456896.733287 0.000000 0.000000 -23.350729 1.302275 -24.710966 0.858721 -23.852245 1.360237 1.302275 0.501516 1.302275 1.144732   1   1  -1 
2457146.919889 0.000000 0.000000 -25.875665 0.544417 -24.710966 -0.244484 -24.955450 -1.164699 0.544417 -0.920215 0.544417 1.144732   1   1  -1 
2457176.844500 0.000000 0.000000 -13.102205 0.482556 -13.232617 -0.247136 -13.479753 0.130412 0.482556 0.377548 0.482556 1.144732   1   2  -1 
2457180.950532 0.000000 0.000000 -12.827294 0.611496 -13.232617 -0.362257 -13.594874 0.405323 0.611496 0.767580 0.611496 1.144732   1   2  -1 
2457180.956053 0.000000 0.000000 -12.819042 0.642310 -13.232617 -0.362951 -13.595569 0.413575 0.642310 0.776527 0.642310 1.144732   1   2  -1 
2457307.523708 0.000000 0.000000 -13.332331 0.569213 -13.232617 0.182871 -13.049747 -0.099714 0.569213 -0.282584 0.569213 1.144732   1   2  -1 
2457307.529113 0.000000 0.000000 -13.026912 0.591603 -13.232617 0.183623 -13.048995 0.205705 0.591603 0.022083 0.591603 1.144732   1   2  -1 
2457879.840329 0.000000 0.000000 -11.576868 0.840815 -13.232617 0.623092 -12.609525 1.655749 0.840815 1.032657 0.840815 1.144732   1   2  -1 
2457968.637355 0.000000 0.000000 -11.203839 0.766025 -13.232617 1.182981 -12.049636 2.028778 0.766025 0.845797 0.766025 1.144732   1   2  -1 
2460042.883932 0.000000 0.000000 -58.442022 0.194366 -59.228769 0.656765 -58.572004 0.786747 0.194366 0.129982 0.194366 0.046321   0   0  -1 
2460042.889532 0.000000 0.000000 -58.629252 0.197675 -59.228769 0.659900 -58.568869 0.599517 0.197675 -0.060383 0.197675 0.046321   0   0  -1 
2460043.870973 0.000000 0.000000 -58.219986 0.231538 -59.228769 1.357403 -57.871366 1.008783 0.231538 -0.348620 0.231538 0.046321   0   0  -1 
2460043.876677 0.000000 0.000000 -57.899291 0.215486 -59.228769 1.361920 -57.866849 1.329478 0.215486 -0.032442 0.215486 0.046321   0   0  -1 
2460044.793251 0.000000 0.000000 -56.849206 0.238014 -59.228769 2.010325 -57.218444 2.379563 0.238014 0.369238 0.238014 0.046321   0   0  -1 
2460044.798982 0.000000 0.000000 -57.145893 0.236508 -59.228769 2.013444 -57.215325 2.082876 0.236508 0.069432 0.236508 0.046321   0   0  -1 
2460045.773704 0.000000 0.000000 -57.007798 0.527086 -59.228769 2.258108 -56.970661 2.220971 0.527086 -0.037137 0.527086 0.046321   0   0  -1 
2460045.779649 0.000000 0.000000 -56.938954 0.356358 -59.228769 2.257721 -56.971048 2.289815 0.356358 0.032094 0.356358 0.046321   0   0  -1 
2460046.786658 0.000000 0.000000 -57.040367 0.216596 -59.228769 1.912757 -57.316012 2.188402 0.216596 0.275645 0.216596 0.046321   0   0  -1 
2460046.792204 0.000000 0.000000 -57.278637 0.200898 -59.228769 1.909686 -57.319083 1.950132 0.200898 0.040446 0.200898 0.046321   0   0  -1 
2460047.789500 0.000000 0.000000 -57.927209 0.215835 -59.228769 1.310763 -57.918006 1.301560 0.215835 -0.009203 0.215835 0.046321   0   0  -1 
2460047.795047 0.000000 0.000000 -58.119277 0.207999 -59.228769 1.307603 -57.921166 1.109492 0.207999 -0.198111 0.207999 0.046321   0   0  -1 
2460048.783364 0.000000 0.000000 -58.118469 0.259180 -59.228769 0.871635 -58.357134 1.110300 0.259180 0.238665 0.259180 0.046321   0   0  -1 
2460048.789012 0.000000 0.000000 -58.073804 0.241587 -59.228769 0.869950 -58.358819 1.154965 0.241587 0.285015 0.241587 0.046321   0   0  -1 
2460049.801102 0.000000 0.000000 -58.859288 0.223882 -59.228769 0.679015 -58.549754 0.369481 0.223882 -0.309534 0.223882 0.046321   0   0  -1 
2460049.806533 0.000000 0.000000 -58.376523 0.237350 -59.228769 0.678362 -58.550407 0.852246 0.237350 0.173884 0.237350 0.046321   0   0  -1 
2460050.776767 0.000000 0.000000 -58.619721 0.220926 -59.228769 0.549395 -58.679374 0.609048 0.220926 0.059653 0.220926 0.046321   0   0  -1 
2460050.782471 0.000000 0.000000 -58.676295 0.212336 -59.228769 0.548407 -58.680362 0.552474 0.212336 0.004067 0.212336 0.046321   0   0  -1 
2460068.823617 0.000000 0.000000 -57.564815 0.250917 -59.228769 1.561549 -57.667220 1.663954 0.250917 0.102405 0.250917 0.046321   0   0  -1 
2460068.829253 0.000000 0.000000 -57.865247 0.315822 -59.228769 1.558086 -57.670683 1.363522 0.315822 -0.194564 0.315822 0.046321   0   0  -1 
2460073.775251 0.000000 0.000000 -58.686864 0.273036 -59.228769 -0.078039 -59.306808 0.541905 0.273036 0.619944 0.273036 0.046321   0   0  -1 
2460073.780774 0.000000 0.000000 -59.826438 0.249282 -59.228769 -0.079328 -59.308097 -0.597669 0.249282 -0.518341 0.249282 0.046321   0   0  -1 
2460076.728213 0.000000 0.000000 -60.233316 0.253446 -59.228769 -1.201059 -60.429828 -1.004547 0.253446 0.196512 0.253446 0.046321   0   0  -1 
2460076.733797 0.000000 0.000000 -60.562447 0.242470 -59.228769 -1.204031 -60.432800 -1.333678 0.242470 -0.129647 0.242470 0.046321   0   0  -1 
2460077.755001 0.000000 0.000000 -61.037365 0.312506 -59.228769 -1.658254 -60.887023 -1.808596 0.312506 -0.150342 0.312506 0.046321   0   0  -1 
2460077.760768 0.000000 0.000000 -61.187467 0.301092 -59.228769 -1.659933 -60.888702 -1.958698 0.301092 -0.298765 0.301092 0.046321   0   0  -1 
2460078.818364 0.000000 0.000000 -61.107816 0.236131 -59.228769 -1.681570 -60.910339 -1.879047 0.236131 -0.197477 0.236131 0.046321   0   0  -1 
2460078.823976 0.000000 0.000000 -60.811890 0.231515 -59.228769 -1.680017 -60.908786 -1.583121 0.231515 0.096896 0.231515 0.046321   0   0  -1 
2460079.846559 0.000000 0.000000 -60.159488 0.225727 -59.228769 -1.139801 -60.368570 -0.930719 0.225727 0.209082 0.225727 0.046321   0   0  -1 
2460079.852048 0.000000 0.000000 -60.314338 0.228638 -59.228769 -1.135851 -60.364620 -1.085569 0.228638 0.050282 0.228638 0.046321   0   0  -1 
2460080.730235 0.000000 0.000000 -59.799608 0.243529 -59.228769 -0.478734 -59.707503 -0.570839 0.243529 -0.092105 0.243529 0.046321   0   0  -1 
2460080.735864 0.000000 0.000000 -59.979018 0.224766 -59.228769 -0.474758 -59.703527 -0.750249 0.224766 -0.275491 0.224766 0.046321   0   0  -1 
2460082.755256 0.000000 0.000000 -59.155917 0.286786 -59.228769 0.111825 -59.116944 0.072852 0.286786 -0.038973 0.286786 0.046321   0   0  -1 
2460082.760842 0.000000 0.000000 -58.974641 0.259323 -59.228769 0.111215 -59.117554 0.254128 0.259323 0.142913 0.259323 0.046321   0   0  -1 
2460086.748603 0.000000 0.000000 -57.379791 0.193185 -59.228769 1.722045 -57.506724 1.848978 0.193185 0.126933 0.193185 0.046321   0   0  -1 
2460086.754324 0.000000 0.000000 -57.655925 0.208316 -59.228769 1.726644 -57.502125 1.572844 0.208316 -0.153800 0.208316 0.046321   0   0  -1 
2460199.601214 0.000000 0.000000 -60.237827 0.389251 -59.228769 -0.553184 -59.781953 -1.009058 0.389251 -0.455874 0.389251 0.046321   0   0  -1 
2460199.607025 0.000000 0.000000 -59.321609 0.381438 -59.228769 -0.554754 -59.783523 -0.092840 0.381438 0.461914 0.381438 0.046321   0   0  -1 
2460201.515076 0.000000 0.000000 -59.992946 0.272613 -59.228769 -0.809383 -60.038152 -0.764177 0.272613 0.045206 0.272613 0.046321   0   0  -1 
2460201.520627 0.000000 0.000000 -59.837838 0.294212 -59.228769 -0.809341 -60.038110 -0.609069 0.294212 0.200272 0.294212 0.046321   0   0  -1 
2460202.533617 0.000000 0.000000 -60.316621 0.232737 -59.228769 -0.816275 -60.045045 -1.087852 0.232737 -0.271576 0.232737 0.046321   0   0  -1 
2460202.539273 0.000000 0.000000 -60.064845 0.220468 -59.228769 -0.816628 -60.045397 -0.836076 0.220468 -0.019448 0.220468 0.046321   0   0  -1 
2460203.571018 0.000000 0.000000 -60.190673 0.337253 -59.228769 -0.979544 -60.208313 -0.961904 0.337253 0.017640 0.337253 0.046321   0   0  -1 
2460203.577196 0.000000 0.000000 -60.378625 0.360328 -59.228769 -0.981038 -60.209807 -1.149856 0.360328 -0.168818 0.360328 0.046321   0   0  -1 
2460204.530857 0.000000 0.000000 -60.576471 0.197030 -59.228769 -1.216465 -60.445234 -1.347702 0.197030 -0.131237 0.197030 0.046321   0   0  -1 
2460204.536387 0.000000 0.000000 -60.449009 0.208547 -59.228769 -1.217579 -60.446348 -1.220240 0.208547 -0.002661 0.208547 0.046321   0   0  -1 
2460205.516019 0.000000 0.000000 -60.633611 0.244280 -59.228769 -1.277680 -60.506449 -1.404842 0.244280 -0.127162 0.244280 0.046321   0   0  -1 
2460205.521490 0.000000 0.000000 -60.604071 0.216530 -59.228769 -1.277099 -60.505868 -1.375302 0.216530 -0.098203 0.216530 0.046321   0   0  -1 
2460206.534104 0.000000 0.000000 -60.273073 0.247014 -59.228769 -1.007197 -60.235966 -1.044304 0.247014 -0.037107 0.247014 0.046321   0   0  -1 
2460206.539634 0.000000 0.000000 -60.618007 0.225863 -59.228769 -1.005069 -60.233838 -1.389238 0.225863 -0.384169 0.225863 0.046321   0   0  -1 
2460208.612713 0.000000 0.000000 -59.998253 0.238171 -59.228769 -0.436694 -59.665463 -0.769484 0.238171 -0.332790 0.238171 0.046321   0   0  -1 
2460208.618030 0.000000 0.000000 -59.687757 0.245322 -59.228769 -0.436501 -59.665270 -0.458988 0.245322 -0.022487 0.245322 0.046321   0   0  -1 
2460209.504007 0.000000 0.000000 -59.606726 0.494812 -59.228769 -0.440490 -59.669259 -0.377957 0.494812 0.062533 0.494812 0.046321   0   0  -1 
2460209.509978 0.000000 0.000000 -59.406245 0.441044 -59.228769 -0.440436 -59.669205 -0.177476 0.441044 0.262960 0.441044 0.046321   0   0  -1 
2460210.587394 0.000000 0.000000 -59.811154 0.275366 -59.228769 -0.261653 -59.490423 -0.582385 0.275366 -0.320731 0.275366 0.046321   0   0  -1 
2460210.593026 0.000000 0.000000 -59.626164 0.295408 -59.228769 -0.259547 -59.488316 -0.397395 0.295408 -0.137848 0.295408 0.046321   0   0  -1 
2460211.516295 0.000000 0.000000 -58.909396 0.380462 -59.228769 0.248904 -58.979865 0.319373 0.380462 0.070469 0.380462 0.046321   0   0  -1 
2460211.522268 0.000000 0.000000 -58.728326 0.306169 -59.228769 0.252991 -58.975778 0.500443 0.306169 0.247452 0.306169 0.046321   0   0  -1 
