# time Tc_folded Tref_folded value value_err offset model full_model val_compare val_compare_err residuals residuals_err jitter jitter_flag offset_flag subset_flag 
2455480.529186 0.000000 0.000000 6736.979894 0.971355 6748.957911 -11.884152 6737.073759 -11.978017 0.971355 -0.093865 0.971355 1.821671   1   1  -1 
2455480.532970 0.000000 0.000000 6736.094407 0.880169 6748.957911 -11.883111 6737.074801 -12.863504 0.880169 -0.980394 0.880169 1.821671   1   1  -1 
2455480.536778 0.000000 0.000000 6734.204715 0.930093 6748.957911 -11.882040 6737.075871 -14.753196 0.930093 -2.871156 0.930093 1.821671   1   1  -1 
2455482.554786 0.000000 0.000000 6741.458054 0.707811 6748.957911 -9.034410 6739.923502 -7.499857 0.707811 1.534552 0.707811 1.821671   1   1  -1 
2455484.542056 0.000000 0.000000 6740.946449 1.028638 6748.957911 -6.512440 6742.445472 -8.011462 1.028638 -1.499023 1.028638 1.821671   1   1  -1 
2455484.545828 0.000000 0.000000 6742.814201 1.065413 6748.957911 -6.510346 6742.447565 -6.143710 1.065413 0.366636 1.065413 1.821671   1   1  -1 
2455484.549671 0.000000 0.000000 6740.893501 1.016694 6748.957911 -6.508221 6742.449690 -8.064410 1.016694 -1.556189 1.016694 1.821671   1   1  -1 
2455485.527184 0.000000 0.000000 6742.415408 0.864068 6748.957911 -6.171384 6742.786528 -6.542503 0.864068 -0.371120 0.864068 1.821671   1   1  -1 
2455485.532971 0.000000 0.000000 6742.960770 0.891412 6748.957911 -6.170185 6742.787727 -5.997141 0.891412 0.173043 0.891412 1.821671   1   1  -1 
2455487.543214 0.000000 0.000000 6741.874138 0.808873 6748.957911 -5.956664 6743.001247 -7.083773 0.808873 -1.127109 0.808873 1.821671   1   1  -1 
2455487.548897 0.000000 0.000000 6742.782044 0.803534 6748.957911 -5.956958 6743.000953 -6.175867 0.803534 -0.218909 0.803534 1.821671   1   1  -1 
2455493.544252 0.000000 0.000000 6743.144504 0.793201 6748.957911 -5.920065 6743.037847 -5.813407 0.793201 0.106657 0.793201 1.821671   1   1  -1 
2455493.550478 0.000000 0.000000 6741.566527 0.810440 6748.957911 -5.920401 6743.037510 -7.391384 0.810440 -1.470983 0.810440 1.821671   1   1  -1 
2455495.535877 0.000000 0.000000 6741.987547 0.802492 6748.957911 -6.097149 6742.860763 -6.970364 0.802492 -0.873216 0.802492 1.821671   1   1  -1 
2455495.541664 0.000000 0.000000 6742.530962 0.850836 6748.957911 -6.096219 6742.861692 -6.426949 0.850836 -0.330730 0.850836 1.821671   1   1  -1 
2455498.517820 0.000000 0.000000 6743.241742 1.327692 6748.957911 -5.829904 6743.128008 -5.716169 1.327692 0.113734 1.327692 1.821671   1   1  -1 
2455498.523445 0.000000 0.000000 6742.436859 1.200196 6748.957911 -5.834716 6743.123195 -6.521052 1.200196 -0.686336 1.200196 1.821671   1   1  -1 
2455500.544007 0.000000 0.000000 6740.389314 0.683673 6748.957911 -8.422309 6740.535603 -8.568597 0.683673 -0.146289 0.683673 1.821671   1   1  -1 
2455500.549389 0.000000 0.000000 6739.327197 0.744348 6748.957911 -8.427841 6740.530071 -9.630714 0.744348 -1.202874 0.744348 1.821671   1   1  -1 
2455501.547102 0.000000 0.000000 6738.201800 0.605317 6748.957911 -8.922302 6740.035610 -10.756111 0.605317 -1.833810 0.605317 1.821671   1   1  -1 
2455501.552738 0.000000 0.000000 6736.954145 0.578445 6748.957911 -8.921947 6740.035965 -12.003766 0.578445 -3.081820 0.578445 1.821671   1   1  -1 
2455505.514789 0.000000 0.000000 6740.070490 0.688526 6748.957911 -8.649947 6740.307964 -8.887421 0.688526 -0.237474 0.688526 1.821671   1   1  -1 
2455505.520425 0.000000 0.000000 6740.042201 0.681455 6748.957911 -8.655908 6740.302004 -8.915710 0.681455 -0.259803 0.681455 1.821671   1   1  -1 
2455507.517142 0.000000 0.000000 6737.783175 0.529962 6748.957911 -10.259839 6738.698072 -11.174736 0.529962 -0.914897 0.529962 1.821671   1   1  -1 
2455507.522824 0.000000 0.000000 6736.008881 0.540417 6748.957911 -10.261662 6738.696249 -12.949030 0.540417 -2.687368 0.540417 1.821671   1   1  -1 
2455509.518050 0.000000 0.000000 6739.147553 0.760523 6748.957911 -10.462927 6738.494985 -9.810358 0.760523 0.652568 0.760523 1.821671   1   1  -1 
2455509.523524 0.000000 0.000000 6739.453965 0.709529 6748.957911 -10.463421 6738.494490 -9.503946 0.709529 0.959475 0.709529 1.821671   1   1  -1 
2455511.516449 0.000000 0.000000 6736.700627 0.796997 6748.957911 -10.451671 6738.506241 -12.257284 0.796997 -1.805614 0.796997 1.821671   1   1  -1 
2455511.521935 0.000000 0.000000 6737.359679 0.793324 6748.957911 -10.449987 6738.507924 -11.598232 0.793324 -1.148245 0.793324 1.821671   1   1  -1 
2455513.504562 0.000000 0.000000 6739.969627 0.836669 6748.957911 -9.048942 6739.908969 -8.988284 0.836669 0.060658 0.836669 1.821671   1   1  -1 
2455513.510244 0.000000 0.000000 6739.379536 0.882170 6748.957911 -9.043391 6739.914521 -9.578375 0.882170 -0.534985 0.882170 1.821671   1   1  -1 
2455514.505835 0.000000 0.000000 6740.416095 0.671812 6748.957911 -8.004402 6740.953510 -8.541816 0.671812 -0.537415 0.671812 1.821671   1   1  -1 
2455514.511356 0.000000 0.000000 6741.219400 0.683432 6748.957911 -7.998186 6740.959725 -7.738511 0.683432 0.259675 0.683432 1.821671   1   1  -1 
2455519.503938 0.000000 0.000000 6751.476274 1.033370 6748.957911 0.209204 6749.167116 2.518363 1.033370 2.309158 1.033370 1.821671   1   1  -1 
2455519.508811 0.000000 0.000000 6750.581276 0.996146 6748.957911 0.210695 6749.168606 1.623365 0.996146 1.412670 0.996146 1.821671   1   1  -1 
2455523.508036 0.000000 0.000000 6747.670446 0.829835 6748.957911 -1.525972 6747.431939 -1.287465 0.829835 0.238507 0.829835 1.821671   1   1  -1 
2455523.513036 0.000000 0.000000 6746.377680 0.865769 6748.957911 -1.528483 6747.429429 -2.580231 0.865769 -1.051749 0.865769 1.821671   1   1  -1 
2455524.521481 0.000000 0.000000 6745.252557 0.667948 6748.957911 -2.439468 6746.518443 -3.705354 0.667948 -1.265886 0.667948 1.821671   1   1  -1 
2455524.526446 0.000000 0.000000 6747.418629 0.678388 6748.957911 -2.446373 6746.511539 -1.539282 0.678388 0.907090 0.678388 1.821671   1   1  -1 
2455653.900831 0.000000 0.000000 6744.853956 0.744608 6748.957911 -4.564566 6744.393345 -4.103955 0.744608 0.460611 0.744608 1.821671   1   1  -1 
2455653.906410 0.000000 0.000000 6744.437562 0.736194 6748.957911 -4.567705 6744.390206 -4.520349 0.736194 0.047356 0.736194 1.821671   1   1  -1 
2455654.900357 0.000000 0.000000 6743.527057 0.814117 6748.957911 -5.041901 6743.916011 -5.430854 0.814117 -0.388954 0.814117 1.821671   1   1  -1 
2455654.905936 0.000000 0.000000 6743.668193 0.731415 6748.957911 -5.043852 6743.914059 -5.289718 0.731415 -0.245866 0.731415 1.821671   1   1  -1 
2455657.909222 0.000000 0.000000 6743.719643 0.605709 6748.957911 -5.218453 6743.739458 -5.238268 0.605709 -0.019815 0.605709 1.821671   1   1  -1 
2455657.914813 0.000000 0.000000 6741.956807 0.631733 6748.957911 -5.218811 6743.739100 -7.001104 0.631733 -1.782293 0.631733 1.821671   1   1  -1 
2455659.907949 0.000000 0.000000 6742.173855 0.769486 6748.957911 -5.531582 6743.426330 -6.784056 0.769486 -1.252475 0.769486 1.821671   1   1  -1 
2455659.913540 0.000000 0.000000 6744.060561 0.803020 6748.957911 -5.532626 6743.425286 -4.897350 0.803020 0.635275 0.803020 1.821671   1   1  -1 
2455660.901884 0.000000 0.000000 6745.219734 0.502349 6748.957911 -5.723816 6743.234095 -3.738177 0.502349 1.985639 0.502349 1.821671   1   1  -1 
2455662.902485 0.000000 0.000000 6741.723247 0.948916 6748.957911 -6.442368 6742.515544 -7.234664 0.948916 -0.792297 0.948916 1.821671   1   1  -1 
2455662.908180 0.000000 0.000000 6743.920904 0.909242 6748.957911 -6.445061 6742.512851 -5.037007 0.909242 1.408053 0.909242 1.821671   1   1  -1 
2455663.839263 0.000000 0.000000 6740.006775 1.737212 6748.957911 -6.827049 6742.130862 -8.951136 1.737212 -2.124087 1.737212 1.821671   1   1  -1 
2455672.897729 0.000000 0.000000 6742.158654 0.653920 6748.957911 -5.500307 6743.457604 -6.799257 0.653920 -1.298950 0.653920 1.821671   1   1  -1 
2455672.902775 0.000000 0.000000 6743.643604 0.601277 6748.957911 -5.500780 6743.457131 -5.314307 0.601277 0.186473 0.601277 1.821671   1   1  -1 
2455675.905453 0.000000 0.000000 6741.296177 0.422700 6748.957911 -6.659384 6742.298528 -7.661734 0.422700 -1.002351 0.422700 1.821671   1   1  -1 
2455679.879903 0.000000 0.000000 6740.439105 0.504578 6748.957911 -7.882277 6741.075634 -8.518806 0.504578 -0.636529 0.504578 1.821671   1   1  -1 
2455679.885123 0.000000 0.000000 6741.251299 0.513702 6748.957911 -7.883543 6741.074368 -7.706612 0.513702 0.176931 0.513702 1.821671   1   1  -1 
2455712.893679 0.000000 0.000000 6743.439908 0.560355 6748.957911 -4.782059 6744.175853 -5.518003 0.560355 -0.735945 0.560355 1.821671   1   1  -1 
2455715.864679 0.000000 0.000000 6747.620719 1.363467 6748.957911 -3.864055 6745.093856 -1.337192 1.363467 2.526863 1.363467 1.821671   1   1  -1 
2455715.867376 0.000000 0.000000 6744.977745 1.418842 6748.957911 -3.863602 6745.094310 -3.980166 1.418842 -0.116565 1.418842 1.821671   1   1  -1 
2455715.869992 0.000000 0.000000 6742.248056 1.436778 6748.957911 -3.863164 6745.094747 -6.709855 1.436778 -2.846691 1.436778 1.821671   1   1  -1 
2455715.872747 0.000000 0.000000 6746.539265 1.484829 6748.957911 -3.862706 6745.095205 -2.418646 1.484829 1.444060 1.484829 1.821671   1   1  -1 
2455727.859452 0.000000 0.000000 6749.048938 1.056398 6748.957911 -1.572204 6747.385707 0.091027 1.056398 1.663231 1.056398 1.821671   1   1  -1 
2455727.863145 0.000000 0.000000 6746.852638 1.033327 6748.957911 -1.571912 6747.386000 -2.105273 1.033327 -0.533362 1.033327 1.821671   1   1  -1 
2455727.866953 0.000000 0.000000 6748.121533 1.119485 6748.957911 -1.571615 6747.386296 -0.836378 1.119485 0.735237 1.119485 1.821671   1   1  -1 
2455735.809170 0.000000 0.000000 6744.754804 0.526032 6748.957911 -3.160133 6745.797779 -4.203107 0.526032 -1.042975 0.526032 1.821671   1   1  -1 
2455754.777241 0.000000 0.000000 6746.468927 1.091349 6748.957911 -3.196647 6745.761264 -2.488984 1.091349 0.707663 1.091349 1.821671   1   1  -1 
2455755.755721 0.000000 0.000000 6744.820061 0.768792 6748.957911 -2.729981 6746.227930 -4.137850 0.768792 -1.407869 0.768792 1.821671   1   1  -1 
2455769.736300 0.000000 0.000000 6741.910452 0.677532 6748.957911 -4.929021 6744.028890 -7.047459 0.677532 -2.118438 0.677532 1.821671   1   1  -1 
2455769.742075 0.000000 0.000000 6742.850451 0.770313 6748.957911 -4.931349 6744.026563 -6.107460 0.770313 -1.176112 0.770313 1.821671   1   1  -1 
2455776.628483 0.000000 0.000000 6750.213357 0.712348 6748.957911 -2.904237 6746.053674 1.255446 0.712348 4.159683 0.712348 1.821671   1   1  -1 
2455782.624998 0.000000 0.000000 6747.016802 0.761072 6748.957911 -3.649614 6745.308298 -1.941109 0.761072 1.708504 0.761072 1.821671   1   1  -1 
2455784.737667 0.000000 0.000000 6741.817184 0.545366 6748.957911 -4.841506 6744.116406 -7.140727 0.545366 -2.299222 0.545366 1.821671   1   1  -1 
2455801.526698 0.000000 0.000000 6751.852184 1.273141 6748.957911 -1.032982 6747.924930 2.894273 1.273141 3.927254 1.273141 1.821671   1   1  -1 
2455801.531628 0.000000 0.000000 6748.995510 1.177162 6748.957911 -1.035692 6747.922219 0.037599 1.177162 1.073291 1.177162 1.821671   1   1  -1 
2455804.632333 0.000000 0.000000 6745.335970 1.120566 6748.957911 -3.294654 6745.663257 -3.621941 1.120566 -0.327287 1.120566 1.821671   1   1  -1 
2455804.637669 0.000000 0.000000 6747.868911 1.032150 6748.957911 -3.297433 6745.660478 -1.089000 1.032150 2.208433 1.032150 1.821671   1   1  -1 
2455807.626267 0.000000 0.000000 6743.760974 0.965710 6748.957911 -4.028125 6744.929786 -5.196937 0.965710 -1.168812 0.965710 1.821671   1   1  -1 
2455807.631162 0.000000 0.000000 6744.367308 0.886584 6748.957911 -4.027493 6744.930419 -4.590603 0.886584 -0.563111 0.886584 1.821671   1   1  -1 
2455810.581550 0.000000 0.000000 6749.536319 0.754194 6748.957911 -3.367329 6745.590582 0.578408 0.754194 3.945737 0.754194 1.821671   1   1  -1 
2455810.586723 0.000000 0.000000 6745.341822 0.797392 6748.957911 -3.368634 6745.589277 -3.616089 0.797392 -0.247455 0.797392 1.821671   1   1  -1 
2455816.587002 0.000000 0.000000 6736.994306 0.959785 6748.957911 -8.893492 6740.064420 -11.963605 0.959785 -3.070114 0.959785 1.821671   1   1  -1 
2455816.590578 0.000000 0.000000 6737.632453 0.889883 6748.957911 -8.890052 6740.067859 -11.325458 0.889883 -2.435406 0.889883 1.821671   1   1  -1 
2455816.594154 0.000000 0.000000 6736.813114 0.876464 6748.957911 -8.886598 6740.071314 -12.144797 0.876464 -3.258200 0.876464 1.821671   1   1  -1 
2455834.622073 0.000000 0.000000 6741.622283 0.577372 6748.957911 -7.078745 6741.879166 -7.335628 0.577372 -0.256883 0.577372 1.821671   1   1  -1 
2455834.627593 0.000000 0.000000 6741.694550 0.576524 6748.957911 -7.085822 6741.872090 -7.263361 0.576524 -0.177540 0.576524 1.821671   1   1  -1 
2455836.585712 0.000000 0.000000 6742.623220 0.680522 6748.957911 -7.848556 6741.109355 -6.334691 0.680522 1.513865 0.680522 1.821671   1   1  -1 
2455836.591440 0.000000 0.000000 6741.147612 0.679136 6748.957911 -7.844733 6741.113178 -7.810299 0.679136 0.034434 0.679136 1.821671   1   1  -1 
2455839.585007 0.000000 0.000000 6748.405228 0.910132 6748.957911 -2.323875 6746.634036 -0.552683 0.910132 1.771192 0.910132 1.821671   1   1  -1 
2455839.590794 0.000000 0.000000 6747.617891 0.919769 6748.957911 -2.310981 6746.646930 -1.340020 0.919769 0.970961 0.919769 1.821671   1   1  -1 
2455842.549547 0.000000 0.000000 6752.493747 1.066299 6748.957911 1.061252 6750.019163 3.535836 1.066299 2.474584 1.066299 1.821671   1   1  -1 
2455842.555033 0.000000 0.000000 6750.073896 0.873203 6748.957911 1.061297 6750.019208 1.115985 0.873203 0.054688 0.873203 1.821671   1   1  -1 
2455845.575633 0.000000 0.000000 6749.336050 1.067738 6748.957911 -0.350646 6748.607266 0.378139 1.067738 0.728784 1.067738 1.821671   1   1  -1 
2455845.581258 0.000000 0.000000 6747.769866 0.922401 6748.957911 -0.356370 6748.601542 -1.188045 0.922401 -0.831676 0.922401 1.821671   1   1  -1 
2455870.498785 0.000000 0.000000 6742.487318 0.730627 6748.957911 -7.345855 6741.612056 -6.470593 0.730627 0.875262 0.730627 1.821671   1   1  -1 
2455870.504422 0.000000 0.000000 6741.521976 0.718479 6748.957911 -7.344257 6741.613654 -7.435935 0.718479 -0.091678 0.718479 1.821671   1   1  -1 
2455874.532217 0.000000 0.000000 6744.629305 1.027595 6748.957911 -4.108393 6744.849519 -4.328606 1.027595 -0.220214 1.027595 1.821671   1   1  -1 
2455874.537437 0.000000 0.000000 6744.608219 1.390676 6748.957911 -4.109513 6744.848399 -4.349692 1.390676 -0.240180 1.390676 1.821671   1   1  -1 
2455878.549549 0.000000 0.000000 6743.133515 1.360956 6748.957911 -3.881093 6745.076818 -5.824396 1.360956 -1.943303 1.360956 1.821671   1   1  -1 
2455878.554965 0.000000 0.000000 6740.135198 1.321422 6748.957911 -3.875082 6745.082829 -8.822713 1.321422 -4.947631 1.321422 1.821671   1   1  -1 
2456020.892743 0.000000 0.000000 6745.146307 0.800504 6748.957911 -3.601337 6745.356574 -3.811604 0.800504 -0.210267 0.800504 1.821671   1   1  -1 
2456020.898160 0.000000 0.000000 6746.202855 0.781449 6748.957911 -3.603559 6745.354353 -2.755056 0.781449 0.848502 0.781449 1.821671   1   1  -1 
2456022.889397 0.000000 0.000000 6744.288656 0.994688 6748.957911 -4.442326 6744.515586 -4.669255 0.994688 -0.226930 0.994688 1.821671   1   1  -1 
2456022.894884 0.000000 0.000000 6746.835284 1.113054 6748.957911 -4.444375 6744.513536 -2.122627 1.113054 2.321748 1.113054 1.821671   1   1  -1 
2456024.891353 0.000000 0.000000 6742.988987 0.857313 6748.957911 -4.986499 6743.971412 -5.968924 0.857313 -0.982425 0.857313 1.821671   1   1  -1 
2456024.897048 0.000000 0.000000 6744.748045 0.814076 6748.957911 -4.987388 6743.970524 -4.209866 0.814076 0.777521 0.814076 1.821671   1   1  -1 
2456028.922257 0.000000 0.000000 6746.543190 0.690565 6748.957911 -3.095827 6745.862084 -2.414721 0.690565 0.681106 0.690565 1.821671   1   1  -1 
2456029.892891 0.000000 0.000000 6747.320493 1.086998 6748.957911 -2.313036 6746.644876 -1.637418 1.086998 0.675617 1.086998 1.821671   1   1  -1 
2456029.898354 0.000000 0.000000 6748.760240 1.038533 6748.957911 -2.309992 6746.647919 -0.197671 1.038533 2.112321 1.038533 1.821671   1   1  -1 
2456031.852968 0.000000 0.000000 6747.989211 0.817617 6748.957911 -2.557441 6746.400471 -0.968700 0.817617 1.588740 0.817617 1.821671   1   1  -1 
2456052.857065 0.000000 0.000000 6746.249978 0.812636 6748.957911 -5.209253 6743.748659 -2.707933 0.812636 2.501319 0.812636 1.821671   1   1  -1 
2456052.862482 0.000000 0.000000 6745.619923 0.787680 6748.957911 -5.211627 6743.746284 -3.337988 0.787680 1.873639 0.787680 1.821671   1   1  -1 
2456053.851639 0.000000 0.000000 6743.166273 0.874947 6748.957911 -5.410188 6743.547724 -5.791638 0.874947 -0.381451 0.874947 1.821671   1   1  -1 
2456053.857114 0.000000 0.000000 6741.264696 0.828685 6748.957911 -5.409782 6743.548129 -7.693215 0.828685 -2.283433 0.828685 1.821671   1   1  -1 
2456054.839916 0.000000 0.000000 6746.508998 0.533012 6748.957911 -5.055197 6743.902714 -2.448913 0.533012 2.606284 0.533012 1.821671   1   1  -1 
2456055.886865 0.000000 0.000000 6744.080866 0.509706 6748.957911 -4.224654 6744.733258 -4.877045 0.509706 -0.652392 0.509706 1.821671   1   1  -1 
2456056.818146 0.000000 0.000000 6747.963625 0.893302 6748.957911 -3.424204 6745.533707 -0.994286 0.893302 2.429918 0.893302 1.821671   1   1  -1 
2456056.823714 0.000000 0.000000 6744.469105 0.813986 6748.957911 -3.419873 6745.538038 -4.488806 0.813986 -1.068933 0.813986 1.821671   1   1  -1 
2456078.843392 0.000000 0.000000 6746.158961 0.647558 6748.957911 -1.035020 6747.922891 -2.798950 0.647558 -1.763930 0.647558 1.821671   1   1  -1 
2456078.849075 0.000000 0.000000 6745.719595 0.632973 6748.957911 -1.034249 6747.923663 -3.238316 0.632973 -2.204068 0.632973 1.821671   1   1  -1 
2456081.832748 0.000000 0.000000 6746.860997 0.796018 6748.957911 -1.800359 6747.157552 -2.096914 0.796018 -0.296555 0.796018 1.821671   1   1  -1 
2456081.838651 0.000000 0.000000 6746.160349 0.647447 6748.957911 -1.802939 6747.154972 -2.797562 0.647447 -0.994623 0.647447 1.821671   1   1  -1 
2456085.820521 0.000000 0.000000 6748.615188 0.878497 6748.957911 -0.551704 6748.406207 -0.342723 0.878497 0.208981 0.878497 1.821671   1   1  -1 
2456085.826250 0.000000 0.000000 6749.360613 0.917873 6748.957911 -0.544186 6748.413726 0.402702 0.917873 0.946887 0.917873 1.821671   1   1  -1 
2456088.742747 0.000000 0.000000 6753.524666 0.549399 6748.957911 2.620073 6751.577984 4.566755 0.549399 1.946682 0.549399 1.821671   1   1  -1 
2456092.900369 0.000000 0.000000 6751.383386 0.628826 6748.957911 0.579902 6749.537813 2.425475 0.628826 1.845573 0.628826 1.821671   1   1  -1 
2456115.815540 0.000000 0.000000 6754.277043 0.776191 6748.957911 3.322680 6752.280592 5.319132 0.776191 1.996451 0.776191 1.821671   1   1  -1 
2456118.809984 0.000000 0.000000 6751.338923 0.512854 6748.957911 1.670649 6750.628560 2.381012 0.512854 0.710363 0.512854 1.821671   1   1  -1 
2456121.820367 0.000000 0.000000 6748.884407 1.411859 6748.957911 0.609082 6749.566993 -0.073504 1.411859 -0.682586 1.411859 1.821671   1   1  -1 
2456149.686124 0.000000 0.000000 6745.208573 0.845009 6748.957911 -4.005189 6744.952722 -3.749338 0.845009 0.255851 0.845009 1.821671   1   1  -1 
2456154.723489 0.000000 0.000000 6753.155186 0.865117 6748.957911 4.399569 6753.357480 4.197275 0.865117 -0.202294 0.865117 1.821671   1   1  -1 
2456154.728442 0.000000 0.000000 6756.664798 1.281739 6748.957911 4.405127 6753.363039 7.706887 1.281739 3.301759 1.281739 1.821671   1   1  -1 
2456166.527551 0.000000 0.000000 6750.235757 0.645517 6748.957911 -1.245020 6747.712892 1.277846 0.645517 2.522865 0.645517 1.821671   1   1  -1 
2456168.609469 0.000000 0.000000 6746.933111 0.971404 6748.957911 -2.940696 6746.017216 -2.024800 0.971404 0.915895 0.971404 1.821671   1   1  -1 
2456168.615105 0.000000 0.000000 6744.859936 0.857956 6748.957911 -2.944435 6746.013476 -4.097975 0.857956 -1.153540 0.857956 1.821671   1   1  -1 
2456171.510563 0.000000 0.000000 6746.779196 0.523911 6748.957911 -2.560573 6746.397338 -2.178715 0.523911 0.381858 0.523911 1.821671   1   1  -1 
2456173.694840 0.000000 0.000000 6745.694408 0.870055 6748.957911 0.548731 6749.506643 -3.263503 0.870055 -3.812235 0.870055 1.821671   1   1  -1 
2456181.612869 0.000000 0.000000 6746.780093 0.609426 6748.957911 0.846275 6749.804187 -2.177818 0.609426 -3.024094 0.609426 1.821671   1   1  -1 
2456186.623747 0.000000 0.000000 6750.623304 0.538290 6748.957911 0.840448 6749.798360 1.665393 0.538290 0.824944 0.538290 1.821671   1   1  -1 
2456189.666838 0.000000 0.000000 6748.504253 1.709832 6748.957911 2.023671 6750.981583 -0.453658 1.709832 -2.477330 1.709832 1.821671   1   1  -1 
2456190.592865 0.000000 0.000000 6750.871459 0.873280 6748.957911 1.762506 6750.720418 1.913548 0.873280 0.151041 0.873280 1.821671   1   1  -1 
2456190.598548 0.000000 0.000000 6750.369171 0.820368 6748.957911 1.760565 6750.718477 1.411260 0.820368 -0.349306 0.820368 1.821671   1   1  -1 
2456195.586272 0.000000 0.000000 6749.872183 0.911842 6748.957911 5.133246 6754.091158 0.914272 0.911842 -4.218975 0.911842 1.821671   1   1  -1 
2456195.591793 0.000000 0.000000 6753.010576 0.913007 6748.957911 5.140882 6754.098794 4.052665 0.913007 -1.088218 0.913007 1.821671   1   1  -1 
2456198.564091 0.000000 0.000000 6752.020828 1.186346 6748.957911 5.683526 6754.641437 3.062917 1.186346 -2.620609 1.186346 1.821671   1   1  -1 
2456198.569866 0.000000 0.000000 6752.133778 1.250845 6748.957911 5.674661 6754.632573 3.175867 1.250845 -2.498795 1.250845 1.821671   1   1  -1 
2456204.547188 0.000000 0.000000 6753.568624 0.781661 6748.957911 3.113905 6752.071817 4.610713 0.781661 1.496807 0.781661 1.821671   1   1  -1 
2456205.523197 0.000000 0.000000 6749.089385 0.447471 6748.957911 2.120263 6751.078174 0.131474 0.447471 -1.988789 0.447471 1.821671   1   1  -1 
2456208.615737 0.000000 0.000000 6753.603897 0.942056 6748.957911 4.725757 6753.683669 4.645986 0.942056 -0.079772 0.942056 1.821671   1   1  -1 
2456209.540800 0.000000 0.000000 6759.371118 1.053758 6748.957911 6.746434 6755.704345 10.413207 1.053758 3.666773 1.053758 1.821671   1   1  -1 
2456210.532155 0.000000 0.000000 6759.600350 0.864183 6748.957911 7.982949 6756.940860 10.642439 0.864183 2.659490 0.864183 1.821671   1   1  -1 
2456212.523498 0.000000 0.000000 6755.476387 0.479583 6748.957911 8.053772 6757.011683 6.518476 0.479583 -1.535296 0.479583 1.821671   1   1  -1 
2456217.523649 0.000000 0.000000 6753.855817 0.740951 6748.957911 10.331394 6759.289305 4.897906 0.740951 -5.433488 0.740951 1.821671   1   1  -1 
2456217.529482 0.000000 0.000000 6756.209522 0.723468 6748.957911 10.329629 6759.287541 7.251611 0.723468 -3.078019 0.723468 1.821671   1   1  -1 
2456218.587951 0.000000 0.000000 6761.087306 0.783291 6748.957911 9.381974 6758.339885 12.129395 0.783291 2.747421 0.783291 1.821671   1   1  -1 
2456219.500319 0.000000 0.000000 6756.194158 0.495656 6748.957911 7.603750 6756.561661 7.236247 0.495656 -0.367503 0.495656 1.821671   1   1  -1 
2456220.491327 0.000000 0.000000 6755.982846 0.783227 6748.957911 5.254572 6754.212483 7.024935 0.783227 1.770363 0.783227 1.821671   1   1  -1 
2456220.514069 0.000000 0.000000 6755.832612 0.640640 6748.957911 5.203600 6754.161511 6.874701 0.640640 1.671101 0.640640 1.821671   1   1  -1 
2456409.867093 0.000000 0.000000 6759.457368 1.234666 6748.957911 8.751841 6757.709753 10.499457 1.234666 1.747615 1.234666 1.821671   1   1  -1 
2456409.872719 0.000000 0.000000 6760.777904 1.190406 6748.957911 8.737894 6757.695806 11.819993 1.190406 3.082098 1.190406 1.821671   1   1  -1 
2456416.824768 0.000000 0.000000 6754.823732 1.100783 6748.957911 5.048787 6754.006699 5.865821 1.100783 0.817033 1.100783 1.821671   1   1  -1 
2456416.828565 0.000000 0.000000 6752.557971 1.091725 6748.957911 5.047051 6754.004963 3.600060 1.091725 -1.446992 1.091725 1.821671   1   1  -1 
2456416.832443 0.000000 0.000000 6755.652557 1.133660 6748.957911 5.045283 6754.003195 6.694646 1.133660 1.649362 1.133660 1.821671   1   1  -1 
2456432.884915 0.000000 0.000000 6750.289458 0.787972 6748.957911 2.205575 6751.163487 1.331547 0.787972 -0.874029 0.787972 1.821671   1   1  -1 
2456432.890124 0.000000 0.000000 6749.887804 0.901606 6748.957911 2.209082 6751.166994 0.929893 0.901606 -1.279190 0.901606 1.821671   1   1  -1 
2456433.905268 0.000000 0.000000 6751.123745 1.477288 6748.957911 3.118723 6752.076635 2.165834 1.477288 -0.952890 1.477288 1.821671   1   1  -1 
2456433.910395 0.000000 0.000000 6755.515765 1.603077 6748.957911 3.123391 6752.081302 6.557854 1.603077 3.434463 1.603077 1.821671   1   1  -1 
2456434.892458 0.000000 0.000000 6749.944594 0.969582 6748.957911 3.733132 6752.691043 0.986683 0.969582 -2.746449 0.969582 1.821671   1   1  -1 
2456434.898129 0.000000 0.000000 6750.432478 0.937709 6748.957911 3.734564 6752.692476 1.474567 0.937709 -2.259998 0.937709 1.821671   1   1  -1 
2456437.889188 0.000000 0.000000 6752.992684 0.801579 6748.957911 3.111632 6752.069544 4.034773 0.801579 0.923140 0.801579 1.821671   1   1  -1 
2456437.894720 0.000000 0.000000 6750.576482 0.735776 6748.957911 3.113041 6752.070953 1.618571 0.735776 -1.494471 0.735776 1.821671   1   1  -1 
2456438.860772 0.000000 0.000000 6752.460540 0.640814 6748.957911 3.660431 6752.618343 3.502629 0.640814 -0.157803 0.640814 1.821671   1   1  -1 
2456441.860316 0.000000 0.000000 6756.852144 0.846284 6748.957911 5.572150 6754.530061 7.894233 0.846284 2.322083 0.846284 1.821671   1   1  -1 
2456454.832361 0.000000 0.000000 6752.986609 0.709239 6748.957911 2.944860 6751.902771 4.028698 0.709239 1.083838 0.709239 1.821671   1   1  -1 
2456454.837894 0.000000 0.000000 6750.972291 0.711651 6748.957911 2.949220 6751.907131 2.014380 0.711651 -0.934840 0.711651 1.821671   1   1  -1 
2456467.823190 0.000000 0.000000 6754.822849 1.255655 6748.957911 3.585302 6752.543213 5.864938 1.255655 2.279636 1.255655 1.821671   1   1  -1 
2456467.826929 0.000000 0.000000 6751.728023 1.113375 6748.957911 3.587977 6752.545889 2.770112 1.113375 -0.817866 1.113375 1.821671   1   1  -1 
2456467.830702 0.000000 0.000000 6751.044367 1.185837 6748.957911 3.590674 6752.548586 2.086456 1.185837 -1.504219 1.185837 1.821671   1   1  -1 
2456473.860840 0.000000 0.000000 6750.322340 1.051321 6748.957911 1.654165 6750.612076 1.364429 1.051321 -0.289736 1.051321 1.821671   1   1  -1 
2456473.864821 0.000000 0.000000 6751.867851 1.016901 6748.957911 1.661346 6750.619258 2.909940 1.016901 1.248593 1.016901 1.821671   1   1  -1 
2456473.868595 0.000000 0.000000 6753.178042 1.098920 6748.957911 1.668160 6750.626072 4.220131 1.098920 2.551970 1.098920 1.821671   1   1  -1 
2456480.776552 0.000000 0.000000 6754.557282 0.996431 6748.957911 4.142772 6753.100683 5.599371 0.996431 1.456599 0.996431 1.821671   1   1  -1 
2456480.782281 0.000000 0.000000 6755.387313 0.925325 6748.957911 4.147569 6753.105481 6.429402 0.925325 2.281832 0.925325 1.821671   1   1  -1 
2456481.631506 0.000000 0.000000 6756.772221 1.240759 6748.957911 4.827298 6753.785209 7.814310 1.240759 2.987012 1.240759 1.821671   1   1  -1 
2456481.637189 0.000000 0.000000 6753.538508 1.259412 6748.957911 4.831394 6753.789305 4.580597 1.259412 -0.250797 1.259412 1.821671   1   1  -1 
2456501.599929 0.000000 0.000000 6754.822030 0.631664 6748.957911 3.840998 6752.798910 5.864119 0.631664 2.023120 0.631664 1.821671   1   1  -1 
2456523.744316 0.000000 0.000000 6751.875856 0.567478 6748.957911 1.496293 6750.454204 2.917945 0.567478 1.421652 0.567478 1.821671   1   1  -1 
2456524.691276 0.000000 0.000000 6747.554595 0.703132 6748.957911 1.955478 6750.913390 -1.403316 0.703132 -3.358795 0.703132 1.821671   1   1  -1 
2456524.696693 0.000000 0.000000 6749.458315 0.716695 6748.957911 1.959697 6750.917609 0.500404 0.716695 -1.459294 0.716695 1.821671   1   1  -1 
2456525.743740 0.000000 0.000000 6754.356749 0.637734 6748.957911 3.070007 6752.027919 5.398838 0.637734 2.328830 0.637734 1.821671   1   1  -1 
2456569.534062 0.000000 0.000000 6756.517428 1.076929 6748.957911 4.488892 6753.446804 7.559517 1.076929 3.070624 1.076929 1.821671   1   1  -1 
2456585.564665 0.000000 0.000000 6750.921123 0.855663 6748.957911 -0.440041 6748.517871 1.963212 0.855663 2.403252 0.855663 1.821671   1   1  -1 
2456585.568473 0.000000 0.000000 6746.976103 0.828824 6748.957911 -0.439195 6748.518716 -1.981808 0.828824 -1.542613 0.828824 1.821671   1   1  -1 
2456585.572350 0.000000 0.000000 6750.112670 0.846101 6748.957911 -0.438338 6748.519574 1.154759 0.846101 1.593096 0.846101 1.821671   1   1  -1 
2456586.547688 0.000000 0.000000 6750.875948 0.928572 6748.957911 -0.351003 6748.606908 1.918037 0.928572 2.269040 0.928572 1.821671   1   1  -1 
2456586.551530 0.000000 0.000000 6750.104421 0.993006 6748.957911 -0.351140 6748.606771 1.146510 0.993006 1.497650 0.993006 1.821671   1   1  -1 
2456586.555442 0.000000 0.000000 6748.200881 1.030307 6748.957911 -0.351283 6748.606629 -0.757030 1.030307 -0.405748 1.030307 1.821671   1   1  -1 
2456590.510961 0.000000 0.000000 6753.078268 1.367518 6748.957911 1.540453 6750.498365 4.120357 1.367518 2.579903 1.367518 1.821671   1   1  -1 
2456590.514943 0.000000 0.000000 6747.110191 1.522789 6748.957911 1.545748 6750.503660 -1.847720 1.522789 -3.393469 1.522789 1.821671   1   1  -1 
2456590.518611 0.000000 0.000000 6747.510946 1.287716 6748.957911 1.550627 6750.508538 -1.446965 1.287716 -2.997592 1.287716 1.821671   1   1  -1 
2456765.917789 0.000000 0.000000 6752.196408 0.712210 6748.957911 1.115420 6750.073332 3.238497 0.712210 2.123076 0.712210 1.821671   1   1  -1 
2456765.923021 0.000000 0.000000 6750.137503 0.718686 6748.957911 1.117904 6750.075816 1.179592 0.718686 0.061687 0.718686 1.821671   1   1  -1 
2456789.854143 0.000000 0.000000 6754.654993 0.783119 6748.957911 5.043760 6754.001672 5.697082 0.783119 0.653321 0.783119 1.821671   1   1  -1 
2456789.859722 0.000000 0.000000 6754.125832 0.810184 6748.957911 5.053641 6754.011553 5.167921 0.810184 0.114279 0.810184 1.821671   1   1  -1 
2456806.890179 0.000000 0.000000 6753.452377 0.848654 6748.957911 0.662736 6749.620647 4.494466 0.848654 3.831730 0.848654 1.821671   1   1  -1 
2456829.893363 0.000000 0.000000 6751.251499 0.544726 6748.957911 2.323150 6751.281061 2.293588 0.544726 -0.029562 0.544726 1.821671   1   1  -1 
2456857.748704 0.000000 0.000000 6749.652990 0.916881 6748.957911 1.027233 6749.985144 0.695079 0.916881 -0.332154 0.916881 1.821671   1   1  -1 
2456857.754433 0.000000 0.000000 6750.982955 0.896024 6748.957911 1.029080 6749.986992 2.025044 0.896024 0.995963 0.896024 1.821671   1   1  -1 
2456866.784629 0.000000 0.000000 6748.725985 0.744866 6748.957911 -1.020375 6747.937537 -0.231926 0.744866 0.788448 0.744866 1.821671   1   1  -1 
2456896.727940 0.000000 0.000000 6755.871457 1.053796 6748.957911 5.628272 6754.586183 6.913546 1.053796 1.285274 1.053796 1.821671   1   1  -1 
2456896.733287 0.000000 0.000000 6755.155412 1.302275 6748.957911 5.628744 6754.586656 6.197501 1.302275 0.568756 1.302275 1.821671   1   1  -1 
2457146.919889 0.000000 0.000000 6757.076817 0.544417 6748.957911 5.539276 6754.497188 8.118906 0.544417 2.579629 0.544417 1.821671   1   1  -1 
2457176.844500 0.000000 0.000000 6764.693117 0.482556 6768.807504 -3.407028 6765.400476 -4.114387 0.482556 -0.707359 0.482556 1.821671   1   2  -1 
2457180.950532 0.000000 0.000000 6764.602498 0.611496 6768.807504 -4.202146 6764.605358 -4.205006 0.611496 -0.002860 0.611496 1.821671   1   2  -1 
2457180.956053 0.000000 0.000000 6767.474385 0.642310 6768.807504 -4.204449 6764.603056 -1.333119 0.642310 2.871329 0.642310 1.821671   1   2  -1 
2457307.523708 0.000000 0.000000 6769.474717 0.569213 6768.807504 1.458314 6770.265819 0.667213 0.569213 -0.791102 0.569213 1.821671   1   2  -1 
2457307.529113 0.000000 0.000000 6769.180290 0.591603 6768.807504 1.458705 6770.266209 0.372786 0.591603 -1.085919 0.591603 1.821671   1   2  -1 
2457879.840329 0.000000 0.000000 6766.798509 0.840815 6768.807504 -0.960128 6767.847377 -2.008995 0.840815 -1.048868 0.840815 1.821671   1   2  -1 
2457968.637355 0.000000 0.000000 6769.850407 0.766025 6768.807504 2.443748 6771.251252 1.042903 0.766025 -1.400845 0.766025 1.821671   1   2  -1 
2460042.883932 0.000000 0.000000 6638.543767 0.194366 6629.241725 7.027694 6636.269419 9.302042 0.194366 2.274348 0.194366 1.860812   0   0  -1 
2460042.889532 0.000000 0.000000 6639.362246 0.197675 6629.241725 7.031233 6636.272957 10.120521 0.197675 3.089289 0.197675 1.860812   0   0  -1 
2460043.870973 0.000000 0.000000 6635.676123 0.231538 6629.241725 7.281520 6636.523244 6.434398 0.231538 -0.847121 0.231538 1.860812   0   0  -1 
2460043.876677 0.000000 0.000000 6635.144250 0.215486 6629.241725 7.280375 6636.522100 5.902525 0.215486 -1.377850 0.215486 1.860812   0   0  -1 
2460044.793251 0.000000 0.000000 6636.194980 0.238014 6629.241725 6.650719 6635.892444 6.953255 0.238014 0.302536 0.238014 1.860812   0   0  -1 
2460044.798982 0.000000 0.000000 6635.616222 0.236508 6629.241725 6.644098 6635.885822 6.374497 0.236508 -0.269600 0.236508 1.860812   0   0  -1 
2460045.773704 0.000000 0.000000 6630.485958 0.527086 6629.241725 5.163482 6634.405207 1.244233 0.527086 -3.919249 0.527086 1.860812   0   0  -1 
2460045.779649 0.000000 0.000000 6631.851550 0.356358 6629.241725 5.152925 6634.394650 2.609825 0.356358 -2.543100 0.356358 1.860812   0   0  -1 
2460046.786658 0.000000 0.000000 6633.843874 0.216596 6629.241725 3.339451 6632.581176 4.602149 0.216596 1.262698 0.216596 1.860812   0   0  -1 
2460046.792204 0.000000 0.000000 6634.866972 0.200898 6629.241725 3.329925 6632.571650 5.625247 0.200898 2.295322 0.200898 1.860812   0   0  -1 
2460047.789500 0.000000 0.000000 6633.186422 0.215835 6629.241725 1.829941 6631.071665 3.944697 0.215835 2.114757 0.215835 1.860812   0   0  -1 
2460047.795047 0.000000 0.000000 6633.209210 0.207999 6629.241725 1.822885 6631.064610 3.967485 0.207999 2.144600 0.207999 1.860812   0   0  -1 
2460048.783364 0.000000 0.000000 6629.609690 0.259180 6629.241725 0.751706 6629.993430 0.367965 0.259180 -0.383740 0.259180 1.860812   0   0  -1 
2460048.789012 0.000000 0.000000 6629.256972 0.241587 6629.241725 0.746380 6629.988105 0.015247 0.241587 -0.731133 0.241587 1.860812   0   0  -1 
2460049.801102 0.000000 0.000000 6631.039854 0.223882 6629.241725 -0.162691 6629.079033 1.798129 0.223882 1.960821 0.223882 1.860812   0   0  -1 
2460049.806533 0.000000 0.000000 6630.157588 0.237350 6629.241725 -0.167529 6629.074196 0.915863 0.237350 1.083392 0.237350 1.860812   0   0  -1 
2460050.776767 0.000000 0.000000 6629.430013 0.220926 6629.241725 -1.046784 6628.194941 0.188288 0.220926 1.235072 0.220926 1.860812   0   0  -1 
2460050.782471 0.000000 0.000000 6629.926843 0.212336 6629.241725 -1.051980 6628.189745 0.685118 0.212336 1.737098 0.212336 1.860812   0   0  -1 
2460068.823617 0.000000 0.000000 6631.559544 0.250917 6629.241725 1.568324 6630.810048 2.317819 0.250917 0.749496 0.250917 1.860812   0   0  -1 
2460068.829253 0.000000 0.000000 6629.646784 0.315822 6629.241725 1.559065 6630.800789 0.405059 0.315822 -1.154005 0.315822 1.860812   0   0  -1 
2460073.775251 0.000000 0.000000 6625.088984 0.273036 6629.241725 -3.387977 6625.853748 -4.152741 0.273036 -0.764764 0.273036 1.860812   0   0  -1 
2460073.780774 0.000000 0.000000 6625.286948 0.249282 6629.241725 -3.391323 6625.850401 -3.954777 0.249282 -0.563453 0.249282 1.860812   0   0  -1 
2460076.728213 0.000000 0.000000 6628.562665 0.253446 6629.241725 -3.730022 6625.511702 -0.679060 0.253446 3.050963 0.253446 1.860812   0   0  -1 
2460076.733797 0.000000 0.000000 6628.366049 0.242470 6629.241725 -3.725881 6625.515844 -0.875676 0.242470 2.850205 0.242470 1.860812   0   0  -1 
2460077.755001 0.000000 0.000000 6624.903844 0.312506 6629.241725 -2.535724 6626.706001 -4.337881 0.312506 -1.802157 0.312506 1.860812   0   0  -1 
2460077.760768 0.000000 0.000000 6625.020045 0.301092 6629.241725 -2.526688 6626.715036 -4.221680 0.301092 -1.694991 0.301092 1.860812   0   0  -1 
2460078.818364 0.000000 0.000000 6630.516939 0.236131 6629.241725 -0.580092 6628.661633 1.275214 0.236131 1.855306 0.236131 1.860812   0   0  -1 
2460078.823976 0.000000 0.000000 6630.804515 0.231515 6629.241725 -0.568861 6628.672864 1.562790 0.231515 2.131651 0.231515 1.860812   0   0  -1 
2460079.846559 0.000000 0.000000 6632.273395 0.225727 6629.241725 1.392181 6630.633906 3.031670 0.225727 1.639489 0.225727 1.860812   0   0  -1 
2460079.852048 0.000000 0.000000 6631.927170 0.228638 6629.241725 1.401657 6630.643382 2.685445 0.228638 1.283788 0.228638 1.860812   0   0  -1 
2460080.730235 0.000000 0.000000 6632.645260 0.243529 6629.241725 2.675177 6631.916902 3.403535 0.243529 0.728358 0.243529 1.860812   0   0  -1 
2460080.735864 0.000000 0.000000 6633.292553 0.224766 6629.241725 2.681700 6631.923425 4.050828 0.224766 1.369128 0.224766 1.860812   0   0  -1 
2460082.755256 0.000000 0.000000 6630.390412 0.286786 6629.241725 4.248990 6633.490715 1.148687 0.286786 -3.100303 0.286786 1.860812   0   0  -1 
2460082.760842 0.000000 0.000000 6630.795800 0.259323 6629.241725 4.253145 6633.494869 1.554075 0.259323 -2.699069 0.259323 1.860812   0   0  -1 
2460086.748603 0.000000 0.000000 6635.114081 0.193185 6629.241725 6.976491 6636.218216 5.872356 0.193185 -1.104135 0.193185 1.860812   0   0  -1 
2460086.754324 0.000000 0.000000 6634.108130 0.208316 6629.241725 6.972346 6636.214070 4.866405 0.208316 -2.105940 0.208316 1.860812   0   0  -1 
2460199.601214 0.000000 0.000000 6622.205086 0.389251 6629.241725 -4.400323 6624.841402 -7.036639 0.389251 -2.636316 0.389251 1.860812   0   0  -1 
2460199.607025 0.000000 0.000000 6622.574384 0.381438 6629.241725 -4.401582 6624.840143 -6.667341 0.381438 -2.265759 0.381438 1.860812   0   0  -1 
2460201.515076 0.000000 0.000000 6625.332354 0.272613 6629.241725 -4.408075 6624.833650 -3.909371 0.272613 0.498704 0.272613 1.860812   0   0  -1 
2460201.520627 0.000000 0.000000 6624.542897 0.294212 6629.241725 -4.407497 6624.834228 -4.698828 0.294212 -0.291331 0.294212 1.860812   0   0  -1 
2460202.533617 0.000000 0.000000 6626.906002 0.232737 6629.241725 -4.293790 6624.947935 -2.335723 0.232737 1.958067 0.232737 1.860812   0   0  -1 
2460202.539273 0.000000 0.000000 6627.020676 0.220468 6629.241725 -4.293016 6624.948709 -2.221049 0.220468 2.071967 0.220468 1.860812   0   0  -1 
2460203.571018 0.000000 0.000000 6625.203535 0.337253 6629.241725 -4.044271 6625.197454 -4.038190 0.337253 0.006081 0.337253 1.860812   0   0  -1 
2460203.577196 0.000000 0.000000 6625.477322 0.360328 6629.241725 -4.041826 6625.199899 -3.764403 0.360328 0.277423 0.360328 1.860812   0   0  -1 
2460204.530857 0.000000 0.000000 6628.752956 0.197030 6629.241725 -3.467638 6625.774086 -0.488769 0.197030 2.978870 0.197030 1.860812   0   0  -1 
2460204.536387 0.000000 0.000000 6627.522270 0.208547 6629.241725 -3.463133 6625.778591 -1.719455 0.208547 1.743679 0.208547 1.860812   0   0  -1 
2460205.516019 0.000000 0.000000 6628.249113 0.244280 6629.241725 -2.502116 6626.739609 -0.992612 0.244280 1.509504 0.244280 1.860812   0   0  -1 
2460205.521490 0.000000 0.000000 6628.705998 0.216530 6629.241725 -2.496143 6626.745582 -0.535727 0.216530 1.960416 0.216530 1.860812   0   0  -1 
2460206.534104 0.000000 0.000000 6627.482697 0.247014 6629.241725 -1.416327 6627.825397 -1.759028 0.247014 -0.342700 0.247014 1.860812   0   0  -1 
2460206.539634 0.000000 0.000000 6629.267429 0.225863 6629.241725 -1.410933 6627.830791 0.025704 0.225863 1.436638 0.225863 1.860812   0   0  -1 
2460208.612713 0.000000 0.000000 6630.363009 0.238171 6629.241725 0.027994 6629.269718 1.121284 0.238171 1.093291 0.238171 1.860812   0   0  -1 
2460208.618030 0.000000 0.000000 6629.924431 0.245322 6629.241725 0.030955 6629.272680 0.682706 0.245322 0.651751 0.245322 1.860812   0   0  -1 
2460209.504007 0.000000 0.000000 6623.939779 0.494812 6629.241725 0.572684 6629.814409 -5.301946 0.494812 -5.874630 0.494812 1.860812   0   0  -1 
2460209.509978 0.000000 0.000000 6626.528984 0.441044 6629.241725 0.576716 6629.818441 -2.712741 0.441044 -3.289457 0.441044 1.860812   0   0  -1 
2460210.587394 0.000000 0.000000 6629.731782 0.275366 6629.241725 1.312419 6630.554144 0.490057 0.275366 -0.822362 0.275366 1.860812   0   0  -1 
2460210.593026 0.000000 0.000000 6627.639495 0.295408 6629.241725 1.315811 6630.557536 -1.602230 0.295408 -2.918041 0.295408 1.860812   0   0  -1 
2460211.516295 0.000000 0.000000 6628.377092 0.380462 6629.241725 1.643035 6630.884760 -0.864633 0.380462 -2.507668 0.380462 1.860812   0   0  -1 
2460211.522268 0.000000 0.000000 6629.418252 0.306169 6629.241725 1.643186 6630.884911 0.176527 0.306169 -1.466659 0.306169 1.860812   0   0  -1 
