# time Tc_folded Tref_folded value value_err offset model full_model val_compare val_compare_err residuals residuals_err jitter jitter_flag offset_flag subset_flag 
2455480.529186 0.000000 0.000000 -10482.960657 0.485677 -10476.208609 -4.599125 -10481.500741 -6.059042 0.485677 -1.459916 0.485677 1.552009   1   1  -1 
2455480.532970 0.000000 0.000000 -10481.678693 0.440084 -10476.208609 -4.599100 -10481.501408 -4.776385 0.440084 -0.177285 0.440084 1.552009   1   1  -1 
2455480.536778 0.000000 0.000000 -10480.431449 0.465046 -10476.208609 -4.599066 -10481.502064 -3.528451 0.465046 1.070615 0.465046 1.552009   1   1  -1 
2455482.554786 0.000000 0.000000 -10476.128743 0.353905 -10476.208609 -3.603329 -10478.978386 -0.753686 0.353905 2.849643 0.353905 1.552009   1   1  -1 
2455484.542056 0.000000 0.000000 -10475.755433 0.514319 -10476.208609 -2.546265 -10475.532313 -2.769385 0.514319 -0.223120 0.514319 1.552009   1   1  -1 
2455484.545828 0.000000 0.000000 -10473.332240 0.532707 -10476.208609 -2.545319 -10475.529461 -0.348098 0.532707 2.197221 0.532707 1.552009   1   1  -1 
2455484.549671 0.000000 0.000000 -10474.438386 0.508347 -10476.208609 -2.544358 -10475.526568 -1.456176 0.508347 1.088182 0.508347 1.552009   1   1  -1 
2455485.527184 0.000000 0.000000 -10473.605978 0.432034 -10476.208609 -2.392530 -10475.163920 -0.834588 0.432034 1.557942 0.432034 1.552009   1   1  -1 
2455485.532971 0.000000 0.000000 -10471.997247 0.445706 -10476.208609 -2.392011 -10475.163606 0.774348 0.445706 3.166359 0.445706 1.552009   1   1  -1 
2455487.543214 0.000000 0.000000 -10473.844627 0.404437 -10476.208609 -2.293238 -10475.779097 -0.358769 0.404437 1.934470 0.404437 1.552009   1   1  -1 
2455487.548897 0.000000 0.000000 -10473.904015 0.401767 -10476.208609 -2.293256 -10475.782355 -0.414916 0.401767 1.878340 0.401767 1.552009   1   1  -1 
2455493.544252 0.000000 0.000000 -10479.814585 0.396600 -10476.208609 -2.278999 -10480.253780 -1.839804 0.396600 0.439195 0.396600 1.552009   1   1  -1 
2455493.550478 0.000000 0.000000 -10480.900282 0.405220 -10476.208609 -2.279001 -10480.259575 -2.919708 0.405220 -0.640707 0.405220 1.552009   1   1  -1 
2455495.535877 0.000000 0.000000 -10480.826331 0.401246 -10476.208609 -2.360826 -10481.866591 -1.320567 0.401246 1.040260 0.401246 1.552009   1   1  -1 
2455495.541664 0.000000 0.000000 -10480.647538 0.425418 -10476.208609 -2.360626 -10481.867459 -1.140705 0.425418 1.219921 0.425418 1.552009   1   1  -1 
2455498.517820 0.000000 0.000000 -10479.650410 0.663846 -10476.208609 -2.193185 -10479.094416 -2.749179 0.663846 -0.555994 0.663846 1.552009   1   1  -1 
2455498.523445 0.000000 0.000000 -10478.978096 0.600098 -10476.208609 -2.194706 -10479.092224 -2.080578 0.600098 0.114128 0.600098 1.552009   1   1  -1 
2455500.544007 0.000000 0.000000 -10479.588979 0.341836 -10476.208609 -3.181325 -10479.450844 -3.319460 0.341836 -0.138135 0.341836 1.552009   1   1  -1 
2455500.549389 0.000000 0.000000 -10479.646223 0.372174 -10476.208609 -3.183771 -10479.452890 -3.377104 0.372174 -0.193333 0.372174 1.552009   1   1  -1 
2455501.547102 0.000000 0.000000 -10479.228913 0.302659 -10476.208609 -3.443682 -10479.702721 -2.969873 0.302659 0.473808 0.302659 1.552009   1   1  -1 
2455501.552738 0.000000 0.000000 -10480.110772 0.289222 -10476.208609 -3.443927 -10479.703216 -3.851484 0.289222 -0.407556 0.289222 1.552009   1   1  -1 
2455505.514789 0.000000 0.000000 -10479.788974 0.344263 -10476.208609 -3.267381 -10480.243129 -2.813226 0.344263 0.454155 0.344263 1.552009   1   1  -1 
2455505.520425 0.000000 0.000000 -10479.398339 0.340728 -10476.208609 -3.269614 -10480.247117 -2.420837 0.340728 0.848778 0.340728 1.552009   1   1  -1 
2455507.517142 0.000000 0.000000 -10482.165859 0.264981 -10476.208609 -3.934948 -10481.714087 -4.386720 0.264981 -0.451772 0.264981 1.552009   1   1  -1 
2455507.522824 0.000000 0.000000 -10483.868821 0.270208 -10476.208609 -3.935824 -10481.717796 -6.086848 0.270208 -2.151025 0.270208 1.552009   1   1  -1 
2455509.518050 0.000000 0.000000 -10482.136940 0.380261 -10476.208609 -4.028063 -10482.715136 -3.449867 0.380261 0.578196 0.380261 1.552009   1   1  -1 
2455509.523524 0.000000 0.000000 -10481.842165 0.354765 -10476.208609 -4.028226 -10482.715871 -3.154521 0.354765 0.873706 0.354765 1.552009   1   1  -1 
2455511.516449 0.000000 0.000000 -10481.051242 0.398498 -10476.208609 -4.048983 -10480.703515 -4.396710 0.398498 -0.347727 0.398498 1.552009   1   1  -1 
2455511.521935 0.000000 0.000000 -10481.318563 0.396662 -10476.208609 -4.048496 -10480.693668 -4.673390 0.396662 -0.624895 0.396662 1.552009   1   1  -1 
2455513.504562 0.000000 0.000000 -10476.804338 0.418335 -10476.208609 -3.551010 -10477.680418 -2.674930 0.418335 0.876080 0.418335 1.552009   1   1  -1 
2455513.510244 0.000000 0.000000 -10476.668251 0.441085 -10476.208609 -3.548919 -10477.673601 -2.543569 0.441085 1.005350 0.441085 1.552009   1   1  -1 
2455514.505835 0.000000 0.000000 -10478.206203 0.335906 -10476.208609 -3.157791 -10476.598432 -4.765561 0.335906 -1.607771 0.335906 1.552009   1   1  -1 
2455514.511356 0.000000 0.000000 -10477.524806 0.341716 -10476.208609 -3.155475 -10476.593020 -4.087261 0.341716 -0.931786 0.341716 1.552009   1   1  -1 
2455519.503938 0.000000 0.000000 -10474.517329 0.516685 -10476.208609 0.060941 -10473.650152 -0.806236 0.516685 -0.867177 0.516685 1.552009   1   1  -1 
2455519.508811 0.000000 0.000000 -10473.971305 0.498073 -10476.208609 0.061892 -10473.652851 -0.256562 0.498073 -0.318454 0.498073 1.552009   1   1  -1 
2455523.508036 0.000000 0.000000 -10476.567096 0.414917 -10476.208609 -0.556358 -10478.464649 1.341194 0.414917 1.897553 0.414917 1.552009   1   1  -1 
2455523.513036 0.000000 0.000000 -10476.426565 0.432885 -10476.208609 -0.557146 -10478.470260 1.486550 0.432885 2.043695 0.432885 1.552009   1   1  -1 
2455524.521481 0.000000 0.000000 -10476.409103 0.333974 -10476.208609 -0.851905 -10479.270662 2.009654 0.333974 2.861559 0.333974 1.552009   1   1  -1 
2455524.526446 0.000000 0.000000 -10475.818731 0.339194 -10476.208609 -0.854232 -10479.272392 2.599430 0.339194 3.453661 0.339194 1.552009   1   1  -1 
2455653.900831 0.000000 0.000000 -10479.122782 0.372304 -10476.208609 -1.723871 -10477.593929 -3.252723 0.372304 -1.528853 0.372304 1.552009   1   1  -1 
2455653.906410 0.000000 0.000000 -10477.502514 0.368097 -10476.208609 -1.725105 -10477.590463 -1.637156 0.368097 0.087949 0.368097 1.552009   1   1  -1 
2455654.900357 0.000000 0.000000 -10477.529507 0.407058 -10476.208609 -1.921439 -10476.922099 -2.528848 0.407058 -0.607408 0.407058 1.552009   1   1  -1 
2455654.905936 0.000000 0.000000 -10476.951630 0.365708 -10476.208609 -1.922303 -10476.918985 -1.954949 0.365708 -0.032645 0.365708 1.552009   1   1  -1 
2455657.909222 0.000000 0.000000 -10477.608535 0.302855 -10476.208609 -2.007828 -10476.816234 -2.800129 0.302855 -0.792301 0.302855 1.552009   1   1  -1 
2455657.914813 0.000000 0.000000 -10478.050098 0.315866 -10476.208609 -2.007914 -10476.818057 -3.239955 0.315866 -1.232041 0.315866 1.552009   1   1  -1 
2455659.907949 0.000000 0.000000 -10477.046490 0.384743 -10476.208609 -2.120692 -10477.693606 -1.473576 0.384743 0.647116 0.384743 1.552009   1   1  -1 
2455659.913540 0.000000 0.000000 -10478.198534 0.401510 -10476.208609 -2.121098 -10477.696431 -2.623201 0.401510 -0.502103 0.401510 1.552009   1   1  -1 
2455660.901884 0.000000 0.000000 -10478.330760 0.251174 -10476.208609 -2.192872 -10478.214193 -2.309439 0.251174 -0.116567 0.251174 1.552009   1   1  -1 
2455662.902485 0.000000 0.000000 -10478.461597 0.474458 -10476.208609 -2.453570 -10479.510597 -1.404570 0.474458 1.049000 0.474458 1.552009   1   1  -1 
2455662.908180 0.000000 0.000000 -10479.019990 0.454621 -10476.208609 -2.454613 -10479.514931 -1.959672 0.454621 0.494941 0.454621 1.552009   1   1  -1 
2455663.839263 0.000000 0.000000 -10481.021871 0.868606 -10476.208609 -2.613546 -10480.248154 -3.387263 0.868606 -0.773717 0.868606 1.552009   1   1  -1 
2455672.897729 0.000000 0.000000 -10477.289791 0.326960 -10476.208609 -2.114622 -10478.055297 -1.349116 0.326960 0.765506 0.326960 1.552009   1   1  -1 
2455672.902775 0.000000 0.000000 -10477.128218 0.300639 -10476.208609 -2.114711 -10478.054984 -1.187945 0.300639 0.926766 0.300639 1.552009   1   1  -1 
2455675.905453 0.000000 0.000000 -10479.983143 0.211350 -10476.208609 -2.543656 -10478.544639 -3.982161 0.211350 -1.438504 0.211350 1.552009   1   1  -1 
2455679.879903 0.000000 0.000000 -10481.249420 0.252289 -10476.208609 -3.023360 -10479.928221 -4.344559 0.252289 -1.321199 0.252289 1.552009   1   1  -1 
2455679.885123 0.000000 0.000000 -10482.070814 0.256851 -10476.208609 -3.023937 -10479.930638 -5.164113 0.256851 -2.140176 0.256851 1.552009   1   1  -1 
2455712.893679 0.000000 0.000000 -10477.596372 0.280177 -10476.208609 -1.841267 -10476.913016 -2.524624 0.280177 -0.683356 0.280177 1.552009   1   1  -1 
2455715.864679 0.000000 0.000000 -10473.715742 0.681733 -10476.208609 -1.500489 -10474.625328 -0.590903 0.681733 0.909586 0.681733 1.552009   1   1  -1 
2455715.867376 0.000000 0.000000 -10473.898980 0.709421 -10476.208609 -1.500254 -10474.624165 -0.775069 0.709421 0.725185 0.709421 1.552009   1   1  -1 
2455715.869992 0.000000 0.000000 -10473.445162 0.718389 -10476.208609 -1.500026 -10474.623039 -0.322150 0.718389 1.177877 0.718389 1.552009   1   1  -1 
2455715.872747 0.000000 0.000000 -10473.903696 0.742414 -10476.208609 -1.499788 -10474.621855 -0.781629 0.742414 0.718159 0.742414 1.552009   1   1  -1 
2455727.859452 0.000000 0.000000 -10475.357665 0.528199 -10476.208609 -0.611239 -10476.602234 0.633330 0.528199 1.244569 0.528199 1.552009   1   1  -1 
2455727.863145 0.000000 0.000000 -10476.960737 0.516663 -10476.208609 -0.611039 -10476.601177 -0.970599 0.516663 -0.359560 0.516663 1.552009   1   1  -1 
2455727.866953 0.000000 0.000000 -10477.060026 0.559742 -10476.208609 -0.610836 -10476.600093 -1.070768 0.559742 -0.459933 0.559742 1.552009   1   1  -1 
2455735.809170 0.000000 0.000000 -10480.718295 0.263016 -10476.208609 -1.249622 -10479.338007 -2.629911 0.263016 -1.380288 0.263016 1.552009   1   1  -1 
2455754.777241 0.000000 0.000000 -10475.455016 0.545675 -10476.208609 -1.254745 -10476.271857 -0.437904 0.545675 0.816841 0.545675 1.552009   1   1  -1 
2455755.755721 0.000000 0.000000 -10477.021535 0.384396 -10476.208609 -1.090187 -10475.571188 -2.540534 0.384396 -1.450347 0.384396 1.552009   1   1  -1 
2455769.736300 0.000000 0.000000 -10478.718338 0.338766 -10476.208609 -1.874563 -10479.099527 -1.493374 0.338766 0.381189 0.338766 1.552009   1   1  -1 
2455769.742075 0.000000 0.000000 -10479.209949 0.385157 -10476.208609 -1.875503 -10479.094946 -1.990506 0.385157 -0.115003 0.385157 1.552009   1   1  -1 
2455776.628483 0.000000 0.000000 -10477.854877 0.356174 -10476.208609 -1.186998 -10477.332029 -1.709847 0.356174 -0.522848 0.356174 1.552009   1   1  -1 
2455782.624998 0.000000 0.000000 -10477.234320 0.380536 -10476.208609 -1.342501 -10477.247968 -1.328852 0.380536 0.013648 0.380536 1.552009   1   1  -1 
2455784.737667 0.000000 0.000000 -10473.119634 0.272683 -10476.208609 -1.859175 -10474.883380 -0.095429 0.272683 1.763746 0.272683 1.552009   1   1  -1 
2455801.526698 0.000000 0.000000 -10477.714254 0.636570 -10476.208609 -0.363246 -10476.624553 -1.452947 0.636570 -1.089701 0.636570 1.552009   1   1  -1 
2455801.531628 0.000000 0.000000 -10478.348482 0.588581 -10476.208609 -0.364117 -10476.625631 -2.086968 0.588581 -1.722851 0.588581 1.552009   1   1  -1 
2455804.632333 0.000000 0.000000 -10479.889141 0.560283 -10476.208609 -1.236926 -10477.988505 -3.137562 0.560283 -1.900636 0.560283 1.552009   1   1  -1 
2455804.637669 0.000000 0.000000 -10479.356651 0.516075 -10476.208609 -1.238060 -10477.991009 -2.603702 0.516075 -1.365642 0.516075 1.552009   1   1  -1 
2455807.626267 0.000000 0.000000 -10477.952953 0.482855 -10476.208609 -1.561177 -10479.435748 -0.078382 0.482855 1.482795 0.482855 1.552009   1   1  -1 
2455807.631162 0.000000 0.000000 -10477.762393 0.443292 -10476.208609 -1.561031 -10479.438133 0.114709 0.443292 1.675740 0.443292 1.552009   1   1  -1 
2455810.581550 0.000000 0.000000 -10481.002505 0.377097 -10476.208609 -1.282235 -10479.866351 -2.418389 0.377097 -1.136154 0.377097 1.552009   1   1  -1 
2455810.586723 0.000000 0.000000 -10480.282556 0.398696 -10476.208609 -1.282502 -10479.861797 -1.703261 0.398696 -0.420759 0.398696 1.552009   1   1  -1 
2455816.587002 0.000000 0.000000 -10476.284284 0.479893 -10476.208609 -3.490002 -10476.529499 -3.244787 0.479893 0.245215 0.479893 1.552009   1   1  -1 
2455816.590578 0.000000 0.000000 -10475.380232 0.444942 -10476.208609 -3.488942 -10476.527561 -2.341612 0.444942 1.147329 0.444942 1.552009   1   1  -1 
2455816.594154 0.000000 0.000000 -10476.257023 0.438232 -10476.208609 -3.487876 -10476.525620 -3.219279 0.438232 0.268597 0.438232 1.552009   1   1  -1 
2455834.622073 0.000000 0.000000 -10480.909706 0.288686 -10476.208609 -2.647161 -10480.069725 -3.487142 0.288686 -0.839981 0.288686 1.552009   1   1  -1 
2455834.627593 0.000000 0.000000 -10481.704100 0.288262 -10476.208609 -2.650109 -10480.075296 -4.278913 0.288262 -1.628804 0.288262 1.552009   1   1  -1 
2455836.585712 0.000000 0.000000 -10482.497452 0.340261 -10476.208609 -3.068282 -10481.619479 -3.946255 0.340261 -0.877973 0.340261 1.552009   1   1  -1 
2455836.591440 0.000000 0.000000 -10483.216344 0.339568 -10476.208609 -3.067219 -10481.622291 -4.661272 0.339568 -1.594053 0.339568 1.552009   1   1  -1 
2455839.585007 0.000000 0.000000 -10480.984122 0.455066 -10476.208609 -1.038220 -10480.045506 -1.976836 0.455066 -0.938616 0.455066 1.552009   1   1  -1 
2455839.590794 0.000000 0.000000 -10480.862232 0.459884 -10476.208609 -1.033108 -10480.033123 -1.862217 0.459884 -0.829109 0.459884 1.552009   1   1  -1 
2455842.549547 0.000000 0.000000 -10475.984718 0.533150 -10476.208609 0.408535 -10475.345100 -0.231084 0.533150 -0.639618 0.533150 1.552009   1   1  -1 
2455842.555033 0.000000 0.000000 -10475.769563 0.436601 -10476.208609 0.408732 -10475.342012 -0.018819 0.436601 -0.427551 0.436601 1.552009   1   1  -1 
2455845.575633 0.000000 0.000000 -10472.970844 0.533869 -10476.208609 -0.070338 -10474.941900 1.900719 0.533869 1.971056 0.533869 1.552009   1   1  -1 
2455845.581258 0.000000 0.000000 -10473.156417 0.461200 -10476.208609 -0.072338 -10474.942976 1.714221 0.461200 1.786559 0.461200 1.552009   1   1  -1 
2455870.498785 0.000000 0.000000 -10481.818484 0.365314 -10476.208609 -2.849938 -10479.546410 -5.122013 0.365314 -2.272074 0.365314 1.552009   1   1  -1 
2455870.504422 0.000000 0.000000 -10481.151885 0.359240 -10476.208609 -2.849785 -10479.542814 -4.458856 0.359240 -1.609071 0.359240 1.552009   1   1  -1 
2455874.532217 0.000000 0.000000 -10477.728868 0.513797 -10476.208609 -1.570321 -10477.568455 -1.730734 0.513797 -0.160413 0.513797 1.552009   1   1  -1 
2455874.537437 0.000000 0.000000 -10475.674380 0.695338 -10476.208609 -1.570567 -10477.568924 0.323977 0.695338 1.894544 0.695338 1.552009   1   1  -1 
2455878.549549 0.000000 0.000000 -10474.975638 0.680478 -10476.208609 -1.567047 -10478.180352 1.637667 0.680478 3.204714 0.680478 1.552009   1   1  -1 
2455878.554965 0.000000 0.000000 -10473.200640 0.660711 -10476.208609 -1.564902 -10478.179779 3.414236 0.660711 4.979139 0.660711 1.552009   1   1  -1 
2456020.892743 0.000000 0.000000 -10474.892081 0.400252 -10476.208609 -1.362274 -10475.451965 -0.802390 0.400252 0.559884 0.400252 1.552009   1   1  -1 
2456020.898160 0.000000 0.000000 -10474.995167 0.390725 -10476.208609 -1.363106 -10475.457203 -0.901070 0.390725 0.462036 0.390725 1.552009   1   1  -1 
2456022.889397 0.000000 0.000000 -10478.871489 0.497344 -10476.208609 -1.688809 -10477.884753 -2.675545 0.497344 -0.986736 0.497344 1.552009   1   1  -1 
2456022.894884 0.000000 0.000000 -10479.815426 0.556527 -10476.208609 -1.689631 -10477.892268 -3.612790 0.556527 -1.923158 0.556527 1.552009   1   1  -1 
2456024.891353 0.000000 0.000000 -10480.979281 0.428656 -10476.208609 -1.912481 -10479.802847 -3.088915 0.428656 -1.176434 0.428656 1.552009   1   1  -1 
2456024.897048 0.000000 0.000000 -10480.604419 0.407038 -10476.208609 -1.912878 -10479.802695 -2.714603 0.407038 -0.801724 0.407038 1.552009   1   1  -1 
2456028.922257 0.000000 0.000000 -10477.908590 0.345283 -10476.208609 -1.255901 -10476.995351 -2.169140 0.345283 -0.913239 0.345283 1.552009   1   1  -1 
2456029.892891 0.000000 0.000000 -10478.166891 0.543499 -10476.208609 -0.927423 -10476.760304 -2.334010 0.543499 -1.406587 0.543499 1.552009   1   1  -1 
2456029.898354 0.000000 0.000000 -10478.569496 0.519266 -10476.208609 -0.926024 -10476.759771 -2.735749 0.519266 -1.809725 0.519266 1.552009   1   1  -1 
2456031.852968 0.000000 0.000000 -10477.024746 0.408809 -10476.208609 -0.941861 -10477.238885 -0.727723 0.408809 0.214139 0.408809 1.552009   1   1  -1 
2456052.857065 0.000000 0.000000 -10480.793021 0.406318 -10476.208609 -1.980300 -10477.995834 -4.777487 0.406318 -2.797187 0.406318 1.552009   1   1  -1 
2456052.862482 0.000000 0.000000 -10480.156970 0.393840 -10476.208609 -1.981346 -10477.998168 -4.140149 0.393840 -2.158802 0.393840 1.552009   1   1  -1 
2456053.851639 0.000000 0.000000 -10480.816786 0.437473 -10476.208609 -2.090434 -10477.856216 -5.051004 0.437473 -2.960570 0.437473 1.552009   1   1  -1 
2456053.857114 0.000000 0.000000 -10476.986852 0.414343 -10476.208609 -2.090487 -10477.851988 -1.225351 0.414343 0.865136 0.414343 1.552009   1   1  -1 
2456054.839916 0.000000 0.000000 -10479.578072 0.266506 -10476.208609 -1.988645 -10476.777181 -4.789537 0.266506 -2.800891 0.266506 1.552009   1   1  -1 
2456055.886865 0.000000 0.000000 -10478.308216 0.254853 -10476.208609 -1.685701 -10475.795261 -4.198656 0.254853 -2.512955 0.254853 1.552009   1   1  -1 
2456056.818146 0.000000 0.000000 -10476.145121 0.446651 -10476.208609 -1.369837 -10475.391824 -2.123134 0.446651 -0.753297 0.446651 1.552009   1   1  -1 
2456056.823714 0.000000 0.000000 -10476.399813 0.406993 -10476.208609 -1.368074 -10475.390596 -2.377291 0.406993 -1.009217 0.406993 1.552009   1   1  -1 
2456078.843392 0.000000 0.000000 -10475.070920 0.323779 -10476.208609 -0.407766 -10477.237381 1.758695 0.323779 2.166461 0.323779 1.552009   1   1  -1 
2456078.849075 0.000000 0.000000 -10475.406297 0.316487 -10476.208609 -0.407336 -10477.238823 1.425190 0.316487 1.832526 0.316487 1.552009   1   1  -1 
2456081.832748 0.000000 0.000000 -10477.091748 0.398009 -10476.208609 -0.666188 -10478.149280 0.391344 0.398009 1.057532 0.398009 1.552009   1   1  -1 
2456081.838651 0.000000 0.000000 -10477.350415 0.323723 -10476.208609 -0.667208 -10478.146731 0.129109 0.323723 0.796316 0.323723 1.552009   1   1  -1 
2456085.820521 0.000000 0.000000 -10474.269371 0.439249 -10476.208609 -0.296411 -10472.967631 -1.598151 0.439249 -1.301740 0.439249 1.552009   1   1  -1 
2456085.826250 0.000000 0.000000 -10473.694203 0.458936 -10476.208609 -0.293621 -10472.962702 -1.025122 0.458936 -0.731501 0.458936 1.552009   1   1  -1 
2456088.742747 0.000000 0.000000 -10472.336592 0.274700 -10476.208609 0.989804 -10472.220435 0.873648 0.274700 -0.116157 0.274700 1.552009   1   1  -1 
2456092.900369 0.000000 0.000000 -10477.981567 0.314413 -10476.208609 0.255323 -10476.281037 -1.445207 0.314413 -1.700530 0.314413 1.552009   1   1  -1 
2456115.815540 0.000000 0.000000 -10474.774807 0.388096 -10476.208609 1.316742 -10472.400297 -1.057768 0.388096 -2.374510 0.388096 1.552009   1   1  -1 
2456118.809984 0.000000 0.000000 -10471.978956 0.256427 -10476.208609 0.666758 -10472.452683 1.140485 0.256427 0.473727 0.256427 1.552009   1   1  -1 
2456121.820367 0.000000 0.000000 -10475.055286 0.705930 -10476.208609 0.271173 -10474.511017 -0.273097 0.705930 -0.544269 0.705930 1.552009   1   1  -1 
2456149.686124 0.000000 0.000000 -10478.886301 0.422505 -10476.208609 -1.616827 -10476.606815 -3.896313 0.422505 -2.279486 0.422505 1.552009   1   1  -1 
2456154.723489 0.000000 0.000000 -10473.222066 0.432559 -10476.208609 1.624443 -10473.256672 1.659049 0.432559 0.034606 0.432559 1.552009   1   1  -1 
2456154.728442 0.000000 0.000000 -10472.383548 0.640869 -10476.208609 1.626816 -10473.248994 2.492262 0.640869 0.865446 0.640869 1.552009   1   1  -1 
2456166.527551 0.000000 0.000000 -10482.638275 0.322758 -10476.208609 -0.423706 -10479.753580 -3.308401 0.322758 -2.884695 0.322758 1.552009   1   1  -1 
2456168.609469 0.000000 0.000000 -10483.235121 0.485702 -10476.208609 -1.091329 -10480.058358 -4.268091 0.485702 -3.176763 0.485702 1.552009   1   1  -1 
2456168.615105 0.000000 0.000000 -10482.078140 0.428978 -10476.208609 -1.092881 -10480.052650 -3.118372 0.428978 -2.025490 0.428978 1.552009   1   1  -1 
2456171.510563 0.000000 0.000000 -10477.310953 0.261955 -10476.208609 -1.053255 -10477.419808 -0.944400 0.261955 0.108855 0.261955 1.552009   1   1  -1 
2456173.694840 0.000000 0.000000 -10472.314153 0.435027 -10476.208609 0.104364 -10475.976698 3.766909 0.435027 3.662545 0.435027 1.552009   1   1  -1 
2456181.612869 0.000000 0.000000 -10475.571527 0.304713 -10476.208609 0.261232 -10477.453902 2.143607 0.304713 1.882375 0.304713 1.552009   1   1  -1 
2456186.623747 0.000000 0.000000 -10470.871523 0.269145 -10476.208609 0.312969 -10472.203300 1.644746 0.269145 1.331777 0.269145 1.552009   1   1  -1 
2456189.666838 0.000000 0.000000 -10471.752751 0.854916 -10476.208609 0.789438 -10472.860824 1.897511 0.854916 1.108073 0.854916 1.552009   1   1  -1 
2456190.592865 0.000000 0.000000 -10474.982002 0.436640 -10476.208609 0.701313 -10473.651637 -0.629052 0.436640 -1.330365 0.436640 1.552009   1   1  -1 
2456190.598548 0.000000 0.000000 -10475.915820 0.410184 -10476.208609 0.700547 -10473.656955 -1.558319 0.410184 -2.258865 0.410184 1.552009   1   1  -1 
2456195.586272 0.000000 0.000000 -10476.324229 0.455921 -10476.208609 1.890726 -10477.085436 2.651933 0.455921 0.761207 0.455921 1.552009   1   1  -1 
2456195.591793 0.000000 0.000000 -10476.833989 0.456503 -10476.208609 1.893741 -10477.086121 2.145874 0.456503 0.252132 0.456503 1.552009   1   1  -1 
2456198.564091 0.000000 0.000000 -10469.851121 0.593173 -10476.208609 2.288989 -10474.770650 7.208517 0.593173 4.919529 0.593173 1.552009   1   1  -1 
2456198.569866 0.000000 0.000000 -10469.520142 0.625422 -10476.208609 2.285928 -10474.768976 7.534762 0.625422 5.248834 0.625422 1.552009   1   1  -1 
2456204.547188 0.000000 0.000000 -10474.005151 0.390830 -10476.208609 1.250272 -10475.473519 2.718640 0.390830 1.468368 0.390830 1.552009   1   1  -1 
2456205.523197 0.000000 0.000000 -10476.331744 0.223735 -10476.208609 0.883706 -10476.125307 0.677269 0.223735 -0.206437 0.223735 1.552009   1   1  -1 
2456208.615737 0.000000 0.000000 -10479.274458 0.471028 -10476.208609 1.669314 -10476.778576 -0.826568 0.471028 -2.495882 0.471028 1.552009   1   1  -1 
2456209.540800 0.000000 0.000000 -10475.726000 0.526879 -10476.208609 2.484659 -10476.485469 3.244128 0.526879 0.759469 0.526879 1.552009   1   1  -1 
2456210.532155 0.000000 0.000000 -10475.727704 0.432092 -10476.208609 3.035259 -10476.023596 3.331151 0.432092 0.295892 0.432092 1.552009   1   1  -1 
2456212.523498 0.000000 0.000000 -10470.032065 0.239792 -10476.208609 3.110730 -10473.307347 6.386011 0.239792 3.275282 0.239792 1.552009   1   1  -1 
2456217.523649 0.000000 0.000000 -10469.768240 0.370476 -10476.208609 4.002222 -10469.316381 3.550363 0.370476 -0.451859 0.370476 1.552009   1   1  -1 
2456217.529482 0.000000 0.000000 -10468.041405 0.361734 -10476.208609 4.001922 -10469.315426 5.275942 0.361734 1.274021 0.361734 1.552009   1   1  -1 
2456218.587951 0.000000 0.000000 -10468.491163 0.391645 -10476.208609 3.713091 -10469.470002 4.691929 0.391645 0.978839 0.391645 1.552009   1   1  -1 
2456219.500319 0.000000 0.000000 -10469.245686 0.247828 -10476.208609 3.078321 -10470.184646 4.017281 0.247828 0.938960 0.247828 1.552009   1   1  -1 
2456220.491327 0.000000 0.000000 -10472.137625 0.391613 -10476.208609 2.169341 -10471.456413 1.488129 0.391613 -0.681212 0.391613 1.552009   1   1  -1 
2456220.514069 0.000000 0.000000 -10472.572915 0.320320 -10476.208609 2.148749 -10471.489094 1.064928 0.320320 -1.083821 0.320320 1.552009   1   1  -1 
2456409.867093 0.000000 0.000000 -10475.673600 0.617333 -10476.208609 3.532346 -10475.611684 3.470430 0.617333 -0.061916 0.617333 1.552009   1   1  -1 
2456409.872719 0.000000 0.000000 -10476.137178 0.595203 -10476.208609 3.527000 -10475.619154 3.008976 0.595203 -0.518024 0.595203 1.552009   1   1  -1 
2456416.824768 0.000000 0.000000 -10472.302186 0.550392 -10476.208609 1.975692 -10471.805644 1.479149 0.550392 -0.496542 0.550392 1.552009   1   1  -1 
2456416.828565 0.000000 0.000000 -10470.986675 0.545862 -10476.208609 1.974948 -10471.805189 2.793462 0.545862 0.818514 0.545862 1.552009   1   1  -1 
2456416.832443 0.000000 0.000000 -10471.882453 0.566830 -10476.208609 1.974191 -10471.804724 1.896461 0.566830 -0.077729 0.566830 1.552009   1   1  -1 
2456432.884915 0.000000 0.000000 -10474.962361 0.393986 -10476.208609 0.807489 -10475.635258 1.480386 0.393986 0.672897 0.393986 1.552009   1   1  -1 
2456432.890124 0.000000 0.000000 -10475.372110 0.450803 -10476.208609 0.808558 -10475.636139 1.072587 0.450803 0.264029 0.450803 1.552009   1   1  -1 
2456433.905268 0.000000 0.000000 -10472.852948 0.738644 -10476.208609 1.144212 -10475.708929 4.000193 0.738644 2.855981 0.738644 1.552009   1   1  -1 
2456433.910395 0.000000 0.000000 -10474.512391 0.801539 -10476.208609 1.146125 -10475.709233 2.342967 0.801539 1.196842 0.801539 1.552009   1   1  -1 
2456434.892458 0.000000 0.000000 -10475.434897 0.484791 -10476.208609 1.422978 -10475.890861 1.878942 0.484791 0.455964 0.484791 1.552009   1   1  -1 
2456434.898129 0.000000 0.000000 -10474.106533 0.468854 -10476.208609 1.423826 -10475.892875 3.210168 0.468854 1.786342 0.468854 1.552009   1   1  -1 
2456437.889188 0.000000 0.000000 -10477.501611 0.400790 -10476.208609 1.183505 -10478.059949 1.741844 0.400790 0.558338 0.400790 1.552009   1   1  -1 
2456437.894720 0.000000 0.000000 -10477.202903 0.367888 -10476.208609 1.183800 -10478.063558 2.044456 0.367888 0.860655 0.367888 1.552009   1   1  -1 
2456438.860772 0.000000 0.000000 -10477.416873 0.320407 -10476.208609 1.358434 -10478.384856 2.326418 0.320407 0.967983 0.320407 1.552009   1   1  -1 
2456441.860316 0.000000 0.000000 -10477.889690 0.423142 -10476.208609 2.158660 -10474.609225 -1.121805 0.423142 -3.280465 0.423142 1.552009   1   1  -1 
2456454.832361 0.000000 0.000000 -10475.281861 0.354619 -10476.208609 1.084863 -10473.724675 -0.472322 0.354619 -1.557186 0.354619 1.552009   1   1  -1 
2456454.837894 0.000000 0.000000 -10474.118452 0.355826 -10476.208609 1.086916 -10473.715642 0.684106 0.355826 -0.402810 0.355826 1.552009   1   1  -1 
2456467.823190 0.000000 0.000000 -10478.702475 0.627828 -10476.208609 1.336562 -10478.374646 1.008734 0.627828 -0.327829 0.627828 1.552009   1   1  -1 
2456467.826929 0.000000 0.000000 -10477.017285 0.556688 -10476.208609 1.337640 -10478.373008 2.693363 0.556688 1.355723 0.556688 1.552009   1   1  -1 
2456467.830702 0.000000 0.000000 -10477.517838 0.592918 -10476.208609 1.338728 -10478.371336 2.192226 0.592918 0.853498 0.592918 1.552009   1   1  -1 
2456473.860840 0.000000 0.000000 -10476.447652 0.525661 -10476.208609 0.522645 -10475.634134 -0.290873 0.525661 -0.813518 0.525661 1.552009   1   1  -1 
2456473.864821 0.000000 0.000000 -10476.577531 0.508451 -10476.208609 0.525313 -10475.631532 -0.420686 0.508451 -0.945999 0.508451 1.552009   1   1  -1 
2456473.868595 0.000000 0.000000 -10477.152422 0.549460 -10476.208609 0.527846 -10475.629062 -0.995514 0.549460 -1.523360 0.549460 1.552009   1   1  -1 
2456480.776552 0.000000 0.000000 -10477.791088 0.498216 -10476.208609 1.543733 -10476.297199 0.049844 0.498216 -1.493889 0.498216 1.552009   1   1  -1 
2456480.782281 0.000000 0.000000 -10479.026503 0.462663 -10476.208609 1.545574 -10476.297715 -1.183214 0.462663 -2.728788 0.462663 1.552009   1   1  -1 
2456481.631506 0.000000 0.000000 -10479.243238 0.620379 -10476.208609 1.815035 -10476.237484 -1.190719 0.620379 -3.005754 0.620379 1.552009   1   1  -1 
2456481.637189 0.000000 0.000000 -10479.719427 0.629706 -10476.208609 1.816713 -10476.235666 -1.667048 0.629706 -3.483761 0.629706 1.552009   1   1  -1 
2456501.599929 0.000000 0.000000 -10471.824389 0.315832 -10476.208609 1.473511 -10474.720285 4.369407 0.315832 2.895896 0.315832 1.552009   1   1  -1 
2456523.744316 0.000000 0.000000 -10476.503679 0.283739 -10476.208609 0.564237 -10475.622591 -0.316850 0.283739 -0.881088 0.283739 1.552009   1   1  -1 
2456524.691276 0.000000 0.000000 -10475.914483 0.351566 -10476.208609 0.704292 -10476.398839 1.188649 0.351566 0.484356 0.351566 1.552009   1   1  -1 
2456524.696693 0.000000 0.000000 -10476.491657 0.358347 -10476.208609 0.705710 -10476.400853 0.614905 0.358347 -0.090804 0.358347 1.552009   1   1  -1 
2456525.743740 0.000000 0.000000 -10476.578898 0.318867 -10476.208609 1.101203 -10475.972356 0.494661 0.318867 -0.606542 0.318867 1.552009   1   1  -1 
2456569.534062 0.000000 0.000000 -10476.206904 0.538465 -10476.208609 1.629708 -10476.434709 1.857513 0.538465 0.227805 0.538465 1.552009   1   1  -1 
2456585.564665 0.000000 0.000000 -10473.765867 0.427831 -10476.208609 -0.183855 -10473.619831 -0.329891 0.427831 -0.146036 0.427831 1.552009   1   1  -1 
2456585.568473 0.000000 0.000000 -10475.180778 0.414412 -10476.208609 -0.183469 -10473.616263 -1.747984 0.414412 -1.564515 0.414412 1.552009   1   1  -1 
2456585.572350 0.000000 0.000000 -10474.743998 0.423051 -10476.208609 -0.183077 -10473.612638 -1.314438 0.423051 -1.131360 0.423051 1.552009   1   1  -1 
2456586.547688 0.000000 0.000000 -10474.360620 0.464286 -10476.208609 -0.133074 -10472.940738 -1.552955 0.464286 -1.419882 0.464286 1.552009   1   1  -1 
2456586.551530 0.000000 0.000000 -10474.580572 0.496503 -10476.208609 -0.133076 -10472.938996 -1.774652 0.496503 -1.641576 0.496503 1.552009   1   1  -1 
2456586.555442 0.000000 0.000000 -10475.256026 0.515154 -10476.208609 -0.133079 -10472.937229 -2.451876 0.515154 -2.318797 0.515154 1.552009   1   1  -1 
2456590.510961 0.000000 0.000000 -10473.364197 0.683759 -10476.208609 0.509029 -10473.064267 0.209098 0.683759 -0.299930 0.683759 1.552009   1   1  -1 
2456590.514943 0.000000 0.000000 -10471.788641 0.761395 -10476.208609 0.511057 -10473.065118 1.787533 0.761395 1.276477 0.761395 1.552009   1   1  -1 
2456590.518611 0.000000 0.000000 -10472.177822 0.643858 -10476.208609 0.512926 -10473.065903 1.401006 0.643858 0.888081 0.643858 1.552009   1   1  -1 
2456765.917789 0.000000 0.000000 -10478.736988 0.356105 -10476.208609 0.399722 -10477.893917 -0.443348 0.356105 -0.843071 0.356105 1.552009   1   1  -1 
2456765.923021 0.000000 0.000000 -10479.356033 0.359343 -10476.208609 0.400696 -10477.897574 -1.057763 0.359343 -1.458459 0.359343 1.552009   1   1  -1 
2456789.854143 0.000000 0.000000 -10471.510093 0.391560 -10476.208609 1.831449 -10471.075982 1.397338 0.391560 -0.434111 0.391560 1.552009   1   1  -1 
2456789.859722 0.000000 0.000000 -10471.639643 0.405092 -10476.208609 1.835350 -10471.074666 1.270373 0.405092 -0.564977 0.405092 1.552009   1   1  -1 
2456806.890179 0.000000 0.000000 -10477.728101 0.424327 -10476.208609 0.212472 -10477.258646 -0.256984 0.424327 -0.469455 0.424327 1.552009   1   1  -1 
2456829.893363 0.000000 0.000000 -10474.769093 0.272363 -10476.208609 0.798397 -10474.447322 0.476626 0.272363 -0.321771 0.272363 1.552009   1   1  -1 
2456857.748704 0.000000 0.000000 -10473.725387 0.458440 -10476.208609 0.375518 -10472.701267 -0.648602 0.458440 -1.024120 0.458440 1.552009   1   1  -1 
2456857.754433 0.000000 0.000000 -10473.163228 0.448012 -10476.208609 0.376090 -10472.701465 -0.085673 0.448012 -0.461763 0.448012 1.552009   1   1  -1 
2456866.784629 0.000000 0.000000 -10479.134302 0.372433 -10476.208609 -0.509108 -10479.472869 -0.170541 0.372433 0.338567 0.372433 1.552009   1   1  -1 
2456896.727940 0.000000 0.000000 -10476.588857 0.526898 -10476.208609 2.164203 -10476.564759 2.140106 0.526898 -0.024098 0.526898 1.552009   1   1  -1 
2456896.733287 0.000000 0.000000 -10476.057196 0.651138 -10476.208609 2.164480 -10476.564549 2.671833 0.651138 0.507353 0.651138 1.552009   1   1  -1 
2457146.919889 0.000000 0.000000 -10475.918297 0.272209 -10476.208609 2.042328 -10473.739448 -0.136521 0.272209 -2.178849 0.272209 1.552009   1   1  -1 
2457176.844500 0.000000 0.000000 -10464.313000 0.241278 -10462.136156 -1.288183 -10463.855946 -1.745237 0.241278 -0.457054 0.241278 1.552009   1   2  -1 
2457180.950532 0.000000 0.000000 -10468.297390 0.305748 -10462.136156 -1.593440 -10465.743346 -4.147484 0.305748 -2.554044 0.305748 1.552009   1   2  -1 
2457180.956053 0.000000 0.000000 -10469.641714 0.321155 -10462.136156 -1.594353 -10465.747174 -5.488893 0.321155 -3.894540 0.321155 1.552009   1   2  -1 
2457307.523708 0.000000 0.000000 -10460.965808 0.284606 -10462.136156 0.557591 -10463.031102 2.622885 0.284606 2.065294 0.284606 1.552009   1   2  -1 
2457307.529113 0.000000 0.000000 -10461.174528 0.295801 -10462.136156 0.557797 -10463.033636 2.416905 0.295801 1.859108 0.295801 1.552009   1   2  -1 
2457879.840329 0.000000 0.000000 -10463.101417 0.420408 -10462.136156 -0.307230 -10463.943764 0.535117 0.420408 0.842347 0.420408 1.552009   1   2  -1 
2457968.637355 0.000000 0.000000 -10461.424457 0.383012 -10462.136156 1.004967 -10464.075676 3.656186 0.383012 2.651219 0.383012 1.552009   1   2  -1 
2460042.883932 0.000000 0.000000 -10467.619651 0.097183 -10468.407326 2.668980 -10467.566923 2.616251 0.097183 -0.052728 0.097183 1.081935   0   0  -1 
2460042.889532 0.000000 0.000000 -10467.826807 0.098837 -10468.407326 2.670550 -10467.558724 2.402467 0.098837 -0.268083 0.098837 1.081935   0   0  -1 
2460043.870973 0.000000 0.000000 -10467.810891 0.115769 -10468.407326 2.819893 -10466.370464 1.379466 0.115769 -1.440427 0.115769 1.081935   0   0  -1 
2460043.876677 0.000000 0.000000 -10467.827764 0.107743 -10468.407326 2.819831 -10466.365766 1.357833 0.107743 -1.461998 0.107743 1.081935   0   0  -1 
2460044.793251 0.000000 0.000000 -10466.216747 0.119007 -10468.407326 2.637659 -10465.995321 2.416233 0.119007 -0.221426 0.119007 1.081935   0   0  -1 
2460044.798982 0.000000 0.000000 -10466.355629 0.118254 -10468.407326 2.635445 -10465.995261 2.275077 0.118254 -0.360368 0.118254 1.081935   0   0  -1 
2460045.773704 0.000000 0.000000 -10468.947680 0.263543 -10468.407326 2.103984 -10466.292759 -0.550937 0.263543 -2.654921 0.263543 1.081935   0   0  -1 
2460045.779649 0.000000 0.000000 -10468.728031 0.178179 -10468.407326 2.100023 -10466.296058 -0.331950 0.178179 -2.431973 0.178179 1.081935   0   0  -1 
2460046.786658 0.000000 0.000000 -10466.718679 0.108298 -10468.407326 1.397168 -10466.976769 1.655258 0.108298 0.258090 0.108298 1.081935   0   0  -1 
2460046.792204 0.000000 0.000000 -10467.571100 0.100449 -10468.407326 1.393375 -10466.980849 0.803123 0.100449 -0.590251 0.100449 1.081935   0   0  -1 
2460047.789500 0.000000 0.000000 -10468.079684 0.107918 -10468.407326 0.786765 -10467.690451 0.397533 0.107918 -0.389233 0.107918 1.081935   0   0  -1 
2460047.795047 0.000000 0.000000 -10468.412170 0.104000 -10468.407326 0.783884 -10467.694153 0.065867 0.104000 -0.718017 0.104000 1.081935   0   0  -1 
2460048.783364 0.000000 0.000000 -10468.577566 0.129590 -10468.407326 0.350023 -10468.308966 0.081423 0.129590 -0.268600 0.129590 1.081935   0   0  -1 
2460048.789012 0.000000 0.000000 -10468.027070 0.120793 -10468.407326 0.347905 -10468.312302 0.633137 0.120793 0.285232 0.120793 1.081935   0   0  -1 
2460049.801102 0.000000 0.000000 -10468.921797 0.111941 -10468.407326 -0.005878 -10468.915498 -0.012177 0.111941 -0.006299 0.111941 1.081935   0   0  -1 
2460049.806533 0.000000 0.000000 -10469.044553 0.118675 -10468.407326 -0.007731 -10468.918857 -0.133428 0.118675 -0.125696 0.118675 1.081935   0   0  -1 
2460050.776767 0.000000 0.000000 -10470.880979 0.110463 -10468.407326 -0.345424 -10469.555623 -1.670780 0.110463 -1.325356 0.110463 1.081935   0   0  -1 
2460050.782471 0.000000 0.000000 -10470.587932 0.106168 -10468.407326 -0.347437 -10469.559582 -1.375787 0.106168 -1.028350 0.106168 1.081935   0   0  -1 
2460068.823617 0.000000 0.000000 -10467.442048 0.125458 -10468.407326 0.709574 -10467.406459 0.673985 0.125458 -0.035589 0.125458 1.081935   0   0  -1 
2460068.829253 0.000000 0.000000 -10468.177705 0.157911 -10468.407326 0.705849 -10467.416535 -0.055321 0.157911 -0.761170 0.157911 1.081935   0   0  -1 
2460073.775251 0.000000 0.000000 -10468.691416 0.136518 -10468.407326 -1.267473 -10468.776688 -1.182201 0.136518 0.085272 0.136518 1.081935   0   0  -1 
2460073.780774 0.000000 0.000000 -10468.532442 0.124641 -10468.407326 -1.268822 -10468.777756 -1.023508 0.124641 0.245314 0.124641 1.081935   0   0  -1 
2460076.728213 0.000000 0.000000 -10468.677012 0.126723 -10468.407326 -1.485243 -10469.548083 -0.614172 0.126723 0.871071 0.126723 1.081935   0   0  -1 
2460076.733797 0.000000 0.000000 -10468.420636 0.121235 -10468.407326 -1.483941 -10469.548580 -0.355997 0.121235 1.127944 0.121235 1.081935   0   0  -1 
2460077.755001 0.000000 0.000000 -10469.796842 0.156253 -10468.407326 -1.077481 -10469.497734 -1.376589 0.156253 -0.299108 0.156253 1.081935   0   0  -1 
2460077.760768 0.000000 0.000000 -10469.832216 0.150546 -10468.407326 -1.074253 -10469.496659 -1.409810 0.150546 -0.335557 0.150546 1.081935   0   0  -1 
2460078.818364 0.000000 0.000000 -10470.121344 0.118065 -10468.407326 -0.351367 -10469.196517 -1.276194 0.118065 -0.924827 0.118065 1.081935   0   0  -1 
2460078.823976 0.000000 0.000000 -10470.631326 0.115757 -10468.407326 -0.347061 -10469.194611 -1.783776 0.115757 -1.436715 0.115757 1.081935   0   0  -1 
2460079.846559 0.000000 0.000000 -10469.784428 0.112864 -10468.407326 0.426451 -10468.891001 -0.466976 0.112864 -0.893427 0.112864 1.081935   0   0  -1 
2460079.852048 0.000000 0.000000 -10469.613740 0.114319 -10468.407326 0.430296 -10468.889870 -0.293573 0.114319 -0.723870 0.114319 1.081935   0   0  -1 
2460080.730235 0.000000 0.000000 -10469.772583 0.121764 -10468.407326 0.957290 -10468.829198 0.013905 0.121764 -0.943385 0.121764 1.081935   0   0  -1 
2460080.735864 0.000000 0.000000 -10469.610615 0.112383 -10468.407326 0.960039 -10468.829662 0.179085 0.112383 -0.780953 0.112383 1.081935   0   0  -1 
2460082.755256 0.000000 0.000000 -10469.121371 0.143393 -10468.407326 1.590709 -10469.558198 2.027536 0.143393 0.436827 0.143393 1.081935   0   0  -1 
2460082.760842 0.000000 0.000000 -10468.518798 0.129661 -10468.407326 1.592207 -10469.560891 2.634300 0.129661 1.042093 0.129661 1.081935   0   0  -1 
2460086.748603 0.000000 0.000000 -10463.771857 0.096592 -10468.407326 2.735712 -10466.673147 5.637002 0.096592 2.901290 0.096592 1.081935   0   0  -1 
2460086.754324 0.000000 0.000000 -10464.310069 0.104158 -10468.407326 2.734539 -10466.668107 5.092577 0.104158 2.358038 0.104158 1.081935   0   0  -1 
2460199.601214 0.000000 0.000000 -10467.857782 0.194625 -10468.407326 -1.682588 -10469.491829 -0.048542 0.194625 1.634047 0.194625 1.081935   0   0  -1 
2460199.607025 0.000000 0.000000 -10469.302924 0.190719 -10468.407326 -1.683184 -10469.484751 -1.501356 0.190719 0.181827 0.190719 1.081935   0   0  -1 
2460201.515076 0.000000 0.000000 -10466.554990 0.136306 -10468.407326 -1.706107 -10467.287628 -0.973469 0.136306 0.732638 0.136306 1.081935   0   0  -1 
2460201.520627 0.000000 0.000000 -10466.389365 0.147106 -10468.407326 -1.705889 -10467.284364 -0.810889 0.147106 0.894999 0.147106 1.081935   0   0  -1 
2460202.533617 0.000000 0.000000 -10465.659465 0.116368 -10468.407326 -1.664119 -10467.013302 -0.310283 0.116368 1.353837 0.116368 1.081935   0   0  -1 
2460202.539273 0.000000 0.000000 -10465.508485 0.110234 -10468.407326 -1.663860 -10467.013299 -0.159045 0.110234 1.504814 0.110234 1.081935   0   0  -1 
2460203.571018 0.000000 0.000000 -10465.844882 0.168626 -10468.407326 -1.584384 -10467.171027 -0.258239 0.168626 1.326145 0.168626 1.081935   0   0  -1 
2460203.577196 0.000000 0.000000 -10465.648256 0.180164 -10468.407326 -1.583594 -10467.172560 -0.059290 0.180164 1.524304 0.180164 1.081935   0   0  -1 
2460204.530857 0.000000 0.000000 -10467.427115 0.098515 -10468.407326 -1.388810 -10467.415411 -1.400515 0.098515 -0.011704 0.098515 1.081935   0   0  -1 
2460204.536387 0.000000 0.000000 -10466.800940 0.104273 -10468.407326 -1.387223 -10467.416717 -0.771446 0.104273 0.615777 0.104273 1.081935   0   0  -1 
2460205.516019 0.000000 0.000000 -10468.149301 0.122140 -10468.407326 -1.034321 -10467.614348 -1.569274 0.122140 -0.534953 0.122140 1.081935   0   0  -1 
2460205.521490 0.000000 0.000000 -10467.759986 0.108265 -10468.407326 -1.032050 -10467.615313 -1.176724 0.108265 -0.144673 0.108265 1.081935   0   0  -1 
2460206.534104 0.000000 0.000000 -10467.984215 0.123507 -10468.407326 -0.608348 -10467.808921 -0.783642 0.123507 -0.175294 0.123507 1.081935   0   0  -1 
2460206.539634 0.000000 0.000000 -10467.395836 0.112931 -10468.407326 -0.606169 -10467.810197 -0.191808 0.112931 0.414361 0.112931 1.081935   0   0  -1 
2460208.612713 0.000000 0.000000 -10467.863703 0.119086 -10468.407326 -0.024749 -10468.588273 0.699822 0.119086 0.724570 0.119086 1.081935   0   0  -1 
2460208.618030 0.000000 0.000000 -10468.124237 0.122661 -10468.407326 -0.023631 -10468.590861 0.442993 0.122661 0.466624 0.122661 1.081935   0   0  -1 
2460209.504007 0.000000 0.000000 -10468.350357 0.247406 -10468.407326 0.177709 -10469.031549 0.858901 0.247406 0.681192 0.247406 1.081935   0   0  -1 
2460209.509978 0.000000 0.000000 -10468.742438 0.220522 -10468.407326 0.179214 -10469.034559 0.471335 0.220522 0.292121 0.220522 1.081935   0   0  -1 
2460210.587394 0.000000 0.000000 -10468.232795 0.137683 -10468.407326 0.467481 -10469.611607 1.846293 0.137683 1.378812 0.137683 1.081935   0   0  -1 
2460210.593026 0.000000 0.000000 -10467.916827 0.147704 -10468.407326 0.468913 -10469.614972 2.167058 0.147704 1.698145 0.147704 1.081935   0   0  -1 
2460211.516295 0.000000 0.000000 -10469.090653 0.190231 -10468.407326 0.631672 -10470.265312 1.806331 0.190231 1.174659 0.190231 1.081935   0   0  -1 
2460211.522268 0.000000 0.000000 -10468.782398 0.153085 -10468.407326 0.632057 -10470.270238 2.119897 0.153085 1.487840 0.153085 1.081935   0   0  -1 
