# time Tc_folded Tref_folded value value_err offset model full_model val_compare val_compare_err residuals residuals_err jitter jitter_flag offset_flag subset_flag 
2455480.529186 -9.051543 0.027551 -10482.960657 0.485677 -10476.208609 1.276334 -10481.500741 -0.183582 0.485677 -1.459916 0.485677 1.552009   1   1  -1 
2455480.532970 -9.047759 0.027664 -10481.678693 0.440084 -10476.208609 1.277961 -10481.501408 1.100676 0.440084 -0.177285 0.440084 1.552009   1   1  -1 
2455480.536778 -9.043951 0.027778 -10480.431449 0.465046 -10476.208609 1.279599 -10481.502064 2.350214 0.465046 1.070615 0.465046 1.552009   1   1  -1 
2455482.554786 -7.025943 0.088110 -10476.128743 0.353905 -10476.208609 2.086688 -10478.978386 4.936331 0.353905 2.849643 0.353905 1.552009   1   1  -1 
2455484.542056 -5.038673 0.147523 -10475.755433 0.514319 -10476.208609 2.396442 -10475.532313 2.173322 0.514319 -0.223120 0.514319 1.552009   1   1  -1 
2455484.545828 -5.034901 0.147636 -10473.332240 0.532707 -10476.208609 2.396252 -10475.529461 4.593473 0.532707 2.197221 0.532707 1.552009   1   1  -1 
2455484.549671 -5.031058 0.147751 -10474.438386 0.508347 -10476.208609 2.396055 -10475.526568 3.484236 0.508347 1.088182 0.508347 1.552009   1   1  -1 
2455485.527184 -4.053545 0.176976 -10473.605978 0.432034 -10476.208609 2.241531 -10475.163920 3.799472 0.432034 1.557942 0.432034 1.552009   1   1  -1 
2455485.532971 -4.047758 0.177149 -10471.997247 0.445706 -10476.208609 2.240035 -10475.163606 5.406394 0.445706 3.166359 0.445706 1.552009   1   1  -1 
2455487.543214 -2.037515 0.237249 -10473.844627 0.404437 -10476.208609 1.453267 -10475.779097 3.387737 0.404437 1.934470 0.404437 1.552009   1   1  -1 
2455487.548897 -2.031832 0.237419 -10473.904015 0.401767 -10476.208609 1.450608 -10475.782355 3.328948 0.401767 1.878340 0.401767 1.552009   1   1  -1 
2455493.544252 3.963523 0.416662 -10479.814585 0.396600 -10476.208609 -0.719620 -10480.253780 -0.280425 0.396600 0.439195 0.396600 1.552009   1   1  -1 
2455493.550478 3.969749 0.416848 -10480.900282 0.405220 -10476.208609 -0.720932 -10480.259575 -1.361640 0.405220 -0.640707 0.405220 1.552009   1   1  -1 
2455495.535877 5.955148 0.476206 -10480.826331 0.401246 -10476.208609 -1.058426 -10481.866591 -0.018167 0.401246 1.040260 0.401246 1.552009   1   1  -1 
2455495.541664 5.960935 0.476379 -10480.647538 0.425418 -10476.208609 -1.059194 -10481.867459 0.160727 0.425418 1.219921 0.425418 1.552009   1   1  -1 
2455498.517820 8.937091 0.565357 -10479.650410 0.663846 -10476.208609 -1.317529 -10479.094416 -1.873523 0.663846 -0.555994 0.663846 1.552009   1   1  -1 
2455498.523445 8.942716 0.565525 -10478.978096 0.600098 -10476.208609 -1.317785 -10479.092224 -1.203657 0.600098 0.114128 0.600098 1.552009   1   1  -1 
2455500.544007 10.963278 0.625934 -10479.588979 0.341836 -10476.208609 -1.359657 -10479.450844 -1.497792 0.341836 -0.138135 0.341836 1.552009   1   1  -1 
2455500.549389 10.968660 0.626095 -10479.646223 0.372174 -10476.208609 -1.359639 -10479.452890 -1.552972 0.372174 -0.193333 0.372174 1.552009   1   1  -1 
2455501.547102 11.966373 0.655923 -10479.228913 0.302659 -10476.208609 -1.345015 -10479.702721 -0.871207 0.302659 0.473808 0.302659 1.552009   1   1  -1 
2455501.552738 11.972009 0.656092 -10480.110772 0.289222 -10476.208609 -1.344868 -10479.703216 -1.752424 0.289222 -0.407556 0.289222 1.552009   1   1  -1 
2455505.514789 15.934060 0.774545 -10479.788974 0.344263 -10476.208609 -1.055659 -10480.243129 -0.601504 0.344263 0.454155 0.344263 1.552009   1   1  -1 
2455505.520425 15.939696 0.774714 -10479.398339 0.340728 -10476.208609 -1.054965 -10480.247117 -0.206188 0.340728 0.848778 0.340728 1.552009   1   1  -1 
2455507.517142 -15.511749 0.834410 -10482.165859 0.264981 -10476.208609 -0.750123 -10481.714087 -1.201895 0.264981 -0.451772 0.264981 1.552009   1   1  -1 
2455507.522824 -15.506067 0.834580 -10483.868821 0.270208 -10476.208609 -0.749075 -10481.717796 -2.900100 0.270208 -2.151025 0.270208 1.552009   1   1  -1 
2455509.518050 -13.510841 0.894231 -10482.136940 0.380261 -10476.208609 -0.308480 -10482.715136 0.269715 0.380261 0.578196 0.380261 1.552009   1   1  -1 
2455509.523524 -13.505367 0.894395 -10481.842165 0.354765 -10476.208609 -0.307057 -10482.715871 0.566649 0.354765 0.873706 0.354765 1.552009   1   1  -1 
2455511.516449 -11.512442 0.953977 -10481.051242 0.398498 -10476.208609 0.298589 -10480.703515 -0.049138 0.398498 -0.347727 0.398498 1.552009   1   1  -1 
2455511.521935 -11.506956 0.954141 -10481.318563 0.396662 -10476.208609 0.300504 -10480.693668 -0.324390 0.396662 -0.624895 0.396662 1.552009   1   1  -1 
2455513.504562 -9.524329 0.013416 -10476.804338 0.418335 -10476.208609 1.074280 -10477.680418 1.950361 0.418335 0.876080 0.418335 1.552009   1   1  -1 
2455513.510244 -9.518647 0.013586 -10476.668251 0.441085 -10476.208609 1.076687 -10477.673601 2.082037 0.441085 1.005350 0.441085 1.552009   1   1  -1 
2455514.505835 -8.523056 0.043351 -10478.206203 0.335906 -10476.208609 1.503297 -10476.598432 -0.104474 0.335906 -1.607771 0.335906 1.552009   1   1  -1 
2455514.511356 -8.517535 0.043516 -10477.524806 0.341716 -10476.208609 1.505653 -10476.593020 0.573867 0.341716 -0.931786 0.341716 1.552009   1   1  -1 
2455519.503938 -3.524953 0.192779 -10474.517329 0.516685 -10476.208609 2.081000 -10473.650152 1.213823 0.516685 -0.867177 0.516685 1.552009   1   1  -1 
2455519.508811 -3.520080 0.192925 -10473.971305 0.498073 -10476.208609 2.079313 -10473.652851 1.760859 0.498073 -0.318454 0.498073 1.552009   1   1  -1 
2455523.508036 0.479145 0.312490 -10476.567096 0.414917 -10476.208609 0.324925 -10478.464649 2.222477 0.414917 1.897553 0.414917 1.552009   1   1  -1 
2455523.513036 0.484145 0.312639 -10476.426565 0.432885 -10476.208609 0.322944 -10478.470260 2.366639 0.432885 2.043695 0.432885 1.552009   1   1  -1 
2455524.521481 1.492590 0.342789 -10476.409103 0.333974 -10476.208609 -0.047545 -10479.270662 2.814014 0.333974 2.861559 0.333974 1.552009   1   1  -1 
2455524.526446 1.497555 0.342937 -10475.818731 0.339194 -10476.208609 -0.049225 -10479.272392 3.404437 0.339194 3.453661 0.339194 1.552009   1   1  -1 
2455653.900831 -2.920708 0.210844 -10479.122782 0.372304 -10476.208609 1.848747 -10477.593929 0.319894 0.372304 -1.528853 0.372304 1.552009   1   1  -1 
2455653.906410 -2.915129 0.211011 -10477.502514 0.368097 -10476.208609 1.846415 -10477.590463 1.934364 0.368097 0.087949 0.368097 1.552009   1   1  -1 
2455654.900357 -1.921182 0.240727 -10477.529507 0.407058 -10476.208609 1.398692 -10476.922099 0.791283 0.407058 -0.607408 0.407058 1.552009   1   1  -1 
2455654.905936 -1.915603 0.240894 -10476.951630 0.365708 -10476.208609 1.396068 -10476.918985 1.363422 0.365708 -0.032645 0.365708 1.552009   1   1  -1 
2455657.909222 1.087683 0.330683 -10477.608535 0.302855 -10476.208609 0.094208 -10476.816234 -0.698093 0.302855 -0.792301 0.302855 1.552009   1   1  -1 
2455657.914813 1.093274 0.330850 -10478.050098 0.315866 -10476.208609 0.092186 -10476.818057 -1.139855 0.315866 -1.232041 0.315866 1.552009   1   1  -1 
2455659.907949 3.086410 0.390439 -10477.046490 0.384743 -10476.208609 -0.516787 -10477.693606 0.130329 0.384743 0.647116 0.384743 1.552009   1   1  -1 
2455659.913540 3.092001 0.390606 -10478.198534 0.401510 -10476.208609 -0.518197 -10477.696431 -1.020300 0.401510 -0.502103 0.401510 1.552009   1   1  -1 
2455660.901884 4.080345 0.420155 -10478.330760 0.251174 -10476.208609 -0.743956 -10478.214193 -0.860523 0.251174 -0.116567 0.251174 1.552009   1   1  -1 
2455662.902485 6.080946 0.479967 -10478.461597 0.474458 -10476.208609 -1.074855 -10479.510597 -0.025855 0.474458 1.049000 0.474458 1.552009   1   1  -1 
2455662.908180 6.086641 0.480137 -10479.019990 0.454621 -10476.208609 -1.075586 -10479.514931 -0.580645 0.454621 0.494941 0.454621 1.552009   1   1  -1 
2455663.839263 7.017724 0.507974 -10481.021871 0.868606 -10476.208609 -1.180886 -10480.248154 -1.954603 0.868606 -0.773717 0.868606 1.552009   1   1  -1 
2455672.897729 16.076190 0.778795 -10477.289791 0.326960 -10476.208609 -1.037893 -10478.055297 -0.272387 0.326960 0.765506 0.326960 1.552009   1   1  -1 
2455672.902775 16.081236 0.778945 -10477.128218 0.300639 -10476.208609 -1.037252 -10478.054984 -0.110485 0.300639 0.926766 0.300639 1.552009   1   1  -1 
2455675.905453 -14.364247 0.868717 -10479.983143 0.211350 -10476.208609 -0.515453 -10478.544639 -1.953957 0.211350 -1.438504 0.211350 1.552009   1   1  -1 
2455679.879903 -10.389797 0.987541 -10481.249420 0.252289 -10476.208609 0.718135 -10479.928221 -0.603064 0.252289 -1.321199 0.252289 1.552009   1   1  -1 
2455679.885123 -10.384577 0.987697 -10482.070814 0.256851 -10476.208609 0.720208 -10479.930638 -1.419968 0.256851 -2.140176 0.256851 1.552009   1   1  -1 
2455712.893679 -10.824183 0.974554 -10477.596372 0.280177 -10476.208609 0.549410 -10476.913016 -0.133946 0.280177 -0.683356 0.280177 1.552009   1   1  -1 
2455715.864679 -7.853183 0.063378 -10473.715742 0.681733 -10476.208609 1.782182 -10474.625328 2.691768 0.681733 0.909586 0.681733 1.552009   1   1  -1 
2455715.867376 -7.850486 0.063459 -10473.898980 0.709421 -10476.208609 1.783264 -10474.624165 2.508448 0.709421 0.725185 0.709421 1.552009   1   1  -1 
2455715.869992 -7.847870 0.063537 -10473.445162 0.718389 -10476.208609 1.784313 -10474.623039 2.962189 0.718389 1.177877 0.718389 1.552009   1   1  -1 
2455715.872747 -7.845115 0.063619 -10473.903696 0.742414 -10476.208609 1.785417 -10474.621855 2.503576 0.742414 0.718159 0.742414 1.552009   1   1  -1 
2455727.859452 4.141590 0.421986 -10475.357665 0.528199 -10476.208609 -0.756474 -10476.602234 0.488095 0.528199 1.244569 0.528199 1.552009   1   1  -1 
2455727.863145 4.145283 0.422096 -10476.960737 0.516663 -10476.208609 -0.757223 -10476.601177 -1.116783 0.516663 -0.359560 0.516663 1.552009   1   1  -1 
2455727.866953 4.149091 0.422210 -10477.060026 0.559742 -10476.208609 -0.757995 -10476.600093 -1.217928 0.559742 -0.459933 0.559742 1.552009   1   1  -1 
2455735.809170 12.091308 0.659659 -10480.718295 0.263016 -10476.208609 -1.341584 -10479.338007 -2.721872 0.263016 -1.380288 0.263016 1.552009   1   1  -1 
2455754.777241 -2.388783 0.226747 -10475.455016 0.545675 -10476.208609 1.615622 -10476.271857 2.432463 0.545675 0.816841 0.545675 1.552009   1   1  -1 
2455755.755721 -1.410303 0.256001 -10477.021535 0.384396 -10476.208609 1.157561 -10475.571188 -0.292785 0.384396 -1.450347 0.384396 1.552009   1   1  -1 
2455769.736300 12.570276 0.673978 -10478.718338 0.338766 -10476.208609 -1.325126 -10479.099527 -0.943937 0.338766 0.381189 0.338766 1.552009   1   1  -1 
2455769.742075 12.576051 0.674151 -10479.209949 0.385157 -10476.208609 -1.324896 -10479.094946 -1.439899 0.385157 -0.115003 0.385157 1.552009   1   1  -1 
2455776.628483 -13.985703 0.880034 -10477.854877 0.356174 -10476.208609 -0.427247 -10477.332029 -0.950096 0.356174 -0.522848 0.356174 1.552009   1   1  -1 
2455782.624998 -7.989188 0.059312 -10477.234320 0.380536 -10476.208609 1.727088 -10477.247968 1.740737 0.380536 0.013648 0.380536 1.552009   1   1  -1 
2455784.737667 -5.876519 0.122474 -10473.119634 0.272683 -10476.208609 2.360183 -10474.883380 4.123929 0.272683 1.763746 0.272683 1.552009   1   1  -1 
2455801.526698 10.912512 0.624416 -10477.714254 0.636570 -10476.208609 -1.359785 -10476.624553 -2.449486 0.636570 -1.089701 0.636570 1.552009   1   1  -1 
2455801.531628 10.917442 0.624563 -10478.348482 0.588581 -10476.208609 -1.359775 -10476.625631 -3.082626 0.588581 -1.722851 0.588581 1.552009   1   1  -1 
2455804.632333 14.018147 0.717265 -10479.889141 0.560283 -10476.208609 -1.243094 -10477.988505 -3.143729 0.560283 -1.900636 0.560283 1.552009   1   1  -1 
2455804.637669 14.023483 0.717425 -10479.356651 0.516075 -10476.208609 -1.242700 -10477.991009 -2.608341 0.516075 -1.365642 0.516075 1.552009   1   1  -1 
2455807.626267 -16.436081 0.806775 -10477.952953 0.482855 -10476.208609 -0.906407 -10479.435748 0.576388 0.482855 1.482795 0.482855 1.552009   1   1  -1 
2455807.631162 -16.431186 0.806921 -10477.762393 0.443292 -10476.208609 -0.905651 -10479.438133 0.770089 0.443292 1.675740 0.443292 1.552009   1   1  -1 
2455810.581550 -13.480798 0.895129 -10481.002505 0.377097 -10476.208609 -0.300653 -10479.866351 -1.436807 0.377097 -1.136154 0.377097 1.552009   1   1  -1 
2455810.586723 -13.475625 0.895284 -10480.282556 0.398696 -10476.208609 -0.299302 -10479.861797 -0.720061 0.398696 -0.420759 0.398696 1.552009   1   1  -1 
2455816.587002 -7.475346 0.074674 -10476.284284 0.479893 -10476.208609 1.928875 -10476.529499 2.174090 0.479893 0.245215 0.479893 1.552009   1   1  -1 
2455816.590578 -7.471770 0.074781 -10475.380232 0.444942 -10476.208609 1.930210 -10476.527561 3.077540 0.444942 1.147329 0.444942 1.552009   1   1  -1 
2455816.594154 -7.468194 0.074888 -10476.257023 0.438232 -10476.208609 1.931544 -10476.525620 2.200142 0.438232 0.268597 0.438232 1.552009   1   1  -1 
2455834.622073 10.559725 0.613869 -10480.909706 0.288686 -10476.208609 -1.359030 -10480.069725 -2.199011 0.288686 -0.839981 0.288686 1.552009   1   1  -1 
2455834.627593 10.565245 0.614034 -10481.704100 0.288262 -10476.208609 -1.359064 -10480.075296 -2.987868 0.288262 -1.628804 0.288262 1.552009   1   1  -1 
2455836.585712 12.523364 0.672576 -10482.497452 0.340261 -10476.208609 -1.326970 -10481.619479 -2.204943 0.340261 -0.877973 0.340261 1.552009   1   1  -1 
2455836.591440 12.529092 0.672747 -10483.216344 0.339568 -10476.208609 -1.326748 -10481.622291 -2.920801 0.339568 -1.594053 0.339568 1.552009   1   1  -1 
2455839.585007 15.522659 0.762246 -10480.984122 0.455066 -10476.208609 -1.103957 -10480.045506 -2.042573 0.455066 -0.938616 0.455066 1.552009   1   1  -1 
2455839.590794 15.528446 0.762419 -10480.862232 0.459884 -10476.208609 -1.103310 -10480.033123 -1.932419 0.459884 -0.829109 0.459884 1.552009   1   1  -1 
2455842.549547 -14.960963 0.850877 -10475.984718 0.533150 -10476.208609 -0.643410 -10475.345100 -1.283028 0.533150 -0.639618 0.533150 1.552009   1   1  -1 
2455842.555033 -14.955477 0.851041 -10475.769563 0.436601 -10476.208609 -0.642293 -10475.342012 -1.069844 0.436601 -0.427551 0.436601 1.552009   1   1  -1 
2455845.575633 -11.934877 0.941347 -10472.970844 0.533869 -10476.208609 0.155232 -10474.941900 2.126288 0.533869 1.971056 0.533869 1.552009   1   1  -1 
2455845.581258 -11.929252 0.941516 -10473.156417 0.461200 -10476.208609 0.157087 -10474.942976 1.943646 0.461200 1.786559 0.461200 1.552009   1   1  -1 
2455870.498785 12.988275 0.686475 -10481.818484 0.365314 -10476.208609 -1.306464 -10479.546410 -3.578539 0.365314 -2.272074 0.365314 1.552009   1   1  -1 
2455870.504422 12.993912 0.686644 -10481.151885 0.359240 -10476.208609 -1.306185 -10479.542814 -2.915257 0.359240 -1.609071 0.359240 1.552009   1   1  -1 
2455874.532217 -16.426454 0.807063 -10477.728868 0.513797 -10476.208609 -0.904919 -10477.568455 -1.065332 0.513797 -0.160413 0.513797 1.552009   1   1  -1 
2455874.537437 -16.421234 0.807219 -10475.674380 0.695338 -10476.208609 -0.904111 -10477.568924 0.990433 0.695338 1.894544 0.695338 1.552009   1   1  -1 
2455878.549549 -12.409122 0.927169 -10474.975638 0.680478 -10476.208609 0.004022 -10478.180352 3.208736 0.680478 3.204714 0.680478 1.552009   1   1  -1 
2455878.554965 -12.403706 0.927331 -10473.200640 0.660711 -10476.208609 0.005691 -10478.179779 4.984830 0.660711 4.979139 0.660711 1.552009   1   1  -1 
2456020.892743 -3.858576 0.182805 -10474.892081 0.400252 -10476.208609 2.187792 -10475.451965 2.747676 0.400252 0.559884 0.400252 1.552009   1   1  -1 
2456020.898160 -3.853159 0.182967 -10474.995167 0.390725 -10476.208609 2.186203 -10475.457203 2.648239 0.390725 0.462036 0.390725 1.552009   1   1  -1 
2456022.889397 -1.861922 0.242499 -10478.871489 0.497344 -10476.208609 1.370797 -10477.884753 0.384062 0.497344 -0.986736 0.497344 1.552009   1   1  -1 
2456022.894884 -1.856435 0.242663 -10479.815426 0.556527 -10476.208609 1.368212 -10477.892268 -0.554946 0.556527 -1.923158 0.556527 1.552009   1   1  -1 
2456024.891353 0.140034 0.302351 -10480.979281 0.428656 -10476.208609 0.462476 -10479.802847 -0.713958 0.428656 -1.176434 0.428656 1.552009   1   1  -1 
2456024.897048 0.145729 0.302521 -10480.604419 0.407038 -10476.208609 0.460114 -10479.802695 -0.341610 0.407038 -0.801724 0.407038 1.552009   1   1  -1 
2456028.922257 4.170938 0.422863 -10477.908590 0.345283 -10476.208609 -0.762414 -10476.995351 -1.675653 0.345283 -0.913239 0.345283 1.552009   1   1  -1 
2456029.892891 5.141572 0.451882 -10478.166891 0.543499 -10476.208609 -0.938650 -10476.760304 -2.345237 0.543499 -1.406587 0.543499 1.552009   1   1  -1 
2456029.898354 5.147035 0.452046 -10478.569496 0.519266 -10476.208609 -0.939536 -10476.759771 -2.749260 0.519266 -1.809725 0.519266 1.552009   1   1  -1 
2456031.852968 7.101649 0.510483 -10477.024746 0.408809 -10476.208609 -1.189043 -10477.238885 -0.974905 0.408809 0.214139 0.408809 1.552009   1   1  -1 
2456052.857065 -5.342416 0.138442 -10480.793021 0.406318 -10476.208609 2.401246 -10477.995834 -0.395941 0.406318 -2.797187 0.406318 1.552009   1   1  -1 
2456052.862482 -5.336999 0.138604 -10480.156970 0.393840 -10476.208609 2.401342 -10477.998168 0.242540 0.393840 -2.158802 0.393840 1.552009   1   1  -1 
2456053.851639 -4.347842 0.168177 -10480.816786 0.437473 -10476.208609 2.309097 -10477.856216 -0.651473 0.437473 -2.960570 0.437473 1.552009   1   1  -1 
2456053.857114 -4.342367 0.168341 -10476.986852 0.414343 -10476.208609 2.307997 -10477.851988 3.173133 0.414343 0.865136 0.414343 1.552009   1   1  -1 
2456054.839916 -3.359565 0.197724 -10479.578072 0.266506 -10476.208609 2.021886 -10476.777181 -0.779006 0.266506 -2.800891 0.266506 1.552009   1   1  -1 
2456055.886865 -2.312616 0.229024 -10478.308216 0.254853 -10476.208609 1.580823 -10475.795261 -0.932131 0.254853 -2.512955 0.254853 1.552009   1   1  -1 
2456056.818146 -1.381335 0.256867 -10476.145121 0.446651 -10476.208609 1.143912 -10475.391824 0.390614 0.446651 -0.753297 0.446651 1.552009   1   1  -1 
2456056.823714 -1.375767 0.257033 -10476.399813 0.406993 -10476.208609 1.141289 -10475.390596 0.132072 0.406993 -1.009217 0.406993 1.552009   1   1  -1 
2456078.843392 -12.804251 0.915356 -10475.070920 0.323779 -10476.208609 -0.114186 -10477.237381 2.052275 0.323779 2.166461 0.323779 1.552009   1   1  -1 
2456078.849075 -12.798568 0.915526 -10475.406297 0.316487 -10476.208609 -0.112535 -10477.238823 1.719990 0.316487 1.832526 0.316487 1.552009   1   1  -1 
2456081.832748 -9.814895 0.004729 -10477.091748 0.398009 -10476.208609 0.952212 -10478.149280 2.009744 0.398009 1.057532 0.398009 1.552009   1   1  -1 
2456081.838651 -9.808992 0.004905 -10477.350415 0.323723 -10476.208609 0.954670 -10478.146731 1.750986 0.323723 0.796316 0.323723 1.552009   1   1  -1 
2456085.820521 -5.827122 0.123951 -10474.269371 0.439249 -10476.208609 2.366540 -10472.967631 1.064799 0.439249 -1.301740 0.439249 1.552009   1   1  -1 
2456085.826250 -5.821393 0.124122 -10473.694203 0.458936 -10476.208609 2.367244 -10472.962702 1.635743 0.458936 -0.731501 0.458936 1.552009   1   1  -1 
2456088.742747 -2.904896 0.211317 -10472.336592 0.274700 -10476.208609 1.842132 -10472.220435 1.725975 0.274700 -0.116157 0.274700 1.552009   1   1  -1 
2456092.900369 1.252726 0.335617 -10477.981567 0.314413 -10476.208609 0.035290 -10476.281037 -1.665240 0.314413 -1.700530 0.314413 1.552009   1   1  -1 
2456115.815540 -9.280264 0.020712 -10474.774807 0.388096 -10476.208609 1.178205 -10472.400297 -1.196305 0.388096 -2.374510 0.388096 1.552009   1   1  -1 
2456118.809984 -6.285820 0.110237 -10471.978956 0.256427 -10476.208609 2.288852 -10472.452683 2.762579 0.256427 0.473727 0.256427 1.552009   1   1  -1 
2456121.820367 -3.275437 0.200239 -10475.055286 0.705930 -10476.208609 1.990420 -10474.511017 1.446151 0.705930 -0.544269 0.705930 1.552009   1   1  -1 
2456149.686124 -8.857842 0.033342 -10478.886301 0.422505 -10476.208609 1.359675 -10476.606815 -0.919810 0.422505 -2.279486 0.422505 1.552009   1   1  -1 
2456154.723489 -3.820477 0.183944 -10473.222066 0.432559 -10476.208609 2.176510 -10473.256672 2.211116 0.432559 0.034606 0.432559 1.552009   1   1  -1 
2456154.728442 -3.815524 0.184092 -10472.383548 0.640869 -10476.208609 2.175025 -10473.248994 3.040472 0.640869 0.865446 0.640869 1.552009   1   1  -1 
2456166.527551 7.983585 0.536850 -10482.638275 0.322758 -10476.208609 -1.262328 -10479.753580 -4.147023 0.322758 -2.884695 0.322758 1.552009   1   1  -1 
2456168.609469 10.065503 0.599093 -10483.235121 0.485702 -10476.208609 -1.353089 -10480.058358 -4.529852 0.485702 -3.176763 0.485702 1.552009   1   1  -1 
2456168.615105 10.071139 0.599262 -10482.078140 0.428978 -10476.208609 -1.353190 -10480.052650 -3.378680 0.428978 -2.025490 0.428978 1.552009   1   1  -1 
2456171.510563 12.966597 0.685827 -10477.310953 0.261955 -10476.208609 -1.307531 -10477.419808 -1.198676 0.261955 0.108855 0.261955 1.552009   1   1  -1 
2456173.694840 15.150874 0.751130 -10472.314153 0.435027 -10476.208609 -1.143710 -10475.976698 2.518835 0.435027 3.662545 0.435027 1.552009   1   1  -1 
2456181.612869 -10.379259 0.987856 -10475.571527 0.304713 -10476.208609 0.722322 -10477.453902 2.604696 0.304713 1.882375 0.304713 1.552009   1   1  -1 
2456186.623747 -5.368381 0.137666 -10470.871523 0.269145 -10476.208609 2.400695 -10472.203300 3.732471 0.269145 1.331777 0.269145 1.552009   1   1  -1 
2456189.666838 -2.325290 0.228645 -10471.752751 0.854916 -10476.208609 1.586632 -10472.860824 2.694706 0.854916 1.108073 0.854916 1.552009   1   1  -1 
2456190.592865 -1.399263 0.256331 -10474.982002 0.436640 -10476.208609 1.152358 -10473.651637 -0.178007 0.436640 -1.330365 0.436640 1.552009   1   1  -1 
2456190.598548 -1.393580 0.256501 -10475.915820 0.410184 -10476.208609 1.149680 -10473.656955 -1.109185 0.410184 -2.258865 0.410184 1.552009   1   1  -1 
2456195.586272 3.594144 0.405619 -10476.324229 0.455921 -10476.208609 -0.638619 -10477.085436 0.122588 0.455921 0.761207 0.455921 1.552009   1   1  -1 
2456195.591793 3.599665 0.405784 -10476.833989 0.456503 -10476.208609 -0.639876 -10477.086121 -0.387744 0.456503 0.252132 0.456503 1.552009   1   1  -1 
2456198.564091 6.571963 0.494647 -10469.851121 0.593173 -10476.208609 -1.133930 -10474.770650 3.785599 0.593173 4.919529 0.593173 1.552009   1   1  -1 
2456198.569866 6.577738 0.494819 -10469.520142 0.625422 -10476.208609 -1.134578 -10474.768976 4.114256 0.625422 5.248834 0.625422 1.552009   1   1  -1 
2456204.547188 12.555060 0.673523 -10474.005151 0.390830 -10476.208609 -1.325730 -10475.473519 0.142639 0.390830 1.468368 0.390830 1.552009   1   1  -1 
2456205.523197 13.531069 0.702703 -10476.331744 0.223735 -10476.208609 -1.276183 -10476.125307 -1.482620 0.223735 -0.206437 0.223735 1.552009   1   1  -1 
2456208.615737 16.623609 0.795161 -10479.274458 0.471028 -10476.208609 -0.964109 -10476.778576 -3.459991 0.471028 -2.495882 0.471028 1.552009   1   1  -1 
2456209.540800 -15.899490 0.822817 -10475.726000 0.526879 -10476.208609 -0.819044 -10476.485469 -0.059575 0.526879 0.759469 0.526879 1.552009   1   1  -1 
2456210.532155 -14.908135 0.852456 -10475.727704 0.432092 -10476.208609 -0.632611 -10476.023596 -0.336719 0.432092 0.295892 0.432092 1.552009   1   1  -1 
2456212.523498 -12.916792 0.911991 -10470.032065 0.239792 -10476.208609 -0.146582 -10473.307347 3.128699 0.239792 3.275282 0.239792 1.552009   1   1  -1 
2456217.523649 -7.916641 0.061481 -10469.768240 0.370476 -10476.208609 1.756603 -10469.316381 1.304744 0.370476 -0.451859 0.370476 1.552009   1   1  -1 
2456217.529482 -7.910808 0.061655 -10468.041405 0.361734 -10476.208609 1.758964 -10469.315426 3.032984 0.361734 1.274021 0.361734 1.552009   1   1  -1 
2456218.587951 -6.852339 0.093300 -10468.491163 0.391645 -10476.208609 2.141376 -10469.470002 3.120215 0.391645 0.978839 0.391645 1.552009   1   1  -1 
2456219.500319 -5.939971 0.120577 -10469.245686 0.247828 -10476.208609 2.351282 -10470.184646 3.290242 0.247828 0.938960 0.247828 1.552009   1   1  -1 
2456220.491327 -4.948963 0.150205 -10472.137625 0.391613 -10476.208609 2.391045 -10471.456413 1.709833 0.391613 -0.681212 0.391613 1.552009   1   1  -1 
2456220.514069 -4.926221 0.150885 -10472.572915 0.320320 -10476.208609 2.389389 -10471.489094 1.305568 0.320320 -1.083821 0.320320 1.552009   1   1  -1 
2456409.867093 -16.262168 0.811974 -10475.673600 0.617333 -10476.208609 -0.879084 -10475.611684 -0.941001 0.617333 -0.061916 0.617333 1.552009   1   1  -1 
2456409.872719 -16.256542 0.812143 -10476.137178 0.595203 -10476.208609 -0.878185 -10475.619154 -1.396209 0.595203 -0.518024 0.595203 1.552009   1   1  -1 
2456416.824768 -9.304493 0.019988 -10472.302186 0.550392 -10476.208609 1.167844 -10471.805644 0.671302 0.550392 -0.496542 0.550392 1.552009   1   1  -1 
2456416.828565 -9.300696 0.020102 -10470.986675 0.545862 -10476.208609 1.169467 -10471.805189 1.987981 0.545862 0.818514 0.545862 1.552009   1   1  -1 
2456416.832443 -9.296818 0.020218 -10471.882453 0.566830 -10476.208609 1.171125 -10471.804724 1.093396 0.566830 -0.077729 0.566830 1.552009   1   1  -1 
2456432.884915 6.755654 0.500138 -10474.962361 0.393986 -10476.208609 -1.154029 -10475.635258 -0.481131 0.393986 0.672897 0.393986 1.552009   1   1  -1 
2456432.890124 6.760863 0.500294 -10475.372110 0.450803 -10476.208609 -1.154583 -10475.636139 -0.890554 0.450803 0.264029 0.450803 1.552009   1   1  -1 
2456433.905268 7.776007 0.530644 -10472.852948 0.738644 -10476.208609 -1.247071 -10475.708929 1.608910 0.738644 2.855981 0.738644 1.552009   1   1  -1 
2456433.910395 7.781134 0.530797 -10474.512391 0.801539 -10476.208609 -1.247463 -10475.709233 -0.050621 0.801539 1.196842 0.801539 1.552009   1   1  -1 
2456434.892458 8.763197 0.560158 -10475.434897 0.484791 -10476.208609 -1.309234 -10475.890861 -0.853270 0.484791 0.455964 0.484791 1.552009   1   1  -1 
2456434.898129 8.768868 0.560328 -10474.106533 0.468854 -10476.208609 -1.309517 -10475.892875 0.476825 0.468854 1.786342 0.468854 1.552009   1   1  -1 
2456437.889188 11.759927 0.649751 -10477.501611 0.400790 -10476.208609 -1.349906 -10478.059949 -0.791568 0.400790 0.558338 0.400790 1.552009   1   1  -1 
2456437.894720 11.765459 0.649917 -10477.202903 0.367888 -10476.208609 -1.349787 -10478.063558 -0.489132 0.367888 0.860655 0.367888 1.552009   1   1  -1 
2456438.860772 12.731511 0.678799 -10477.416873 0.320407 -10476.208609 -1.318405 -10478.384856 -0.350421 0.320407 0.967983 0.320407 1.552009   1   1  -1 
2456441.860316 15.731055 0.768476 -10477.889690 0.423142 -10476.208609 -1.080067 -10474.609225 -4.360532 0.423142 -3.280465 0.423142 1.552009   1   1  -1 
2456454.832361 -4.745062 0.156301 -10475.281861 0.354619 -10476.208609 2.372077 -10473.724675 0.814892 0.354619 -1.557186 0.354619 1.552009   1   1  -1 
2456454.837894 -4.739529 0.156467 -10474.118452 0.355826 -10476.208609 2.371434 -10473.715642 1.968624 0.355826 -0.402810 0.355826 1.552009   1   1  -1 
2456467.823190 8.245767 0.544688 -10478.702475 0.627828 -10476.208609 -1.279910 -10478.374646 -1.607738 0.627828 -0.327829 0.627828 1.552009   1   1  -1 
2456467.826929 8.249506 0.544800 -10477.017285 0.556688 -10476.208609 -1.280147 -10478.373008 0.075576 0.556688 1.355723 0.556688 1.552009   1   1  -1 
2456467.830702 8.253279 0.544913 -10477.517838 0.592918 -10476.208609 -1.280386 -10478.371336 -0.426888 0.592918 0.853498 0.592918 1.552009   1   1  -1 
2456473.860840 14.283417 0.725196 -10476.447652 0.525661 -10476.208609 -1.222673 -10475.634134 -2.036191 0.525661 -0.813518 0.525661 1.552009   1   1  -1 
2456473.864821 14.287398 0.725315 -10476.577531 0.508451 -10476.208609 -1.222353 -10475.631532 -2.168353 0.508451 -0.945999 0.508451 1.552009   1   1  -1 
2456473.868595 14.291172 0.725428 -10477.152422 0.549460 -10476.208609 -1.222050 -10475.629062 -2.745410 0.549460 -1.523360 0.549460 1.552009   1   1  -1 
2456480.776552 -12.249033 0.931955 -10477.791088 0.498216 -10476.208609 0.053919 -10476.297199 -1.439970 0.498216 -1.493889 0.498216 1.552009   1   1  -1 
2456480.782281 -12.243304 0.932126 -10479.026503 0.462663 -10476.208609 0.055726 -10476.297715 -2.673062 0.462663 -2.728788 0.462663 1.552009   1   1  -1 
2456481.631506 -11.394079 0.957516 -10479.243238 0.620379 -10476.208609 0.340218 -10476.237484 -2.665536 0.620379 -3.005754 0.620379 1.552009   1   1  -1 
2456481.637189 -11.388396 0.957686 -10479.719427 0.629706 -10476.208609 0.342232 -10476.235666 -3.141529 0.629706 -3.483761 0.629706 1.552009   1   1  -1 
2456501.599929 8.574344 0.554512 -10471.824389 0.315832 -10476.208609 -1.299344 -10474.720285 1.596552 0.315832 2.895896 0.315832 1.552009   1   1  -1 
2456523.744316 -2.729431 0.216563 -10476.503679 0.283739 -10476.208609 1.767273 -10475.622591 0.886185 0.283739 -0.881088 0.283739 1.552009   1   1  -1 
2456524.691276 -1.782471 0.244874 -10475.914483 0.351566 -10476.208609 1.333329 -10476.398839 1.817685 0.351566 0.484356 0.351566 1.552009   1   1  -1 
2456524.696693 -1.777054 0.245036 -10476.491657 0.358347 -10476.208609 1.330772 -10476.400853 1.239967 0.358347 -0.090804 0.358347 1.552009   1   1  -1 
2456525.743740 -0.730007 0.276340 -10476.578898 0.318867 -10476.208609 0.841652 -10475.972356 0.235110 0.318867 -0.606542 0.318867 1.552009   1   1  -1 
2456569.534062 9.612154 0.585539 -10476.206904 0.538465 -10476.208609 -1.342540 -10476.434709 -1.114735 0.538465 0.227805 0.538465 1.552009   1   1  -1 
2456585.564665 -7.805405 0.064806 -10473.765867 0.427831 -10476.208609 1.801283 -10473.619831 1.655247 0.427831 -0.146036 0.427831 1.552009   1   1  -1 
2456585.568473 -7.801597 0.064920 -10475.180778 0.414412 -10476.208609 1.802799 -10473.616263 0.238284 0.414412 -1.564515 0.414412 1.552009   1   1  -1 
2456585.572350 -7.797720 0.065036 -10474.743998 0.423051 -10476.208609 1.804342 -10473.612638 0.672982 0.423051 -1.131360 0.423051 1.552009   1   1  -1 
2456586.547688 -6.822382 0.094196 -10474.360620 0.464286 -10476.208609 2.150406 -10472.940738 0.730524 0.464286 -1.419882 0.464286 1.552009   1   1  -1 
2456586.551530 -6.818540 0.094311 -10474.580572 0.496503 -10476.208609 2.151555 -10472.938996 0.509979 0.496503 -1.641576 0.496503 1.552009   1   1  -1 
2456586.555442 -6.814628 0.094428 -10475.256026 0.515154 -10476.208609 2.152723 -10472.937229 -0.166074 0.515154 -2.318797 0.515154 1.552009   1   1  -1 
2456590.510961 -2.859109 0.212686 -10473.364197 0.683759 -10476.208609 1.822850 -10473.064267 1.522920 0.683759 -0.299930 0.683759 1.552009   1   1  -1 
2456590.514943 -2.855127 0.212805 -10471.788641 0.761395 -10476.208609 1.821164 -10473.065118 3.097641 0.761395 1.276477 0.761395 1.552009   1   1  -1 
2456590.518611 -2.851459 0.212914 -10472.177822 0.643858 -10476.208609 1.819610 -10473.065903 2.707691 0.643858 0.888081 0.643858 1.552009   1   1  -1 
2456765.917789 5.306910 0.456825 -10478.736988 0.356105 -10476.208609 -0.964952 -10477.893917 -1.808023 0.356105 -0.843071 0.356105 1.552009   1   1  -1 
2456765.923021 5.312142 0.456982 -10479.356033 0.359343 -10476.208609 -0.965768 -10477.897574 -2.424227 0.359343 -1.458459 0.359343 1.552009   1   1  -1 
2456789.854143 -4.204898 0.172451 -10471.510093 0.391560 -10476.208609 2.278397 -10471.075982 1.844286 0.391560 -0.434111 0.391560 1.552009   1   1  -1 
2456789.859722 -4.199319 0.172618 -10471.639643 0.405092 -10476.208609 2.277116 -10471.074666 1.712139 0.405092 -0.564977 0.405092 1.552009   1   1  -1 
2456806.890179 12.831138 0.681777 -10477.728101 0.424327 -10476.208609 -1.313952 -10477.258646 -1.783408 0.424327 -0.469455 0.424327 1.552009   1   1  -1 
2456829.893363 2.386160 0.369504 -10474.769093 0.272363 -10476.208609 -0.327515 -10474.447322 -0.649285 0.272363 -0.321771 0.272363 1.552009   1   1  -1 
2456857.748704 -3.206661 0.202295 -10473.725387 0.458440 -10476.208609 1.964044 -10472.701267 0.939924 0.458440 -1.024120 0.458440 1.552009   1   1  -1 
2456857.754433 -3.200932 0.202466 -10473.163228 0.448012 -10476.208609 1.961822 -10472.701465 1.500058 0.448012 -0.461763 0.448012 1.552009   1   1  -1 
2456866.784629 5.829264 0.472442 -10479.134302 0.372433 -10476.208609 -1.041442 -10479.472869 -0.702875 0.372433 0.338567 0.372433 1.552009   1   1  -1 
2456896.727940 2.324413 0.367658 -10476.588857 0.526898 -10476.208609 -0.309587 -10476.564759 -0.333684 0.526898 -0.024098 0.526898 1.552009   1   1  -1 
2456896.733287 2.329760 0.367817 -10476.057196 0.651138 -10476.208609 -0.311147 -10476.564549 0.196206 0.651138 0.507353 0.651138 1.552009   1   1  -1 
2457146.919889 -15.068933 0.847649 -10475.918297 0.272209 -10476.208609 -0.665169 -10473.739448 -2.844017 0.272209 -2.178849 0.272209 1.552009   1   1  -1 
2457176.844500 14.855678 0.742305 -10464.313000 0.241278 -10462.136156 -1.172713 -10463.855946 -1.629768 0.241278 -0.457054 0.241278 1.552009   1   2  -1 
2457180.950532 -14.486451 0.865063 -10468.297390 0.305748 -10462.136156 -0.542743 -10465.743346 -3.096787 0.305748 -2.554044 0.305748 1.552009   1   2  -1 
2457180.956053 -14.480930 0.865228 -10469.641714 0.321155 -10462.136156 -0.541522 -10465.747174 -4.436062 0.321155 -3.894540 0.321155 1.552009   1   2  -1 
2457307.523708 11.742239 0.649222 -10460.965808 0.284606 -10462.136156 -1.350280 -10463.031102 0.715014 0.284606 2.065294 0.284606 1.552009   1   2  -1 
2457307.529113 11.747644 0.649384 -10461.174528 0.295801 -10462.136156 -1.350167 -10463.033636 0.508942 0.295801 1.859108 0.295801 1.552009   1   2  -1 
2457879.840329 15.440109 0.759778 -10463.101417 0.420408 -10462.136156 -1.113099 -10463.943764 -0.270752 0.420408 0.842347 0.420408 1.552009   1   2  -1 
2457968.637355 3.892649 0.414543 -10461.424457 0.383012 -10462.136156 -0.704560 -10464.075676 1.946660 0.383012 2.651219 0.383012 1.552009   1   2  -1 
2460042.883932 4.353192 0.428312 -10467.619651 0.097183 -10468.407326 -0.798472 -10467.566923 -0.851200 0.097183 -0.052728 0.097183 1.081935   0   0  -1 
2460042.889532 4.358792 0.428479 -10467.826807 0.098837 -10468.407326 -0.799557 -10467.558724 -1.067640 0.098837 -0.268083 0.098837 1.081935   0   0  -1 
2460043.870973 5.340233 0.457822 -10467.810891 0.115769 -10468.407326 -0.970129 -10466.370464 -2.410556 0.115769 -1.440427 0.115769 1.081935   0   0  -1 
2460043.876677 5.345937 0.457992 -10467.827764 0.107743 -10468.407326 -0.971011 -10466.365766 -2.433009 0.107743 -1.461998 0.107743 1.081935   0   0  -1 
2460044.793251 6.262511 0.485395 -10466.216747 0.119007 -10468.407326 -1.097624 -10465.995321 -1.319050 0.119007 -0.221426 0.119007 1.081935   0   0  -1 
2460044.798982 6.268242 0.485566 -10466.355629 0.118254 -10468.407326 -1.098325 -10465.995261 -1.458693 0.118254 -0.360368 0.118254 1.081935   0   0  -1 
2460045.773704 7.242964 0.514708 -10468.947680 0.263543 -10468.407326 -1.202303 -10466.292759 -3.857224 0.263543 -2.654921 0.263543 1.081935   0   0  -1 
2460045.779649 7.248909 0.514885 -10468.728031 0.178179 -10468.407326 -1.202847 -10466.296058 -3.634820 0.178179 -2.431973 0.178179 1.081935   0   0  -1 
2460046.786658 8.255918 0.544992 -10466.718679 0.108298 -10468.407326 -1.280553 -10466.976769 -1.022463 0.108298 0.258090 0.108298 1.081935   0   0  -1 
2460046.792204 8.261464 0.545158 -10467.571100 0.100449 -10468.407326 -1.280903 -10466.980849 -1.871155 0.100449 -0.590251 0.100449 1.081935   0   0  -1 
2460047.789500 9.258760 0.574974 -10468.079684 0.107918 -10468.407326 -1.330858 -10467.690451 -1.720090 0.107918 -0.389233 0.107918 1.081935   0   0  -1 
2460047.795047 9.264307 0.575140 -10468.412170 0.104000 -10468.407326 -1.331065 -10467.694153 -2.049082 0.104000 -0.718017 0.104000 1.081935   0   0  -1 
2460048.783364 10.252624 0.604687 -10468.577566 0.129590 -10468.407326 -1.356015 -10468.308966 -1.624615 0.129590 -0.268600 0.129590 1.081935   0   0  -1 
2460048.789012 10.258272 0.604856 -10468.027070 0.120793 -10468.407326 -1.356090 -10468.312302 -1.070858 0.120793 0.285232 0.120793 1.081935   0   0  -1 
2460049.801102 11.270362 0.635115 -10468.921797 0.111941 -10468.407326 -1.357618 -10468.915498 -1.363917 0.111941 -0.006299 0.111941 1.081935   0   0  -1 
2460049.806533 11.275793 0.635277 -10469.044553 0.118675 -10468.407326 -1.357562 -10468.918857 -1.483259 0.118675 -0.125696 0.118675 1.081935   0   0  -1 
2460050.776767 12.246027 0.664284 -10470.880979 0.110463 -10468.407326 -1.336841 -10469.555623 -2.662197 0.110463 -1.325356 0.110463 1.081935   0   0  -1 
2460050.782471 12.251731 0.664455 -10470.587932 0.106168 -10468.407326 -1.336655 -10469.559582 -2.365005 0.106168 -1.028350 0.106168 1.081935   0   0  -1 
2460068.823617 -3.155285 0.203831 -10467.442048 0.125458 -10468.407326 1.943978 -10467.406459 1.908388 0.125458 -0.035589 0.125458 1.081935   0   0  -1 
2460068.829253 -3.149649 0.204000 -10468.177705 0.157911 -10468.407326 1.941758 -10467.416535 1.180588 0.157911 -0.761170 0.157911 1.081935   0   0  -1 
2460073.775251 1.796349 0.351870 -10468.691416 0.136518 -10468.407326 -0.147729 -10468.776688 -0.062457 0.136518 0.085272 0.136518 1.081935   0   0  -1 
2460073.780774 1.801872 0.352035 -10468.532442 0.124641 -10468.407326 -0.149503 -10468.777756 0.095812 0.124641 0.245314 0.124641 1.081935   0   0  -1 
2460076.728213 4.749311 0.440155 -10468.677012 0.126723 -10468.407326 -0.872030 -10469.548083 -0.000959 0.126723 0.871071 0.126723 1.081935   0   0  -1 
2460076.733797 4.754895 0.440322 -10468.420636 0.121235 -10468.407326 -0.873021 -10469.548580 0.254923 0.121235 1.127944 0.121235 1.081935   0   0  -1 
2460077.755001 5.776099 0.470853 -10469.796842 0.156253 -10468.407326 -1.034104 -10469.497734 -1.333211 0.156253 -0.299108 0.156253 1.081935   0   0  -1 
2460077.760768 5.781866 0.471025 -10469.832216 0.150546 -10468.407326 -1.034904 -10469.496659 -1.370462 0.150546 -0.335557 0.150546 1.081935   0   0  -1 
2460078.818364 6.839462 0.502644 -10470.121344 0.118065 -10468.407326 -1.162848 -10469.196517 -2.087674 0.118065 -0.924827 0.118065 1.081935   0   0  -1 
2460078.823976 6.845074 0.502812 -10470.631326 0.115757 -10468.407326 -1.163430 -10469.194611 -2.600145 0.115757 -1.436715 0.115757 1.081935   0   0  -1 
2460079.846559 7.867657 0.533384 -10469.784428 0.112864 -10468.407326 -1.253955 -10468.891001 -2.147382 0.112864 -0.893427 0.112864 1.081935   0   0  -1 
2460079.852048 7.873146 0.533548 -10469.613740 0.114319 -10468.407326 -1.254360 -10468.889870 -1.978230 0.114319 -0.723870 0.114319 1.081935   0   0  -1 
2460080.730235 8.751333 0.559803 -10469.772583 0.121764 -10468.407326 -1.308640 -10468.829198 -2.252025 0.121764 -0.943385 0.121764 1.081935   0   0  -1 
2460080.735864 8.756962 0.559972 -10469.610615 0.112383 -10468.407326 -1.308922 -10468.829662 -2.089876 0.112383 -0.780953 0.112383 1.081935   0   0  -1 
2460082.755256 10.776354 0.620345 -10469.121371 0.143393 -10468.407326 -1.359835 -10469.558198 -0.923009 0.143393 0.436827 0.143393 1.081935   0   0  -1 
2460082.760842 10.781940 0.620512 -10468.518798 0.129661 -10468.407326 -1.359841 -10469.560891 -0.317748 0.129661 1.042093 0.129661 1.081935   0   0  -1 
2460086.748603 14.769701 0.739734 -10463.771857 0.096592 -10468.407326 -1.180743 -10466.673147 1.720547 0.096592 2.901290 0.096592 1.081935   0   0  -1 
2460086.754324 14.775422 0.739906 -10464.310069 0.104158 -10468.407326 -1.180214 -10466.668107 1.177824 0.104158 2.358038 0.104158 1.081935   0   0  -1 
2460199.601214 -6.170336 0.113690 -10467.857782 0.194625 -10468.407326 2.312236 -10469.491829 3.946282 0.194625 1.634047 0.194625 1.081935   0   0  -1 
2460199.607025 -6.164525 0.113864 -10469.302924 0.190719 -10468.407326 2.313347 -10469.484751 2.495174 0.190719 0.181827 0.190719 1.081935   0   0  -1 
2460201.515076 -4.256474 0.170909 -10466.554990 0.136306 -10468.407326 2.289945 -10467.287628 3.022583 0.136306 0.732638 0.136306 1.081935   0   0  -1 
2460201.520627 -4.250923 0.171075 -10466.389365 0.147106 -10468.407326 2.288727 -10467.284364 3.183727 0.147106 0.894999 0.147106 1.081935   0   0  -1 
2460202.533617 -3.237933 0.201360 -10465.659465 0.116368 -10468.407326 1.976107 -10467.013302 3.329944 0.116368 1.353837 0.116368 1.081935   0   0  -1 
2460202.539273 -3.232277 0.201529 -10465.508485 0.110234 -10468.407326 1.973934 -10467.013299 3.478748 0.110234 1.504814 0.110234 1.081935   0   0  -1 
2460203.571018 -2.200532 0.232375 -10465.844882 0.168626 -10468.407326 1.529166 -10467.171027 2.855311 0.168626 1.326145 0.168626 1.081935   0   0  -1 
2460203.577196 -2.194354 0.232560 -10465.648256 0.180164 -10468.407326 1.526305 -10467.172560 3.050609 0.180164 1.524304 0.180164 1.081935   0   0  -1 
2460204.530857 -1.240693 0.261072 -10467.427115 0.098515 -10468.407326 1.077810 -10467.415411 1.066106 0.098515 -0.011704 0.098515 1.081935   0   0  -1 
2460204.536387 -1.235163 0.261237 -10466.800940 0.104273 -10468.407326 1.075217 -10467.416717 1.690995 0.104273 0.615777 0.104273 1.081935   0   0  -1 
2460205.516019 -0.255531 0.290525 -10468.149301 0.122140 -10468.407326 0.630525 -10467.614348 0.095572 0.122140 -0.534953 0.122140 1.081935   0   0  -1 
2460205.521490 -0.250060 0.290689 -10467.759986 0.108265 -10468.407326 0.628149 -10467.615313 0.483475 0.108265 -0.144673 0.108265 1.081935   0   0  -1 
2460206.534104 0.762554 0.320963 -10467.984215 0.123507 -10468.407326 0.214852 -10467.808921 0.039558 0.123507 -0.175294 0.123507 1.081935   0   0  -1 
2460206.539634 0.768084 0.321128 -10467.395836 0.112931 -10468.407326 0.212750 -10467.810197 0.627110 0.112931 0.414361 0.112931 1.081935   0   0  -1 
2460208.612713 2.841163 0.383107 -10467.863703 0.119086 -10468.407326 -0.453382 -10468.588273 0.271188 0.119086 0.724570 0.119086 1.081935   0   0  -1 
2460208.618030 2.846480 0.383266 -10468.124237 0.122661 -10468.407326 -0.454789 -10468.590861 0.011835 0.122661 0.466624 0.122661 1.081935   0   0  -1 
2460209.504007 3.732457 0.409754 -10468.350357 0.247406 -10468.407326 -0.669682 -10469.031549 0.011509 0.247406 0.681192 0.247406 1.081935   0   0  -1 
2460209.509978 3.738428 0.409932 -10468.742438 0.220522 -10468.407326 -0.671004 -10469.034559 -0.378883 0.220522 0.292121 0.220522 1.081935   0   0  -1 
2460210.587394 4.815844 0.442144 -10468.232795 0.137683 -10468.407326 -0.883757 -10469.611607 0.495055 0.137683 1.378812 0.137683 1.081935   0   0  -1 
2460210.593026 4.821476 0.442312 -10467.916827 0.147704 -10468.407326 -0.884741 -10469.614972 0.813404 0.147704 1.698145 0.147704 1.081935   0   0  -1 
2460211.516295 5.744745 0.469915 -10469.090653 0.190231 -10468.407326 -1.029729 -10470.265312 0.144930 0.190231 1.174659 0.190231 1.081935   0   0  -1 
2460211.522268 5.750718 0.470094 -10468.782398 0.153085 -10468.407326 -1.030565 -10470.270238 0.457275 0.153085 1.487840 0.153085 1.081935   0   0  -1 
