# time model 
2455007.429878 -0.002304 
2455009.144006 -0.002598 
2455010.858134 -0.002925 
2455012.572262 -0.003196 
2455014.286390 -0.004566 
2455016.000517 -0.008710 
2455017.714645 -0.015966 
2455019.428773 -0.024085 
2455021.142901 -0.029097 
2455022.857029 -0.027990 
2455024.571157 -0.021102 
2455026.285285 -0.012118 
2455027.999413 -0.005475 
2455029.713541 -0.003253 
2455031.427669 -0.004088 
2455033.141797 -0.004905 
2455034.855925 -0.003811 
2455036.570053 -0.001552 
2455038.284181 -0.000403 
2455039.998308 -0.001736 
2455041.712436 -0.004657 
2455043.426564 -0.006930 
2455045.140692 -0.007164 
2455046.854820 -0.006032 
2455048.568948 -0.005384 
2455050.283076 -0.006260 
2455051.997204 -0.007932 
2455053.711332 -0.008991 
2455055.425460 -0.009335 
2455057.139588 -0.010794 
2455058.853716 -0.015431 
2455060.567844 -0.022957 
2455062.281972 -0.029889 
2455063.996099 -0.031706 
2455065.710227 -0.026443 
2455067.424355 -0.016597 
2455069.138483 -0.007472 
2455070.852611 -0.003217 
2455072.566739 -0.003899 
2455074.280867 -0.006070 
2455075.994995 -0.006178 
2455077.709123 -0.003690 
2455079.423251 -0.001173 
2455081.137379 -0.001504 
2455082.851507 -0.004989 
2455084.565635 -0.009117 
2455086.279763 -0.011065 
2455087.993890 -0.010405 
2455089.708018 -0.009365 
2455091.422146 -0.010444 
2455093.136274 -0.013800 
2455094.850402 -0.017037 
2455096.564530 -0.017633 
2455098.278658 -0.015582 
2455099.992786 -0.013564 
2455101.706914 -0.014332 
2455103.421042 -0.017796 
2455105.135170 -0.020712 
2455106.849298 -0.019475 
2455108.563426 -0.013501 
2455110.277554 -0.006040 
2455111.991681 -0.001537 
2455113.705809 -0.001901 
2455115.419937 -0.005065 
2455117.134065 -0.007114 
2455118.848193 -0.005942 
2455120.562321 -0.003045 
2455122.276449 -0.001869 
2455123.990577 -0.004371 
2455125.704705 -0.009149 
2455127.418833 -0.012872 
2455129.132961 -0.013590 
2455130.847089 -0.012652 
2455132.561217 -0.013318 
2455134.275345 -0.017344 
2455135.989472 -0.022814 
2455137.703600 -0.025412 
2455139.417728 -0.022093 
2455141.131856 -0.013864 
2455142.845984 -0.005113 
2455144.560112 -0.000106 
2455146.274240 0.000238 
2455147.988368 -0.001512 
2455149.702496 -0.002119 
2455151.416624 -0.000698 
2455153.130752 0.000853 
2455154.844880 0.000163 
2455156.559008 -0.002963 
2455158.273136 -0.006233 
2455159.987263 -0.007125 
2455161.701391 -0.005449 
2455163.415519 -0.003602 
2455165.129647 -0.004246 
2455166.843775 -0.007691 
2455168.557903 -0.011607 
2455170.272031 -0.013409 
2455171.986159 -0.012956 
2455173.700287 -0.012777 
2455175.414415 -0.015418 
2455177.128543 -0.020401 
2455178.842671 -0.023924 
2455180.556799 -0.021953 
2455182.270927 -0.014079 
2455183.985054 -0.004515 
2455185.699182 0.000938 
2455187.413310 -0.000510 
2455189.127438 -0.006510 
2455190.841566 -0.011768 
2455192.555694 -0.012558 
2455194.269822 -0.009514 
2455195.983950 -0.006372 
2455197.698078 -0.006119 
2455199.412206 -0.008333 
2455201.126334 -0.010099 
2455202.840462 -0.009321 
2455204.554590 -0.006936 
2455206.268718 -0.005803 
2455207.982845 -0.007556 
2455209.696973 -0.010799 
2455211.411101 -0.012584 
2455213.125229 -0.011553 
2455214.839357 -0.009259 
2455216.553485 -0.008100 
2455218.267613 -0.008190 
2455219.981741 -0.007117 
2455221.695869 -0.003692 
2455223.409997 -0.002080 
2455225.124125 -0.011024 
2455226.838253 -0.036920 
2455228.552381 -0.075933 
2455230.266509 -0.112859 
2455231.980636 -0.129684 
2455233.694764 -0.118137 
2455235.408892 -0.086066 
2455237.123020 -0.051799 
2455238.837148 -0.030775 
2455240.551276 -0.025476 
2455242.265404 -0.026740 
2455243.979532 -0.024299 
2455245.693660 -0.016309 
2455247.407788 -0.009334 
2455249.121916 -0.009927 
2455250.836044 -0.017042 
2455252.550172 -0.023045 
2455254.264300 -0.021637 
2455255.978427 -0.013642 
2455257.692555 -0.004234 
2455259.406683 0.004580 
2455261.120811 0.015907 
2455262.834939 0.029387 
2455264.549067 0.030198 
2455266.263195 -0.009381 
2455267.977323 -0.110013 
2455269.691451 -0.260034 
2455271.405579 -0.408629 
2455273.119707 -0.490197 
2455274.833835 -0.466511 
2455276.547963 -0.354588 
2455278.262091 -0.216171 
2455279.976218 -0.115037 
2455281.690346 -0.075576 
2455283.404474 -0.075157 
2455285.118602 -0.073585 
2455286.832730 -0.051190 
2455288.546858 -0.021759 
2455290.260986 -0.011979 
2455291.975114 -0.030798 
2455293.689242 -0.059732 
2455295.403370 -0.071947 
2455297.117498 -0.058132 
2455298.831626 -0.031344 
2455300.545754 -0.007457 
2455302.259881 0.013465 
2455303.974009 0.038701 
2455305.688137 0.052206 
2455307.402265 -0.001673 
2455309.116393 -0.188096 
2455310.830521 -0.517028 
2455312.544649 -0.899292 
2455314.258777 -1.175201 
2455315.972905 -1.210726 
2455317.687033 -0.992484 
2455319.401161 -0.642886 
2455321.115289 -0.336815 
2455322.829417 -0.183051 
2455324.543545 -0.164450 
2455326.257672 -0.180662 
2455327.971800 -0.148979 
2455329.685928 -0.072090 
2455331.400056 -0.017760 
2455333.114184 -0.039586 
2455334.828312 -0.120061 
2455336.542440 -0.189195 
2455338.256568 -0.193925 
2455339.970696 -0.144228 
2455341.684824 -0.090519 
2455343.398952 -0.063070 
2455345.113080 -0.047238 
2455346.827208 -0.029405 
2455348.541336 -0.064347 
2455350.255463 -0.274923 
2455351.969591 -0.751444 
2455353.683719 -1.425565 
2455355.397847 -2.045109 
2455357.111975 -2.307305 
2455358.826103 -2.067517 
2455360.540231 -1.456271 
2455362.254359 -0.797213 
2455363.968487 -0.381553 
2455365.682615 -0.278613 
2455367.396743 -0.332624 
2455369.110871 -0.334819 
2455370.824999 -0.210853 
2455372.539127 -0.061066 
2455374.253254 -0.034368 
2455375.967382 -0.169527 
2455377.681510 -0.357537 
2455379.395638 -0.451907 
2455381.109766 -0.407658 
2455382.823894 -0.308542 
2455384.538022 -0.263595 
2455386.252150 -0.292817 
2455387.966278 -0.332799 
2455389.680406 -0.360768 
2455391.394534 -0.494360 
2455393.108662 -0.927650 
2455394.822790 -1.724983 
2455396.536918 -2.660748 
2455398.251045 -3.290198 
2455399.965173 -3.242335 
2455401.679301 -2.510126 
2455403.393429 -1.484222 
2455405.107557 -0.680463 
2455406.821685 -0.375728 
2455408.535813 -0.450749 
2455410.249941 -0.559237 
2455411.964069 -0.458206 
2455413.678197 -0.202747 
2455415.392325 -0.047179 
2455417.106453 -0.170315 
2455418.820581 -0.496272 
2455420.534709 -0.774680 
2455422.248836 -0.826228 
2455423.962964 -0.703938 
2455425.677092 -0.615534 
2455427.391220 -0.698528 
2455429.105348 -0.888555 
2455430.819476 -1.021819 
2455432.533604 -1.062611 
2455434.247732 -1.201401 
2455435.961860 -1.685629 
2455437.675988 -2.520961 
2455439.390116 -3.342714 
2455441.104244 -3.628703 
2455442.818372 -3.108272 
2455444.532500 -2.014465 
2455446.246627 -0.937856 
2455447.960755 -0.386103 
2455449.674883 -0.419878 
2455451.389011 -0.672583 
2455453.103139 -0.719933 
2455454.817267 -0.457555 
2455456.531395 -0.152793 
2455458.245523 -0.148642 
2455459.959651 -0.518274 
2455461.673779 -0.999182 
2455463.387907 -1.255941 
2455465.102035 -1.203657 
2455466.816163 -1.074046 
2455468.530291 -1.165529 
2455470.244418 -1.531256 
2455471.958546 -1.918826 
2455473.672674 -2.024580 
2455475.386802 -1.809969 
2455477.100930 -1.558557 
2455478.815058 -1.602258 
2455480.529186 -1.974528 
2455482.243314 -2.334123 
2455483.957442 -2.254230 
2455485.671570 -1.620490 
2455487.385698 -0.765098 
2455489.099826 -0.200714 
2455490.813954 -0.189427 
2455492.528082 -0.538132 
2455494.242209 -0.802966 
2455495.956337 -0.706640 
2455497.670465 -0.379613 
2455499.384593 -0.208962 
2455501.098721 -0.451464 
2455502.812849 -0.985912 
2455504.526977 -1.438982 
2455506.241105 -1.556264 
2455507.955233 -1.453212 
2455509.669361 -1.496108 
2455511.383489 -1.920497 
2455513.097617 -2.552690 
2455514.811745 -2.911339 
2455516.525873 -2.612137 
2455518.240000 -1.712224 
2455519.954128 -0.681267 
2455521.668256 -0.025747 
2455523.382384 0.095769 
2455525.096512 -0.067368 
2455526.810640 -0.148680 
2455528.524768 -0.014604 
2455530.238896 0.150967 
2455531.953024 0.082007 
2455533.667152 -0.267346 
2455535.381280 -0.657900 
2455537.095408 -0.797727 
2455538.809536 -0.635381 
2455540.523664 -0.418938 
2455542.237791 -0.458598 
2455543.951919 -0.825217 
2455545.666047 -1.284136 
2455547.380175 -1.535224 
2455549.094303 -1.525957 
2455550.808431 -1.521569 
2455552.522559 -1.841889 
2455554.236687 -2.499258 
2455555.950815 -3.086317 
2455557.664943 -3.050054 
2455559.379071 -2.138633 
2455561.093199 -0.640877 
2455562.807327 0.790852 
2455564.521455 1.588679 
2455566.235582 1.621355 
2455567.949710 1.186065 
2455569.663838 0.695497 
2455571.377966 0.359417 
2455573.092094 0.119959 
2455574.806222 -0.161841 
2455576.520350 -0.496163 
2455578.234478 -0.744775 
2455579.948606 -0.788003 
2455581.662734 -0.681165 
2455583.376862 -0.623169 
2455585.090990 -0.763452 
2455586.805118 -1.049014 
2455588.519246 -1.280013 
2455590.233373 -1.330298 
2455591.947501 -1.309549 
2455593.661629 -1.482161 
2455595.375757 -1.989516 
2455597.089885 -2.629236 
2455598.804013 -2.922522 
2455600.518141 -2.454626 
2455602.232269 -1.221726 
2455603.946397 0.308726 
2455605.660525 1.487155 
2455607.374653 1.896928 
2455609.088781 1.577420 
2455610.802909 0.909545 
2455612.517037 0.296531 
2455614.231164 -0.086286 
2455615.945292 -0.301227 
2455617.659420 -0.475891 
2455619.373548 -0.647505 
2455621.087676 -0.761396 
2455622.801804 -0.782454 
2455624.515932 -0.768992 
2455626.230060 -0.819004 
2455627.944188 -0.952960 
2455629.658316 -1.076533 
2455631.372444 -1.084535 
2455633.086572 -1.007417 
2455634.800700 -1.033630 
2455636.514828 -1.347705 
2455638.228955 -1.911842 
2455639.943083 -2.403194 
2455641.657211 -2.403453 
2455643.371339 -1.714256 
2455645.085467 -0.543661 
2455646.799595 0.600171 
2455648.513723 1.234698 
2455650.227851 1.197629 
2455651.941979 0.695488 
2455653.656107 0.100753 
2455655.370235 -0.313224 
2455657.084363 -0.494222 
2455658.798491 -0.539959 
2455660.512619 -0.551992 
2455662.226746 -0.563237 
2455663.940874 -0.574980 
2455665.655002 -0.615910 
2455667.369130 -0.729180 
2455669.083258 -0.898614 
2455670.797386 -1.016684 
2455672.511514 -0.965840 
2455674.225642 -0.756389 
2455675.939770 -0.575943 
2455677.653898 -0.664719 
2455679.368026 -1.096798 
2455681.082154 -1.660699 
2455682.796282 -1.970555 
2455684.510410 -1.742815 
2455686.224537 -1.018906 
2455687.938665 -0.148498 
2455689.652793 0.453640 
2455691.366921 0.578570 
2455693.081049 0.314650 
2455694.795177 -0.080724 
2455696.509305 -0.387290 
2455698.223433 -0.530015 
2455699.937561 -0.538949 
2455701.651689 -0.456728 
2455703.365817 -0.311190 
2455705.079945 -0.162530 
2455706.794073 -0.128304 
2455708.508201 -0.309087 
2455710.222328 -0.664774 
2455711.936456 -0.982508 
2455713.650584 -1.015823 
2455715.364712 -0.703525 
2455717.078840 -0.267317 
2455718.792968 -0.067640 
2455720.507096 -0.312862 
2455722.221224 -0.868124 
2455723.935352 -1.342007 
2455725.649480 -1.390049 
2455727.363608 -0.980172 
2455729.077736 -0.398119 
2455730.791864 -0.002557 
2455732.505992 0.045477 
2455734.220119 -0.147834 
2455735.934247 -0.364925 
2455737.648375 -0.478242 
2455739.362503 -0.504820 
2455741.076631 -0.497863 
2455742.790759 -0.433093 
2455744.504887 -0.238238 
2455746.219015 0.063915 
2455747.933143 0.279465 
2455749.647271 0.166355 
2455751.361399 -0.324096 
2455753.075527 -0.925826 
2455754.789655 -1.218411 
2455756.503783 -0.968643 
2455758.217910 -0.354823 
2455759.932038 0.150071 
2455761.646166 0.160353 
2455763.360294 -0.302334 
2455765.074422 -0.836397 
2455766.788550 -1.012680 
2455768.502678 -0.736827 
2455770.216806 -0.302756 
2455771.930934 -0.106540 
2455773.645062 -0.297658 
2455775.359190 -0.684045 
2455777.073318 -0.950889 
2455778.787446 -0.956017 
2455780.501574 -0.813587 
2455782.215701 -0.711077 
2455783.929829 -0.679229 
2455785.643957 -0.572080 
2455787.358085 -0.279699 
2455789.072213 0.065731 
2455790.786341 0.142723 
2455792.500469 -0.257619 
2455794.214597 -0.967404 
2455795.928725 -1.504203 
2455797.642853 -1.450569 
2455799.356981 -0.823280 
2455801.071109 -0.083452 
2455802.785237 0.244928 
2455804.499365 0.015560 
2455806.213492 -0.437838 
2455807.927620 -0.628708 
2455809.641748 -0.370980 
2455811.355876 0.057496 
2455813.070004 0.182735 
2455814.784132 -0.225771 
2455816.498260 -0.952292 
2455818.212388 -1.541651 
2455819.926516 -1.701059 
2455821.640644 -1.515020 
2455823.354772 -1.293551 
2455825.068900 -1.236028 
2455826.783028 -1.257914 
2455828.497156 -1.142074 
2455830.211283 -0.836015 
2455831.925411 -0.566195 
2455833.639539 -0.630876 
2455835.353667 -1.070927 
2455837.067795 -1.560835 
2455838.781923 -1.658944 
2455840.496051 -1.200833 
2455842.210179 -0.463286 
2455843.924307 0.069420 
2455845.638435 0.129732 
2455847.352563 -0.111563 
2455849.066691 -0.233227 
2455850.780819 0.016471 
2455852.494947 0.463078 
2455854.209074 0.653161 
2455855.923202 0.267275 
2455857.637330 -0.583860 
2455859.351458 -1.446737 
2455861.065586 -1.904242 
2455862.779714 -1.894996 
2455864.493842 -1.696807 
2455866.207970 -1.622716 
2455867.922098 -1.735683 
2455869.636226 -1.841939 
2455871.350354 -1.736193 
2455873.064482 -1.432303 
2455874.778610 -1.147880 
2455876.492738 -1.071222 
2455878.206865 -1.158288 
2455879.920993 -1.170995 
2455881.635121 -0.919819 
2455883.349249 -0.465301 
2455885.063377 -0.071913 
2455886.777505 0.046237 
2455888.491633 -0.060995 
2455890.205761 -0.121755 
2455891.919889 0.090683 
2455893.634017 0.515996 
2455895.348145 0.823378 
2455897.062273 0.681927 
2455898.776401 0.045980 
2455900.490529 -0.796626 
2455902.204656 -1.450511 
2455903.918784 -1.709822 
2455905.632912 -1.674520 
2455907.347040 -1.608532 
2455909.061168 -1.689207 
2455910.775296 -1.871961 
2455912.489424 -1.965972 
2455914.203552 -1.822104 
2455915.917680 -1.453696 
2455917.631808 -1.000876 
2455919.345936 -0.603653 
2455921.060064 -0.316820 
2455922.774192 -0.130504 
2455924.488320 -0.041180 
2455926.202447 -0.074354 
2455927.916575 -0.228783 
2455929.630703 -0.412392 
2455931.344831 -0.462422 
2455933.058959 -0.261099 
2455934.773087 0.145807 
2455936.487215 0.541273 
2455938.201343 0.666547 
2455939.915471 0.396270 
2455941.629599 -0.175016 
2455943.343727 -0.799630 
2455945.057855 -1.241923 
2455946.771983 -1.417646 
2455948.486111 -1.414022 
2455950.200238 -1.392479 
2455951.914366 -1.456193 
2455953.628494 -1.575300 
2455955.342622 -1.610976 
2455957.056750 -1.413195 
2455958.770878 -0.928539 
2455960.485006 -0.256166 
2455962.199134 0.379939 
2455963.913262 0.732587 
2455965.627390 0.658289 
2455967.341518 0.201331 
2455969.055646 -0.417419 
2455970.769774 -0.908313 
2455972.483902 -1.059179 
2455974.198029 -0.835529 
2455975.912157 -0.379837 
2455977.626285 0.079050 
2455979.340413 0.342574 
2455981.054541 0.319103 
2455982.768669 0.035867 
2455984.482797 -0.394952 
2455986.196925 -0.825724 
2455987.911053 -1.124374 
2455989.625181 -1.224123 
2455991.339309 -1.156821 
2455993.053437 -1.038181 
2455994.767565 -0.988954 
2455996.481693 -1.029724 
2455998.195820 -1.033357 
2455999.909948 -0.799824 
2456001.624076 -0.225994 
2456003.338204 0.553411 
2456005.052332 1.185404 
2456006.766460 1.301100 
2456008.480588 0.772589 
2456010.194716 -0.168294 
2456011.908844 -1.053152 
2456013.622972 -1.464977 
2456015.337100 -1.285992 
2456017.051228 -0.733110 
2456018.765356 -0.175155 
2456020.479484 0.112864 
2456022.193611 0.077865 
2456023.907739 -0.161711 
2456025.621867 -0.456296 
2456027.335995 -0.718568 
2456029.050123 -0.913213 
2456030.764251 -1.002504 
2456032.478379 -0.940579 
2456034.192507 -0.733546 
2456035.906635 -0.485794 
2456037.620763 -0.346879 
2456039.334891 -0.375522 
2456041.049019 -0.446600 
2456042.763147 -0.320664 
2456044.477275 0.143763 
2456046.191402 0.806873 
2456047.905530 1.277574 
2456049.619658 1.177547 
2456051.333786 0.449834 
2456053.047914 -0.545079 
2456054.762042 -1.249969 
2456056.476170 -1.295994 
2456058.190298 -0.756613 
2456059.904426 -0.073663 
2456061.618554 0.278511 
2456063.332682 0.120253 
2456065.046810 -0.361062 
2456066.760938 -0.815289 
2456068.475066 -1.008501 
2456070.189193 -0.943074 
2456071.903321 -0.757033 
2456073.617449 -0.545528 
2456075.331577 -0.294810 
2456077.045705 0.022607 
2456078.759833 0.323537 
2456080.473961 0.427190 
2456082.188089 0.224252 
2456083.902217 -0.162353 
2456085.616345 -0.414889 
2456087.330473 -0.270678 
2456089.044601 0.220560 
2456090.758729 0.682373 
2456092.472857 0.695566 
2456094.186984 0.161759 
2456095.901112 -0.572327 
2456097.615240 -0.964504 
2456099.329368 -0.713509 
2456101.043496 -0.018967 
2456102.757624 0.562559 
2456104.471752 0.553964 
2456106.185880 -0.073169 
2456107.900008 -0.894953 
2456109.614136 -1.380470 
2456111.328264 -1.280471 
2456113.042392 -0.743529 
2456114.756520 -0.107576 
2456116.470648 0.398649 
2456118.184775 0.762413 
2456119.898903 1.041368 
2456121.613031 1.167864 
2456123.327159 0.949192 
2456125.041287 0.291516 
2456126.755415 -0.584771 
2456128.469543 -1.202295 
2456130.183671 -1.172042 
2456131.897799 -0.542221 
2456133.611927 0.186200 
2456135.326055 0.440535 
2456137.040183 0.052150 
2456138.754311 -0.590428 
2456140.468439 -0.866815 
2456142.182566 -0.464314 
2456143.896694 0.333844 
2456145.610822 0.869138 
2456147.324950 0.654509 
2456149.039078 -0.217862 
2456150.753206 -1.146994 
2456152.467334 -1.494426 
2456154.181462 -1.047058 
2456155.895590 -0.102839 
2456157.609718 0.833988 
2456159.323846 1.430529 
2456161.037974 1.648273 
2456162.752102 1.575224 
2456164.466230 1.220161 
2456166.180357 0.524923 
2456167.894485 -0.421772 
2456169.608613 -1.242721 
2456171.322741 -1.440189 
2456173.036869 -0.797718 
2456174.750997 0.343122 
2456176.465125 1.242139 
2456178.179253 1.295906 
2456179.893381 0.524498 
2456181.607509 -0.420922 
2456183.321637 -0.771240 
2456185.035765 -0.262291 
2456186.749893 0.653428 
2456188.464021 1.185612 
2456190.178148 0.855867 
2456191.892276 -0.122439 
2456193.606404 -1.031530 
2456195.320532 -1.218348 
2456197.034660 -0.563148 
2456198.748788 0.504757 
2456200.462916 1.387180 
2456202.177044 1.727924 
2456203.891172 1.536861 
2456205.605300 1.022901 
2456207.319428 0.386324 
2456209.033556 -0.215538 
2456210.747684 -0.568230 
2456212.461812 -0.385257 
2456214.175939 0.495191 
2456215.890067 1.847701 
2456217.604195 3.032267 
2456219.318323 3.344803 
2456221.032451 2.533717 
2456222.746579 1.055979 
2456224.460707 -0.193258 
2456226.174835 -0.514110 
2456227.888963 0.091494 
2456229.603091 0.951464 
2456231.317219 1.270506 
2456233.031347 0.748492 
2456234.745475 -0.220630 
2456236.459603 -0.900095 
2456238.173730 -0.794068 
2456239.887858 0.010301 
2456241.601986 0.973671 
2456243.316114 1.538167 
2456245.030242 1.487676 
2456246.744370 0.992295 
2456248.458498 0.399192 
2456250.172626 0.012192 
2456251.886754 0.021293 
2456253.600882 0.532475 
2456255.315010 1.548905 
2456257.029138 2.864371 
2456258.743266 4.008651 
2456260.457394 4.410258 
2456262.171521 3.751297 
2456263.885649 2.257643 
2456265.599777 0.643540 
2456267.313905 -0.319606 
2456269.028033 -0.315677 
2456270.742161 0.319956 
2456272.456289 0.884687 
2456274.170417 0.853225 
2456275.884545 0.254201 
2456277.598673 -0.403235 
2456279.312801 -0.564037 
2456281.026929 -0.056551 
2456282.741057 0.811019 
2456284.455185 1.518024 
2456286.169312 1.710016 
2456287.883440 1.395479 
2456289.597568 0.865192 
2456291.311696 0.468091 
2456293.025824 0.439330 
2456294.739952 0.857578 
2456296.454080 1.665488 
2456298.168208 2.669268 
2456299.882336 3.533076 
2456301.596464 3.860598 
2456303.310592 3.397335 
2456305.024720 2.238507 
2456306.738848 0.852042 
2456308.452976 -0.165594 
2456310.167103 -0.460871 
2456311.881231 -0.145663 
2456313.595359 0.313728 
2456315.309487 0.464607 
2456317.023615 0.206167 
2456318.737743 -0.164175 
2456320.451871 -0.217907 
2456322.165999 0.252676 
2456323.880127 1.077051 
2456325.594255 1.844797 
2456327.308383 2.201030 
2456329.022511 2.061587 
2456330.736639 1.613795 
2456332.450767 1.155335 
2456334.164894 0.923749 
2456335.879022 1.019552 
2456337.593150 1.411106 
2456339.307278 1.956181 
2456341.021406 2.420307 
2456342.735534 2.535880 
2456344.449662 2.131932 
2456346.163790 1.273106 
2456347.877918 0.281677 
2456349.592046 -0.426152 
2456351.306174 -0.604152 
2456353.020302 -0.342231 
2456354.734430 0.012083 
2456356.448558 0.131721 
2456358.162685 -0.029397 
2456359.876813 -0.205650 
2456361.590941 -0.044283 
2456363.305069 0.599482 
2456365.019197 1.534313 
2456366.733325 2.363376 
2456368.447453 2.754165 
2456370.161581 2.633150 
2456371.875709 2.179583 
2456373.589837 1.667151 
2456375.303965 1.302185 
2456377.018093 1.162235 
2456378.732221 1.221404 
2456380.446349 1.386090 
2456382.160476 1.506391 
2456383.874604 1.403845 
2456385.588732 0.961385 
2456387.302860 0.238955 
2456389.016988 -0.497769 
2456390.731116 -0.912472 
2456392.445244 -0.832096 
2456394.159372 -0.395424 
2456395.873500 0.032162 
2456397.587628 0.140200 
2456399.301756 -0.067423 
2456401.015884 -0.258050 
2456402.730012 -0.030200 
2456404.444140 0.754520 
2456406.158267 1.836410 
2456407.872395 2.727667 
2456409.586523 3.046464 
2456411.300651 2.751704 
2456413.014779 2.116366 
2456414.728907 1.499780 
2456416.443035 1.122552 
2456418.157163 1.000819 
2456419.871291 1.029781 
2456421.585419 1.089616 
2456423.299547 1.078693 
2456425.013675 0.898490 
2456426.727803 0.477550 
2456428.441931 -0.142593 
2456430.156058 -0.750149 
2456431.870186 -1.045527 
2456433.584314 -0.852831 
2456435.298442 -0.295870 
2456437.012570 0.244303 
2456438.726698 0.405104 
2456440.440826 0.147152 
2456442.154954 -0.177905 
2456443.869082 -0.085635 
2456445.583210 0.644970 
2456447.297338 1.759104 
2456449.011466 2.680846 
2456450.725594 2.918706 
2456452.439722 2.402387 
2456454.153849 1.497382 
2456455.867977 0.714851 
2456457.582105 0.369508 
2456459.296233 0.442762 
2456461.010361 0.702849 
2456462.724489 0.920946 
2456464.438617 0.988679 
2456466.152745 0.887879 
2456467.866873 0.619680 
2456469.581001 0.208836 
2456471.295129 -0.229809 
2456473.009257 -0.484731 
2456474.723385 -0.377939 
2456476.437513 0.053566 
2456478.151640 0.514145 
2456479.865768 0.643478 
2456481.579896 0.324785 
2456483.294024 -0.161276 
2456485.008152 -0.310872 
2456486.722280 0.203900 
2456488.436408 1.231366 
2456490.150536 2.200699 
2456491.864664 2.521276 
2456493.578792 2.009897 
2456495.292920 1.008646 
2456497.007048 0.113771 
2456498.721176 -0.248864 
2456500.435304 -0.064791 
2456502.149431 0.363526 
2456503.863559 0.709441 
2456505.577687 0.842085 
2456507.291815 0.821107 
2456509.005943 0.744164 
2456510.720071 0.639081 
2456512.434199 0.498066 
2456514.148327 0.370590 
2456515.862455 0.364742 
2456517.576583 0.523487 
2456519.290711 0.711135 
2456521.004839 0.672802 
2456522.718967 0.265542 
2456524.433095 -0.339600 
2456526.147222 -0.707179 
2456527.861350 -0.453822 
2456529.575478 0.411275 
2456531.289606 1.424932 
2456533.003734 1.974240 
2456534.717862 1.739343 
2456536.431990 0.918013 
2456538.146118 0.053251 
2456539.860246 -0.382947 
2456541.574374 -0.303434 
2456543.288502 0.018560 
2456545.002630 0.245381 
2456546.716758 0.257462 
2456548.430886 0.189210 
2456550.145013 0.235088 
2456551.859141 0.444885 
2456553.573269 0.700474 
2456555.287397 0.861099 
2456557.001525 0.897852 
2456558.715653 0.873228 
2456560.429781 0.807858 
2456562.143909 0.609607 
2456563.858037 0.175082 
2456565.572165 -0.425204 
2456567.286293 -0.888501 
2456569.000421 -0.862039 
2456570.714549 -0.242825 
2456572.428677 0.673537 
2456574.142804 1.360096 
2456575.856932 1.432500 
2456577.571060 0.925163 
2456579.285188 0.237358 
2456580.999316 -0.200585 
2456582.713444 -0.251867 
2456584.427572 -0.119811 
2456586.141700 -0.103623 
2456587.855828 -0.304251 
2456589.569956 -0.544727 
2456591.284084 -0.554767 
2456592.998212 -0.227406 
2456594.712340 0.290647 
2456596.426468 0.736627 
2456598.140595 0.943183 
2456599.854723 0.921923 
2456601.568851 0.768597 
2456603.282979 0.524397 
2456604.997107 0.157650 
2456606.711235 -0.318060 
2456608.425363 -0.738177 
2456610.139491 -0.846420 
2456611.853619 -0.502449 
2456613.567747 0.150436 
2456615.281875 0.739119 
2456616.996003 0.923199 
2456618.710131 0.651926 
2456620.424259 0.189763 
2456622.138386 -0.115902 
2456623.852514 -0.121942 
2456625.566642 0.018061 
2456627.280770 0.026695 
2456628.994898 -0.226444 
2456630.709026 -0.601830 
2456632.423154 -0.814871 
2456634.137282 -0.681762 
2456635.851410 -0.262941 
2456637.565538 0.207316 
2456639.279666 0.515633 
2456640.993794 0.602344 
2456642.707922 0.533094 
2456644.422050 0.378403 
2456646.136177 0.147856 
2456647.850305 -0.157122 
2456649.564433 -0.453232 
2456651.278561 -0.578970 
2456652.992689 -0.422090 
2456654.706817 -0.054527 
2456656.420945 0.276291 
2456658.135073 0.326105 
2456659.849201 0.059905 
2456661.563329 -0.302469 
2456663.277457 -0.456709 
2456664.991585 -0.262733 
2456666.705713 0.140284 
2456668.419841 0.449286 
2456670.133968 0.439890 
2456671.848096 0.129928 
2456673.562224 -0.260860 
2456675.276352 -0.497627 
2456676.990480 -0.492710 
2456678.704608 -0.320818 
2456680.418736 -0.112006 
2456682.132864 0.053571 
2456683.846992 0.159299 
2456685.561120 0.198357 
2456687.275248 0.144094 
2456688.989376 -0.009661 
2456690.703504 -0.192250 
2456692.417631 -0.274537 
2456694.131759 -0.178163 
2456695.845887 0.019444 
2456697.560015 0.104884 
2456699.274143 -0.108496 
2456700.988271 -0.598246 
2456702.702399 -1.095828 
2456704.416527 -1.250217 
2456706.130655 -0.877200 
2456707.844783 -0.101011 
2456709.558911 0.720290 
2456711.273039 1.221747 
2456712.987167 1.236995 
2456714.701295 0.847800 
2456716.415422 0.281168 
2456718.129550 -0.235616 
2456719.843678 -0.558804 
2456721.557806 -0.635393 
2456723.271934 -0.485295 
2456724.986062 -0.196190 
2456726.700190 0.088985 
2456728.414318 0.230544 
2456730.128446 0.183171 
2456731.842574 0.042155 
2456733.556702 -0.023634 
2456735.270830 0.075391 
2456736.984958 0.235582 
2456738.699086 0.203953 
2456740.413213 -0.225044 
2456742.127341 -1.005251 
2456743.841469 -1.799720 
2456745.555597 -2.159068 
2456747.269725 -1.799006 
2456748.983853 -0.781819 
2456750.697981 0.516136 
2456752.412109 1.610207 
2456754.126237 2.139157 
2456755.840365 1.993404 
2456757.554493 1.309960 
2456759.268621 0.385128 
2456760.982749 -0.437038 
2456762.696877 -0.877708 
2456764.411004 -0.826418 
2456766.125132 -0.394954 
2456767.839260 0.133532 
2456769.553388 0.466139 
2456771.267516 0.483984 
2456772.981644 0.310540 
2456774.695772 0.193954 
2456776.409900 0.280883 
2456778.124028 0.463561 
2456779.838156 0.438484 
2456781.552284 -0.053069 
2456783.266412 -0.986361 
2456784.980540 -2.006195 
2456786.694668 -2.613428 
2456788.408795 -2.451399 
2456790.122923 -1.498902 
2456791.837051 -0.065998 
2456793.551179 1.366406 
2456795.265307 2.345437 
2456796.979435 2.594088 
2456798.693563 2.087060 
2456800.407691 1.061207 
2456802.121819 -0.052984 
2456803.835947 -0.796019 
2456805.550075 -0.897765 
2456807.264203 -0.427233 
2456808.978331 0.250411 
2456810.692459 0.713904 
2456812.406586 0.766237 
2456814.120714 0.543180 
2456815.834842 0.360286 
2456817.548970 0.421009 
2456819.263098 0.628313 
2456820.977226 0.657965 
2456822.691354 0.231761 
2456824.405482 -0.635607 
2456826.119610 -1.611203 
2456827.833738 -2.245549 
2456829.547866 -2.232738 
2456831.261994 -1.546639 
2456832.976122 -0.403737 
2456834.690250 0.860544 
2456836.404377 1.897459 
2456838.118505 2.412721 
2456839.832633 2.243578 
2456841.546761 1.456671 
2456843.260889 0.387587 
2456844.975017 -0.476009 
2456846.689145 -0.754052 
2456848.403273 -0.411170 
2456850.117401 0.225071 
2456851.831529 0.707252 
2456853.545657 0.794583 
2456855.259785 0.600271 
2456856.973913 0.441393 
2456858.688041 0.528065 
2456860.402168 0.766546 
2456862.116296 0.844830 
2456863.830424 0.515997 
2456865.544552 -0.174643 
2456867.258680 -0.909011 
2456868.972808 -1.326406 
2456870.686936 -1.254730 
2456872.401064 -0.763950 
2456874.115192 -0.047592 
2456875.829320 0.714739 
2456877.543448 1.387265 
2456879.257576 1.824949 
2456880.971704 1.864397 
2456882.685832 1.427124 
2456884.399959 0.649832 
2456886.114087 -0.118095 
2456887.828215 -0.507787 
2456889.542343 -0.383004 
2456891.256471 0.065888 
2456892.970599 0.482858 
2456894.684727 0.633056 
2456896.398855 0.567842 
2456898.112983 0.527497 
2456899.827111 0.680016 
2456901.541239 0.942317 
2456903.255367 1.048972 
2456904.969495 0.801007 
2456906.683623 0.262586 
2456908.397750 -0.272353 
2456910.111878 -0.506478 
2456911.826006 -0.351756 
2456913.540134 0.048584 
2456915.254262 0.477990 
2456916.968390 0.815011 
2456918.682518 1.060359 
2456920.396646 1.231709 
2456922.110774 1.269755 
2456923.824902 1.073518 
2456925.539030 0.631924 
2456927.253158 0.103465 
2456928.967286 -0.261956 
2456930.681414 -0.305974 
2456932.395541 -0.082569 
2456934.109669 0.200640 
2456935.823797 0.369404 
2456937.537925 0.423647 
2456939.252053 0.501765 
2456940.966181 0.708386 
2456942.680309 0.977503 
2456944.394437 1.108771 
2456946.108565 0.947956 
2456947.822693 0.543255 
2456949.536821 0.129790 
2456951.250949 -0.046959 
2456952.965077 0.087106 
2456954.679205 0.401419 
2456956.393332 0.689172 
2456958.107460 0.829254 
2456959.821588 0.840552 
2456961.535716 0.803777 
2456963.249844 0.751100 
2456964.963972 0.638940 
2456966.678100 0.420605 
2456968.392228 0.129880 
2456970.106356 -0.120025 
2456971.820484 -0.224935 
2456973.534612 -0.175403 
2456975.248740 -0.052035 
2456976.962868 0.063744 
2456978.676996 0.170270 
2456980.391123 0.332872 
2456982.105251 0.589172 
2456983.819379 0.870717 
2456985.533507 1.028539 
2456987.247635 0.950598 
2456988.961763 0.667050 
2456990.675891 0.344480 
2456992.390019 0.168579 
2456994.104147 0.213447 
2456995.818275 0.404037 
2456997.532403 0.592517 
2456999.246531 0.672618 
2457000.960659 0.635533 
2457002.674787 0.536677 
2457004.388914 0.424744 
2457006.103042 0.305868 
2457007.817170 0.165676 
2457009.531298 0.009654 
2457011.245426 -0.128899 
2457012.959554 -0.219262 
2457014.673682 -0.261248 
2457016.387810 -0.273366 
2457018.101938 -0.252442 
2457019.816066 -0.154703 
2457021.530194 0.068444 
2457023.244322 0.405201 
2457024.958450 0.753809 
2457026.672578 0.969807 
2457028.386705 0.961918 
2457030.100833 0.759214 
2457031.814961 0.492092 
2457033.529089 0.302028 
2457035.243217 0.253379 
2457036.957345 0.312713 
2457038.671473 0.398331 
2457040.385601 0.445944 
2457042.099729 0.435953 
2457043.813857 0.375515 
2457045.527985 0.271841 
2457047.242113 0.129957 
2457048.956241 -0.030665 
2457050.670369 -0.173069 
2457052.384496 -0.269011 
2457054.098624 -0.329198 
2457055.812752 -0.396581 
2457057.526880 -0.495249 
2457059.241008 -0.579622 
2457060.955136 -0.542560 
2457062.669264 -0.293567 
2457064.383392 0.151005 
2457066.097520 0.647072 
2457067.811648 1.000846 
2457069.525776 1.090974 
2457071.239904 0.939648 
2457072.954032 0.679923 
2457074.668160 0.453498 
2457076.382287 0.326031 
2457078.096415 0.280100 
2457079.810543 0.269926 
2457081.524671 0.271466 
2457083.238799 0.281591 
2457084.952927 0.283421 
2457086.667055 0.232435 
2457088.381183 0.090609 
2457090.095311 -0.125054 
2457091.809439 -0.339289 
2457093.523567 -0.478215 
2457095.237695 -0.539379 
2457096.951823 -0.596691 
2457098.665951 -0.720957 
2457100.380078 -0.883401 
2457102.094206 -0.940021 
2457103.808334 -0.730411 
2457105.522462 -0.218590 
2457107.236590 0.445406 
2457108.950718 1.004970 
2457110.664846 1.260293 
2457112.378974 1.186936 
2457114.093102 0.921338 
2457115.807230 0.639713 
2457117.521358 0.440631 
2457119.235486 0.321637 
2457120.949614 0.243029 
2457122.663742 0.194449 
2457124.377869 0.193962 
2457126.091997 0.232909 
2457127.806125 0.242718 
2457129.520253 0.136130 
2457131.234381 -0.109511 
2457132.948509 -0.414498 
2457134.662637 -0.655178 
2457136.376765 -0.772132 
2457138.090893 -0.822491 
2457139.805021 -0.915405 
2457141.519149 -1.082297 
2457143.233277 -1.206215 
2457144.947405 -1.091165 
2457146.661533 -0.626062 
2457148.375660 0.095551 
2457150.089788 0.809448 
2457151.803916 1.248179 
2457153.518044 1.308294 
2457155.232172 1.087986 
2457156.946300 0.781036 
2457158.660428 0.531428 
2457160.374556 0.369469 
2457162.088684 0.258946 
2457163.802812 0.180054 
2457165.516940 0.154068 
2457167.231068 0.192471 
2457168.945196 0.240713 
2457170.659324 0.193922 
2457172.373451 -0.017028 
2457174.087579 -0.352235 
2457175.801707 -0.682507 
2457177.515835 -0.893551 
2457179.229963 -0.978696 
2457180.944091 -1.028248 
2457182.658219 -1.120285 
2457184.372347 -1.216021 
2457186.086475 -1.165971 
2457187.800603 -0.833502 
2457189.514731 -0.231349 
2457191.228859 0.451655 
2457192.942987 0.963198 
2457194.657115 1.149237 
2457196.371242 1.036094 
2457198.085370 0.778049 
2457199.799498 0.530346 
2457201.513626 0.359096 
2457203.227754 0.248651 
2457204.941882 0.170636 
2457206.656010 0.130524 
2457208.370138 0.146887 
2457210.084266 0.197572 
2457211.798394 0.203570 
2457213.512522 0.080274 
2457215.226650 -0.187851 
2457216.940778 -0.522868 
2457218.654906 -0.807661 
2457220.369033 -0.971596 
2457222.083161 -1.029229 
2457223.797289 -1.038404 
2457225.511417 -1.021573 
2457227.225545 -0.929502 
2457228.939673 -0.685930 
2457230.653801 -0.273902 
2457232.367929 0.216970 
2457234.082057 0.629691 
2457235.796185 0.836614 
2457237.510313 0.815634 
2457239.224441 0.648314 
2457240.938569 0.450347 
2457242.652697 0.297215 
2457244.366824 0.201077 
2457246.080952 0.141797 
2457247.795080 0.108347 
2457249.509208 0.107517 
2457251.223336 0.137688 
2457252.937464 0.163055 
2457254.651592 0.122364 
2457256.365720 -0.029611 
2457258.079848 -0.283075 
2457259.793976 -0.571146 
2457261.508104 -0.806844 
2457263.222232 -0.928835 
2457264.936360 -0.922144 
2457266.650488 -0.805565 
2457268.364615 -0.605985 
2457270.078743 -0.345765 
2457271.792871 -0.050559 
2457273.506999 0.237820 
2457275.221127 0.463852 
2457276.935255 0.580452 
2457278.649383 0.574897 
2457280.363511 0.477130 
2457282.077639 0.342742 
2457283.791767 0.222910 
2457285.505895 0.142587 
2457287.220023 0.099815 
2457288.934151 0.081448 
2457290.648279 0.078827 
2457292.362406 0.089736 
2457294.076534 0.106868 
2457295.790662 0.106158 
2457297.504790 0.050025 
2457299.218918 -0.090934 
2457300.933046 -0.310410 
2457302.647174 -0.553925 
2457304.361302 -0.735260 
2457306.075430 -0.776608 
2457307.789558 -0.649501 
2457309.503686 -0.390719 
2457311.217814 -0.082850 
2457312.931942 0.187504 
2457314.646070 0.366983 
2457316.360197 0.447162 
2457318.074325 0.449922 
2457319.788453 0.403727 
2457321.502581 0.329757 
2457323.216709 0.243166 
2457324.930837 0.159780 
2457326.644965 0.096159 
2457328.359093 0.061641 
2457330.073221 0.052115 
2457331.787349 0.054450 
2457333.501477 0.058329 
2457335.215605 0.062446 
2457336.929733 0.066524 
2457338.643861 0.056757 
2457340.357988 0.003332 
2457342.072116 -0.119208 
2457343.786244 -0.300461 
2457345.500372 -0.479729 
2457347.214500 -0.568934 
2457348.928628 -0.504002 
2457350.642756 -0.289446 
2457352.356884 -0.001637 
2457354.071012 0.253971 
2457355.785140 0.401576 
2457357.499268 0.428742 
2457359.213396 0.375812 
2457360.927524 0.296521 
2457362.641652 0.223801 
2457364.355779 0.163365 
2457366.069907 0.110205 
2457367.784035 0.065422 
2457369.498163 0.037039 
2457371.212291 0.028732 
2457372.926419 0.032824 
2457374.640547 0.036831 
2457376.354675 0.035656 
2457378.068803 0.033974 
2457379.782931 0.034106 
2457381.497059 0.022679 
2457383.211187 -0.025596 
2457384.925315 -0.124093 
2457386.639443 -0.249683 
2457388.353570 -0.343044 
2457390.067698 -0.341226 
2457391.781826 -0.221337 
2457393.495954 -0.021455 
2457395.210082 0.179330 
2457396.924210 0.307990 
2457398.638338 0.337249 
2457400.352466 0.290989 
2457402.066594 0.216879 
2457403.780722 0.151814 
2457405.494850 0.106236 
2457407.208978 0.072947 
2457408.923106 0.045064 
2457410.637234 0.024431 
2457412.351361 0.015846 
2457414.065489 0.017777 
2457415.779617 0.021759 
2457417.493745 0.020842 
2457419.207873 0.016356 
2457420.922001 0.013969 
2457422.636129 0.012629 
2457424.350257 -0.000440 
2457426.064385 -0.040017 
2457427.778513 -0.104880 
2457429.492641 -0.168727 
2457431.206769 -0.191892 
2457432.920897 -0.147905 
2457434.635025 -0.044627 
2457436.349152 0.077610 
2457438.063280 0.170344 
2457439.777408 0.205536 
2457441.491536 0.187711 
2457443.205664 0.143409 
2457444.919792 0.099495 
2457446.633920 0.068130 
2457448.348048 0.047231 
2457450.062176 0.030926 
2457451.776304 0.017855 
2457453.490432 0.010654 
2457455.204560 0.010174 
2457456.918688 0.012551 
2457458.632816 0.012544 
2457460.346943 0.008820 
2457462.061071 0.004580 
2457463.775199 0.002360 
2457465.489327 -0.001172 
2457467.203455 -0.013744 
2457468.917583 -0.039285 
2457470.631711 -0.070447 
2457472.345839 -0.089990 
2457474.059967 -0.081676 
2457475.774095 -0.042556 
2457477.488223 0.013440 
2457479.202351 0.063826 
2457480.916479 0.091343 
2457482.630607 0.092828 
2457484.344734 0.077546 
2457486.058862 0.058117 
2457487.772990 0.042188 
2457489.487118 0.030605 
2457491.201246 0.021274 
2457492.915374 0.013447 
2457494.629502 0.008388 
2457496.343630 0.006954 
2457498.057758 0.007682 
2457499.771886 0.007760 
2457501.486014 0.005662 
2457503.200142 0.002337 
2457504.914270 -0.000457 
2457506.628398 -0.002834 
2457508.342525 -0.007314 
2457510.056653 -0.016217 
2457511.770781 -0.028283 
2457513.484909 -0.038031 
2457515.199037 -0.039034 
2457516.913165 -0.028612 
2457518.627293 -0.010064 
2457520.341421 0.009441 
2457522.055549 0.023459 
2457523.769677 0.029693 
2457525.483805 0.029925 
2457527.197933 0.027314 
2457528.912061 0.023811 
2457530.626189 0.019697 
2457532.340316 0.014882 
2457534.054444 0.010084 
2457535.768572 0.006588 
2457537.482700 0.005056 
2457539.196828 0.004855 
2457540.910956 0.004675 
2457542.625084 0.003760 
2457544.339212 0.002402 
2457546.053340 0.001214 
2457547.767468 0.000059 
2457549.481596 -0.002119 
2457551.195724 -0.006229 
2457552.909852 -0.011784 
2457554.623980 -0.016782 
2457556.338107 -0.018985 
2457558.052235 -0.017500 
2457559.766363 -0.013272 
2457561.480491 -0.008128 
2457563.194619 -0.003348 
2457564.908747 0.000936 
2457566.622875 0.005106 
2457568.337003 0.009025 
2457570.051131 0.011745 
2457571.765259 0.012253 
2457573.479387 0.010483 
2457575.193515 0.007558 
2457576.907643 0.004997 
2457578.621771 0.003657 
2457580.335898 0.003346 
2457582.050026 0.003352 
2457583.764154 0.003233 
2457585.478282 0.003056 
2457587.192410 0.002941 
2457588.906538 0.002525 
2457590.620666 0.001034 
2457592.334794 -0.002022 
2457594.048922 -0.006207 
2457595.763050 -0.010247 
2457597.477178 -0.012834 
2457599.191306 -0.013452 
2457600.905434 -0.012517 
2457602.619562 -0.010777 
2457604.333689 -0.008609 
2457606.047817 -0.005849 
2457607.761945 -0.002279 
2457609.476073 0.001774 
2457611.190201 0.005336 
2457612.904329 0.007312 
2457614.618457 0.007230 
2457616.332585 0.005631 
2457618.046713 0.003825 
2457619.760841 0.003170 
2457621.474969 0.004298 
2457623.189097 0.006682 
2457624.903225 0.008765 
2457626.617353 0.008652 
2457628.331480 0.005109 
2457630.045608 -0.001653 
2457631.759736 -0.009922 
2457633.473864 -0.017306 
2457635.187992 -0.021965 
2457636.902120 -0.023441 
2457638.616248 -0.022510 
2457640.330376 -0.020295 
2457642.044504 -0.017434 
2457643.758632 -0.013986 
2457645.472760 -0.009974 
2457647.186888 -0.005841 
2457648.901016 -0.002275 
2457650.615144 0.000366 
2457652.329271 0.002274 
2457654.043399 0.003716 
2457655.757527 0.004455 
2457657.471655 0.004027 
2457659.185783 0.002914 
2457660.899911 0.003352 
2457662.614039 0.008201 
2457664.328167 0.017984 
2457666.042295 0.028382 
2457667.756423 0.031103 
2457669.470551 0.018720 
2457671.184679 -0.009490 
2457672.898807 -0.045382 
2457674.612935 -0.075847 
2457676.327062 -0.090456 
2457678.041190 -0.087284 
2457679.755318 -0.072666 
2457681.469446 -0.055557 
2457683.183574 -0.041433 
2457684.897702 -0.030500 
2457686.611830 -0.020642 
2457688.325958 -0.011310 
2457690.040086 -0.004303 
2457691.754214 -0.001217 
2457693.468342 -0.001016 
2457695.182470 -0.000868 
2457696.896598 0.000660 
2457698.610726 0.002110 
2457700.324853 0.001932 
2457702.038981 0.002925 
2457703.753109 0.012458 
2457705.467237 0.035636 
2457707.181365 0.066094 
2457708.895493 0.083780 
2457710.609621 0.065103 
2457712.323749 0.000214 
2457714.037877 -0.095796 
2457715.752005 -0.188261 
2457717.466133 -0.242738 
2457719.180261 -0.245134 
2457720.894389 -0.207356 
2457722.608517 -0.155330 
2457724.322644 -0.110300 
2457726.036772 -0.078393 
2457727.750900 -0.054523 
2457729.465028 -0.033573 
2457731.179156 -0.016768 
2457732.893284 -0.008221 
2457734.607412 -0.007686 
2457736.321540 -0.009070 
2457738.035668 -0.006762 
2457739.749796 -0.001883 
2457741.463924 0.000345 
2457743.178052 0.000811 
2457744.892180 0.012265 
2457746.606308 0.050037 
2457748.320435 0.111843 
2457750.034563 0.165264 
2457751.748691 0.159774 
2457753.462819 0.060522 
2457755.176947 -0.120415 
2457756.891075 -0.322156 
2457758.605203 -0.468096 
2457760.319331 -0.511198 
2457762.033459 -0.458122 
2457763.747587 -0.355947 
2457765.461715 -0.255299 
2457767.175843 -0.180628 
2457768.889971 -0.128088 
2457770.604099 -0.085171 
2457772.318226 -0.048925 
2457774.032354 -0.026076 
2457775.746482 -0.019862 
2457777.460610 -0.021928 
2457779.174738 -0.019770 
2457780.888866 -0.010567 
2457782.602994 -0.003194 
2457784.317122 -0.002929 
2457786.031250 0.004747 
2457787.745378 0.048433 
2457789.459506 0.140006 
2457791.173634 0.244333 
2457792.887762 0.283342 
2457794.601890 0.182952 
2457796.316017 -0.068050 
2457798.030145 -0.395224 
2457799.744273 -0.675465 
2457801.458401 -0.809872 
2457803.172529 -0.778762 
2457804.886657 -0.639810 
2457806.600785 -0.476857 
2457808.314913 -0.344368 
2457810.029041 -0.249219 
2457811.743169 -0.173662 
2457813.457297 -0.107989 
2457815.171425 -0.060145 
2457816.885553 -0.039259 
2457818.599681 -0.038033 
2457820.313808 -0.036821 
2457822.027936 -0.024602 
2457823.742064 -0.010352 
2457825.456192 -0.007759 
2457827.170320 -0.007926 
2457828.884448 0.025930 
2457830.598576 0.125195 
2457832.312704 0.268430 
2457834.026832 0.367854 
2457835.740960 0.315704 
2457837.455088 0.063570 
2457839.169216 -0.327961 
2457840.883344 -0.714526 
2457842.597472 -0.953969 
2457844.311599 -0.988932 
2457846.025727 -0.865658 
2457847.739855 -0.682426 
2457849.453983 -0.516719 
2457851.168111 -0.389514 
2457852.882239 -0.284124 
2457854.596367 -0.187466 
2457856.310495 -0.109215 
2457858.024623 -0.065682 
2457859.738751 -0.054428 
2457861.452879 -0.052266 
2457863.167007 -0.039313 
2457864.881135 -0.019887 
2457866.595263 -0.013024 
2457868.309390 -0.020206 
2457870.023518 -0.007938 
2457871.737646 0.066959 
2457873.451774 0.205248 
2457875.165902 0.336780 
2457876.880030 0.352988 
2457878.594158 0.184250 
2457880.308286 -0.139210 
2457882.022414 -0.496519 
2457883.736542 -0.752011 
2457885.450670 -0.838416 
2457887.164798 -0.783683 
2457888.878926 -0.667998 
2457890.593054 -0.555638 
2457892.307181 -0.460226 
2457894.021309 -0.363390 
2457895.735437 -0.256008 
2457897.449565 -0.156539 
2457899.163693 -0.091851 
2457900.877821 -0.067129 
2457902.591949 -0.060340 
2457904.306077 -0.046921 
2457906.020205 -0.025769 
2457907.734333 -0.015989 
2457909.448461 -0.026894 
2457911.162589 -0.035652 
2457912.876717 -0.002151 
2457914.590845 0.088079 
2457916.304972 0.195304 
2457918.019100 0.245301 
2457919.733228 0.186318 
2457921.447356 0.033980 
2457923.161484 -0.137809 
2457924.875612 -0.253796 
2457926.589740 -0.292285 
2457928.303868 -0.290658 
2457930.017996 -0.300421 
2457931.732124 -0.336395 
2457933.446252 -0.366820 
2457935.160380 -0.349577 
2457936.874508 -0.276032 
2457938.588636 -0.179977 
2457940.302763 -0.106104 
2457942.016891 -0.071945 
2457943.731019 -0.060384 
2457945.445147 -0.046066 
2457947.159275 -0.024547 
2457948.873403 -0.013012 
2457950.587531 -0.024145 
2457952.301659 -0.044439 
2457954.015787 -0.043342 
2457955.729915 -0.005241 
2457957.444043 0.050562 
2457959.158171 0.086496 
2457960.872299 0.086139 
2457962.586427 0.075762 
2457964.300554 0.101649 
2457966.014682 0.180656 
2457967.728810 0.271541 
2457969.442938 0.299196 
2457971.157066 0.215288 
2457972.871194 0.042875 
2457974.585322 -0.135571 
2457976.299450 -0.237603 
2457978.013578 -0.237191 
2457979.727706 -0.172470 
2457981.441834 -0.104288 
2457983.155962 -0.066990 
2457984.870090 -0.053679 
2457986.584218 -0.040890 
2457988.298345 -0.020680 
2457990.012473 -0.006851 
2457991.726601 -0.013622 
2457993.440729 -0.034749 
2457995.154857 -0.048147 
2457996.868985 -0.040513 
2457998.583113 -0.022380 
2458000.297241 -0.013294 
2458002.011369 -0.010601 
2458003.725497 0.022374 
2458005.439625 0.128174 
2458007.153753 0.306943 
2458008.867881 0.493757 
2458010.582009 0.590227 
2458012.296136 0.531659 
2458014.010264 0.336567 
2458015.724392 0.096963 
2458017.438520 -0.083543 
2458019.152648 -0.154297 
2458020.866776 -0.136280 
2458022.580904 -0.087873 
2458024.295032 -0.053854 
2458026.009160 -0.040947 
2458027.723288 -0.032352 
2458029.437416 -0.017253 
2458031.151544 -0.003280 
2458032.865672 -0.003613 
2458034.579800 -0.018383 
2458036.293927 -0.033451 
2458038.008055 -0.037363 
2458039.722183 -0.035037 
2458041.436311 -0.039400 
2458043.150439 -0.047477 
2458044.864567 -0.028236 
2458046.578695 0.057964 
2458048.292823 0.219478 
2458050.006951 0.408666 
2458051.721079 0.540217 
2458053.435207 0.544458 
2458055.149335 0.415625 
2458056.863463 0.216629 
2458058.577591 0.036624 
2458060.291718 -0.064793 
2458062.005846 -0.085033 
2458063.719974 -0.062478 
2458065.434102 -0.037717 
2458067.148230 -0.026473 
2458068.862358 -0.021622 
2458070.576486 -0.013232 
2458072.290614 -0.002743 
2458074.004742 0.000857 
2458075.718870 -0.006055 
2458077.432998 -0.016730 
2458079.147126 -0.022590 
2458080.861254 -0.024069 
2458082.575382 -0.029198 
2458084.289509 -0.039324 
2458086.003637 -0.037574 
2458087.717765 0.003892 
2458089.431893 0.099362 
2458091.146021 0.228296 
2458092.860149 0.338772 
2458094.574277 0.377507 
2458096.288405 0.324961 
2458098.002533 0.208315 
2458099.716661 0.082544 
2458101.430789 -0.004948 
2458103.144917 -0.039234 
2458104.859045 -0.036526 
2458106.573172 -0.023121 
2458108.287300 -0.014813 
2458110.001428 -0.011906 
2458111.715556 -0.008445 
2458113.429684 -0.002752 
2458115.143812 0.001076 
2458116.857940 -0.000570 
2458118.572068 -0.005903 
2458120.286196 -0.010117 
2458122.000324 -0.011619 
2458123.714452 -0.013849 
2458125.428580 -0.019464 
2458127.142708 -0.022857 
2458128.856836 -0.010395 
2458130.570963 0.029068 
2458132.285091 0.091487 
2458133.999219 0.154709 
2458135.713347 0.190001 
2458137.427475 0.180334 
2458139.141603 0.131496 
2458140.855731 0.067630 
2458142.569859 0.015202 
2458144.283987 -0.012113 
2458145.998115 -0.017317 
2458147.712243 -0.012418 
2458149.426371 -0.007529 
2458151.140499 -0.005519 
2458152.854627 -0.004311 
2458154.568754 -0.002117 
2458156.282882 0.000117 
2458157.997010 0.000462 
2458159.711138 -0.001270 
2458161.425266 -0.003300 
2458163.139394 -0.004186 
2458164.853522 -0.004550 
2458166.567650 -0.005867 
2458168.281778 -0.007445 
2458169.995906 -0.005177 
2458171.710034 0.005749 
2458173.424162 0.026002 
2458175.138290 0.049521 
2458176.852418 0.066106 
2458178.566545 0.067711 
2458180.280673 0.053713 
2458181.994801 0.031128 
2458183.708929 0.009842 
2458185.423057 -0.003330 
2458187.137185 -0.007522 
2458188.851313 -0.006304 
2458190.565441 -0.003918 
2458192.279569 -0.002491 
2458193.993697 -0.001884 
2458195.707825 -0.001261 
2458197.421953 -0.000447 
2458199.136081 0.000049 
2458200.850209 -0.000143 
2458202.564336 -0.000740 
2458204.278464 -0.001126 
2458205.992592 -0.000996 
2458207.706720 -0.000538 
2458209.420848 0.000024 
2458211.134976 0.000932 
2458212.849104 0.002786 
2458214.563232 0.005828 
2458216.277360 0.009327 
2458217.991488 0.011733 
2458219.705616 0.011607 
2458221.419744 0.008628 
2458223.133872 0.003880 
2458224.848000 -0.000787 
2458226.562127 -0.003816 
2458228.276255 -0.004695 
2458229.990383 -0.003968 
2458231.704511 -0.002656 
2458233.418639 -0.001577 
2458235.132767 -0.001002 
2458236.846895 -0.000758 
2458238.561023 -0.000564 
2458240.275151 -0.000324 
2458241.989279 -0.000151 
2458243.703407 -0.000175 
2458245.417535 -0.000317 
2458247.131663 -0.000260 
2458248.845791 0.000322 
2458250.559918 0.001430 
2458252.274046 0.002596 
2458253.988174 0.003095 
2458255.702302 0.002409 
2458257.416430 0.000604 
2458259.130558 -0.001684 
2458260.844686 -0.003651 
2458262.558814 -0.004814 
2458264.272942 -0.005191 
2458265.987070 -0.005098 
2458267.701198 -0.004791 
2458269.415326 -0.004291 
2458271.129454 -0.003512 
2458272.843582 -0.002512 
2458274.557709 -0.001550 
2458276.271837 -0.000907 
2458277.985965 -0.000640 
2458279.700093 -0.000556 
2458281.414221 -0.000431 
2458283.128349 -0.000240 
2458284.842477 -0.000140 
2458286.556605 -0.000227 
2458288.270733 -0.000323 
2458289.984861 -0.000078 
2458291.698989 0.000669 
2458293.413117 0.001622 
2458295.127245 0.002149 
2458296.841373 0.001761 
2458298.555500 0.000524 
2458300.269628 -0.000964 
2458301.983756 -0.002036 
2458303.697884 -0.002447 
2458305.412012 -0.002478 
2458307.126140 -0.002577 
2458308.840268 -0.002904 
2458310.554396 -0.003209 
2458312.268524 -0.003114 
2458313.982652 -0.002510 
2458315.696780 -0.001665 
2458317.410908 -0.000983 
2458319.125036 -0.000649 
2458320.839164 -0.000539 
2458322.553291 -0.000421 
2458324.267419 -0.000234 
2458325.981547 -0.000115 
2458327.695675 -0.000194 
2458329.409803 -0.000376 
2458331.123931 -0.000397 
2458332.838059 -0.000095 
2458334.552187 0.000392 
2458336.266315 0.000736 
2458337.980443 0.000762 
2458339.694571 0.000664 
2458341.408699 0.000850 
2458343.122827 0.001510 
2458344.836955 0.002331 
2458346.551082 0.002661 
2458348.265210 0.002026 
2458349.979338 0.000562 
2458351.693466 -0.001040 
2458353.407594 -0.002029 
2458355.121722 -0.002113 
2458356.835850 -0.001580 
2458358.549978 -0.000965 
2458360.264106 -0.000608 
2458361.978234 -0.000479 
2458363.692362 -0.000374 
2458365.406490 -0.000200 
2458367.120618 -0.000065 
2458368.834746 -0.000105 
2458370.548873 -0.000285 
2458372.263001 -0.000418 
2458373.977129 -0.000370 
2458375.691257 -0.000212 
2458377.405385 -0.000121 
2458379.119513 -0.000103 
2458380.833641 0.000140 
2458382.547769 0.000994 
2458384.261897 0.002515 
2458385.976025 0.004187 
2458387.690153 0.005153 
2458389.404281 0.004786 
2458391.118409 0.003169 
2458392.832537 0.001062 
2458394.546664 -0.000607 
2458396.260792 -0.001329 
2458397.974920 -0.001231 
2458399.689048 -0.000812 
2458401.403176 -0.000492 
2458403.117304 -0.000366 
2458404.831432 -0.000293 
2458406.545560 -0.000166 
2458408.259688 -0.000037 
2458409.973816 -0.000024 
2458411.687944 -0.000145 
2458413.402072 -0.000283 
2458415.116200 -0.000328 
2458416.830328 -0.000308 
2458418.544455 -0.000338 
2458420.258583 -0.000414 
2458421.972711 -0.000288 
2458423.686839 0.000396 
2458425.400967 0.001754 
2458427.115095 0.003419 
2458428.829223 0.004659 
2458430.543351 0.004826 
2458432.257479 0.003801 
2458433.971607 0.002085 
2458435.685735 0.000459 
2458437.399863 -0.000511 
2458439.113991 -0.000750 
2458440.828119 -0.000573 
2458442.542246 -0.000347 
2458444.256374 -0.000237 
2458445.970502 -0.000194 
2458447.684630 -0.000125 
2458449.398758 -0.000032 
2458451.112886 0.000009 
2458452.827014 -0.000044 
2458454.541142 -0.000138 
2458456.255270 -0.000195 
2458457.969398 -0.000209 
2458459.683526 -0.000248 
2458461.397654 -0.000336 
2458463.111782 -0.000343 
2458464.825910 -0.000026 
2458466.540037 0.000763 
2458468.254165 0.001879 
2458469.968293 0.002887 
2458471.682421 0.003306 
2458473.396549 0.002925 
2458475.110677 0.001942 
2458476.824805 0.000827 
2458478.538933 0.000015 
2458480.253061 -0.000331 
2458481.967189 -0.000330 
2458483.681317 -0.000213 
2458485.395445 -0.000134 
2458487.109573 -0.000106 
2458488.823701 -0.000078 
2458490.537828 -0.000029 
2458492.251956 0.000008 
2458493.966084 -0.000001 
2458495.680212 -0.000047 
2458497.394340 -0.000086 
2458499.108468 -0.000101 
2458500.822596 -0.000118 
2458502.536724 -0.000164 
2458504.250852 -0.000201 
2458505.964980 -0.000112 
2458507.679108 0.000207 
2458509.393236 0.000738 
2458511.107364 0.001302 
2458512.821492 0.001646 
2458514.535619 0.001603 
2458516.249747 0.001204 
2458517.963875 0.000648 
2458519.678003 0.000171 
2458521.392131 -0.000091 
2458523.106259 -0.000153 
2458524.820387 -0.000114 
2458526.534515 -0.000069 
2458528.248643 -0.000049 
2458529.962771 -0.000039 
2458531.676899 -0.000021 
2458533.391027 -0.000000 
2458535.105155 0.000005 
2458536.819283 -0.000009 
2458538.533410 -0.000027 
2458540.247538 -0.000036 
2458541.961666 -0.000039 
2458543.675794 -0.000049 
2458545.389922 -0.000064 
2458547.104050 -0.000050 
2458548.818178 0.000036 
2458550.532306 0.000206 
2458552.246434 0.000412 
2458553.960562 0.000567 
2458555.674690 0.000596 
2458557.388818 0.000486 
2458559.102946 0.000293 
2458560.817074 0.000102 
2458562.531201 -0.000021 
2458564.245329 -0.000065 
2458565.959457 -0.000057 
2458567.673585 -0.000036 
2458569.387713 -0.000023 
2458571.101841 -0.000017 
2458572.815969 -0.000012 
2458574.530097 -0.000005 
2458576.244225 0.000000 
2458577.958353 -0.000001 
2458579.672481 -0.000006 
2458581.386609 -0.000010 
2458583.100737 -0.000009 
2458584.814865 -0.000005 
2458586.528992 -0.000000 
2458588.243120 0.000007 
2458589.957248 0.000022 
2458591.671376 0.000048 
2458593.385504 0.000078 
2458595.099632 0.000101 
2458596.813760 0.000102 
2458598.527888 0.000078 
2458600.242016 0.000038 
2458601.956144 -0.000004 
2458603.670272 -0.000032 
2458605.384400 -0.000041 
2458607.098528 -0.000036 
2458608.812656 -0.000024 
2458610.526783 -0.000015 
2458612.240911 -0.000009 
2458613.955039 -0.000007 
2458615.669167 -0.000005 
2458617.383295 -0.000003 
2458619.097423 -0.000001 
2458620.811551 -0.000001 
2458622.525679 -0.000003 
2458624.239807 -0.000002 
2458625.953935 0.000002 
2458627.668063 0.000011 
2458629.382191 0.000022 
2458631.096319 0.000027 
2458632.810447 0.000022 
2458634.524574 0.000007 
2458636.238702 -0.000013 
2458637.952830 -0.000031 
2458639.666958 -0.000042 
2458641.381086 -0.000045 
2458643.095214 -0.000045 
2458644.809342 -0.000042 
2458646.523470 -0.000038 
2458648.237598 -0.000032 
2458649.951726 -0.000023 
2458651.665854 -0.000014 
2458653.379982 -0.000008 
2458655.094110 -0.000006 
2458656.808238 -0.000005 
2458658.522365 -0.000004 
2458660.236493 -0.000002 
2458661.950621 -0.000001 
2458663.664749 -0.000002 
2458665.378877 -0.000003 
2458667.093005 -0.000001 
2458668.807133 0.000005 
2458670.521261 0.000013 
2458672.235389 0.000019 
2458673.949517 0.000016 
2458675.663645 0.000006 
2458677.377773 -0.000007 
2458679.091901 -0.000017 
2458680.806029 -0.000021 
2458682.520156 -0.000022 
2458684.234284 -0.000022 
2458685.948412 -0.000025 
2458687.662540 -0.000028 
2458689.376668 -0.000028 
2458691.090796 -0.000023 
2458692.804924 -0.000015 
2458694.519052 -0.000009 
2458696.233180 -0.000006 
2458697.947308 -0.000005 
2458699.661436 -0.000004 
2458701.375564 -0.000002 
2458703.089692 -0.000001 
2458704.803820 -0.000001 
2458706.517947 -0.000003 
2458708.232075 -0.000004 
2458709.946203 -0.000001 
2458711.660331 0.000003 
2458713.374459 0.000006 
2458715.088587 0.000007 
2458716.802715 0.000006 
2458718.516843 0.000007 
2458720.230971 0.000013 
2458721.945099 0.000020 
2458723.659227 0.000024 
2458725.373355 0.000019 
2458727.087483 0.000007 
2458728.801611 -0.000008 
2458730.515738 -0.000017 
2458732.229866 -0.000019 
2458733.943994 -0.000014 
2458735.658122 -0.000009 
2458737.372250 -0.000006 
2458739.086378 -0.000005 
2458740.800506 -0.000004 
2458742.514634 -0.000002 
2458744.228762 -0.000001 
2458745.942890 -0.000001 
2458747.657018 -0.000002 
2458749.371146 -0.000003 
2458751.085274 -0.000003 
2458752.799402 -0.000002 
2458754.513529 -0.000001 
2458756.227657 -0.000001 
2458757.941785 0.000001 
2458759.655913 0.000008 
2458761.370041 0.000020 
2458763.084169 0.000035 
2458764.798297 0.000045 
2458766.512425 0.000043 
2458768.226553 0.000030 
2458769.940681 0.000011 
2458771.654809 -0.000004 
2458773.368937 -0.000011 
2458775.083065 -0.000011 
2458776.797193 -0.000007 
2458778.511320 -0.000005 
2458780.225448 -0.000004 
2458781.939576 -0.000003 
2458783.653704 -0.000002 
2458785.367832 -0.000000 
2458787.081960 0.000000 
2458788.796088 -0.000001 
2458790.510216 -0.000002 
2458792.224344 -0.000003 
2458793.938472 -0.000003 
2458795.652600 -0.000003 
2458797.366728 -0.000004 
2458799.080856 -0.000003 
2458800.794984 0.000002 
2458802.509111 0.000014 
2458804.223239 0.000028 
2458805.937367 0.000040 
2458807.651495 0.000043 
2458809.365623 0.000035 
2458811.079751 0.000020 
2458812.793879 0.000006 
2458814.508007 -0.000004 
2458816.222135 -0.000006 
2458817.936263 -0.000005 
2458819.650391 -0.000003 
2458821.364519 -0.000003 
2458823.078647 -0.000003 
2458824.792775 -0.000002 
2458826.506902 -0.000001 
2458828.221030 0.000000 
2458829.935158 0.000001 
2458831.649286 -0.000000 
2458833.363414 -0.000001 
2458835.077542 -0.000002 
2458836.791670 -0.000002 
2458838.505798 -0.000003 
2458840.219926 -0.000003 
2458841.934054 -0.000001 
2458843.648182 0.000006 
2458845.362310 0.000015 
2458847.076438 0.000024 
2458848.790566 0.000029 
2458850.504693 0.000027 
2458852.218821 0.000019 
2458853.932949 0.000009 
2458855.647077 0.000001 
2458857.361205 -0.000002 
2458859.075333 -0.000003 
2458860.789461 -0.000002 
2458862.503589 -0.000002 
2458864.217717 -0.000002 
2458865.931845 -0.000002 
2458867.645973 -0.000001 
2458869.360101 0.000000 
2458871.074229 0.000001 
2458872.788357 0.000001 
2458874.502484 0.000000 
2458876.216612 -0.000000 
2458877.930740 -0.000001 
2458879.644868 -0.000001 
2458881.358996 -0.000002 
2458883.073124 -0.000001 
2458884.787252 0.000001 
2458886.501380 0.000005 
2458888.215508 0.000010 
2458889.929636 0.000014 
2458891.643764 0.000015 
2458893.357892 0.000012 
2458895.072020 0.000007 
2458896.786148 0.000003 
2458898.500275 0.000000 
2458900.214403 -0.000001 
2458901.928531 -0.000001 
2458903.642659 -0.000001 
2458905.356787 -0.000001 
2458907.070915 -0.000001 
2458908.785043 -0.000000 
2458910.499171 0.000001 
2458912.213299 0.000001 
2458913.927427 0.000001 
2458915.641555 0.000001 
2458917.355683 0.000001 
2458919.069811 0.000000 
2458920.783939 -0.000000 
2458922.498066 -0.000000 
2458924.212194 -0.000000 
2458925.926322 0.000000 
2458927.640450 0.000001 
2458929.354578 0.000003 
2458931.068706 0.000005 
2458932.782834 0.000005 
2458934.496962 0.000005 
2458936.211090 0.000004 
2458937.925218 0.000002 
2458939.639346 0.000001 
2458941.353474 -0.000000 
2458943.067602 -0.000001 
2458944.781730 -0.000001 
2458946.495857 -0.000001 
2458948.209985 -0.000001 
2458949.924113 -0.000000 
2458951.638241 0.000001 
2458953.352369 0.000001 
2458955.066497 0.000001 
2458956.780625 0.000001 
2458958.494753 0.000001 
2458960.208881 0.000001 
2458961.923009 0.000001 
2458963.637137 0.000000 
2458965.351265 0.000000 
2458967.065393 0.000000 
2458968.779521 0.000000 
2458970.493648 0.000000 
2458972.207776 0.000001 
2458973.921904 0.000001 
2458975.636032 0.000001 
2458977.350160 0.000001 
2458979.064288 0.000001 
2458980.778416 0.000001 
2458982.492544 0.000000 
2458984.206672 -0.000000 
2458985.920800 -0.000001 
2458987.634928 -0.000001 
2458989.349056 -0.000001 
2458991.063184 -0.000001 
2458992.777312 -0.000000 
2458994.491439 0.000000 
2458996.205567 0.000001 
2458997.919695 0.000001 
2458999.633823 0.000001 
2459001.347951 0.000001 
2459003.062079 0.000001 
2459004.776207 0.000001 
2459006.490335 0.000000 
2459008.204463 0.000000 
2459009.918591 0.000000 
2459011.632719 -0.000000 
2459013.346847 -0.000001 
2459015.060975 -0.000000 
2459016.775103 -0.000000 
2459018.489230 0.000000 
2459020.203358 0.000001 
2459021.917486 0.000001 
2459023.631614 0.000000 
2459025.345742 0.000000 
2459027.059870 0.000000 
2459028.773998 -0.000000 
2459030.488126 -0.000002 
2459032.202254 -0.000004 
2459033.916382 -0.000005 
2459035.630510 -0.000004 
2459037.344638 -0.000001 
2459039.058766 0.000002 
2459040.772894 0.000003 
2459042.487021 0.000003 
2459044.201149 0.000001 
2459045.915277 -0.000000 
2459047.629405 -0.000001 
2459049.343533 -0.000000 
2459051.057661 0.000000 
2459052.771789 -0.000000 
2459054.485917 -0.000001 
2459056.200045 -0.000002 
2459057.914173 -0.000001 
2459059.628301 0.000001 
2459061.342429 0.000002 
2459063.056557 0.000002 
2459064.770685 0.000002 
2459066.484812 0.000003 
2459068.198940 0.000003 
2459069.913068 0.000002 
2459071.627196 -0.000003 
2459073.341324 -0.000010 
2459075.055452 -0.000016 
2459076.769580 -0.000015 
2459078.483708 -0.000008 
2459080.197836 0.000002 
2459081.911964 0.000009 
2459083.626092 0.000010 
2459085.340220 0.000005 
2459087.054348 -0.000000 
2459088.768476 -0.000003 
2459090.482603 -0.000002 
2459092.196731 -0.000000 
2459093.910859 -0.000001 
2459095.624987 -0.000004 
2459097.339115 -0.000005 
2459099.053243 -0.000003 
2459100.767371 0.000002 
2459102.481499 0.000007 
2459104.195627 0.000009 
2459105.909755 0.000009 
2459107.623883 0.000009 
2459109.338011 0.000010 
2459111.052139 0.000007 
2459112.766267 -0.000002 
2459114.480394 -0.000019 
2459116.194522 -0.000035 
2459117.908650 -0.000039 
2459119.622778 -0.000026 
2459121.336906 -0.000002 
2459123.051034 0.000020 
2459124.765162 0.000027 
2459126.479290 0.000019 
2459128.193418 0.000005 
2459129.907546 -0.000005 
2459131.621674 -0.000005 
2459133.335802 -0.000002 
2459135.049930 -0.000001 
2459136.764058 -0.000007 
2459138.478185 -0.000013 
2459140.192313 -0.000012 
2459141.906441 -0.000001 
2459143.620569 0.000012 
2459145.334697 0.000022 
2459147.048825 0.000025 
2459148.762953 0.000024 
2459150.477081 0.000022 
2459152.191209 0.000017 
2459153.905337 0.000002 
2459155.619465 -0.000026 
2459157.333593 -0.000057 
2459159.047721 -0.000073 
2459160.761849 -0.000058 
2459162.475976 -0.000016 
2459164.190104 0.000031 
2459165.904232 0.000057 
2459167.618360 0.000051 
2459169.332488 0.000024 
2459171.046616 -0.000000 
2459172.760744 -0.000009 
2459174.474872 -0.000004 
2459176.189000 -0.000000 
2459177.903128 -0.000008 
2459179.617256 -0.000022 
2459181.331384 -0.000027 
2459183.045512 -0.000014 
2459184.759640 0.000013 
2459186.473767 0.000039 
2459188.187895 0.000051 
2459189.902023 0.000051 
2459191.616151 0.000044 
2459193.330279 0.000033 
2459195.044407 0.000012 
2459196.758535 -0.000027 
2459198.472663 -0.000074 
2459200.186791 -0.000105 
2459201.900919 -0.000094 
2459203.615047 -0.000038 
2459205.329175 0.000037 
2459207.043303 0.000092 
2459208.757431 0.000098 
2459210.471558 0.000064 
2459212.185686 0.000021 
2459213.899814 -0.000003 
2459215.613942 -0.000003 
2459217.328070 0.000003 
2459219.042198 -0.000005 
2459220.756326 -0.000026 
2459222.470454 -0.000043 
2459224.184582 -0.000034 
2459225.898710 0.000003 
2459227.612838 0.000049 
2459229.326966 0.000081 
2459231.041094 0.000090 
2459232.755222 0.000079 
2459234.469349 0.000056 
2459236.183477 0.000023 
2459237.897605 -0.000024 
2459239.611733 -0.000080 
2459241.325861 -0.000119 
2459243.039989 -0.000114 
2459244.754117 -0.000053 
2459246.468245 0.000040 
2459248.182373 0.000119 
2459249.896501 0.000145 
2459251.610629 0.000116 
2459253.324757 0.000061 
2459255.038885 0.000020 
2459256.753013 0.000008 
2459258.467140 0.000012 
2459260.181268 0.000005 
2459261.895396 -0.000021 
2459263.609524 -0.000049 
2459265.323652 -0.000052 
2459267.037780 -0.000018 
2459268.751908 0.000042 
2459270.466036 0.000097 
2459272.180164 0.000123 
2459273.894292 0.000116 
2459275.608420 0.000083 
2459277.322548 0.000034 
2459279.036676 -0.000022 
2459280.750804 -0.000077 
2459282.464931 -0.000110 
2459284.179059 -0.000100 
2459285.893187 -0.000040 
2459287.607315 0.000051 
2459289.321443 0.000133 
2459291.035571 0.000169 
2459292.749699 0.000151 
2459294.463827 0.000103 
2459296.177955 0.000058 
2459297.892083 0.000037 
2459299.606211 0.000031 
2459301.320339 0.000021 
2459303.034467 -0.000006 
2459304.748595 -0.000039 
2459306.462722 -0.000054 
2459308.176850 -0.000033 
2459309.890978 0.000021 
2459311.605106 0.000084 
2459313.319234 0.000128 
2459315.033362 0.000134 
2459316.747490 0.000102 
2459318.461618 0.000044 
2459320.175746 -0.000020 
2459321.889874 -0.000070 
2459323.604002 -0.000089 
2459325.318130 -0.000068 
2459327.032258 -0.000010 
2459328.746386 0.000064 
2459330.460513 0.000127 
2459332.174641 0.000157 
2459333.888769 0.000150 
2459335.602897 0.000122 
2459337.317025 0.000090 
2459339.031153 0.000069 
2459340.745281 0.000056 
2459342.459409 0.000040 
2459344.173537 0.000014 
2459345.887665 -0.000017 
2459347.601793 -0.000038 
2459349.315921 -0.000032 
2459351.030049 0.000003 
2459352.744177 0.000056 
2459354.458304 0.000101 
2459356.172432 0.000118 
2459357.886560 0.000099 
2459359.600688 0.000054 
2459361.314816 0.000002 
2459363.028944 -0.000041 
2459364.743072 -0.000069 
2459366.457200 -0.000078 
2459368.171328 -0.000068 
2459369.885456 -0.000033 
2459371.599584 0.000024 
2459373.313712 0.000089 
2459375.027840 0.000138 
2459376.741968 0.000151 
2459378.456095 0.000126 
2459380.170223 0.000084 
2459381.884351 0.000050 
2459383.598479 0.000033 
2459385.312607 0.000022 
2459387.026735 0.000001 
2459388.740863 -0.000029 
2459390.454991 -0.000046 
2459392.169119 -0.000027 
2459393.883247 0.000028 
2459395.597375 0.000087 
2459397.311503 0.000116 
2459399.025631 0.000109 
2459400.739759 0.000093 
2459402.453886 0.000090 
2459404.168014 0.000077 
2459405.882142 0.000000 
2459407.596270 -0.000173 
2459409.310398 -0.000389 
2459411.024526 -0.000520 
2459412.738654 -0.000449 
2459414.452782 -0.000177 
2459416.166910 0.000155 
2459417.881038 0.000358 
2459419.595166 0.000337 
2459421.309294 0.000158 
2459423.023422 -0.000017 
2459424.737550 -0.000072 
2459426.451677 -0.000028 
2459428.165805 0.000003 
2459429.879933 -0.000053 
2459431.594061 -0.000151 
2459433.308189 -0.000174 
2459435.022317 -0.000058 
2459436.736445 0.000132 
2459438.450573 0.000272 
2459440.164701 0.000307 
2459441.878829 0.000303 
2459443.592957 0.000351 
2459445.307085 0.000405 
2459447.021213 0.000259 
2459448.735341 -0.000266 
2459450.449468 -0.001076 
2459452.163596 -0.001749 
2459453.877724 -0.001798 
2459455.591852 -0.001066 
2459457.305980 0.000083 
2459459.020108 0.000984 
2459460.734236 0.001159 
2459462.448364 0.000667 
2459464.162492 0.000007 
2459465.876620 -0.000325 
2459467.590748 -0.000237 
2459469.304876 -0.000045 
2459471.019004 -0.000095 
2459472.733132 -0.000396 
2459474.447259 -0.000619 
2459476.161387 -0.000439 
2459477.875515 0.000117 
2459479.589643 0.000705 
2459481.303771 0.001009 
2459483.017899 0.001045 
2459484.732027 0.001059 
2459486.446155 0.001126 
2459488.160283 0.000900 
2459489.874411 -0.000115 
2459491.588539 -0.001949 
2459493.302667 -0.003812 
2459495.016795 -0.004478 
2459496.730923 -0.003227 
2459498.445050 -0.000551 
2459500.159178 0.002052 
2459501.873306 0.003138 
2459503.587434 0.002378 
2459505.301562 0.000716 
2459507.015690 -0.000504 
2459508.729818 -0.000657 
2459510.443946 -0.000212 
2459512.158074 -0.000095 
2459513.872202 -0.000684 
2459515.586330 -0.001435 
2459517.300458 -0.001444 
2459519.014586 -0.000373 
2459520.728713 0.001219 
2459522.442841 0.002423 
2459524.156969 0.002824 
2459525.871097 0.002730 
2459527.585225 0.002560 
2459529.299353 0.002093 
2459531.013481 0.000524 
2459532.727609 -0.002558 
2459534.441737 -0.006199 
2459536.155865 -0.008263 
2459537.869993 -0.006935 
2459539.584121 -0.002364 
2459541.298249 0.003080 
2459543.012377 0.006374 
2459544.726504 0.006040 
2459546.440632 0.003131 
2459548.154760 0.000177 
2459549.868888 -0.000971 
2459551.583016 -0.000487 
2459553.297144 0.000003 
2459555.011272 -0.000752 
2459556.725400 -0.002343 
2459558.439528 -0.003119 
2459560.153656 -0.001834 
2459561.867784 0.001135 
2459563.581912 0.004151 
2459565.296040 0.005788 
2459567.010168 0.005888 
2459568.724295 0.005177 
2459570.438423 0.003991 
2459572.152551 0.001667 
2459573.866679 -0.002557 
2459575.580807 -0.007945 
2459577.294935 -0.011814 
2459579.009063 -0.011150 
2459580.723191 -0.005179 
2459582.437319 0.003419 
2459584.151447 0.010042 
2459585.865575 0.011408 
2459587.579703 0.007875 
2459589.293831 0.002834 
2459591.007959 -0.000228 
2459592.722086 -0.000435 
2459594.436214 0.000318 
2459596.150342 -0.000331 
2459597.864470 -0.002721 
2459599.578598 -0.004814 
2459601.292726 -0.004165 
2459603.006854 -0.000251 
2459604.720982 0.005031 
2459606.435110 0.009005 
2459608.149238 0.010259 
2459609.863366 0.009178 
2459611.577494 0.006721 
2459613.291622 0.003082 
2459615.005750 -0.002151 
2459616.719877 -0.008457 
2459618.434005 -0.013335 
2459620.148133 -0.013388 
2459621.862261 -0.007051 
2459623.576389 0.003422 
2459625.290517 0.012860 
2459627.004645 0.016606 
2459628.718773 0.013783 
2459630.432901 0.007626 
2459632.147029 0.002624 
2459633.861157 0.000961 
2459635.575285 0.001300 
2459637.289413 0.000742 
2459639.003541 -0.002032 
2459640.717668 -0.005369 
2459642.431796 -0.006142 
2459644.145924 -0.002606 
2459645.860052 0.004016 
2459647.574180 0.010489 
2459649.288308 0.013946 
2459651.002436 0.013496 
2459652.716564 0.009957 
2459654.430692 0.004533 
2459656.144820 -0.001878 
2459657.858948 -0.008167 
2459659.573076 -0.012281 
2459661.287204 -0.011728 
2459663.001332 -0.005417 
2459664.715459 0.004754 
2459666.429587 0.014373 
2459668.143715 0.019134 
2459669.857843 0.017692 
2459671.571971 0.012362 
2459673.286099 0.007080 
2459675.000227 0.004327 
2459676.714355 0.003606 
2459678.428483 0.002588 
2459680.142611 -0.000281 
2459681.856739 -0.004097 
2459683.570867 -0.006148 
2459685.284995 -0.004183 
2459686.999123 0.001682 
2459688.713250 0.008929 
2459690.427378 0.014251 
2459692.141506 0.015428 
2459693.855634 0.012169 
2459695.569762 0.005800 
2459697.283890 -0.001545 
2459698.998018 -0.007545 
2459700.712146 -0.010151 
2459702.426274 -0.008166 
2459704.140402 -0.001938 
2459705.854530 0.006429 
2459707.568658 0.013826 
2459709.282786 0.017694 
2459710.996914 0.017373 
2459712.711041 0.014260 
2459714.425169 0.010643 
2459716.139297 0.008070 
2459717.853425 0.006495 
2459719.567553 0.004754 
2459721.281681 0.001913 
2459722.995809 -0.001638 
2459724.709937 -0.004205 
2459726.424065 -0.003927 
2459728.138193 -0.000189 
2459729.852321 0.005694 
2459731.566449 0.011063 
2459733.280577 0.013385 
2459734.994705 0.011658 
2459736.708832 0.006801 
2459738.422960 0.000864 
2459740.137088 -0.004261 
2459741.851216 -0.007611 
2459743.565344 -0.008942 
2459745.279472 -0.008026 
2459746.993600 -0.004424 
2459748.707728 0.001831 
2459750.421856 0.009320 
2459752.135984 0.015321 
2459753.850112 0.017321 
2459755.564240 0.014878 
2459757.278368 0.010092 
2459758.992496 0.005943 
2459760.706623 0.003838 
2459762.420751 0.002679 
2459764.134879 0.000482 
2459765.849007 -0.002972 
2459767.563135 -0.005277 
2459769.277263 -0.003532 
2459770.991391 0.002469 
2459772.705519 0.009388 
2459774.419647 0.013131 
2459776.133775 0.012692 
2459777.847903 0.010833 
2459779.562031 0.010303 
2459781.276159 0.009264 
2459782.990287 0.001478 
2459784.704414 -0.017332 
2459786.418542 -0.042257 
2459788.132670 -0.059055 
2459789.846798 -0.053619 
2459791.560926 -0.024291 
2459793.275054 0.014109 
2459794.989182 0.039737 
2459796.703310 0.039940 
2459798.417438 0.020500 
2459800.131566 -0.000418 
2459801.845694 -0.008343 
2459803.559822 -0.003961 
2459805.273950 0.000359 
2459806.988078 -0.005025 
2459808.702205 -0.016366 
2459810.416333 -0.020412 
2459812.130461 -0.008698 
2459813.844589 0.012938 
2459815.558717 0.030133 
2459817.272845 0.035180 
2459818.986973 0.034658 
2459820.701101 0.039418 
2459822.415229 0.046342 
2459824.129357 0.033222 
2459825.843485 -0.022209 
2459827.557613 -0.113276 
2459829.271741 -0.194836 
2459830.985869 -0.209650 
2459832.699996 -0.134094 
2459834.414124 -0.004130 
2459836.128252 0.105329 
2459837.842380 0.134897 
2459839.556508 0.084315 
2459841.270636 0.007596 
2459842.984764 -0.035774 
2459844.698892 -0.029622 
2459846.413020 -0.006647 
2459848.127148 -0.008564 
2459849.841276 -0.041434 
2459851.555404 -0.069975 
2459853.269532 -0.054925 
2459854.983660 0.005822 
2459856.697787 0.074910 
2459858.411915 0.113816 
2459860.126043 0.119938 
2459861.840171 0.120632 
2459863.554299 0.128590 
2459865.268427 0.109003 
2459866.982555 0.003853 
2459868.696683 -0.198847 
2459870.410811 -0.417960 
2459872.124939 -0.514037 
2459873.839067 -0.393547 
2459875.553195 -0.097551 
2459877.267323 0.209970 
2459878.981451 0.356694 
2459880.695578 0.288666 
2459882.409706 0.101743 
2459884.123834 -0.048622 
2459885.837962 -0.078155 
2459887.552090 -0.029408 
2459889.266218 -0.008277 
2459890.980346 -0.068623 
2459892.694474 -0.157590 
2459894.408602 -0.171107 
2459896.122730 -0.059955 
2459897.836858 0.120979 
2459899.550986 0.267129 
2459901.265114 0.322067 
2459902.979242 0.314335 
2459904.693369 0.295138 
2459906.407497 0.248902 
2459908.121625 0.086661 
2459909.835753 -0.249615 
2459911.549881 -0.668965 
2459913.264009 -0.935362 
2459914.978137 -0.827707 
2459916.692265 -0.334682 
2459918.406393 0.294003 
2459920.120521 0.708454 
2459921.834649 0.712324 
2459923.548777 0.397932 
2459925.262905 0.047820 
2459926.977033 -0.108089 
2459928.691160 -0.064892 
2459930.405288 0.000152 
2459932.119416 -0.070091 
2459933.833544 -0.249648 
2459935.547672 -0.357001 
2459937.261800 -0.236203 
2459938.975928 0.090571 
2459940.690056 0.444219 
2459942.404184 0.651356 
2459944.118312 0.677848 
2459945.832440 0.602330 
2459947.546568 0.473983 
2459949.260696 0.227026 
2459950.974824 -0.232688 
2459952.688951 -0.845011 
2459954.403079 -1.322075 
2459956.117207 -1.310030 
2459957.831335 -0.683110 
2459959.545463 0.290928 
2459961.259591 1.093230 
2459962.973719 1.317274 
2459964.687847 0.957538 
2459966.401975 0.378454 
2459968.116103 -0.005684 
2459969.830231 -0.057135 
2459971.544359 0.031634 
2459973.258487 -0.018817 
2459974.972615 -0.278508 
2459976.686742 -0.535702 
2459978.400870 -0.502102 
2459980.114998 -0.087707 
2459981.829126 0.514170 
2459983.543254 0.994809 
2459985.257382 1.171214 
2459986.971510 1.069738 
2459988.685638 0.802032 
2459990.399766 0.402240 
2459992.113894 -0.175741 
2459993.828022 -0.891628 
2459995.542150 -1.482644 
2459997.256278 -1.559211 
2459998.970406 -0.907330 
2460000.684533 0.262753 
2460002.398661 1.380526 
2460004.112789 1.888432 
2460005.826917 1.633045 
2460007.541045 0.945316 
2460009.255173 0.342765 
2460010.969301 0.114538 
2460012.683429 0.144507 
2460014.397557 0.103560 
2460016.111685 -0.190223 
2460017.825813 -0.580596 
2460019.539941 -0.713400 
2460021.254069 -0.360478 
2460022.968197 0.373640 
2460024.682324 1.132044 
2460026.396452 1.571333 
2460028.110580 1.564152 
2460029.824708 1.189703 
2460031.538836 0.587396 
2460033.252964 -0.137142 
2460034.967092 -0.864192 
2460036.681220 -1.371268 
2460038.395348 -1.372056 
2460040.109476 -0.715928 
2460041.823604 0.418109 
2460043.537732 1.545968 
2460045.251860 2.159565 
2460046.965988 2.061786 
2460048.680115 1.479967 
2460050.394243 0.859684 
2460052.108371 0.513302 
2460053.822499 0.417827 
2460055.536627 0.316677 
2460057.250755 0.011422 
2460058.964883 -0.425097 
2460060.679011 -0.694673 
2460062.393139 -0.523108 
2460064.107267 0.108807 
2460065.821395 0.935968 
2460067.535523 1.580201 
2460069.249651 1.768266 
2460070.963779 1.443986 
2460072.677906 0.742444 
2460074.392034 -0.098733 
2460076.106162 -0.813195 
2460077.820290 -1.157508 
2460079.534418 -0.977644 
2460081.248546 -0.292509 
2460082.962674 0.668755 
2460084.676802 1.544787 
2460086.390930 2.022258 
2460088.105058 2.006084 
2460089.819186 1.652238 
2460091.533314 1.233449 
2460093.247442 0.939999 
2460094.961570 0.768957 
2460096.675697 0.579903 
2460098.389825 0.258671 
2460100.103953 -0.151719 
2460101.818081 -0.458038 
2460103.532209 -0.451425 
2460105.246337 -0.063032 
2460106.960465 0.571483 
2460108.674593 1.175446 
2460110.388721 1.472170 
2460112.102849 1.316490 
2460113.816977 0.754054 
2460115.531105 -0.004680 
2460117.245233 -0.671888 
2460118.959361 -0.994204 
2460120.673488 -0.850586 
2460122.387616 -0.299916 
2460124.101744 0.446552 
2460125.815872 1.122727 
2460127.530000 1.530421 
2460129.244128 1.620677 
2460130.958256 1.486912 
2460132.672384 1.278102 
2460134.386512 1.093575 
2460136.100640 0.931926 
2460137.814768 0.725137 
2460139.528896 0.425348 
2460141.243024 0.073736 
2460142.957152 -0.203413 
2460144.671279 -0.270412 
2460146.385407 -0.075492 
2460148.099535 0.303992 
2460149.813663 0.694348 
2460151.527791 0.912663 
2460153.241919 0.852909 
2460154.956047 0.524995 
2460156.670175 0.037347 
2460158.384303 -0.453706 
2460160.098431 -0.797330 
2460161.812559 -0.888520 
2460163.526687 -0.694574 
2460165.240815 -0.267259 
2460166.954943 0.268428 
2460168.669070 0.757161 
2460170.383198 1.076836 
2460172.097326 1.188729 
2460173.811454 1.139366 
2460175.525582 1.010560 
2460177.239710 0.855630 
2460178.953838 0.673739 
2460180.667966 0.442726 
2460182.382094 0.177528 
2460184.096222 -0.045384 
2460185.810350 -0.129072 
2460187.524478 -0.033115 
2460189.238606 0.181277 
2460190.952734 0.382791 
2460192.666861 0.456195 
2460194.380989 0.371760 
2460196.095117 0.181788 
2460197.809245 -0.044229 
2460199.523373 -0.278150 
2460201.237501 -0.527687 
2460202.951629 -0.776795 
2460204.665757 -0.941382 
2460206.379885 -0.900380 
2460208.094013 -0.589207 
2460209.808141 -0.075116 
2460211.522269 0.460315 
2460213.236397 0.827889 
2460214.950525 0.943368 
2460216.664652 0.856756 
2460218.378780 0.683442 
2460220.092908 0.507317 
2460221.807036 0.342227 
2460223.521164 0.173221 
2460225.235292 0.018921 
2460226.949420 -0.059873 
2460228.663548 -0.018262 
2460230.377676 0.110608 
2460232.091804 0.222229 
2460233.805932 0.221280 
2460235.520060 0.102397 
2460237.234188 -0.050223 
2460238.948316 -0.149751 
2460240.662443 -0.197764 
2460242.376571 -0.285948 
2460244.090699 -0.497333 
2460245.804827 -0.796141 
2460247.518955 -1.016034 
2460249.233083 -0.972569 
2460250.947211 -0.611619 
2460252.661339 -0.067130 
2460254.375467 0.423593 
2460256.089595 0.677839 
2460257.803723 0.671241 
2460259.517851 0.514080 
2460261.231979 0.339530 
2460262.946107 0.210076 
2460264.660234 0.113804 
2460266.374362 0.028240 
2460268.088490 -0.030049 
2460269.802618 -0.023362 
2460271.516746 0.048748 
2460273.230874 0.123959 
2460274.945002 0.122819 
2460276.659130 0.024823 
2460278.373258 -0.105129 
2460280.087386 -0.175683 
2460281.801514 -0.162588 
2460283.515642 -0.144027 
2460285.229770 -0.233770 
2460286.943898 -0.465396 
2460288.658025 -0.734081 
2460290.372153 -0.857629 
2460292.086281 -0.713459 
2460293.800409 -0.338467 
2460295.514537 0.091756 
2460297.228665 0.385664 
2460298.942793 0.458903 
2460300.656921 0.364144 
2460302.371049 0.219726 
2460304.085177 0.111887 
2460305.799305 0.053227 
2460307.513433 0.015339 
2460309.227561 -0.016008 
2460310.941689 -0.024325 
2460312.655816 0.005763 
2460314.369944 0.053220 
2460316.084072 0.068436 
2460317.798200 0.020839 
2460319.512328 -0.064243 
2460321.226456 -0.123576 
2460322.940584 -0.117856 
2460324.654712 -0.078029 
2460326.368840 -0.085706 
2460328.082968 -0.198165 
2460329.797096 -0.383970 
2460331.511224 -0.531104 
2460333.225352 -0.527133 
2460334.939480 -0.346637 
2460336.653607 -0.073407 
2460338.367735 0.159571 
2460340.081863 0.261153 
2460341.795991 0.231783 
2460343.510119 0.140477 
2460345.224247 0.059920 
2460346.938375 0.018549 
2460348.652503 0.002537 
2460350.366631 -0.009008 
2460352.080759 -0.017611 
2460353.794887 -0.011428 
2460355.509015 0.010650 
2460357.223143 0.028838 
2460358.937271 0.019939 
2460360.651398 -0.016373 
2460362.365526 -0.052849 
2460364.079654 -0.060275 
2460365.793782 -0.039585 
2460367.507910 -0.026995 
2460369.222038 -0.062955 
2460370.936166 -0.151082 
2460372.650294 -0.245418 
2460374.364422 -0.280658 
2460376.078550 -0.221862 
2460377.792678 -0.092425 
2460379.506806 0.042423 
2460381.220934 0.121780 
2460382.935062 0.127130 
2460384.649189 0.084723 
2460386.363317 0.036553 
2460388.077445 0.008249 
2460389.791573 -0.000908 
2460391.505701 -0.004262 
2460393.219829 -0.009125 
2460394.933957 -0.011575 
2460396.648085 -0.005913 
2460398.362213 0.004993 
2460400.076341 0.010934 
2460401.790469 0.005364 
2460403.504597 -0.006756 
2460405.218725 -0.013774 
2460406.932853 -0.010500 
2460408.646980 -0.005824 
2460410.361108 -0.015687 
2460412.075236 -0.046838 
2460413.789364 -0.086649 
2460415.503492 -0.109654 
2460417.217620 -0.096457 
2460418.931748 -0.049309 
2460420.645876 0.008714 
2460422.360004 0.049995 
2460424.074132 0.060578 
2460425.788260 0.046352 
2460427.502388 0.024416 
2460429.216516 0.008805 
2460430.930644 0.002554 
2460432.644771 0.000500 
2460434.358899 -0.002477 
2460436.073027 -0.006317 
2460437.787155 -0.007446 
2460439.501283 -0.003805 
2460441.215411 0.002580 
2460442.929539 0.007694 
2460444.643667 0.009356 
2460446.357795 0.008457 
2460448.071923 0.006654 
2460449.786051 0.003550 
2460451.500179 -0.003117 
2460453.214307 -0.014195 
2460454.928435 -0.026218 
2460456.642562 -0.032392 
2460458.356690 -0.027293 
2460460.070818 -0.011433 
2460461.784946 0.008370 
2460463.499074 0.023331 
2460465.213202 0.028308 
2460466.927330 0.024361 
2460468.641458 0.016704 
2460470.355586 0.010292 
2460472.069714 0.006734 
2460473.783842 0.004560 
2460475.497970 0.001804 
2460477.212098 -0.001739 
2460478.926226 -0.004386 
2460480.640353 -0.004222 
2460482.354481 -0.000790 
2460484.068609 0.004514 
2460485.782737 0.009375 
2460487.496865 0.011795 
2460489.210993 0.010811 
2460490.925121 0.006583 
2460492.639249 0.000247 
2460494.353377 -0.006259 
2460496.067505 -0.010599 
2460497.781633 -0.010875 
2460499.495761 -0.006623 
2460501.209889 0.000723 
2460502.924017 0.008413 
2460504.638144 0.013798 
2460506.352272 0.015669 
2460508.066400 0.014628 
2460509.780528 0.012307 
2460511.494656 0.010093 
2460513.208784 0.008323 
2460514.922912 0.006449 
2460516.637040 0.003896 
2460518.351168 0.000847 
2460520.065296 -0.001675 
2460521.779424 -0.002452 
2460523.493552 -0.000938 
2460525.207680 0.002282 
2460526.921808 0.005746 
2460528.635935 0.007846 
2460530.350063 0.007586 
2460532.064191 0.004944 
2460533.778319 0.000771 
2460535.492447 -0.003609 
2460537.206575 -0.006849 
2460538.920703 -0.007944 
2460540.634831 -0.006502 
2460542.348959 -0.002893 
2460544.063087 0.001826 
2460545.777215 0.006265 
2460547.491343 0.009279 
2460549.205471 0.010440 
2460550.919599 0.010103 
2460552.633726 0.008997 
2460554.347854 0.007642 
2460556.061982 0.006078 
2460557.776110 0.004102 
2460559.490238 0.001790 
2460561.204366 -0.000240 
2460562.918494 -0.001127 
2460564.632622 -0.000439 
2460566.346750 0.001379 
2460568.060878 0.003209 
2460569.775006 0.003989 
2460571.489134 0.003375 
2460573.203262 0.001775 
2460574.917390 -0.000188 
2460576.631517 -0.002222 
2460578.345645 -0.004389 
2460580.059773 -0.006599 
2460581.773901 -0.008177 
2460583.488029 -0.008056 
2460585.202157 -0.005574 
2460586.916285 -0.001188 
2460588.630413 0.003579 
2460590.344541 0.007016 
2460592.058669 0.008259 
2460593.772797 0.007639 
2460595.486925 0.006152 
2460597.201053 0.004594 
2460598.915181 0.003145 
2460600.629308 0.001670 
2460602.343436 0.000285 
2460604.057564 -0.000499 
2460605.771692 -0.000244 
2460607.485820 0.000842 
2460609.199948 0.001881 
2460610.914076 0.001991 
2460612.628204 0.001028 
2460614.342332 -0.000322 
2460616.056460 -0.001257 
2460617.770588 -0.001691 
2460619.484716 -0.002379 
2460621.198844 -0.004111 
2460622.912972 -0.006706 
2460624.627099 -0.008794 
2460626.341227 -0.008707 
2460628.055355 -0.005805 
2460629.769483 -0.001107 
2460631.483611 0.003339 
2460633.197739 0.005820 
2460634.911867 0.005968 
2460636.625995 0.004668 
2460638.340123 0.003114 
2460640.054251 0.001936 
2460641.768379 0.001076 
2460643.482507 0.000318 
2460645.196635 -0.000232 
2460646.910763 -0.000242 
2460648.624890 0.000347 
2460650.339018 0.001038 
2460652.053146 0.001118 
2460653.767274 0.000332 
2460655.481402 -0.000818 
2460657.195530 -0.001515 
2460658.909658 -0.001456 
2460660.623786 -0.001248 
2460662.337914 -0.001901 
2460664.052042 -0.003824 
2460665.766170 -0.006216 
2460667.480298 -0.007501 
2460669.194426 -0.006494 
2460670.908554 -0.003363 
2460672.622681 0.000441 
2460674.336809 0.003196 
2460676.050937 0.004035 
2460677.765065 0.003311 
2460679.479193 0.002046 
2460681.193321 0.001053 
2460682.907449 0.000505 
2460684.621577 0.000166 
