# time Tc_folded Tref_folded value value_err offset model full_model val_compare val_compare_err residuals residuals_err jitter jitter_flag offset_flag subset_flag 
2455480.529186 0.000000 0.000000 -26.909975 0.971355 -24.658181 -1.974528 -26.632709 -2.251794 0.971355 -0.277266 0.971355 0.932606   1   1  -1 
2455480.532970 0.000000 0.000000 -26.058843 0.880169 -24.658181 -1.975508 -26.633689 -1.400662 0.880169 0.574846 0.880169 0.932606   1   1  -1 
2455480.536778 0.000000 0.000000 -26.244486 0.930093 -24.658181 -1.976495 -26.634676 -1.586305 0.930093 0.390190 0.930093 0.932606   1   1  -1 
2455482.554786 0.000000 0.000000 -25.645222 0.707811 -24.658181 -2.361681 -27.019862 -0.987041 0.707811 1.374640 0.707811 0.932606   1   1  -1 
2455484.542056 0.000000 0.000000 -27.186795 1.028638 -24.658181 -2.091911 -26.750092 -2.528614 1.028638 -0.436703 1.028638 0.932606   1   1  -1 
2455484.545828 0.000000 0.000000 -26.136740 1.065413 -24.658181 -2.090655 -26.748836 -1.478559 1.065413 0.612096 1.065413 0.932606   1   1  -1 
2455484.549671 0.000000 0.000000 -24.017564 1.016694 -24.658181 -2.089373 -26.747554 0.640617 1.016694 2.729990 1.016694 0.932606   1   1  -1 
2455485.527184 0.000000 0.000000 -25.766756 0.864068 -24.658181 -1.689454 -26.347635 -1.108575 0.864068 0.580879 0.864068 0.932606   1   1  -1 
2455485.532971 0.000000 0.000000 -27.967751 0.891412 -24.658181 -1.686727 -26.344908 -3.309570 0.891412 -1.622843 0.891412 0.932606   1   1  -1 
2455487.543214 0.000000 0.000000 -26.158314 0.808873 -24.658181 -0.694112 -25.352293 -1.500133 0.808873 -0.806021 0.808873 0.932606   1   1  -1 
2455487.548897 0.000000 0.000000 -23.138260 0.803534 -24.658181 -0.691605 -25.349786 1.519921 0.803534 2.211526 0.803534 0.932606   1   1  -1 
2455493.544252 0.000000 0.000000 -25.229085 0.793201 -24.658181 -0.731302 -25.389483 -0.570904 0.793201 0.160398 0.793201 0.932606   1   1  -1 
2455493.550478 0.000000 0.000000 -23.168274 0.810440 -24.658181 -0.732203 -25.390384 1.489907 0.810440 2.222110 0.810440 0.932606   1   1  -1 
2455495.535877 0.000000 0.000000 -22.710575 0.802492 -24.658181 -0.763455 -25.421636 1.947606 0.802492 2.711061 0.802492 0.932606   1   1  -1 
2455495.541664 0.000000 0.000000 -25.642209 0.850836 -24.658181 -0.762799 -25.420979 -0.984028 0.850836 -0.221230 0.850836 0.932606   1   1  -1 
2455498.517820 0.000000 0.000000 -24.342041 1.327692 -24.658181 -0.252180 -24.910361 0.316140 1.327692 0.568320 1.327692 0.932606   1   1  -1 
2455498.523445 0.000000 0.000000 -24.738223 1.200196 -24.658181 -0.251576 -24.909757 -0.080042 1.200196 0.171534 1.200196 0.932606   1   1  -1 
2455500.544007 0.000000 0.000000 -24.476855 0.683673 -24.658181 -0.327266 -24.985446 0.181326 0.683673 0.508591 0.683673 0.932606   1   1  -1 
2455500.549389 0.000000 0.000000 -24.813524 0.744348 -24.658181 -0.328280 -24.986461 -0.155343 0.744348 0.172937 0.744348 0.932606   1   1  -1 
2455501.547102 0.000000 0.000000 -24.783974 0.605317 -24.658181 -0.576400 -25.234581 -0.125793 0.605317 0.450607 0.605317 0.932606   1   1  -1 
2455501.552738 0.000000 0.000000 -26.031797 0.578445 -24.658181 -0.578081 -25.236262 -1.373616 0.578445 -0.795535 0.578445 0.932606   1   1  -1 
2455505.514789 0.000000 0.000000 -24.965633 0.688526 -24.658181 -1.549108 -26.207289 -0.307452 0.688526 1.241656 0.688526 0.932606   1   1  -1 
2455505.520425 0.000000 0.000000 -25.963370 0.681455 -24.658181 -1.549385 -26.207565 -1.305189 0.681455 0.244195 0.681455 0.932606   1   1  -1 
2455507.517142 0.000000 0.000000 -27.398443 0.529962 -24.658181 -1.481284 -26.139464 -2.740262 0.529962 -1.258979 0.529962 0.932606   1   1  -1 
2455507.522824 0.000000 0.000000 -26.516546 0.540417 -24.658181 -1.480883 -26.139064 -1.858365 0.540417 -0.377482 0.540417 0.932606   1   1  -1 
2455509.518050 0.000000 0.000000 -26.509772 0.760523 -24.658181 -1.477910 -26.136091 -1.851591 0.760523 -0.373681 0.760523 0.932606   1   1  -1 
2455509.523524 0.000000 0.000000 -26.058801 0.709529 -24.658181 -1.478512 -26.136693 -1.400620 0.709529 0.077892 0.709529 0.932606   1   1  -1 
2455511.516449 0.000000 0.000000 -28.045351 0.796997 -24.658181 -1.967200 -26.625380 -3.387170 0.796997 -1.419971 0.796997 0.932606   1   1  -1 
2455511.521935 0.000000 0.000000 -25.840348 0.793324 -24.658181 -1.969154 -26.627335 -1.182167 0.793324 0.786987 0.793324 0.932606   1   1  -1 
2455513.504562 0.000000 0.000000 -26.063860 0.836669 -24.658181 -2.681949 -27.340130 -1.405679 0.836669 1.276270 0.836669 0.932606   1   1  -1 
2455513.510244 0.000000 0.000000 -26.656020 0.882170 -24.658181 -2.683607 -27.341787 -1.997839 0.882170 0.685767 0.882170 0.932606   1   1  -1 
2455514.505835 0.000000 0.000000 -28.058961 0.671812 -24.658181 -2.889085 -27.547266 -3.400780 0.671812 -0.511695 0.671812 0.932606   1   1  -1 
2455514.511356 0.000000 0.000000 -26.642215 0.683432 -24.658181 -2.889676 -27.547857 -1.984034 0.683432 0.905642 0.683432 0.932606   1   1  -1 
2455519.503938 0.000000 0.000000 -24.641989 1.033370 -24.658181 -0.932459 -25.590640 0.016192 1.033370 0.948651 1.033370 0.932606   1   1  -1 
2455519.508811 0.000000 0.000000 -25.135445 0.996146 -24.658181 -0.929617 -25.587798 -0.477264 0.996146 0.452353 0.996146 0.932606   1   1  -1 
2455523.508036 0.000000 0.000000 -23.856297 0.829835 -24.658181 0.088728 -24.569453 0.801884 0.829835 0.713156 0.829835 0.932606   1   1  -1 
2455523.513036 0.000000 0.000000 -22.994255 0.865769 -24.658181 0.088417 -24.569764 1.663926 0.865769 1.575509 0.865769 0.932606   1   1  -1 
2455524.521481 0.000000 0.000000 -24.709671 0.667948 -24.658181 -0.005636 -24.663817 -0.051490 0.667948 -0.045854 0.667948 0.932606   1   1  -1 
2455524.526446 0.000000 0.000000 -24.308004 0.678388 -24.658181 -0.006182 -24.664363 0.350177 0.678388 0.356359 0.678388 0.932606   1   1  -1 
2455653.900831 0.000000 0.000000 -25.612029 0.744608 -24.658181 0.026938 -24.631243 -0.953848 0.744608 -0.980786 0.744608 0.932606   1   1  -1 
2455653.906410 0.000000 0.000000 -24.161106 0.736194 -24.658181 0.025307 -24.632874 0.497075 0.736194 0.471768 0.736194 0.932606   1   1  -1 
2455654.900357 0.000000 0.000000 -24.436787 0.814117 -24.658181 -0.224627 -24.882808 0.221394 0.814117 0.446021 0.814117 0.932606   1   1  -1 
2455654.905936 0.000000 0.000000 -24.084025 0.731415 -24.658181 -0.225791 -24.883971 0.574156 0.731415 0.799946 0.731415 0.932606   1   1  -1 
2455657.909222 0.000000 0.000000 -24.104658 0.605709 -24.658181 -0.525492 -25.183673 0.553523 0.605709 1.079015 0.605709 0.932606   1   1  -1 
2455657.914813 0.000000 0.000000 -23.667872 0.631733 -24.658181 -0.525630 -25.183811 0.990309 0.631733 1.515939 0.631733 0.932606   1   1  -1 
2455659.907949 0.000000 0.000000 -23.898066 0.769486 -24.658181 -0.548133 -25.206314 0.760115 0.769486 1.308248 0.769486 0.932606   1   1  -1 
2455659.913540 0.000000 0.000000 -23.238369 0.803020 -24.658181 -0.548168 -25.206349 1.419812 0.803020 1.967980 0.803020 0.932606   1   1  -1 
2455660.901884 0.000000 0.000000 -24.754074 0.502349 -24.658181 -0.554599 -25.212780 -0.095893 0.502349 0.458706 0.502349 0.932606   1   1  -1 
2455662.902485 0.000000 0.000000 -24.200224 0.948916 -24.658181 -0.567131 -25.225312 0.457957 0.948916 1.025088 0.948916 0.932606   1   1  -1 
2455662.908180 0.000000 0.000000 -24.067169 0.909242 -24.658181 -0.567164 -25.225345 0.591012 0.909242 1.158176 0.909242 0.932606   1   1  -1 
2455663.839263 0.000000 0.000000 -26.097182 1.737212 -24.658181 -0.573938 -25.232119 -1.439001 1.737212 -0.865063 1.737212 0.932606   1   1  -1 
2455672.897729 0.000000 0.000000 -25.596039 0.653920 -24.658181 -0.928305 -25.586486 -0.937858 0.653920 -0.009553 0.653920 0.932606   1   1  -1 
2455672.902775 0.000000 0.000000 -25.939332 0.601277 -24.658181 -0.927762 -25.585943 -1.281151 0.601277 -0.353389 0.601277 0.932606   1   1  -1 
2455675.905453 0.000000 0.000000 -25.957415 0.422700 -24.658181 -0.577584 -25.235765 -1.299234 0.422700 -0.721650 0.422700 0.932606   1   1  -1 
2455679.879903 0.000000 0.000000 -24.345286 0.504578 -24.658181 -1.267649 -25.925830 0.312895 0.504578 1.580544 0.504578 0.932606   1   1  -1 
2455679.885123 0.000000 0.000000 -25.711920 0.513702 -24.658181 -1.269425 -25.927606 -1.053739 0.513702 0.215686 0.513702 0.932606   1   1  -1 
2455712.893679 0.000000 0.000000 -25.516104 0.560355 -24.658181 -1.046600 -25.704781 -0.857923 0.560355 0.188677 0.560355 0.932606   1   1  -1 
2455715.864679 0.000000 0.000000 -22.931541 1.363467 -24.658181 -0.573343 -25.231523 1.726640 1.363467 2.299982 1.363467 0.932606   1   1  -1 
2455715.867376 0.000000 0.000000 -28.616863 1.418842 -24.658181 -0.572625 -25.230806 -3.958682 1.418842 -3.386057 1.418842 0.932606   1   1  -1 
2455715.869992 0.000000 0.000000 -25.093281 1.436778 -24.658181 -0.571930 -25.230111 -0.435100 1.436778 0.136830 1.436778 0.932606   1   1  -1 
2455715.872747 0.000000 0.000000 -24.781614 1.484829 -24.658181 -0.571197 -25.229378 -0.123433 1.484829 0.447764 1.484829 0.932606   1   1  -1 
2455727.859452 0.000000 0.000000 -23.690321 1.056398 -24.658181 -0.812271 -25.470452 0.967860 1.056398 1.780131 1.056398 0.932606   1   1  -1 
2455727.863145 0.000000 0.000000 -25.870346 1.033327 -24.658181 -0.810989 -25.469170 -1.212165 1.033327 -0.401176 1.033327 0.932606   1   1  -1 
2455727.866953 0.000000 0.000000 -25.899190 1.119485 -24.658181 -0.809667 -25.467848 -1.241009 1.119485 -0.431342 1.119485 0.932606   1   1  -1 
2455735.809170 0.000000 0.000000 -25.001888 0.526032 -24.658181 -0.352004 -25.010185 -0.343707 0.526032 0.008297 0.526032 0.932606   1   1  -1 
2455754.777241 0.000000 0.000000 -23.310355 1.091349 -24.658181 -1.218189 -25.876370 1.347826 1.091349 2.566015 1.091349 0.932606   1   1  -1 
2455755.755721 0.000000 0.000000 -27.691015 0.768792 -24.658181 -1.142822 -25.801003 -3.032834 0.768792 -1.890012 0.768792 0.932606   1   1  -1 
2455769.736300 0.000000 0.000000 -23.807786 0.677532 -24.658181 -0.415344 -25.073525 0.850395 0.677532 1.265739 0.677532 0.932606   1   1  -1 
2455769.742075 0.000000 0.000000 -25.737885 0.770313 -24.658181 -0.413901 -25.072081 -1.079704 0.770313 -0.665804 0.770313 0.932606   1   1  -1 
2455776.628483 0.000000 0.000000 -24.967384 0.712348 -24.658181 -0.906022 -25.564203 -0.309203 0.712348 0.596819 0.712348 0.932606   1   1  -1 
2455782.624998 0.000000 0.000000 -26.013016 0.761072 -24.658181 -0.700625 -25.358806 -1.354835 0.761072 -0.654210 0.761072 0.932606   1   1  -1 
2455784.737667 0.000000 0.000000 -26.498015 0.545366 -24.658181 -0.648858 -25.307039 -1.839834 0.545366 -1.190976 0.545366 0.932606   1   1  -1 
2455801.526698 0.000000 0.000000 -24.288917 1.273141 -24.658181 0.059321 -24.598860 0.369264 1.273141 0.309943 1.273141 0.932606   1   1  -1 
2455801.531628 0.000000 0.000000 -26.351823 1.177162 -24.658181 0.060668 -24.597513 -1.693642 1.177162 -1.754310 1.177162 0.932606   1   1  -1 
2455804.632333 0.000000 0.000000 -26.712023 1.120566 -24.658181 -0.018161 -24.676342 -2.053842 1.120566 -2.035681 1.120566 0.932606   1   1  -1 
2455804.637669 0.000000 0.000000 -26.500980 1.032150 -24.658181 -0.019541 -24.677722 -1.842799 1.032150 -1.823258 1.032150 0.932606   1   1  -1 
2455807.626267 0.000000 0.000000 -25.803456 0.965710 -24.658181 -0.628680 -25.286861 -1.145275 0.965710 -0.516595 0.965710 0.932606   1   1  -1 
2455807.631162 0.000000 0.000000 -27.246843 0.886584 -24.658181 -0.628803 -25.286984 -2.588662 0.886584 -1.959859 0.886584 0.932606   1   1  -1 
2455810.581550 0.000000 0.000000 -26.536934 0.754194 -24.658181 -0.126030 -24.784211 -1.878753 0.754194 -1.752723 0.754194 0.932606   1   1  -1 
2455810.586723 0.000000 0.000000 -26.643570 0.797392 -24.658181 -0.124683 -24.782864 -1.985389 0.797392 -1.860706 0.797392 0.932606   1   1  -1 
2455816.587002 0.000000 0.000000 -27.268074 0.959785 -24.658181 -0.990029 -25.648209 -2.609893 0.959785 -1.619865 0.959785 0.932606   1   1  -1 
2455816.590578 0.000000 0.000000 -24.693999 0.889883 -24.658181 -0.991540 -25.649721 -0.035818 0.889883 0.955722 0.889883 0.932606   1   1  -1 
2455816.594154 0.000000 0.000000 -25.997669 0.876464 -24.658181 -0.993050 -25.651231 -1.339488 0.876464 -0.346438 0.876464 0.932606   1   1  -1 
2455834.622073 0.000000 0.000000 -25.259445 0.577372 -24.658181 -0.851112 -25.509293 -0.601264 0.577372 0.249848 0.577372 0.932606   1   1  -1 
2455834.627593 0.000000 0.000000 -25.841078 0.576524 -24.658181 -0.852641 -25.510822 -1.182897 0.576524 -0.330256 0.576524 0.932606   1   1  -1 
2455836.585712 0.000000 0.000000 -26.404099 0.680522 -24.658181 -1.445643 -26.103824 -1.745918 0.680522 -0.300275 0.680522 0.932606   1   1  -1 
2455836.591440 0.000000 0.000000 -25.180084 0.679136 -24.658181 -1.447169 -26.105350 -0.521903 0.679136 0.925266 0.679136 0.932606   1   1  -1 
2455839.585007 0.000000 0.000000 -23.458640 0.910132 -24.658181 -1.506118 -26.164298 1.199541 0.910132 2.705658 0.910132 0.932606   1   1  -1 
2455839.590794 0.000000 0.000000 -25.200869 0.919769 -24.658181 -1.504579 -26.162760 -0.542688 0.919769 0.961891 0.919769 0.932606   1   1  -1 
2455842.549547 0.000000 0.000000 -22.047028 1.066299 -24.658181 -0.327490 -24.985671 2.611153 1.066299 2.938643 1.066299 0.932606   1   1  -1 
2455842.555033 0.000000 0.000000 -25.918735 0.873203 -24.658181 -0.325388 -24.983568 -1.260554 0.873203 -0.935167 0.873203 0.932606   1   1  -1 
2455845.575633 0.000000 0.000000 -25.259730 1.067738 -24.658181 0.135099 -24.523082 -0.601549 1.067738 -0.736648 1.067738 0.932606   1   1  -1 
2455845.581258 0.000000 0.000000 -25.817378 0.922401 -24.658181 0.134637 -24.523544 -1.159197 0.922401 -1.293834 0.922401 0.932606   1   1  -1 
2455870.498785 0.000000 0.000000 -26.611150 0.730627 -24.658181 -1.820776 -26.478957 -1.952969 0.730627 -0.132193 0.730627 0.932606   1   1  -1 
2455870.504422 0.000000 0.000000 -27.219360 0.718479 -24.658181 -1.820422 -26.478603 -2.561179 0.718479 -0.740757 0.718479 0.932606   1   1  -1 
2455874.532217 0.000000 0.000000 -26.523893 1.027595 -24.658181 -1.178394 -25.836575 -1.865712 1.027595 -0.687318 1.027595 0.932606   1   1  -1 
2455874.537437 0.000000 0.000000 -24.043101 1.390676 -24.658181 -1.177701 -25.835882 0.615080 1.390676 1.792781 1.390676 0.932606   1   1  -1 
2455878.549549 0.000000 0.000000 -26.332169 1.360956 -24.658181 -1.175326 -25.833507 -1.673988 1.360956 -0.498662 1.360956 0.932606   1   1  -1 
2455878.554965 0.000000 0.000000 -27.171511 1.321422 -24.658181 -1.175558 -25.833739 -2.513330 1.321422 -1.337772 1.321422 0.932606   1   1  -1 
2456020.892743 0.000000 0.000000 -26.398556 0.800504 -24.658181 0.131376 -24.526805 -1.740375 0.800504 -1.871751 0.800504 0.932606   1   1  -1 
2456020.898160 0.000000 0.000000 -24.498061 0.781449 -24.658181 0.131493 -24.526687 0.160120 0.781449 0.028626 0.781449 0.932606   1   1  -1 
2456022.889397 0.000000 0.000000 -25.350339 0.994688 -24.658181 -0.003958 -24.662139 -0.692158 0.994688 -0.688200 0.994688 0.932606   1   1  -1 
2456022.894884 0.000000 0.000000 -26.468069 1.113054 -24.658181 -0.004708 -24.662889 -1.809888 1.113054 -1.805180 1.113054 0.932606   1   1  -1 
2456024.891353 0.000000 0.000000 -25.969708 0.857313 -24.658181 -0.331378 -24.989559 -1.311527 0.857313 -0.980149 0.857313 0.932606   1   1  -1 
2456024.897048 0.000000 0.000000 -25.325267 0.814076 -24.658181 -0.332366 -24.990547 -0.667086 0.814076 -0.334720 0.814076 0.932606   1   1  -1 
2456028.922257 0.000000 0.000000 -26.626536 0.690565 -24.658181 -0.901729 -25.559910 -1.968355 0.690565 -1.066626 0.690565 0.932606   1   1  -1 
2456029.892891 0.000000 0.000000 -27.734634 1.086998 -24.658181 -0.973437 -25.631618 -3.076453 1.086998 -2.103016 1.086998 0.932606   1   1  -1 
2456029.898354 0.000000 0.000000 -24.980386 1.038533 -24.658181 -0.973732 -25.631913 -0.322205 1.038533 0.651527 1.038533 0.932606   1   1  -1 
2456031.852968 0.000000 0.000000 -23.499732 0.817617 -24.658181 -0.982275 -25.640456 1.158449 0.817617 2.140724 0.817617 0.932606   1   1  -1 
2456052.857065 0.000000 0.000000 -27.077636 0.812636 -24.658181 -0.438658 -25.096839 -2.419455 0.812636 -1.980797 0.812636 0.932606   1   1  -1 
2456052.862482 0.000000 0.000000 -25.515691 0.787680 -24.658181 -0.441724 -25.099905 -0.857510 0.787680 -0.415786 0.787680 0.932606   1   1  -1 
2456053.851639 0.000000 0.000000 -27.718607 0.874947 -24.658181 -0.942859 -25.601040 -3.060426 0.874947 -2.117567 0.874947 0.932606   1   1  -1 
2456053.857114 0.000000 0.000000 -24.875823 0.828685 -24.658181 -0.945215 -25.603396 -0.217642 0.828685 0.727573 0.828685 0.932606   1   1  -1 
2456054.839916 0.000000 0.000000 -26.614037 0.533012 -24.658181 -1.267582 -25.925763 -1.955856 0.533012 -0.688274 0.533012 0.932606   1   1  -1 
2456055.886865 0.000000 0.000000 -26.560052 0.509706 -24.658181 -1.359894 -26.018075 -1.901871 0.509706 -0.541977 0.509706 0.932606   1   1  -1 
2456056.818146 0.000000 0.000000 -25.035898 0.893302 -24.658181 -1.224679 -25.882860 -0.377717 0.893302 0.846962 0.893302 0.932606   1   1  -1 
2456056.823714 0.000000 0.000000 -25.575505 0.813986 -24.658181 -1.223329 -25.881510 -0.917324 0.813986 0.306005 0.813986 0.932606   1   1  -1 
2456078.843392 0.000000 0.000000 -24.518196 0.647558 -24.658181 0.334679 -24.323502 0.139985 0.647558 -0.194694 0.647558 0.932606   1   1  -1 
2456078.849075 0.000000 0.000000 -24.174693 0.632973 -24.658181 0.335418 -24.322763 0.483488 0.632973 0.148070 0.632973 0.932606   1   1  -1 
2456081.832748 0.000000 0.000000 -22.774279 0.796018 -24.658181 0.289403 -24.368778 1.883902 0.796018 1.594499 0.796018 0.932606   1   1  -1 
2456081.838651 0.000000 0.000000 -23.542613 0.647447 -24.658181 0.288404 -24.369777 1.115568 0.647447 0.827164 0.647447 0.932606   1   1  -1 
2456085.820521 0.000000 0.000000 -24.535394 0.878497 -24.658181 -0.421102 -25.079282 0.122787 0.878497 0.543888 0.878497 0.932606   1   1  -1 
2456085.826250 0.000000 0.000000 -25.784214 0.917873 -24.658181 -0.421187 -25.079367 -1.126033 0.917873 -0.704847 0.917873 0.932606   1   1  -1 
2456088.742747 0.000000 0.000000 -24.555140 0.549399 -24.658181 0.122717 -24.535464 0.103041 0.549399 -0.019676 0.549399 0.932606   1   1  -1 
2456092.900369 0.000000 0.000000 -25.520468 0.628826 -24.658181 0.607047 -24.051134 -0.862287 0.628826 -1.469334 0.628826 0.932606   1   1  -1 
2456115.815540 0.000000 0.000000 -24.478774 0.776191 -24.658181 0.225250 -24.432931 0.179407 0.776191 -0.045843 0.776191 0.932606   1   1  -1 
2456118.809984 0.000000 0.000000 -25.405570 0.512854 -24.658181 0.873613 -23.784568 -0.747389 0.512854 -1.621002 0.512854 0.932606   1   1  -1 
2456121.820367 0.000000 0.000000 -25.220090 1.411859 -24.658181 1.163692 -23.494489 -0.561909 1.411859 -1.725601 1.411859 0.932606   1   1  -1 
2456149.686124 0.000000 0.000000 -25.751686 0.845009 -24.658181 -0.601456 -25.259637 -1.093505 0.845009 -0.492049 0.845009 0.932606   1   1  -1 
2456154.723489 0.000000 0.000000 -23.590960 0.865117 -24.658181 -0.778406 -25.436586 1.067221 0.865117 1.845626 0.865117 0.932606   1   1  -1 
2456154.728442 0.000000 0.000000 -25.978785 1.281739 -24.658181 -0.775765 -25.433946 -1.320604 1.281739 -0.544839 1.281739 0.932606   1   1  -1 
2456166.527551 0.000000 0.000000 -23.896330 0.645517 -24.658181 0.345461 -24.312719 0.761851 0.645517 0.416389 0.645517 0.932606   1   1  -1 
2456168.609469 0.000000 0.000000 -25.596469 0.971404 -24.658181 -0.809295 -25.467476 -0.938288 0.971404 -0.128993 0.971404 0.932606   1   1  -1 
2456168.615105 0.000000 0.000000 -23.735823 0.857956 -24.658181 -0.812167 -25.470348 0.922358 0.857956 1.734525 0.857956 0.932606   1   1  -1 
2456171.510563 0.000000 0.000000 -25.064368 0.523911 -24.658181 -1.409672 -26.067853 -0.406187 0.523911 1.003485 0.523911 0.932606   1   1  -1 
2456173.694840 0.000000 0.000000 -23.658056 0.870055 -24.658181 -0.382552 -25.040733 1.000125 0.870055 1.382677 0.870055 0.932606   1   1  -1 
2456181.612869 0.000000 0.000000 -25.749650 0.609426 -24.658181 -0.423267 -25.081448 -1.091469 0.609426 -0.668202 0.609426 0.932606   1   1  -1 
2456186.623747 0.000000 0.000000 -24.370201 0.538290 -24.658181 0.589771 -24.068410 0.287980 0.538290 -0.301791 0.538290 0.932606   1   1  -1 
2456189.666838 0.000000 0.000000 -25.693203 1.709832 -24.658181 1.045433 -23.612748 -1.035022 1.709832 -2.080455 1.709832 0.932606   1   1  -1 
2456190.592865 0.000000 0.000000 -21.505898 0.873280 -24.658181 0.656186 -24.001995 3.152283 0.873280 2.496097 0.873280 0.932606   1   1  -1 
2456190.598548 0.000000 0.000000 -22.814816 0.820368 -24.658181 0.653209 -24.004972 1.843365 0.820368 1.190156 0.820368 0.932606   1   1  -1 
2456195.586272 0.000000 0.000000 -23.991425 0.911842 -24.658181 -1.166214 -25.824395 0.666756 0.911842 1.832970 0.911842 0.932606   1   1  -1 
2456195.591793 0.000000 0.000000 -25.301327 0.913007 -24.658181 -1.164910 -25.823091 -0.643146 0.913007 0.521764 0.913007 0.932606   1   1  -1 
2456198.564091 0.000000 0.000000 -19.336707 1.186346 -24.658181 0.388909 -24.269272 5.321474 1.186346 4.932565 1.186346 0.932606   1   1  -1 
2456198.569866 0.000000 0.000000 -24.445113 1.250845 -24.658181 0.392561 -24.265619 0.213068 1.250845 -0.179494 1.250845 0.932606   1   1  -1 
2456204.547188 0.000000 0.000000 -20.889997 0.781661 -24.658181 1.365853 -23.292328 3.768184 0.781661 2.402331 0.781661 0.932606   1   1  -1 
2456205.523197 0.000000 0.000000 -22.994646 0.447471 -24.658181 1.051631 -23.606550 1.663535 0.447471 0.611904 0.447471 0.932606   1   1  -1 
2456208.615737 0.000000 0.000000 -27.443259 0.942056 -24.658181 -0.081794 -24.739975 -2.785078 0.942056 -2.703284 0.942056 0.932606   1   1  -1 
2456209.540800 0.000000 0.000000 -25.491736 1.053758 -24.658181 -0.358290 -25.016471 -0.833555 1.053758 -0.475265 1.053758 0.932606   1   1  -1 
2456210.532155 0.000000 0.000000 -25.261528 0.864183 -24.658181 -0.547437 -25.205618 -0.603347 0.864183 -0.055910 0.864183 0.932606   1   1  -1 
2456212.523498 0.000000 0.000000 -25.294554 0.479583 -24.658181 -0.365707 -25.023888 -0.636373 0.479583 -0.270666 0.479583 0.932606   1   1  -1 
2456217.523649 0.000000 0.000000 -19.703787 0.740951 -24.658181 2.991601 -21.666580 4.954394 0.740951 1.962793 0.740951 0.932606   1   1  -1 
2456217.529482 0.000000 0.000000 -19.326386 0.723468 -24.658181 2.994612 -21.663569 5.331795 0.723468 2.337183 0.723468 0.932606   1   1  -1 
2456218.587951 0.000000 0.000000 -19.082533 0.783291 -24.658181 3.350024 -21.308157 5.575648 0.783291 2.225624 0.783291 0.932606   1   1  -1 
2456219.500319 0.000000 0.000000 -19.527157 0.495656 -24.658181 3.309872 -21.348309 5.131024 0.495656 1.821152 0.495656 0.932606   1   1  -1 
2456220.491327 0.000000 0.000000 -20.168133 0.783227 -24.658181 2.896903 -21.761278 4.490048 0.783227 1.593145 0.783227 0.932606   1   1  -1 
2456220.514069 0.000000 0.000000 -21.014052 0.640640 -24.658181 2.883369 -21.774812 3.644129 0.640640 0.760760 0.640640 0.932606   1   1  -1 
2456409.867093 0.000000 0.000000 -20.591699 1.234666 -24.658181 3.035897 -21.622284 4.066482 1.234666 1.030585 1.234666 0.932606   1   1  -1 
2456409.872719 0.000000 0.000000 -20.151012 1.190406 -24.658181 3.035514 -21.622667 4.507169 1.190406 1.471655 1.190406 0.932606   1   1  -1 
2456416.824768 0.000000 0.000000 -22.159939 1.100783 -24.658181 1.076010 -23.582171 2.498242 1.100783 1.422232 1.100783 0.932606   1   1  -1 
2456416.828565 0.000000 0.000000 -23.100921 1.091725 -24.658181 1.075610 -23.582571 1.557260 1.091725 0.481650 1.091725 0.932606   1   1  -1 
2456416.832443 0.000000 0.000000 -22.956212 1.133660 -24.658181 1.075202 -23.582979 1.701969 1.133660 0.626767 1.133660 0.932606   1   1  -1 
2456432.884915 0.000000 0.000000 -27.579236 0.787972 -24.658181 -0.990040 -25.648221 -2.921055 0.787972 -1.931015 0.787972 0.932606   1   1  -1 
2456432.890124 0.000000 0.000000 -26.715660 0.901606 -24.658181 -0.989299 -25.647480 -2.057479 0.901606 -1.068180 0.901606 0.932606   1   1  -1 
2456433.905268 0.000000 0.000000 -25.594069 1.477288 -24.658181 -0.767160 -25.425341 -0.935888 1.477288 -0.168728 1.477288 0.932606   1   1  -1 
2456433.910395 0.000000 0.000000 -28.401349 1.603077 -24.658181 -0.765692 -25.423873 -3.743168 1.603077 -2.977476 1.603077 0.932606   1   1  -1 
2456434.892458 0.000000 0.000000 -25.809648 0.969582 -24.658181 -0.442735 -25.100916 -1.151467 0.969582 -0.708732 0.969582 0.932606   1   1  -1 
2456434.898129 0.000000 0.000000 -23.506674 0.937709 -24.658181 -0.440705 -25.098886 1.151507 0.937709 1.592212 0.937709 0.932606   1   1  -1 
2456437.889188 0.000000 0.000000 -24.884604 0.801579 -24.658181 0.386456 -24.271725 -0.226423 0.801579 -0.612879 0.801579 0.932606   1   1  -1 
2456437.894720 0.000000 0.000000 -25.072705 0.735776 -24.658181 0.386961 -24.271220 -0.414524 0.735776 -0.801485 0.735776 0.932606   1   1  -1 
2456438.860772 0.000000 0.000000 -25.990651 0.640814 -24.658181 0.397612 -24.260568 -1.332470 0.640814 -1.730083 0.640814 0.932606   1   1  -1 
2456441.860316 0.000000 0.000000 -24.014503 0.846284 -24.658181 -0.139531 -24.797712 0.643678 0.846284 0.783209 0.846284 0.932606   1   1  -1 
2456454.832361 0.000000 0.000000 -23.997808 0.709239 -24.658181 1.148291 -23.509890 0.660373 0.709239 -0.487918 0.709239 0.932606   1   1  -1 
2456454.837894 0.000000 0.000000 -22.599444 0.711651 -24.658181 1.145611 -23.512570 2.058737 0.711651 0.913126 0.711651 0.932606   1   1  -1 
2456467.823190 0.000000 0.000000 -25.761156 1.255655 -24.658181 0.628523 -24.029658 -1.102975 1.255655 -1.731498 1.255655 0.932606   1   1  -1 
2456467.826929 0.000000 0.000000 -24.870329 1.113375 -24.658181 0.627770 -24.030411 -0.212148 1.113375 -0.839918 1.113375 0.932606   1   1  -1 
2456467.830702 0.000000 0.000000 -26.757156 1.185837 -24.658181 0.627009 -24.031172 -2.098975 1.185837 -2.725984 1.185837 0.932606   1   1  -1 
2456473.860840 0.000000 0.000000 -26.025579 1.051321 -24.658181 -0.481255 -25.139436 -1.367398 1.051321 -0.886143 1.051321 0.932606   1   1  -1 
2456473.864821 0.000000 0.000000 -26.100899 1.016901 -24.658181 -0.481006 -25.139187 -1.442718 1.016901 -0.961712 1.016901 0.932606   1   1  -1 
2456473.868595 0.000000 0.000000 -29.196466 1.098920 -24.658181 -0.480768 -25.138949 -4.538285 1.098920 -4.057517 1.098920 0.932606   1   1  -1 
2456480.776552 0.000000 0.000000 -23.192493 0.996431 -24.658181 0.520979 -24.137202 1.465688 0.996431 0.944709 0.996431 0.932606   1   1  -1 
2456480.782281 0.000000 0.000000 -24.495239 0.925325 -24.658181 0.519829 -24.138352 0.162942 0.925325 -0.356887 0.925325 0.932606   1   1  -1 
2456481.631506 0.000000 0.000000 -26.796869 1.240759 -24.658181 0.310275 -24.347906 -2.138688 1.240759 -2.448963 1.240759 0.932606   1   1  -1 
2456481.637189 0.000000 0.000000 -26.767470 1.259412 -24.658181 0.308668 -24.349513 -2.109289 1.259412 -2.417957 1.259412 0.932606   1   1  -1 
2456501.599929 0.000000 0.000000 -24.740542 0.631664 -24.658181 0.222268 -24.435912 -0.082361 0.631664 -0.304630 0.631664 0.932606   1   1  -1 
2456523.744316 0.000000 0.000000 -25.807160 0.567478 -24.658181 -0.097422 -24.755603 -1.148979 0.567478 -1.051557 0.567478 0.932606   1   1  -1 
2456524.691276 0.000000 0.000000 -25.319964 0.703132 -24.658181 -0.422118 -25.080299 -0.661783 0.703132 -0.239665 0.703132 0.932606   1   1  -1 
2456524.696693 0.000000 0.000000 -24.516845 0.716695 -24.658181 -0.423778 -25.081959 0.141336 0.716695 0.565114 0.716695 0.932606   1   1  -1 
2456525.743740 0.000000 0.000000 -25.822667 0.637734 -24.658181 -0.666798 -25.324979 -1.164486 0.637734 -0.497688 0.637734 0.932606   1   1  -1 
2456569.534062 0.000000 0.000000 -26.502332 1.076929 -24.658181 -0.726664 -25.384845 -1.844151 1.076929 -1.117487 1.076929 0.932606   1   1  -1 
2456585.564665 0.000000 0.000000 -24.318027 0.855663 -24.658181 -0.083602 -24.741783 0.340154 0.855663 0.423756 0.855663 0.932606   1   1  -1 
2456585.568473 0.000000 0.000000 -25.604567 0.828824 -24.658181 -0.083642 -24.741823 -0.946386 0.828824 -0.862744 0.828824 0.932606   1   1  -1 
2456585.572350 0.000000 0.000000 -26.300858 0.846101 -24.658181 -0.083685 -24.741865 -1.642677 0.846101 -1.558993 0.846101 0.932606   1   1  -1 
2456586.547688 0.000000 0.000000 -22.976857 0.928572 -24.658181 -0.134202 -24.792383 1.681324 0.928572 1.815526 0.928572 0.932606   1   1  -1 
2456586.551530 0.000000 0.000000 -24.816035 0.993006 -24.658181 -0.134553 -24.792734 -0.157854 0.993006 -0.023301 0.993006 0.932606   1   1  -1 
2456586.555442 0.000000 0.000000 -25.499232 1.030307 -24.658181 -0.134911 -24.793092 -0.841051 1.030307 -0.706140 1.030307 0.932606   1   1  -1 
2456590.510961 0.000000 0.000000 -24.188890 1.367518 -24.658181 -0.591681 -25.249861 0.469291 1.367518 1.060971 1.367518 0.932606   1   1  -1 
2456590.514943 0.000000 0.000000 -26.805340 1.522789 -24.658181 -0.591676 -25.249856 -2.147159 1.522789 -1.555484 1.522789 0.932606   1   1  -1 
2456590.518611 0.000000 0.000000 -28.066154 1.287716 -24.658181 -0.591669 -25.249850 -3.407973 1.287716 -2.816304 1.287716 0.932606   1   1  -1 
2456765.917789 0.000000 0.000000 -25.232175 0.712210 -24.658181 -0.458814 -25.116994 -0.573994 0.712210 -0.115181 0.712210 0.932606   1   1  -1 
2456765.923021 0.000000 0.000000 -25.375142 0.718686 -24.658181 -0.457225 -25.115406 -0.716961 0.718686 -0.259736 0.718686 0.932606   1   1  -1 
2456789.854143 0.000000 0.000000 -27.340576 0.783119 -24.658181 -1.690965 -26.349146 -2.682395 0.783119 -0.991430 0.783119 0.932606   1   1  -1 
2456789.859722 0.000000 0.000000 -26.773936 0.810184 -24.658181 -1.687114 -26.345295 -2.115755 0.810184 -0.428641 0.810184 0.932606   1   1  -1 
2456806.890179 0.000000 0.000000 -27.483229 0.848654 -24.658181 -0.563176 -25.221357 -2.825048 0.848654 -2.261872 0.848654 0.932606   1   1  -1 
2456829.893363 0.000000 0.000000 -28.440148 0.544726 -24.658181 -2.144458 -26.802639 -3.781967 0.544726 -1.637509 0.544726 0.932606   1   1  -1 
2456857.748704 0.000000 0.000000 -25.370298 0.916881 -24.658181 0.448258 -24.209923 -0.712117 0.916881 -1.160375 0.916881 0.932606   1   1  -1 
2456857.754433 0.000000 0.000000 -26.513555 0.896024 -24.658181 0.448521 -24.209660 -1.855374 0.896024 -2.303895 0.896024 0.932606   1   1  -1 
2456866.784629 0.000000 0.000000 -28.725741 0.744866 -24.658181 -0.724279 -25.382460 -4.067560 0.744866 -3.343281 0.744866 0.932606   1   1  -1 
2456896.727940 0.000000 0.000000 -25.463793 1.053796 -24.658181 0.550321 -24.107860 -0.805612 1.053796 -1.355933 1.053796 0.932606   1   1  -1 
2456896.733287 0.000000 0.000000 -23.350729 1.302275 -24.658181 0.550056 -24.108125 1.307452 1.302275 0.757396 1.302275 0.932606   1   1  -1 
2457146.919889 0.000000 0.000000 -25.875665 0.544417 -24.658181 -0.528556 -25.186737 -1.217484 0.544417 -0.688928 0.544417 0.932606   1   1  -1 
2457176.844500 0.000000 0.000000 -13.102205 0.482556 -12.262286 -0.828386 -13.090672 -0.839919 0.482556 -0.011533 0.482556 0.932606   1   2  -1 
2457180.950532 0.000000 0.000000 -12.827294 0.611496 -12.262286 -1.028494 -13.290780 -0.565008 0.611496 0.463486 0.611496 0.932606   1   2  -1 
2457180.956053 0.000000 0.000000 -12.819042 0.642310 -12.262286 -1.028705 -13.290992 -0.556756 0.642310 0.471950 0.642310 0.932606   1   2  -1 
2457307.523708 0.000000 0.000000 -13.332331 0.569213 -12.262286 -0.679479 -12.941765 -1.070045 0.569213 -0.390566 0.569213 0.932606   1   2  -1 
2457307.529113 0.000000 0.000000 -13.026912 0.591603 -12.262286 -0.678903 -12.941190 -0.764626 0.591603 -0.085722 0.591603 0.932606   1   2  -1 
2457879.840329 0.000000 0.000000 -11.576868 0.840815 -12.262286 -0.041399 -12.303686 0.685418 0.840815 0.726818 0.840815 0.932606   1   2  -1 
2457968.637355 0.000000 0.000000 -11.203839 0.766025 -12.262286 0.298516 -11.963770 1.058447 0.766025 0.759931 0.766025 0.932606   1   2  -1 
2460042.883932 0.000000 0.000000 -58.442022 0.194366 -59.536101 1.152648 -58.383452 1.094079 0.194366 -0.058570 0.194366 0.183527   0   0  -1 
2460042.889532 0.000000 0.000000 -58.629252 0.197675 -59.536101 1.156279 -58.379821 0.906849 0.197675 -0.249431 0.197675 0.183527   0   0  -1 
2460043.870973 0.000000 0.000000 -58.219986 0.231538 -59.536101 1.717693 -57.818408 1.316115 0.231538 -0.401578 0.231538 0.183527   0   0  -1 
2460043.876677 0.000000 0.000000 -57.899291 0.215486 -59.536101 1.720437 -57.815664 1.636810 0.215486 -0.083627 0.215486 0.183527   0   0  -1 
2460044.793251 0.000000 0.000000 -56.849206 0.238014 -59.536101 2.064874 -57.471227 2.686895 0.238014 0.622021 0.238014 0.183527   0   0  -1 
2460044.798982 0.000000 0.000000 -57.145893 0.236508 -59.536101 2.066387 -57.469714 2.390208 0.236508 0.323821 0.236508 0.183527   0   0  -1 
2460045.773704 0.000000 0.000000 -57.007798 0.527086 -59.536101 2.202259 -57.333842 2.528303 0.527086 0.326044 0.527086 0.183527   0   0  -1 
2460045.779649 0.000000 0.000000 -56.938954 0.356358 -59.536101 2.202353 -57.333747 2.597147 0.356358 0.394793 0.356358 0.183527   0   0  -1 
2460046.786658 0.000000 0.000000 -57.040367 0.216596 -59.536101 2.101555 -57.434546 2.495734 0.216596 0.394179 0.216596 0.183527   0   0  -1 
2460046.792204 0.000000 0.000000 -57.278637 0.200898 -59.536101 2.100412 -57.435689 2.257464 0.200898 0.157052 0.200898 0.183527   0   0  -1 
2460047.789500 0.000000 0.000000 -57.927209 0.215835 -59.536101 1.816241 -57.719859 1.608892 0.215835 -0.207350 0.215835 0.183527   0   0  -1 
2460047.795047 0.000000 0.000000 -58.119277 0.207999 -59.536101 1.814308 -57.721793 1.416824 0.207999 -0.397484 0.207999 0.183527   0   0  -1 
2460048.783364 0.000000 0.000000 -58.118469 0.259180 -59.536101 1.439254 -58.096847 1.417632 0.259180 -0.021622 0.259180 0.183527   0   0  -1 
2460048.789012 0.000000 0.000000 -58.073804 0.241587 -59.536101 1.437026 -58.099075 1.462297 0.241587 0.025271 0.241587 0.183527   0   0  -1 
2460049.801102 0.000000 0.000000 -58.859288 0.223882 -59.536101 1.052889 -58.483212 0.676813 0.223882 -0.376076 0.223882 0.183527   0   0  -1 
2460049.806533 0.000000 0.000000 -58.376523 0.237350 -59.536101 1.050980 -58.485121 1.159578 0.237350 0.108598 0.237350 0.183527   0   0  -1 
2460050.776767 0.000000 0.000000 -58.619721 0.220926 -59.536101 0.753901 -58.782199 0.916380 0.220926 0.162478 0.220926 0.183527   0   0  -1 
2460050.782471 0.000000 0.000000 -58.676295 0.212336 -59.536101 0.752446 -58.783655 0.859806 0.212336 0.107360 0.212336 0.183527   0   0  -1 
2460068.823617 0.000000 0.000000 -57.564815 0.250917 -59.536101 1.771026 -57.765075 1.971286 0.250917 0.200260 0.250917 0.183527   0   0  -1 
2460068.829253 0.000000 0.000000 -57.865247 0.315822 -59.536101 1.771205 -57.764895 1.670854 0.315822 -0.100352 0.315822 0.183527   0   0  -1 
2460073.775251 0.000000 0.000000 -58.686864 0.273036 -59.536101 0.203268 -59.332833 0.849237 0.273036 0.645969 0.273036 0.183527   0   0  -1 
2460073.780774 0.000000 0.000000 -59.826438 0.249282 -59.536101 0.200527 -59.335574 -0.290337 0.249282 -0.490864 0.249282 0.183527   0   0  -1 
2460076.728213 0.000000 0.000000 -60.233316 0.253446 -59.536101 -0.991800 -60.527901 -0.697215 0.253446 0.294585 0.253446 0.183527   0   0  -1 
2460076.733797 0.000000 0.000000 -60.562447 0.242470 -59.536101 -0.993148 -60.529249 -1.026346 0.242470 -0.033198 0.242470 0.183527   0   0  -1 
2460077.755001 0.000000 0.000000 -61.037365 0.312506 -59.536101 -1.153457 -60.689558 -1.501264 0.312506 -0.347807 0.312506 0.183527   0   0  -1 
2460077.760768 0.000000 0.000000 -61.187467 0.301092 -59.536101 -1.153846 -60.689947 -1.651366 0.301092 -0.497520 0.301092 0.183527   0   0  -1 
2460078.818364 0.000000 0.000000 -61.107816 0.236131 -59.536101 -1.120118 -60.656219 -1.571715 0.236131 -0.451597 0.236131 0.183527   0   0  -1 
2460078.823976 0.000000 0.000000 -60.811890 0.231515 -59.536101 -1.119374 -60.655475 -1.275789 0.231515 -0.156415 0.231515 0.183527   0   0  -1 
2460079.846559 0.000000 0.000000 -60.159488 0.225727 -59.536101 -0.886501 -60.422602 -0.623387 0.225727 0.263114 0.225727 0.183527   0   0  -1 
2460079.852048 0.000000 0.000000 -60.314338 0.228638 -59.536101 -0.884748 -60.420849 -0.778237 0.228638 0.106511 0.228638 0.183527   0   0  -1 
2460080.730235 0.000000 0.000000 -59.799608 0.243529 -59.536101 -0.543099 -60.079200 -0.263507 0.243529 0.279592 0.243529 0.183527   0   0  -1 
2460080.735864 0.000000 0.000000 -59.979018 0.224766 -59.536101 -0.540550 -60.076651 -0.442917 0.224766 0.097633 0.224766 0.183527   0   0  -1 
2460082.755256 0.000000 0.000000 -59.155917 0.286786 -59.536101 0.549418 -58.986683 0.380184 0.286786 -0.169234 0.286786 0.183527   0   0  -1 
2460082.760842 0.000000 0.000000 -58.974641 0.259323 -59.536101 0.552643 -58.983458 0.561460 0.259323 0.008817 0.259323 0.183527   0   0  -1 
2460086.748603 0.000000 0.000000 -57.379791 0.193185 -59.536101 2.057753 -57.478347 2.156310 0.193185 0.098556 0.193185 0.183527   0   0  -1 
2460086.754324 0.000000 0.000000 -57.655925 0.208316 -59.536101 2.058142 -57.477959 1.880176 0.208316 -0.177966 0.208316 0.183527   0   0  -1 
2460199.601214 0.000000 0.000000 -60.237827 0.389251 -59.536101 -0.289072 -59.825173 -0.701726 0.389251 -0.412654 0.389251 0.183527   0   0  -1 
2460199.607025 0.000000 0.000000 -59.321609 0.381438 -59.536101 -0.289889 -59.825990 0.214492 0.381438 0.504381 0.381438 0.183527   0   0  -1 
2460201.515076 0.000000 0.000000 -59.992946 0.272613 -59.536101 -0.569386 -60.105486 -0.456845 0.272613 0.112540 0.272613 0.183527   0   0  -1 
2460201.520627 0.000000 0.000000 -59.837838 0.294212 -59.536101 -0.570220 -60.106321 -0.301737 0.294212 0.268483 0.294212 0.183527   0   0  -1 
2460202.533617 0.000000 0.000000 -60.316621 0.232737 -59.536101 -0.719466 -60.255567 -0.780520 0.232737 -0.061054 0.232737 0.183527   0   0  -1 
2460202.539273 0.000000 0.000000 -60.064845 0.220468 -59.536101 -0.720266 -60.256367 -0.528744 0.220468 0.191522 0.220468 0.183527   0   0  -1 
2460203.571018 0.000000 0.000000 -60.190673 0.337253 -59.536101 -0.852366 -60.388467 -0.654572 0.337253 0.197794 0.337253 0.183527   0   0  -1 
2460203.577196 0.000000 0.000000 -60.378625 0.360328 -59.536101 -0.853047 -60.389148 -0.842524 0.360328 0.010523 0.360328 0.183527   0   0  -1 
2460204.530857 0.000000 0.000000 -60.576471 0.197030 -59.536101 -0.934383 -60.470484 -1.040370 0.197030 -0.105987 0.197030 0.183527   0   0  -1 
2460204.536387 0.000000 0.000000 -60.449009 0.208547 -59.536101 -0.934695 -60.470796 -0.912908 0.208547 0.021787 0.208547 0.183527   0   0  -1 
2460205.516019 0.000000 0.000000 -60.633611 0.244280 -59.536101 -0.953298 -60.489399 -1.097510 0.244280 -0.144212 0.244280 0.183527   0   0  -1 
2460205.521490 0.000000 0.000000 -60.604071 0.216530 -59.536101 -0.953179 -60.489280 -1.067970 0.216530 -0.114791 0.216530 0.183527   0   0  -1 
2460206.534104 0.000000 0.000000 -60.273073 0.247014 -59.536101 -0.883491 -60.419592 -0.736972 0.247014 0.146519 0.247014 0.183527   0   0  -1 
2460206.539634 0.000000 0.000000 -60.618007 0.225863 -59.536101 -0.882843 -60.418943 -1.081906 0.225863 -0.199064 0.225863 0.183527   0   0  -1 
2460208.612713 0.000000 0.000000 -59.998253 0.238171 -59.536101 -0.448252 -59.984353 -0.462152 0.238171 -0.013900 0.238171 0.183527   0   0  -1 
2460208.618030 0.000000 0.000000 -59.687757 0.245322 -59.536101 -0.446721 -59.982822 -0.151656 0.245322 0.295065 0.245322 0.183527   0   0  -1 
2460209.504007 0.000000 0.000000 -59.606726 0.494812 -59.536101 -0.173941 -59.710041 -0.070625 0.494812 0.103315 0.494812 0.183527   0   0  -1 
2460209.509978 0.000000 0.000000 -59.406245 0.441044 -59.536101 -0.172015 -59.708116 0.129856 0.441044 0.301871 0.441044 0.183527   0   0  -1 
2460210.587394 0.000000 0.000000 -59.811154 0.275366 -59.536101 0.178357 -59.357744 -0.275053 0.275366 -0.453410 0.275366 0.183527   0   0  -1 
2460210.593026 0.000000 0.000000 -59.626164 0.295408 -59.536101 0.180156 -59.355945 -0.090063 0.295408 -0.270219 0.295408 0.183527   0   0  -1 
2460211.516295 0.000000 0.000000 -58.909396 0.380462 -59.536101 0.458652 -59.077449 0.626705 0.380462 0.168053 0.380462 0.183527   0   0  -1 
2460211.522268 0.000000 0.000000 -58.728326 0.306169 -59.536101 0.460315 -59.075786 0.807775 0.306169 0.347460 0.306169 0.183527   0   0  -1 
