# time Tc_folded Tref_folded value value_err offset model full_model val_compare val_compare_err residuals residuals_err jitter jitter_flag offset_flag subset_flag 
2455480.529186 0.000000 0.000000 6736.979894 0.971355 6748.965970 -10.195936 6738.770033 -11.986076 0.971355 -1.790139 0.971355 2.311837   1   1  -1 
2455480.532970 0.000000 0.000000 6736.094407 0.880169 6748.965970 -10.194036 6738.771934 -12.871563 0.880169 -2.677527 0.880169 2.311837   1   1  -1 
2455480.536778 0.000000 0.000000 6734.204715 0.930093 6748.965970 -10.192118 6738.773852 -14.761255 0.930093 -4.569137 0.930093 2.311837   1   1  -1 
2455482.554786 0.000000 0.000000 6741.458054 0.707811 6748.965970 -8.506876 6740.459094 -7.507916 0.707811 0.998960 0.707811 2.311837   1   1  -1 
2455484.542056 0.000000 0.000000 6740.946449 1.028638 6748.965970 -6.050847 6742.915122 -8.019521 1.028638 -1.968673 1.028638 2.311837   1   1  -1 
2455484.545828 0.000000 0.000000 6742.814201 1.065413 6748.965970 -6.046270 6742.919699 -6.151769 1.065413 -0.105498 1.065413 2.311837   1   1  -1 
2455484.549671 0.000000 0.000000 6740.893501 1.016694 6748.965970 -6.041609 6742.924360 -8.072469 1.016694 -2.030859 1.016694 2.311837   1   1  -1 
2455485.527184 0.000000 0.000000 6742.415408 0.864068 6748.965970 -4.961407 6744.004563 -6.550562 0.864068 -1.589155 0.864068 2.311837   1   1  -1 
2455485.532971 0.000000 0.000000 6742.960770 0.891412 6748.965970 -4.955802 6744.010168 -6.005200 0.891412 -1.049398 0.891412 2.311837   1   1  -1 
2455487.543214 0.000000 0.000000 6741.874138 0.808873 6748.965970 -3.808151 6745.157818 -7.091832 0.808873 -3.283680 0.808873 2.311837   1   1  -1 
2455487.548897 0.000000 0.000000 6742.782044 0.803534 6748.965970 -3.807339 6745.158631 -6.183926 0.803534 -2.376587 0.803534 2.311837   1   1  -1 
2455493.544252 0.000000 0.000000 6743.144504 0.793201 6748.965970 -5.731681 6743.234289 -5.821466 0.793201 -0.089785 0.793201 2.311837   1   1  -1 
2455493.550478 0.000000 0.000000 6741.566527 0.810440 6748.965970 -5.732269 6743.233700 -7.399443 0.810440 -1.667173 0.810440 2.311837   1   1  -1 
2455495.535877 0.000000 0.000000 6741.987547 0.802492 6748.965970 -5.814408 6743.151562 -6.978423 0.802492 -1.164015 0.802492 2.311837   1   1  -1 
2455495.541664 0.000000 0.000000 6742.530962 0.850836 6748.965970 -5.814843 6743.151127 -6.435008 0.850836 -0.620165 0.850836 2.311837   1   1  -1 
2455498.517820 0.000000 0.000000 6743.241742 1.327692 6748.965970 -6.971784 6741.994186 -5.724228 1.327692 1.247556 1.327692 2.311837   1   1  -1 
2455498.523445 0.000000 0.000000 6742.436859 1.200196 6748.965970 -6.976006 6741.989964 -6.529111 1.200196 0.446895 1.200196 2.311837   1   1  -1 
2455500.544007 0.000000 0.000000 6740.389314 0.683673 6748.965970 -8.771388 6740.194582 -8.576656 0.683673 0.194732 0.683673 2.311837   1   1  -1 
2455500.549389 0.000000 0.000000 6739.327197 0.744348 6748.965970 -8.776412 6740.189558 -9.638773 0.744348 -0.862361 0.744348 2.311837   1   1  -1 
2455501.547102 0.000000 0.000000 6738.201800 0.605317 6748.965970 -9.658007 6739.307963 -10.764170 0.605317 -1.106163 0.605317 2.311837   1   1  -1 
2455501.552738 0.000000 0.000000 6736.954145 0.578445 6748.965970 -9.662586 6739.303384 -12.011825 0.578445 -2.349239 0.578445 2.311837   1   1  -1 
2455505.514789 0.000000 0.000000 6740.070490 0.688526 6748.965970 -11.180565 6737.785405 -8.895480 0.688526 2.285085 0.688526 2.311837   1   1  -1 
2455505.520425 0.000000 0.000000 6740.042201 0.681455 6748.965970 -11.180920 6737.785050 -8.923769 0.681455 2.257151 0.681455 2.311837   1   1  -1 
2455507.517142 0.000000 0.000000 6737.783175 0.529962 6748.965970 -11.353530 6737.612440 -11.182795 0.529962 0.170735 0.529962 2.311837   1   1  -1 
2455507.522824 0.000000 0.000000 6736.008881 0.540417 6748.965970 -11.354415 6737.611555 -12.957089 0.540417 -1.602674 0.540417 2.311837   1   1  -1 
2455509.518050 0.000000 0.000000 6739.147553 0.760523 6748.965970 -11.788122 6737.177848 -9.818417 0.760523 1.969705 0.760523 2.311837   1   1  -1 
2455509.523524 0.000000 0.000000 6739.453965 0.709529 6748.965970 -11.789332 6737.176638 -9.512005 0.709529 2.277327 0.709529 2.311837   1   1  -1 
2455511.516449 0.000000 0.000000 6736.700627 0.796997 6748.965970 -11.861020 6737.104950 -12.265343 0.796997 -0.404323 0.796997 2.311837   1   1  -1 
2455511.521935 0.000000 0.000000 6737.359679 0.793324 6748.965970 -11.859613 6737.106356 -11.606291 0.793324 0.253323 0.793324 2.311837   1   1  -1 
2455513.504562 0.000000 0.000000 6739.969627 0.836669 6748.965970 -10.470666 6738.495304 -8.996343 0.836669 1.474323 0.836669 2.311837   1   1  -1 
2455513.510244 0.000000 0.000000 6739.379536 0.882170 6748.965970 -10.464030 6738.501939 -9.586434 0.882170 0.877597 0.882170 2.311837   1   1  -1 
2455514.505835 0.000000 0.000000 6740.416095 0.671812 6748.965970 -9.089608 6739.876361 -8.549875 0.671812 0.539734 0.671812 2.311837   1   1  -1 
2455514.511356 0.000000 0.000000 6741.219400 0.683432 6748.965970 -9.080930 6739.885040 -7.746570 0.683432 1.334360 0.683432 2.311837   1   1  -1 
2455519.503938 0.000000 0.000000 6751.476274 1.033370 6748.965970 -1.491683 6747.474287 2.510304 1.033370 4.001987 1.033370 2.311837   1   1  -1 
2455519.508811 0.000000 0.000000 6750.581276 0.996146 6748.965970 -1.488209 6747.477761 1.615306 0.996146 3.103515 0.996146 2.311837   1   1  -1 
2455523.508036 0.000000 0.000000 6747.670446 0.829835 6748.965970 -1.370029 6747.595940 -1.295524 0.829835 0.074506 0.829835 2.311837   1   1  -1 
2455523.513036 0.000000 0.000000 6746.377680 0.865769 6748.965970 -1.371454 6747.594515 -2.588290 0.865769 -1.216835 0.865769 2.311837   1   1  -1 
2455524.521481 0.000000 0.000000 6745.252557 0.667948 6748.965970 -1.635389 6747.330580 -3.713413 0.667948 -2.078023 0.667948 2.311837   1   1  -1 
2455524.526446 0.000000 0.000000 6747.418629 0.678388 6748.965970 -1.636526 6747.329443 -1.547341 0.678388 0.089186 0.678388 2.311837   1   1  -1 
2455653.900831 0.000000 0.000000 6744.853956 0.744608 6748.965970 -3.493535 6745.472435 -4.112014 0.744608 -0.618479 0.744608 2.311837   1   1  -1 
2455653.906410 0.000000 0.000000 6744.437562 0.736194 6748.965970 -3.496479 6745.469490 -4.528408 0.736194 -1.031928 0.736194 2.311837   1   1  -1 
2455654.900357 0.000000 0.000000 6743.527057 0.814117 6748.965970 -3.922611 6745.043358 -5.438913 0.814117 -1.516301 0.814117 2.311837   1   1  -1 
2455654.905936 0.000000 0.000000 6743.668193 0.731415 6748.965970 -3.924503 6745.041466 -5.297777 0.731415 -1.373273 0.731415 2.311837   1   1  -1 
2455657.909222 0.000000 0.000000 6743.719643 0.605709 6748.965970 -4.500946 6744.465024 -5.246327 0.605709 -0.745381 0.605709 2.311837   1   1  -1 
2455657.914813 0.000000 0.000000 6741.956807 0.631733 6748.965970 -4.501634 6744.464336 -7.009163 0.631733 -2.507529 0.631733 2.311837   1   1  -1 
2455659.907949 0.000000 0.000000 6742.173855 0.769486 6748.965970 -4.754421 6744.211549 -6.792115 0.769486 -2.037694 0.769486 2.311837   1   1  -1 
2455659.913540 0.000000 0.000000 6744.060561 0.803020 6748.965970 -4.755187 6744.210783 -4.905409 0.803020 -0.150222 0.803020 2.311837   1   1  -1 
2455660.901884 0.000000 0.000000 6745.219734 0.502349 6748.965970 -4.897445 6744.068525 -3.746236 0.502349 1.151209 0.502349 2.311837   1   1  -1 
2455662.902485 0.000000 0.000000 6741.723247 0.948916 6748.965970 -5.233218 6743.732752 -7.242723 0.948916 -2.009505 0.948916 2.311837   1   1  -1 
2455662.908180 0.000000 0.000000 6743.920904 0.909242 6748.965970 -5.234282 6743.731688 -5.045066 0.909242 0.189216 0.909242 2.311837   1   1  -1 
2455663.839263 0.000000 0.000000 6740.006775 1.737212 6748.965970 -5.417502 6743.548468 -8.959195 1.737212 -3.541693 1.737212 2.311837   1   1  -1 
2455672.897729 0.000000 0.000000 6742.158654 0.653920 6748.965970 -5.940428 6743.025542 -6.807316 0.653920 -0.866888 0.653920 2.311837   1   1  -1 
2455672.902775 0.000000 0.000000 6743.643604 0.601277 6748.965970 -5.940070 6743.025900 -5.322366 0.601277 0.617704 0.601277 2.311837   1   1  -1 
2455675.905453 0.000000 0.000000 6741.296177 0.422700 6748.965970 -6.331198 6742.634771 -7.669793 0.422700 -1.338594 0.422700 2.311837   1   1  -1 
2455679.879903 0.000000 0.000000 6740.439105 0.504578 6748.965970 -7.209572 6741.756397 -8.526865 0.504578 -1.317292 0.504578 2.311837   1   1  -1 
2455679.885123 0.000000 0.000000 6741.251299 0.513702 6748.965970 -7.208383 6741.757586 -7.714671 0.513702 -0.506287 0.513702 2.311837   1   1  -1 
2455712.893679 0.000000 0.000000 6743.439908 0.560355 6748.965970 -4.415746 6744.550224 -5.526062 0.560355 -1.110316 0.560355 2.311837   1   1  -1 
2455715.864679 0.000000 0.000000 6747.620719 1.363467 6748.965970 -3.450247 6745.515723 -1.345251 1.363467 2.104996 1.363467 2.311837   1   1  -1 
2455715.867376 0.000000 0.000000 6744.977745 1.418842 6748.965970 -3.450045 6745.515925 -3.988225 1.418842 -0.538180 1.418842 2.311837   1   1  -1 
2455715.869992 0.000000 0.000000 6742.248056 1.436778 6748.965970 -3.449850 6745.516120 -6.717914 1.436778 -3.268064 1.436778 2.311837   1   1  -1 
2455715.872747 0.000000 0.000000 6746.539265 1.484829 6748.965970 -3.449647 6745.516323 -2.426705 1.484829 1.022942 1.484829 2.311837   1   1  -1 
2455727.859452 0.000000 0.000000 6749.048938 1.056398 6748.965970 -1.877910 6747.088059 0.082968 1.056398 1.960879 1.056398 2.311837   1   1  -1 
2455727.863145 0.000000 0.000000 6746.852638 1.033327 6748.965970 -1.875922 6747.090048 -2.113332 1.033327 -0.237410 1.033327 2.311837   1   1  -1 
2455727.866953 0.000000 0.000000 6748.121533 1.119485 6748.965970 -1.873875 6747.092095 -0.844437 1.119485 1.029438 1.119485 2.311837   1   1  -1 
2455735.809170 0.000000 0.000000 6744.754804 0.526032 6748.965970 -2.656300 6746.309670 -4.211166 0.526032 -1.554866 0.526032 2.311837   1   1  -1 
2455754.777241 0.000000 0.000000 6746.468927 1.091349 6748.965970 -3.806247 6745.159723 -2.497043 1.091349 1.309204 1.091349 2.311837   1   1  -1 
2455755.755721 0.000000 0.000000 6744.820061 0.768792 6748.965970 -3.128614 6745.837355 -4.145909 0.768792 -1.017294 0.768792 2.311837   1   1  -1 
2455769.736300 0.000000 0.000000 6741.910452 0.677532 6748.965970 -3.279742 6745.686227 -7.055518 0.677532 -3.775775 0.677532 2.311837   1   1  -1 
2455769.742075 0.000000 0.000000 6742.850451 0.770313 6748.965970 -3.280078 6745.685891 -6.115519 0.770313 -2.835440 0.770313 2.311837   1   1  -1 
2455776.628483 0.000000 0.000000 6750.213357 0.712348 6748.965970 -4.974808 6743.991162 1.247387 0.712348 6.222195 0.712348 2.311837   1   1  -1 
2455782.624998 0.000000 0.000000 6747.016802 0.761072 6748.965970 -3.368923 6745.597046 -1.949168 0.761072 1.419756 0.761072 2.311837   1   1  -1 
2455784.737667 0.000000 0.000000 6741.817184 0.545366 6748.965970 -2.886674 6746.079296 -7.148786 0.545366 -4.262112 0.545366 2.311837   1   1  -1 
2455801.526698 0.000000 0.000000 6751.852184 1.273141 6748.965970 -1.739010 6747.226960 2.886214 1.273141 4.625224 1.273141 2.311837   1   1  -1 
2455801.531628 0.000000 0.000000 6748.995510 1.177162 6748.965970 -1.740536 6747.225434 0.029540 1.177162 1.770076 1.177162 2.311837   1   1  -1 
2455804.632333 0.000000 0.000000 6745.335970 1.120566 6748.965970 -3.374124 6745.591846 -3.630000 1.120566 -0.255876 1.120566 2.311837   1   1  -1 
2455804.637669 0.000000 0.000000 6747.868911 1.032150 6748.965970 -3.376610 6745.589360 -1.097059 1.032150 2.279551 1.032150 2.311837   1   1  -1 
2455807.626267 0.000000 0.000000 6743.760974 0.965710 6748.965970 -3.837242 6745.128728 -5.204996 0.965710 -1.367754 0.965710 2.311837   1   1  -1 
2455807.631162 0.000000 0.000000 6744.367308 0.886584 6748.965970 -3.836875 6745.129095 -4.598662 0.886584 -0.761787 0.886584 2.311837   1   1  -1 
2455810.581550 0.000000 0.000000 6749.536319 0.754194 6748.965970 -4.140212 6744.825758 0.570349 0.754194 4.710561 0.754194 2.311837   1   1  -1 
2455810.586723 0.000000 0.000000 6745.341822 0.797392 6748.965970 -4.142642 6744.823327 -3.624148 0.797392 0.518495 0.797392 2.311837   1   1  -1 
2455816.587002 0.000000 0.000000 6736.994306 0.959785 6748.965970 -9.136593 6739.829377 -11.971664 0.959785 -2.835071 0.959785 2.311837   1   1  -1 
2455816.590578 0.000000 0.000000 6737.632453 0.889883 6748.965970 -9.137757 6739.828213 -11.333517 0.889883 -2.195760 0.889883 2.311837   1   1  -1 
2455816.594154 0.000000 0.000000 6736.813114 0.876464 6748.965970 -9.138916 6739.827053 -12.152856 0.876464 -3.013939 0.876464 2.311837   1   1  -1 
2455834.622073 0.000000 0.000000 6741.622283 0.577372 6748.965970 -6.350289 6742.615681 -7.343687 0.577372 -0.993398 0.577372 2.311837   1   1  -1 
2455834.627593 0.000000 0.000000 6741.694550 0.576524 6748.965970 -6.350641 6742.615329 -7.271420 0.576524 -0.920779 0.576524 2.311837   1   1  -1 
2455836.585712 0.000000 0.000000 6742.623220 0.680522 6748.965970 -5.854137 6743.111833 -6.342750 0.680522 -0.488613 0.680522 2.311837   1   1  -1 
2455836.591440 0.000000 0.000000 6741.147612 0.679136 6748.965970 -5.850702 6743.115267 -7.818358 0.679136 -1.967655 0.679136 2.311837   1   1  -1 
2455839.585007 0.000000 0.000000 6748.405228 0.910132 6748.965970 -2.989398 6745.976572 -0.560742 0.910132 2.428656 0.910132 2.311837   1   1  -1 
2455839.590794 0.000000 0.000000 6747.617891 0.919769 6748.965970 -2.983207 6745.982763 -1.348079 0.919769 1.635128 0.919769 2.311837   1   1  -1 
2455842.549547 0.000000 0.000000 6752.493747 1.066299 6748.965970 -0.933110 6748.032860 3.527777 1.066299 4.460887 1.066299 2.311837   1   1  -1 
2455842.555033 0.000000 0.000000 6750.073896 0.873203 6748.965970 -0.932062 6748.033908 1.107926 0.873203 2.039988 0.873203 2.311837   1   1  -1 
2455845.575633 0.000000 0.000000 6749.336050 1.067738 6748.965970 -1.481201 6747.484768 0.370080 1.067738 1.851282 1.067738 2.311837   1   1  -1 
2455845.581258 0.000000 0.000000 6747.769866 0.922401 6748.965970 -1.483154 6747.482816 -1.196104 0.922401 0.287050 0.922401 2.311837   1   1  -1 
2455870.498785 0.000000 0.000000 6742.487318 0.730627 6748.965970 -7.853458 6741.112511 -6.478652 0.730627 1.374807 0.730627 2.311837   1   1  -1 
2455870.504422 0.000000 0.000000 6741.521976 0.718479 6748.965970 -7.849596 6741.116373 -7.443994 0.718479 0.405603 0.718479 2.311837   1   1  -1 
2455874.532217 0.000000 0.000000 6744.629305 1.027595 6748.965970 -5.534575 6743.431395 -4.336665 1.027595 1.197910 1.027595 2.311837   1   1  -1 
2455874.537437 0.000000 0.000000 6744.608219 1.390676 6748.965970 -5.532600 6743.433370 -4.357751 1.390676 1.174849 1.390676 2.311837   1   1  -1 
2455878.549549 0.000000 0.000000 6743.133515 1.360956 6748.965970 -3.857903 6745.108067 -5.832455 1.360956 -1.974552 1.360956 2.311837   1   1  -1 
2455878.554965 0.000000 0.000000 6740.135198 1.321422 6748.965970 -3.854564 6745.111406 -8.830772 1.321422 -4.976208 1.321422 2.311837   1   1  -1 
2456020.892743 0.000000 0.000000 6745.146307 0.800504 6748.965970 -2.454737 6746.511233 -3.819663 0.800504 -1.364926 0.800504 2.311837   1   1  -1 
2456020.898160 0.000000 0.000000 6746.202855 0.781449 6748.965970 -2.457356 6746.508614 -2.763115 0.781449 -0.305759 0.781449 2.311837   1   1  -1 
2456022.889397 0.000000 0.000000 6744.288656 0.994688 6748.965970 -3.484926 6745.481044 -4.677314 0.994688 -1.192388 0.994688 2.311837   1   1  -1 
2456022.894884 0.000000 0.000000 6746.835284 1.113054 6748.965970 -3.487649 6745.478321 -2.130686 1.113054 1.356963 1.113054 2.311837   1   1  -1 
2456024.891353 0.000000 0.000000 6742.988987 0.857313 6748.965970 -4.290338 6744.675632 -5.976983 0.857313 -1.686645 0.857313 2.311837   1   1  -1 
2456024.897048 0.000000 0.000000 6744.748045 0.814076 6748.965970 -4.291965 6744.674005 -4.217925 0.814076 0.074040 0.814076 2.311837   1   1  -1 
2456028.922257 0.000000 0.000000 6746.543190 0.690565 6748.965970 -4.303093 6744.662877 -2.422780 0.690565 1.880313 0.690565 2.311837   1   1  -1 
2456029.892891 0.000000 0.000000 6747.320493 1.086998 6748.965970 -3.972137 6744.993833 -1.645477 1.086998 2.326660 1.086998 2.311837   1   1  -1 
2456029.898354 0.000000 0.000000 6748.760240 1.038533 6748.965970 -3.969957 6744.996013 -0.205730 1.038533 3.764227 1.038533 2.311837   1   1  -1 
2456031.852968 0.000000 0.000000 6747.989211 0.817617 6748.965970 -3.021758 6745.944212 -0.976759 0.817617 2.044999 0.817617 2.311837   1   1  -1 
2456052.857065 0.000000 0.000000 6746.249978 0.812636 6748.965970 -4.796799 6744.169170 -2.715992 0.812636 2.080808 0.812636 2.311837   1   1  -1 
2456052.862482 0.000000 0.000000 6745.619923 0.787680 6748.965970 -4.798157 6744.167813 -3.346047 0.787680 1.452110 0.787680 2.311837   1   1  -1 
2456053.851639 0.000000 0.000000 6743.166273 0.874947 6748.965970 -4.792361 6744.173609 -5.799697 0.874947 -1.007336 0.874947 2.311837   1   1  -1 
2456053.857114 0.000000 0.000000 6741.264696 0.828685 6748.965970 -4.790982 6744.174988 -7.701274 0.828685 -2.910292 0.828685 2.311837   1   1  -1 
2456054.839916 0.000000 0.000000 6746.508998 0.533012 6748.965970 -4.340067 6744.625902 -2.456972 0.533012 1.883096 0.533012 2.311837   1   1  -1 
2456055.886865 0.000000 0.000000 6744.080866 0.509706 6748.965970 -3.542518 6745.423452 -4.885104 0.509706 -1.342586 0.509706 2.311837   1   1  -1 
2456056.818146 0.000000 0.000000 6747.963625 0.893302 6748.965970 -2.750387 6746.215583 -1.002345 0.893302 1.748042 0.893302 2.311837   1   1  -1 
2456056.823714 0.000000 0.000000 6744.469105 0.813986 6748.965970 -2.745799 6746.220171 -4.496865 0.813986 -1.751066 0.813986 2.311837   1   1  -1 
2456078.843392 0.000000 0.000000 6746.158961 0.647558 6748.965970 0.769039 6749.735009 -2.807009 0.647558 -3.576048 0.647558 2.311837   1   1  -1 
2456078.849075 0.000000 0.000000 6745.719595 0.632973 6748.965970 0.767770 6749.733740 -3.246375 0.632973 -4.014145 0.632973 2.311837   1   1  -1 
2456081.832748 0.000000 0.000000 6746.860997 0.796018 6748.965970 -0.272323 6748.693647 -2.104973 0.796018 -1.832650 0.796018 2.311837   1   1  -1 
2456081.838651 0.000000 0.000000 6746.160349 0.647447 6748.965970 -0.274252 6748.691718 -2.805621 0.647447 -2.531369 0.647447 2.311837   1   1  -1 
2456085.820521 0.000000 0.000000 6748.615188 0.878497 6748.965970 -0.047686 6748.918284 -0.350782 0.878497 -0.303096 0.878497 2.311837   1   1  -1 
2456085.826250 0.000000 0.000000 6749.360613 0.917873 6748.965970 -0.045322 6748.920648 0.394643 0.917873 0.439965 0.917873 2.311837   1   1  -1 
2456088.742747 0.000000 0.000000 6753.524666 0.549399 6748.965970 0.849698 6749.815668 4.558696 0.549399 3.708998 0.549399 2.311837   1   1  -1 
2456092.900369 0.000000 0.000000 6751.383386 0.628826 6748.965970 -1.573072 6747.392898 2.417416 0.628826 3.990488 0.628826 2.311837   1   1  -1 
2456115.815540 0.000000 0.000000 6754.277043 0.776191 6748.965970 3.121733 6752.087703 5.311073 0.776191 2.189340 0.776191 2.311837   1   1  -1 
2456118.809984 0.000000 0.000000 6751.338923 0.512854 6748.965970 2.735468 6751.701438 2.372953 0.512854 -0.362515 0.512854 2.311837   1   1  -1 
2456121.820367 0.000000 0.000000 6748.884407 1.411859 6748.965970 0.251691 6749.217661 -0.081563 1.411859 -0.333254 1.411859 2.311837   1   1  -1 
2456149.686124 0.000000 0.000000 6745.208573 0.845009 6748.965970 -2.342183 6746.623786 -3.757397 0.845009 -1.415213 0.845009 2.311837   1   1  -1 
2456154.723489 0.000000 0.000000 6753.155186 0.865117 6748.965970 3.969463 6752.935433 4.189216 0.865117 0.219753 0.865117 2.311837   1   1  -1 
2456154.728442 0.000000 0.000000 6756.664798 1.281739 6748.965970 3.976120 6752.942090 7.698828 1.281739 3.722708 1.281739 2.311837   1   1  -1 
2456166.527551 0.000000 0.000000 6750.235757 0.645517 6748.965970 -2.368720 6746.597250 1.269787 0.645517 3.638507 0.645517 2.311837   1   1  -1 
2456168.609469 0.000000 0.000000 6746.933111 0.971404 6748.965970 -2.696659 6746.269310 -2.032859 0.971404 0.663801 0.971404 2.311837   1   1  -1 
2456168.615105 0.000000 0.000000 6744.859936 0.857956 6748.965970 -2.694292 6746.271678 -4.106034 0.857956 -1.411742 0.857956 2.311837   1   1  -1 
2456171.510563 0.000000 0.000000 6746.779196 0.523911 6748.965970 0.428763 6749.394733 -2.186774 0.523911 -2.615537 0.523911 2.311837   1   1  -1 
2456173.694840 0.000000 0.000000 6745.694408 0.870055 6748.965970 3.172996 6752.138965 -3.271562 0.870055 -6.444557 0.870055 2.311837   1   1  -1 
2456181.612869 0.000000 0.000000 6746.780093 0.609426 6748.965970 -0.150517 6748.815453 -2.185877 0.609426 -2.035360 0.609426 2.311837   1   1  -1 
2456186.623747 0.000000 0.000000 6750.623304 0.538290 6748.965970 2.917177 6751.883147 1.657334 0.538290 -1.259843 0.538290 2.311837   1   1  -1 
2456189.666838 0.000000 0.000000 6748.504253 1.709832 6748.965970 0.656175 6749.622144 -0.461717 1.709832 -1.117891 1.709832 2.311837   1   1  -1 
2456190.592865 0.000000 0.000000 6750.871459 0.873280 6748.965970 -0.110606 6748.855364 1.905489 0.873280 2.016095 0.873280 2.311837   1   1  -1 
2456190.598548 0.000000 0.000000 6750.369171 0.820368 6748.965970 -0.114402 6748.851568 1.403201 0.820368 1.517603 0.820368 2.311837   1   1  -1 
2456195.586272 0.000000 0.000000 6749.872183 0.911842 6748.965970 3.331318 6752.297288 0.906213 0.911842 -2.425105 0.911842 2.311837   1   1  -1 
2456195.591793 0.000000 0.000000 6753.010576 0.913007 6748.965970 3.340369 6752.306338 4.044606 0.913007 0.704238 0.913007 2.311837   1   1  -1 
2456198.564091 0.000000 0.000000 6752.020828 1.186346 6748.965970 7.128430 6756.094400 3.054858 1.186346 -4.073572 1.186346 2.311837   1   1  -1 
2456198.569866 0.000000 0.000000 6752.133778 1.250845 6748.965970 7.132096 6756.098065 3.167808 1.250845 -3.964287 1.250845 2.311837   1   1  -1 
2456204.547188 0.000000 0.000000 6753.568624 0.781661 6748.965970 4.381365 6753.347334 4.602654 0.781661 0.221290 0.781661 2.311837   1   1  -1 
2456205.523197 0.000000 0.000000 6749.089385 0.447471 6748.965970 3.770953 6752.736922 0.123415 0.447471 -3.647537 0.447471 2.311837   1   1  -1 
2456208.615737 0.000000 0.000000 6753.603897 0.942056 6748.965970 3.846469 6752.812439 4.637927 0.942056 0.791458 0.942056 2.311837   1   1  -1 
2456209.540800 0.000000 0.000000 6759.371118 1.053758 6748.965970 4.612459 6753.578429 10.405148 1.053758 5.792689 1.053758 2.311837   1   1  -1 
2456210.532155 0.000000 0.000000 6759.600350 0.864183 6748.965970 5.808207 6754.774176 10.634380 0.864183 4.826174 0.864183 2.311837   1   1  -1 
2456212.523498 0.000000 0.000000 6755.476387 0.479583 6748.965970 8.956912 6757.922882 6.510417 0.479583 -2.446495 0.479583 2.311837   1   1  -1 
2456217.523649 0.000000 0.000000 6753.855817 0.740951 6748.965970 11.152730 6760.118700 4.889847 0.740951 -6.262883 0.740951 2.311837   1   1  -1 
2456217.529482 0.000000 0.000000 6756.209522 0.723468 6748.965970 11.144687 6760.110657 7.243552 0.723468 -3.901135 0.723468 2.311837   1   1  -1 
2456218.587951 0.000000 0.000000 6761.087306 0.783291 6748.965970 9.331078 6758.297047 12.121336 0.783291 2.790259 0.783291 2.311837   1   1  -1 
2456219.500319 0.000000 0.000000 6756.194158 0.495656 6748.965970 7.377897 6756.343867 7.228188 0.495656 -0.149709 0.495656 2.311837   1   1  -1 
2456220.491327 0.000000 0.000000 6755.982846 0.783227 6748.965970 5.178739 6754.144709 7.016876 0.783227 1.838137 0.783227 2.311837   1   1  -1 
2456220.514069 0.000000 0.000000 6755.832612 0.640640 6748.965970 5.130137 6754.096107 6.866642 0.640640 1.736505 0.640640 2.311837   1   1  -1 
2456409.867093 0.000000 0.000000 6759.457368 1.234666 6748.965970 11.526105 6760.492074 10.491398 1.234666 -1.034706 1.234666 2.311837   1   1  -1 
2456409.872719 0.000000 0.000000 6760.777904 1.190406 6748.965970 11.518410 6760.484380 11.811934 1.190406 0.293524 1.190406 2.311837   1   1  -1 
2456416.824768 0.000000 0.000000 6754.823732 1.100783 6748.965970 5.021149 6753.987119 5.857762 1.100783 0.836613 1.100783 2.311837   1   1  -1 
2456416.828565 0.000000 0.000000 6752.557971 1.091725 6748.965970 5.019819 6753.985789 3.592001 1.091725 -1.427818 1.091725 2.311837   1   1  -1 
2456416.832443 0.000000 0.000000 6755.652557 1.133660 6748.965970 5.018462 6753.984432 6.686587 1.133660 1.668125 1.133660 2.311837   1   1  -1 
2456432.884915 0.000000 0.000000 6750.289458 0.787972 6748.965970 0.880222 6749.846192 1.323488 0.787972 0.443266 0.787972 2.311837   1   1  -1 
2456432.890124 0.000000 0.000000 6749.887804 0.901606 6748.965970 0.886015 6749.851984 0.921834 0.901606 0.035820 0.901606 2.311837   1   1  -1 
2456433.905268 0.000000 0.000000 6751.123745 1.477288 6748.965970 1.996693 6750.962663 2.157775 1.477288 0.161082 1.477288 2.311837   1   1  -1 
2456433.910395 0.000000 0.000000 6755.515765 1.603077 6748.965970 2.002076 6750.968046 6.549795 1.603077 4.547719 1.603077 2.311837   1   1  -1 
2456434.892458 0.000000 0.000000 6749.944594 0.969582 6748.965970 2.949794 6751.915764 0.978624 0.969582 -1.971170 0.969582 2.311837   1   1  -1 
2456434.898129 0.000000 0.000000 6750.432478 0.937709 6748.965970 2.954691 6751.920661 1.466508 0.937709 -1.488183 0.937709 2.311837   1   1  -1 
2456437.889188 0.000000 0.000000 6752.992684 0.801579 6748.965970 4.496489 6753.462459 4.026714 0.801579 -0.469775 0.801579 2.311837   1   1  -1 
2456437.894720 0.000000 0.000000 6750.576482 0.735776 6748.965970 4.497932 6753.463902 1.610512 0.735776 -2.887420 0.735776 2.311837   1   1  -1 
2456438.860772 0.000000 0.000000 6752.460540 0.640814 6748.965970 4.749506 6753.715475 3.494570 0.640814 -1.254935 0.640814 2.311837   1   1  -1 
2456441.860316 0.000000 0.000000 6756.852144 0.846284 6748.965970 6.660917 6755.626887 7.886174 0.846284 1.225257 0.846284 2.311837   1   1  -1 
2456454.832361 0.000000 0.000000 6752.986609 0.709239 6748.965970 4.088838 6753.054808 4.020639 0.709239 -0.068199 0.709239 2.311837   1   1  -1 
2456454.837894 0.000000 0.000000 6750.972291 0.711651 6748.965970 4.085768 6753.051738 2.006321 0.711651 -2.079447 0.711651 2.311837   1   1  -1 
2456467.823190 0.000000 0.000000 6754.822849 1.255655 6748.965970 0.879723 6749.845692 5.856879 1.255655 4.977157 1.255655 2.311837   1   1  -1 
2456467.826929 0.000000 0.000000 6751.728023 1.113375 6748.965970 0.877856 6749.843826 2.762053 1.113375 1.884197 1.113375 2.311837   1   1  -1 
2456467.830702 0.000000 0.000000 6751.044367 1.185837 6748.965970 0.875975 6749.841945 2.078397 1.185837 1.202422 1.185837 2.311837   1   1  -1 
2456473.860840 0.000000 0.000000 6750.322340 1.051321 6748.965970 1.771205 6750.737175 1.356370 1.051321 -0.414835 1.051321 2.311837   1   1  -1 
2456473.864821 0.000000 0.000000 6751.867851 1.016901 6748.965970 1.774125 6750.740095 2.901881 1.016901 1.127756 1.016901 2.311837   1   1  -1 
2456473.868595 0.000000 0.000000 6753.178042 1.098920 6748.965970 1.776894 6750.742864 4.212072 1.098920 2.435178 1.098920 2.311837   1   1  -1 
2456480.776552 0.000000 0.000000 6754.557282 0.996431 6748.965970 3.676185 6752.642155 5.591312 0.996431 1.915127 0.996431 2.311837   1   1  -1 
2456480.782281 0.000000 0.000000 6755.387313 0.925325 6748.965970 3.676241 6752.642211 6.421343 0.925325 2.745102 0.925325 2.311837   1   1  -1 
2456481.631506 0.000000 0.000000 6756.772221 1.240759 6748.965970 3.772638 6752.738608 7.806251 1.240759 4.033613 1.240759 2.311837   1   1  -1 
2456481.637189 0.000000 0.000000 6753.538508 1.259412 6748.965970 3.773967 6752.739936 4.572538 1.259412 0.798572 1.259412 2.311837   1   1  -1 
2456501.599929 0.000000 0.000000 6754.822030 0.631664 6748.965970 4.212479 6753.178449 5.856060 0.631664 1.643581 0.631664 2.311837   1   1  -1 
2456523.744316 0.000000 0.000000 6751.875856 0.567478 6748.965970 1.175510 6750.141480 2.909886 0.567478 1.734376 0.567478 2.311837   1   1  -1 
2456524.691276 0.000000 0.000000 6747.554595 0.703132 6748.965970 1.609843 6750.575813 -1.411375 0.703132 -3.021218 0.703132 2.311837   1   1  -1 
2456524.696693 0.000000 0.000000 6749.458315 0.716695 6748.965970 1.613378 6750.579348 0.492345 0.716695 -1.121033 0.716695 2.311837   1   1  -1 
2456525.743740 0.000000 0.000000 6754.356749 0.637734 6748.965970 2.501133 6751.467103 5.390779 0.637734 2.889646 0.637734 2.311837   1   1  -1 
2456569.534062 0.000000 0.000000 6756.517428 1.076929 6748.965970 2.707126 6751.673096 7.551458 1.076929 4.844332 1.076929 2.311837   1   1  -1 
2456585.564665 0.000000 0.000000 6750.921123 0.855663 6748.965970 -0.595699 6748.370271 1.955153 0.855663 2.550852 0.855663 2.311837   1   1  -1 
2456585.568473 0.000000 0.000000 6746.976103 0.828824 6748.965970 -0.595707 6748.370262 -1.989867 0.828824 -1.394159 0.828824 2.311837   1   1  -1 
2456585.572350 0.000000 0.000000 6750.112670 0.846101 6748.965970 -0.595716 6748.370254 1.146700 0.846101 1.742416 0.846101 2.311837   1   1  -1 
2456586.547688 0.000000 0.000000 6750.875948 0.928572 6748.965970 -0.579167 6748.386803 1.909978 0.928572 2.489145 0.928572 2.311837   1   1  -1 
2456586.551530 0.000000 0.000000 6750.104421 0.993006 6748.965970 -0.578973 6748.386997 1.138451 0.993006 1.717424 0.993006 2.311837   1   1  -1 
2456586.555442 0.000000 0.000000 6748.200881 1.030307 6748.965970 -0.578773 6748.387197 -0.765089 1.030307 -0.186316 1.030307 2.311837   1   1  -1 
2456590.510961 0.000000 0.000000 6753.078268 1.367518 6748.965970 0.941218 6749.907188 4.112298 1.367518 3.171080 1.367518 2.311837   1   1  -1 
2456590.514943 0.000000 0.000000 6747.110191 1.522789 6748.965970 0.944102 6749.910072 -1.855779 1.522789 -2.799881 1.522789 2.311837   1   1  -1 
2456590.518611 0.000000 0.000000 6747.510946 1.287716 6748.965970 0.946761 6749.912731 -1.455024 1.287716 -2.401785 1.287716 2.311837   1   1  -1 
2456765.917789 0.000000 0.000000 6752.196408 0.712210 6748.965970 0.680678 6749.646647 3.230438 0.712210 2.549761 0.712210 2.311837   1   1  -1 
2456765.923021 0.000000 0.000000 6750.137503 0.718686 6748.965970 0.683576 6749.649545 1.171533 0.718686 0.487958 0.718686 2.311837   1   1  -1 
2456789.854143 0.000000 0.000000 6754.654993 0.783119 6748.965970 4.457322 6753.423291 5.689023 0.783119 1.231702 0.783119 2.311837   1   1  -1 
2456789.859722 0.000000 0.000000 6754.125832 0.810184 6748.965970 4.470278 6753.436248 5.159862 0.810184 0.689584 0.810184 2.311837   1   1  -1 
2456806.890179 0.000000 0.000000 6753.452377 0.848654 6748.965970 1.695035 6750.661004 4.486407 0.848654 2.791373 0.848654 2.311837   1   1  -1 
2456829.893363 0.000000 0.000000 6751.251499 0.544726 6748.965970 0.992101 6749.958071 2.285529 0.544726 1.293428 0.544726 2.311837   1   1  -1 
2456857.748704 0.000000 0.000000 6749.652990 0.916881 6748.965970 1.993754 6750.959724 0.687020 0.916881 -1.306734 0.916881 2.311837   1   1  -1 
2456857.754433 0.000000 0.000000 6750.982955 0.896024 6748.965970 1.992836 6750.958806 2.016985 0.896024 0.024149 0.896024 2.311837   1   1  -1 
2456866.784629 0.000000 0.000000 6748.725985 0.744866 6748.965970 -2.502121 6746.463849 -0.239985 0.744866 2.262136 0.744866 2.311837   1   1  -1 
2456896.727940 0.000000 0.000000 6755.871457 1.053796 6748.965970 3.926601 6752.892571 6.905487 1.053796 2.978886 1.053796 2.311837   1   1  -1 
2456896.733287 0.000000 0.000000 6755.155412 1.302275 6748.965970 3.926687 6752.892656 6.189442 1.302275 2.262756 1.302275 2.311837   1   1  -1 
2457146.919889 0.000000 0.000000 6757.076817 0.544417 6748.965970 3.819674 6752.785644 8.110847 0.544417 4.291173 0.544417 2.311837   1   1  -1 
2457176.844500 0.000000 0.000000 6764.693117 0.482556 6769.347786 -5.168707 6764.179079 -4.654669 0.482556 0.514038 0.482556 2.311837   1   2  -1 
2457180.950532 0.000000 0.000000 6764.602498 0.611496 6769.347786 -4.051102 6765.296683 -4.745288 0.611496 -0.694185 0.611496 2.311837   1   2  -1 
2457180.956053 0.000000 0.000000 6767.474385 0.642310 6769.347786 -4.048659 6765.299126 -1.873401 0.642310 2.175259 0.642310 2.311837   1   2  -1 
2457307.523708 0.000000 0.000000 6769.474717 0.569213 6769.347786 -0.207315 6769.140471 0.126931 0.569213 0.334246 0.569213 2.311837   1   2  -1 
2457307.529113 0.000000 0.000000 6769.180290 0.591603 6769.347786 -0.203820 6769.143966 -0.167496 0.591603 0.036324 0.591603 2.311837   1   2  -1 
2457879.840329 0.000000 0.000000 6766.798509 0.840815 6769.347786 -3.469240 6765.878546 -2.549277 0.840815 0.919963 0.840815 2.311837   1   2  -1 
2457968.637355 0.000000 0.000000 6769.850407 0.766025 6769.347786 0.284510 6769.632296 0.502621 0.766025 0.218111 0.766025 2.311837   1   2  -1 
2460042.883932 0.000000 0.000000 6638.543767 0.194366 6626.536235 8.813251 6635.349486 12.007532 0.194366 3.194281 0.194366 2.350151   0   0  -1 
2460042.889532 0.000000 0.000000 6639.362246 0.197675 6626.536235 8.813902 6635.350137 12.826011 0.197675 4.012109 0.197675 2.350151   0   0  -1 
2460043.870973 0.000000 0.000000 6635.676123 0.231538 6626.536235 8.632560 6635.168795 9.139888 0.231538 0.507328 0.231538 2.350151   0   0  -1 
2460043.876677 0.000000 0.000000 6635.144250 0.215486 6626.536235 8.629867 6635.166102 8.608015 0.215486 -0.021852 0.215486 2.350151   0   0  -1 
2460044.793251 0.000000 0.000000 6636.194980 0.238014 6626.536235 7.985510 6634.521745 9.658745 0.238014 1.673235 0.238014 2.350151   0   0  -1 
2460044.798982 0.000000 0.000000 6635.616222 0.236508 6626.536235 7.980294 6634.516529 9.079987 0.236508 1.099693 0.236508 2.350151   0   0  -1 
2460045.773704 0.000000 0.000000 6630.485958 0.527086 6626.536235 6.936823 6633.473058 3.949723 0.527086 -2.987100 0.527086 2.350151   0   0  -1 
2460045.779649 0.000000 0.000000 6631.851550 0.356358 6626.536235 6.929707 6633.465942 5.315315 0.356358 -1.614392 0.356358 2.350151   0   0  -1 
2460046.786658 0.000000 0.000000 6633.843874 0.216596 6626.536235 5.665280 6632.201515 7.307639 0.216596 1.642359 0.216596 2.350151   0   0  -1 
2460046.792204 0.000000 0.000000 6634.866972 0.200898 6626.536235 5.658189 6632.194424 8.330737 0.200898 2.672548 0.200898 2.350151   0   0  -1 
2460047.789500 0.000000 0.000000 6633.186422 0.215835 6626.536235 4.422688 6630.958923 6.650187 0.215835 2.227499 0.215835 2.350151   0   0  -1 
2460047.795047 0.000000 0.000000 6633.209210 0.207999 6626.536235 4.416184 6630.952419 6.672975 0.207999 2.256791 0.207999 2.350151   0   0  -1 
2460048.783364 0.000000 0.000000 6629.609690 0.259180 6626.536235 3.361137 6629.897372 3.073455 0.259180 -0.287682 0.259180 2.350151   0   0  -1 
2460048.789012 0.000000 0.000000 6629.256972 0.241587 6626.536235 3.355775 6629.892009 2.720737 0.241587 -0.635037 0.241587 2.350151   0   0  -1 
2460049.801102 0.000000 0.000000 6631.039854 0.223882 6626.536235 2.529459 6629.065694 4.503619 0.223882 1.974160 0.223882 2.350151   0   0  -1 
2460049.806533 0.000000 0.000000 6630.157588 0.237350 6626.536235 2.525743 6629.061978 3.621353 0.237350 1.095610 0.237350 2.350151   0   0  -1 
2460050.776767 0.000000 0.000000 6629.430013 0.220926 6626.536235 1.972511 6628.508746 2.893778 0.220926 0.921267 0.220926 2.350151   0   0  -1 
2460050.782471 0.000000 0.000000 6629.926843 0.212336 6626.536235 1.969848 6628.506083 3.390608 0.212336 1.420760 0.212336 2.350151   0   0  -1 
2460068.823617 0.000000 0.000000 6631.559544 0.250917 6626.536235 4.313188 6630.849423 5.023309 0.250917 0.710121 0.250917 2.350151   0   0  -1 
2460068.829253 0.000000 0.000000 6629.646784 0.315822 6626.536235 4.306738 6630.842973 3.110549 0.315822 -1.196189 0.315822 2.350151   0   0  -1 
2460073.775251 0.000000 0.000000 6625.088984 0.273036 6626.536235 -0.618964 6625.917271 -1.447251 0.273036 -0.828287 0.273036 2.350151   0   0  -1 
2460073.780774 0.000000 0.000000 6625.286948 0.249282 6626.536235 -0.620566 6625.915669 -1.249287 0.249282 -0.628721 0.249282 2.350151   0   0  -1 
2460076.728213 0.000000 0.000000 6628.562665 0.253446 6626.536235 0.571528 6627.107763 2.026430 0.253446 1.454902 0.253446 2.350151   0   0  -1 
2460076.733797 0.000000 0.000000 6628.366049 0.242470 6626.536235 0.577506 6627.113741 1.829814 0.242470 1.252308 0.242470 2.350151   0   0  -1 
2460077.755001 0.000000 0.000000 6624.903844 0.312506 6626.536235 1.857884 6628.394119 -1.632391 0.312506 -3.490275 0.312506 2.350151   0   0  -1 
2460077.760768 0.000000 0.000000 6625.020045 0.301092 6626.536235 1.866049 6628.402284 -1.516190 0.301092 -3.382239 0.301092 2.350151   0   0  -1 
2460078.818364 0.000000 0.000000 6630.516939 0.236131 6626.536235 3.485246 6630.021481 3.980704 0.236131 0.495458 0.236131 2.350151   0   0  -1 
2460078.823976 0.000000 0.000000 6630.804515 0.231515 6626.536235 3.494314 6630.030549 4.268280 0.231515 0.773966 0.231515 2.350151   0   0  -1 
2460079.846559 0.000000 0.000000 6632.273395 0.225727 6626.536235 5.167197 6631.703432 5.737160 0.225727 0.569963 0.225727 2.350151   0   0  -1 
2460079.852048 0.000000 0.000000 6631.927170 0.228638 6626.536235 5.176112 6631.712347 5.390935 0.228638 0.214823 0.228638 2.350151   0   0  -1 
2460080.730235 0.000000 0.000000 6632.645260 0.243529 6626.536235 6.549302 6633.085537 6.109025 0.243529 -0.440277 0.243529 2.350151   0   0  -1 
2460080.735864 0.000000 0.000000 6633.292553 0.224766 6626.536235 6.557634 6633.093869 6.756318 0.224766 0.198684 0.224766 2.350151   0   0  -1 
2460082.755256 0.000000 0.000000 6630.390412 0.286786 6626.536235 8.864143 6635.400378 3.854177 0.286786 -5.009966 0.286786 2.350151   0   0  -1 
2460082.760842 0.000000 0.000000 6630.795800 0.259323 6626.536235 8.868189 6635.404424 4.259565 0.259323 -4.608624 0.259323 2.350151   0   0  -1 
2460086.748603 0.000000 0.000000 6635.114081 0.193185 6626.536235 8.169984 6634.706219 8.577846 0.193185 0.407862 0.193185 2.350151   0   0  -1 
2460086.754324 0.000000 0.000000 6634.108130 0.208316 6626.536235 8.164972 6634.701207 7.571895 0.208316 -0.593077 0.208316 2.350151   0   0  -1 
2460199.601214 0.000000 0.000000 6622.205086 0.389251 6626.536235 -2.655310 6623.880925 -4.331149 0.389251 -1.675839 0.389251 2.350151   0   0  -1 
2460199.607025 0.000000 0.000000 6622.574384 0.381438 6626.536235 -2.655851 6623.880384 -3.961851 0.381438 -1.306000 0.381438 2.350151   0   0  -1 
2460201.515076 0.000000 0.000000 6625.332354 0.272613 6626.536235 -2.571655 6623.964580 -1.203881 0.272613 1.367774 0.272613 2.350151   0   0  -1 
2460201.520627 0.000000 0.000000 6624.542897 0.294212 6626.536235 -2.570556 6623.965679 -1.993338 0.294212 0.577218 0.294212 2.350151   0   0  -1 
2460202.533617 0.000000 0.000000 6626.906002 0.232737 6626.536235 -2.274213 6624.262022 0.369767 0.232737 2.643980 0.232737 2.350151   0   0  -1 
2460202.539273 0.000000 0.000000 6627.020676 0.220468 6626.536235 -2.272006 6624.264229 0.484441 0.220468 2.756447 0.220468 2.350151   0   0  -1 
2460203.571018 0.000000 0.000000 6625.203535 0.337253 6626.536235 -1.763117 6624.773118 -1.332700 0.337253 0.430417 0.337253 2.350151   0   0  -1 
2460203.577196 0.000000 0.000000 6625.477322 0.360328 6626.536235 -1.759435 6624.776800 -1.058913 0.360328 0.700522 0.360328 2.350151   0   0  -1 
2460204.530857 0.000000 0.000000 6628.752956 0.197030 6626.536235 -1.104940 6625.431295 2.216721 0.197030 3.321661 0.197030 2.350151   0   0  -1 
2460204.536387 0.000000 0.000000 6627.522270 0.208547 6626.536235 -1.100670 6625.435565 0.986035 0.208547 2.086705 0.208547 2.350151   0   0  -1 
2460205.516019 0.000000 0.000000 6628.249113 0.244280 6626.536235 -0.271976 6626.264259 1.712878 0.244280 1.984854 0.244280 2.350151   0   0  -1 
2460205.521490 0.000000 0.000000 6628.705998 0.216530 6626.536235 -0.266996 6626.269239 2.169763 0.216530 2.436759 0.216530 2.350151   0   0  -1 
2460206.534104 0.000000 0.000000 6627.482697 0.247014 6626.536235 0.697272 6627.233507 0.946462 0.247014 0.249190 0.247014 2.350151   0   0  -1 
2460206.539634 0.000000 0.000000 6629.267429 0.225863 6626.536235 0.702690 6627.238925 2.731194 0.225863 2.028504 0.225863 2.350151   0   0  -1 
2460208.612713 0.000000 0.000000 6630.363009 0.238171 6626.536235 2.643874 6629.180109 3.826774 0.238171 1.182900 0.238171 2.350151   0   0  -1 
2460208.618030 0.000000 0.000000 6629.924431 0.245322 6626.536235 2.648262 6629.184497 3.388196 0.245322 0.739934 0.245322 2.350151   0   0  -1 
2460209.504007 0.000000 0.000000 6623.939779 0.494812 6626.536235 3.304504 6629.840739 -2.596456 0.494812 -5.900960 0.494812 2.350151   0   0  -1 
2460209.509978 0.000000 0.000000 6626.528984 0.441044 6626.536235 3.308367 6629.844602 -0.007251 0.441044 -3.315618 0.441044 2.350151   0   0  -1 
2460210.587394 0.000000 0.000000 6629.731782 0.275366 6626.536235 3.863104 6630.399339 3.195547 0.275366 -0.667557 0.275366 2.350151   0   0  -1 
2460210.593026 0.000000 0.000000 6627.639495 0.295408 6626.536235 3.865224 6630.401459 1.103260 0.295408 -2.761964 0.295408 2.350151   0   0  -1 
2460211.516295 0.000000 0.000000 6628.377092 0.380462 6626.536235 4.099149 6630.635384 1.840857 0.380462 -2.258292 0.380462 2.350151   0   0  -1 
2460211.522268 0.000000 0.000000 6629.418252 0.306169 6626.536235 4.099932 6630.636167 2.882017 0.306169 -1.217915 0.306169 2.350151   0   0  -1 
