# time model 
2455007.429878 -0.050209 
2455009.144006 -0.059547 
2455010.858134 -0.070798 
2455012.572262 -0.084690 
2455014.286390 -0.101189 
2455016.000517 -0.117289 
2455017.714645 -0.126834 
2455019.428773 -0.123643 
2455021.142901 -0.106081 
2455022.857029 -0.079337 
2455024.571157 -0.053002 
2455026.285285 -0.035346 
2455027.999413 -0.028573 
2455029.713541 -0.028710 
2455031.427669 -0.029907 
2455033.141797 -0.029359 
2455034.855925 -0.028751 
2455036.570053 -0.031481 
2455038.284181 -0.038677 
2455039.998308 -0.047849 
2455041.712436 -0.055218 
2455043.426564 -0.059237 
2455045.140692 -0.061806 
2455046.854820 -0.066164 
2455048.568948 -0.073769 
2455050.283076 -0.083359 
2455051.997204 -0.092963 
2455053.711332 -0.102406 
2455055.425460 -0.113253 
2455057.139588 -0.125818 
2455058.853716 -0.136330 
2455060.567844 -0.137801 
2455062.281972 -0.124926 
2455063.996099 -0.099168 
2455065.710227 -0.069309 
2455067.424355 -0.046278 
2455069.138483 -0.036087 
2455070.852611 -0.036575 
2455072.566739 -0.040507 
2455074.280867 -0.042154 
2455075.994995 -0.041585 
2455077.709123 -0.043269 
2455079.423251 -0.050808 
2455081.137379 -0.062993 
2455082.851507 -0.074792 
2455084.565635 -0.082019 
2455086.279763 -0.084979 
2455087.993890 -0.087600 
2455089.708018 -0.093055 
2455091.422146 -0.100346 
2455093.136274 -0.105254 
2455094.850402 -0.104658 
2455096.564530 -0.099824 
2455098.278658 -0.095202 
2455099.992786 -0.093766 
2455101.706914 -0.093527 
2455103.421042 -0.088925 
2455105.135170 -0.076180 
2455106.849298 -0.057673 
2455108.563426 -0.041034 
2455110.277554 -0.033425 
2455111.991681 -0.035992 
2455113.705809 -0.043449 
2455115.419937 -0.049097 
2455117.134065 -0.050648 
2455118.848193 -0.051603 
2455120.562321 -0.057183 
2455122.276449 -0.068863 
2455123.990577 -0.082720 
2455125.704705 -0.093025 
2455127.418833 -0.097415 
2455129.132961 -0.098553 
2455130.847089 -0.100614 
2455132.561217 -0.104086 
2455134.275345 -0.104129 
2455135.989472 -0.094465 
2455137.703600 -0.073474 
2455139.417728 -0.046884 
2455141.131856 -0.024358 
2455142.845984 -0.012771 
2455144.560112 -0.011887 
2455146.274240 -0.015938 
2455147.988368 -0.019268 
2455149.702496 -0.020805 
2455151.416624 -0.023594 
2455153.130752 -0.030468 
2455154.844880 -0.040444 
2455156.559008 -0.049406 
2455158.273136 -0.054209 
2455159.987263 -0.055959 
2455161.701391 -0.059068 
2455163.415519 -0.066945 
2455165.129647 -0.078578 
2455166.843775 -0.089414 
2455168.557903 -0.095680 
2455170.272031 -0.097802 
2455171.986159 -0.099356 
2455173.700287 -0.102480 
2455175.414415 -0.104440 
2455177.128543 -0.099272 
2455178.842671 -0.083620 
2455180.556799 -0.061430 
2455182.270927 -0.042675 
2455183.985054 -0.036432 
2455185.699182 -0.043953 
2455187.413310 -0.057758 
2455189.127438 -0.067656 
2455190.841566 -0.068535 
2455192.555694 -0.063353 
2455194.269822 -0.059200 
2455195.983950 -0.060530 
2455197.698078 -0.065869 
2455199.412206 -0.070550 
2455201.126334 -0.072162 
2455202.840462 -0.073051 
2455204.554590 -0.077570 
2455206.268718 -0.087261 
2455207.982845 -0.099198 
2455209.696973 -0.109256 
2455211.411101 -0.116763 
2455213.125229 -0.125552 
2455214.839357 -0.140377 
2455216.553485 -0.163000 
2455218.267613 -0.192776 
2455219.981741 -0.231324 
2455221.695869 -0.285046 
2455223.409997 -0.359866 
2455225.124125 -0.450377 
2455226.838253 -0.533503 
2455228.552381 -0.575909 
2455230.266509 -0.553561 
2455231.980636 -0.469718 
2455233.694764 -0.356185 
2455235.408892 -0.254792 
2455237.123020 -0.192333 
2455238.837148 -0.168062 
2455240.551276 -0.162354 
2455242.265404 -0.157284 
2455243.979532 -0.150639 
2455245.693660 -0.152551 
2455247.407788 -0.170873 
2455249.121916 -0.201353 
2455250.836044 -0.232271 
2455252.550172 -0.257693 
2455254.264300 -0.284967 
2455255.978427 -0.329376 
2455257.692555 -0.403740 
2455259.406683 -0.516317 
2455261.120811 -0.679090 
2455262.834939 -0.912184 
2455264.549067 -1.228401 
2455266.263195 -1.601659 
2455267.977323 -1.947220 
2455269.691451 -2.143432 
2455271.405579 -2.094954 
2455273.119707 -1.798008 
2455274.833835 -1.355960 
2455276.547963 -0.925492 
2455278.262091 -0.627625 
2455279.976218 -0.487844 
2455281.690346 -0.447268 
2455283.404474 -0.429212 
2455285.118602 -0.402248 
2455286.832730 -0.389797 
2455288.546858 -0.427945 
2455290.260986 -0.519079 
2455291.975114 -0.627090 
2455293.689242 -0.714940 
2455295.403370 -0.783330 
2455297.117498 -0.871907 
2455298.831626 -1.027067 
2455300.545754 -1.276203 
2455302.259881 -1.637014 
2455303.974009 -2.142712 
2455305.688137 -2.833314 
2455307.402265 -3.691601 
2455309.116393 -4.570281 
2455310.830521 -5.195373 
2455312.544649 -5.286918 
2455314.258777 -4.736044 
2455315.972905 -3.706691 
2455317.687033 -2.566648 
2455319.401161 -1.680066 
2455321.115289 -1.208141 
2455322.829417 -1.063120 
2455324.543545 -1.037691 
2455326.257672 -0.991055 
2455327.971800 -0.937174 
2455329.685928 -0.979024 
2455331.400056 -1.172700 
2455333.114184 -1.458513 
2455334.828312 -1.718741 
2455336.542440 -1.894304 
2455338.256568 -2.040928 
2455339.970696 -2.276288 
2455341.684824 -2.685414 
2455343.398952 -3.289198 
2455345.113080 -4.099306 
2455346.827208 -5.169731 
2455348.541336 -6.540261 
2455350.255463 -8.083977 
2455351.969591 -9.409160 
2455353.683719 -9.971520 
2455355.397847 -9.386549 
2455357.111975 -7.729206 
2455358.826103 -5.565750 
2455360.540231 -3.648996 
2455362.254359 -2.481264 
2455363.968487 -2.069557 
2455365.682615 -2.047099 
2455367.396743 -2.036069 
2455369.110871 -1.938587 
2455370.824999 -1.930387 
2455372.539127 -2.209058 
2455374.253254 -2.759885 
2455375.967382 -3.358918 
2455377.681510 -3.789323 
2455379.395638 -4.044375 
2455381.109766 -4.321170 
2455382.823894 -4.831440 
2455384.538022 -5.638204 
2455386.252150 -6.682343 
2455387.966278 -7.939929 
2455389.680406 -9.488725 
2455391.394534 -11.347401 
2455393.108662 -13.215974 
2455394.822790 -14.419181 
2455396.536918 -14.227024 
2455398.251045 -12.378787 
2455399.965173 -9.388685 
2455401.679301 -6.326439 
2455403.393429 -4.183058 
2455405.107557 -3.293658 
2455406.821685 -3.260818 
2455408.535813 -3.409619 
2455410.249941 -3.366727 
2455411.964069 -3.279443 
2455413.678197 -3.538343 
2455415.392325 -4.314384 
2455417.106453 -5.359588 
2455418.820581 -6.237742 
2455420.534709 -6.732163 
2455422.248836 -7.024547 
2455423.962964 -7.486724 
2455425.677092 -8.317663 
2455427.391220 -9.399113 
2455429.105348 -10.497871 
2455430.819476 -11.565706 
2455432.533604 -12.772766 
2455434.247732 -14.190612 
2455435.961860 -15.443810 
2455437.675988 -15.754381 
2455439.390116 -14.465688 
2455441.104244 -11.648476 
2455442.818372 -8.234452 
2455444.532500 -5.483135 
2455446.246627 -4.167337 
2455447.960755 -4.132642 
2455449.674883 -4.581042 
2455451.389011 -4.808839 
2455453.103139 -4.751295 
2455454.817267 -4.890968 
2455456.531395 -5.677569 
2455458.245523 -7.035654 
2455459.959651 -8.415192 
2455461.673779 -9.302265 
2455463.387907 -9.673136 
2455465.102035 -9.952511 
2455466.816163 -10.535894 
2455468.530291 -11.363176 
2455470.244418 -11.970467 
2455471.958546 -11.963961 
2455473.672674 -11.432430 
2455475.386802 -10.868583 
2455477.100930 -10.657777 
2455478.815058 -10.638379 
2455480.529186 -10.195936 
2455482.243314 -8.847190 
2455483.957442 -6.780451 
2455485.671570 -4.824930 
2455487.385698 -3.836101 
2455489.099826 -4.030507 
2455490.813954 -4.863815 
2455492.528082 -5.554966 
2455494.242209 -5.771882 
2455495.956337 -5.858323 
2455497.670465 -6.420774 
2455499.384593 -7.691485 
2455501.098721 -9.277052 
2455502.812849 -10.516142 
2455504.526977 -11.080257 
2455506.241105 -11.222761 
2455507.955233 -11.430349 
2455509.669361 -11.820628 
2455511.383489 -11.891566 
2455513.097617 -10.906739 
2455514.811745 -8.594306 
2455516.525873 -5.520595 
2455518.240000 -2.774872 
2455519.954128 -1.218043 
2455521.668256 -0.934876 
2455523.382384 -1.334082 
2455525.096512 -1.754351 
2455526.810640 -2.003870 
2455528.524768 -2.372359 
2455530.238896 -3.178579 
2455531.953024 -4.344634 
2455533.667152 -5.423992 
2455535.381280 -6.037836 
2455537.095408 -6.265528 
2455538.809536 -6.585468 
2455540.523664 -7.413911 
2455542.237791 -8.692433 
2455543.951919 -9.931506 
2455545.666047 -10.668076 
2455547.380175 -10.879269 
2455549.094303 -10.925414 
2455550.808431 -11.056374 
2455552.522559 -10.966974 
2455554.236687 -9.886029 
2455555.950815 -7.206710 
2455557.664943 -3.144807 
2455559.379071 1.167034 
2455561.093199 4.288012 
2455562.807327 5.330819 
2455564.521455 4.420215 
2455566.235582 2.440961 
2455567.949710 0.348880 
2455569.663838 -1.376648 
2455571.377966 -2.768181 
2455573.092094 -4.010792 
2455574.806222 -5.113862 
2455576.520350 -5.917602 
2455578.234478 -6.351261 
2455579.948606 -6.607717 
2455581.662734 -7.015900 
2455583.376862 -7.734038 
2455585.090990 -8.590689 
2455586.805118 -9.254834 
2455588.519246 -9.568880 
2455590.233373 -9.688020 
2455591.947501 -9.845449 
2455593.661629 -9.949548 
2455595.375757 -9.436637 
2455597.089885 -7.614479 
2455598.804013 -4.283298 
2455600.518141 -0.119950 
2455602.232269 3.549187 
2455603.946397 5.478503 
2455605.660525 5.214540 
2455607.374653 3.277738 
2455609.088781 0.725824 
2455610.802909 -1.523607 
2455612.517037 -3.108478 
2455614.231164 -4.157294 
2455615.945292 -4.935254 
2455617.659420 -5.567803 
2455619.373548 -6.038004 
2455621.087676 -6.349989 
2455622.801804 -6.616210 
2455624.515932 -6.963921 
2455626.230060 -7.388530 
2455627.944188 -7.750016 
2455629.658316 -7.942043 
2455631.372444 -8.046264 
2455633.086572 -8.262844 
2455634.800700 -8.630141 
2455636.514828 -8.799484 
2455638.228955 -8.145647 
2455639.943083 -6.216926 
2455641.657211 -3.196155 
2455643.371339 0.029455 
2455645.085467 2.310053 
2455646.799595 2.896347 
2455648.513723 1.847679 
2455650.227851 -0.091900 
2455651.941979 -2.014600 
2455653.656107 -3.357664 
2455655.370235 -4.065721 
2455657.084363 -4.394379 
2455658.798491 -4.610016 
2455660.512619 -4.839756 
2455662.226746 -5.111658 
2455663.940874 -5.438585 
2455665.655002 -5.814459 
2455667.369130 -6.153419 
2455669.083258 -6.305188 
2455670.797386 -6.197021 
2455672.511514 -5.974524 
2455674.225642 -5.952304 
2455675.939770 -6.342718 
2455677.653898 -6.973103 
2455679.368026 -7.278686 
2455681.082154 -6.656512 
2455682.796282 -4.942514 
2455684.510410 -2.626061 
2455686.224537 -0.600069 
2455687.938665 0.384121 
2455689.652793 0.151158 
2455691.366921 -0.878032 
2455693.081049 -2.041472 
2455694.795177 -2.853007 
2455696.509305 -3.183779 
2455698.223433 -3.164857 
2455699.937561 -2.996759 
2455701.651689 -2.854057 
2455703.365817 -2.894615 
2455705.079945 -3.245814 
2455706.794073 -3.897712 
2455708.508201 -4.606437 
2455710.222328 -4.979081 
2455711.936456 -4.759401 
2455713.650584 -4.096706 
2455715.364712 -3.518535 
2455717.078840 -3.552683 
2455718.792968 -4.275534 
2455720.507096 -5.181849 
2455722.221224 -5.529838 
2455723.935352 -4.906622 
2455725.649480 -3.552370 
2455727.363608 -2.176746 
2455729.077736 -1.431197 
2455730.791864 -1.478683 
2455732.505992 -1.985021 
2455734.220119 -2.468944 
2455735.934247 -2.659392 
2455737.648375 -2.571622 
2455739.362503 -2.330743 
2455741.076631 -2.006463 
2455742.790759 -1.647671 
2455744.504887 -1.426200 
2455746.219015 -1.637222 
2455747.933143 -2.453043 
2455749.647271 -3.639134 
2455751.361399 -4.569730 
2455753.075527 -4.643786 
2455754.789655 -3.797968 
2455756.503783 -2.646295 
2455758.217910 -2.055350 
2455759.932038 -2.467962 
2455761.646166 -3.548640 
2455763.360294 -4.471279 
2455765.074422 -4.610108 
2455766.788550 -4.036445 
2455768.502678 -3.401290 
2455770.216806 -3.336550 
2455771.930934 -3.925002 
2455773.645062 -4.692217 
2455775.359190 -5.072210 
2455777.073318 -4.877722 
2455778.787446 -4.355180 
2455780.501574 -3.846032 
2455782.215701 -3.455843 
2455783.929829 -3.076712 
2455785.643957 -2.694495 
2455787.358085 -2.583131 
2455789.072213 -3.098340 
2455790.786341 -4.229994 
2455792.500469 -5.391243 
2455794.214597 -5.754968 
2455795.928725 -4.921243 
2455797.642853 -3.324384 
2455799.356981 -1.962668 
2455801.071109 -1.633248 
2455802.785237 -2.325730 
2455804.499365 -3.310467 
2455806.213492 -3.838144 
2455807.927620 -3.813776 
2455809.641748 -3.838562 
2455811.355876 -4.600743 
2455813.070004 -6.191904 
2455814.784132 -7.975470 
2455816.498260 -9.106168 
2455818.212388 -9.202363 
2455819.926516 -8.566074 
2455821.640644 -7.805200 
2455823.354772 -7.275436 
2455825.068900 -6.883936 
2455826.783028 -6.387990 
2455828.497156 -5.809323 
2455830.211283 -5.485172 
2455831.925411 -5.681333 
2455833.639539 -6.179803 
2455835.353667 -6.318974 
2455837.067795 -5.525866 
2455838.781923 -3.867735 
2455840.496051 -2.083009 
2455842.210179 -1.019000 
2455843.924307 -0.967578 
2455845.638435 -1.502936 
2455847.352563 -1.965888 
2455849.066691 -2.135407 
2455850.780819 -2.452824 
2455852.494947 -3.585238 
2455854.209074 -5.735035 
2455855.923202 -8.338995 
2455857.637330 -10.437549 
2455859.351458 -11.381192 
2455861.065586 -11.250666 
2455862.779714 -10.654894 
2455864.493842 -10.144507 
2455866.207970 -9.795667 
2455867.922098 -9.304252 
2455869.636226 -8.422268 
2455871.350354 -7.265742 
2455873.064482 -6.198169 
2455874.778610 -5.443540 
2455876.492738 -4.850774 
2455878.206865 -4.061191 
2455879.920993 -2.909015 
2455881.635121 -1.642040 
2455883.349249 -0.727711 
2455885.063377 -0.428204 
2455886.777505 -0.567560 
2455888.491633 -0.733911 
2455890.205761 -0.732765 
2455891.919889 -0.849380 
2455893.634017 -1.643514 
2455895.348145 -3.436084 
2455897.062273 -5.943721 
2455898.776401 -8.396129 
2455900.490529 -10.046334 
2455902.204656 -10.645970 
2455903.918784 -10.505821 
2455905.632912 -10.134608 
2455907.347040 -9.799078 
2455909.061168 -9.373206 
2455910.775296 -8.553871 
2455912.489424 -7.201666 
2455914.203552 -5.498578 
2455915.917680 -3.822386 
2455917.631808 -2.496008 
2455919.345936 -1.640734 
2455921.060064 -1.214595 
2455922.774192 -1.128256 
2455924.488320 -1.290712 
2455926.202447 -1.562071 
2455927.916575 -1.726100 
2455929.630703 -1.587274 
2455931.344831 -1.151526 
2455933.058959 -0.722254 
2455934.773087 -0.776508 
2455936.487215 -1.666181 
2455938.201343 -3.354207 
2455939.915471 -5.391631 
2455941.629599 -7.163859 
2455943.343727 -8.231615 
2455945.057855 -8.529452 
2455946.771983 -8.303563 
2455948.486111 -7.865051 
2455950.200238 -7.352691 
2455951.914366 -6.666724 
2455953.628494 -5.599049 
2455955.342622 -4.053683 
2455957.056750 -2.205473 
2455958.770878 -0.493421 
2455960.485006 0.556489 
2455962.199134 0.590442 
2455963.913262 -0.368935 
2455965.627390 -1.891614 
2455967.341518 -3.317253 
2455969.055646 -4.061183 
2455970.769774 -3.889583 
2455972.483902 -3.014183 
2455974.198029 -1.960274 
2455975.912157 -1.293639 
2455977.626285 -1.363212 
2455979.340413 -2.183529 
2455981.054541 -3.481091 
2455982.768669 -4.841769 
2455984.482797 -5.874818 
2455986.196925 -6.338602 
2455987.911053 -6.203488 
2455989.625181 -5.634020 
2455991.339309 -4.880874 
2455993.053437 -4.117588 
2455994.767565 -3.320732 
2455996.481693 -2.304575 
2455998.195820 -0.930013 
2455999.909948 0.645128 
2456001.624076 1.892291 
2456003.338204 2.143776 
2456005.052332 1.028167 
2456006.766460 -1.189343 
2456008.480588 -3.643763 
2456010.194716 -5.314634 
2456011.908844 -5.602703 
2456013.622972 -4.649910 
2456015.337100 -3.193077 
2456017.051228 -2.077545 
2456018.765356 -1.783447 
2456020.479484 -2.263942 
2456022.193611 -3.127243 
2456023.907739 -3.948188 
2456025.621867 -4.463355 
2456027.335995 -4.573978 
2456029.050123 -4.266239 
2456030.764251 -3.586002 
2456032.478379 -2.677998 
2456034.192507 -1.779663 
2456035.906635 -1.092716 
2456037.620763 -0.613625 
2456039.334891 -0.109733 
2456041.049019 0.663670 
2456042.763147 1.645562 
2456044.477275 2.347178 
2456046.191402 2.114197 
2456047.905530 0.639670 
2456049.619658 -1.670153 
2456051.333786 -3.822528 
2456053.047914 -4.835307 
2456054.762042 -4.388861 
2456056.476170 -3.038049 
2456058.190298 -1.812907 
2456059.904426 -1.508145 
2456061.618554 -2.192572 
2456063.332682 -3.272790 
2456065.046810 -3.996564 
2456066.760938 -3.962090 
2456068.475066 -3.262579 
2456070.189193 -2.250651 
2456071.903321 -1.218183 
2456073.617449 -0.287043 
2456075.331577 0.466080 
2456077.045705 0.880397 
2456078.759833 0.787083 
2456080.473961 0.238859 
2456082.188089 -0.380183 
2456083.902217 -0.568667 
2456085.616345 -0.130136 
2456087.330473 0.573877 
2456089.044601 0.834746 
2456090.758729 0.169660 
2456092.472857 -1.209164 
2456094.186984 -2.469106 
2456095.901112 -2.778406 
2456097.615240 -1.990327 
2456099.329368 -0.809556 
2456101.043496 -0.267384 
2456102.757624 -0.910516 
2456104.471752 -2.358334 
2456106.185880 -3.581880 
2456107.900008 -3.662901 
2456109.614136 -2.416684 
2456111.328264 -0.420275 
2456113.042392 1.485836 
2456114.756520 2.740112 
2456116.470648 3.215874 
2456118.184775 2.987526 
2456119.898903 2.073623 
2456121.613031 0.481477 
2456123.327159 -1.511036 
2456125.041287 -3.222705 
2456126.755415 -3.873826 
2456128.469543 -3.168841 
2456130.183671 -1.638623 
2456131.897799 -0.346326 
2456133.611927 -0.105221 
2456135.326055 -0.837807 
2456137.040183 -1.650398 
2456138.754311 -1.605886 
2456140.468439 -0.555117 
2456142.182566 0.697872 
2456143.896694 1.065345 
2456145.610822 0.125474 
2456147.324950 -1.454765 
2456149.039078 -2.385168 
2456150.753206 -1.718175 
2456152.467334 0.471310 
2456154.181462 3.195663 
2456155.895590 5.276700 
2456157.609718 6.042159 
2456159.323846 5.495825 
2456161.037974 4.005757 
2456162.752102 1.960070 
2456164.466230 -0.261889 
2456166.180357 -2.106261 
2456167.894485 -2.849910 
2456169.608613 -2.005705 
2456171.322741 0.154308 
2456173.036869 2.512974 
2456174.750997 3.725572 
2456176.465125 3.167010 
2456178.179253 1.440819 
2456179.893381 -0.043121 
2456181.607509 -0.152653 
2456183.321637 1.082857 
2456185.035765 2.526092 
2456186.749893 2.891713 
2456188.464021 1.822743 
2456190.178148 0.200414 
2456191.892276 -0.546597 
2456193.606404 0.455415 
2456195.320532 2.896638 
2456197.034660 5.567745 
2456198.748788 7.236753 
2456200.462916 7.391343 
2456202.177044 6.357874 
2456203.891172 4.895017 
2456205.605300 3.730383 
2456207.319428 3.375682 
2456209.033556 4.148164 
2456210.747684 6.112453 
2456212.461812 8.854970 
2456214.175939 11.362916 
2456215.890067 12.354977 
2456217.604195 11.039535 
2456219.318323 7.782849 
2456221.032451 4.070928 
2456222.746579 1.635277 
2456224.460707 1.315851 
2456226.174835 2.528162 
2456227.888963 3.775938 
2456229.603091 3.825427 
2456231.317219 2.623783 
2456233.031347 1.259887 
2456234.745475 1.047788 
2456236.459603 2.498514 
2456238.173730 4.976521 
2456239.887858 7.232401 
2456241.601986 8.311611 
2456243.316114 8.129000 
2456245.030242 7.373538 
2456246.744370 6.967144 
2456248.458498 7.553557 
2456250.172626 9.299463 
2456251.886754 11.936730 
2456253.600882 14.837579 
2456255.315010 17.077568 
2456257.029138 17.643422 
2456258.743266 15.888443 
2456260.457394 12.035484 
2456262.171521 7.301782 
2456263.885649 3.379937 
2456265.599777 1.501430 
2456267.313905 1.718208 
2456269.028033 2.959167 
2456270.742161 3.854769 
2456272.456289 3.721003 
2456274.170417 2.964835 
2456275.884545 2.637279 
2456277.598673 3.532499 
2456279.312801 5.556609 
2456281.026929 7.822577 
2456282.741057 9.326716 
2456284.455185 9.640506 
2456286.169312 9.122182 
2456287.883440 8.587400 
2456289.597568 8.770434 
2456291.311696 9.957183 
2456293.025824 11.926689 
2456294.739952 14.087930 
2456296.454080 15.661965 
2456298.168208 15.887314 
2456299.882336 14.300007 
2456301.596464 11.036339 
2456303.310592 6.944358 
2456305.024720 3.300629 
2456306.738848 1.189616 
2456308.452976 0.917019 
2456310.167103 1.888948 
2456311.881231 3.082283 
2456313.595359 3.778499 
2456315.309487 4.014837 
2456317.023615 4.424548 
2456318.737743 5.621833 
2456320.451871 7.636319 
2456322.165999 9.833829 
2456323.880127 11.351396 
2456325.594255 11.679422 
2456327.308383 10.956379 
2456329.022511 9.813525 
2456330.736639 8.952460 
2456332.450767 8.774459 
2456334.164894 9.251318 
2456335.879022 10.010455 
2456337.593150 10.507299 
2456339.307278 10.211749 
2456341.021406 8.811002 
2456342.735534 6.404736 
2456344.449662 3.573499 
2456346.163790 1.188832 
2456347.877918 -0.009877 
2456349.592046 0.173115 
2456351.306174 1.299647 
2456353.020302 2.635518 
2456354.734430 3.687782 
2456356.448558 4.530429 
2456358.162685 5.658122 
2456359.876813 7.485251 
2456361.590941 9.897703 
2456363.305069 12.219915 
2456365.019197 13.620161 
2456366.733325 13.633690 
2456368.447453 12.417657 
2456370.161581 10.592595 
2456371.875709 8.843010 
2456373.589837 7.579655 
2456375.303965 6.841455 
2456377.018093 6.397496 
2456378.732221 5.905468 
2456380.446349 5.044030 
2456382.160476 3.636714 
2456383.874604 1.783261 
2456385.588732 -0.081258 
2456387.302860 -1.322743 
2456389.016988 -1.444894 
2456390.731116 -0.426444 
2456392.445244 1.223632 
2456394.159372 2.801316 
2456395.873500 3.918710 
2456397.587628 4.787156 
2456399.301756 6.012880 
2456401.015884 8.036141 
2456402.730012 10.656534 
2456404.444140 13.040535 
2456406.158267 14.226835 
2456407.872395 13.747735 
2456409.586523 11.903958 
2456411.300651 9.521353 
2456413.014779 7.419064 
2456414.728907 5.993573 
2456416.443035 5.159543 
2456418.157163 4.574855 
2456419.871291 3.902354 
2456421.585419 2.939908 
2456423.299547 1.643024 
2456425.013675 0.146869 
2456426.727803 -1.200211 
2456428.441931 -1.903777 
2456430.156058 -1.569454 
2456431.870186 -0.210556 
2456433.584314 1.653408 
2456435.298442 3.280912 
2456437.012570 4.230323 
2456438.726698 4.712040 
2456440.440826 5.433566 
2456442.154954 6.996553 
2456443.869082 9.305308 
2456445.583210 11.486312 
2456447.297338 12.429979 
2456449.011466 11.560759 
2456450.725594 9.248514 
2456452.439722 6.559112 
2456454.153849 4.560559 
2456455.867977 3.716508 
2456457.582105 3.769187 
2456459.296233 4.090001 
2456461.010361 4.142349 
2456462.724489 3.716822 
2456464.438617 2.882260 
2456466.152745 1.840148 
2456467.866873 0.858032 
2456469.581001 0.262348 
2456471.295129 0.349118 
2456473.009257 1.175363 
2456474.723385 2.405799 
2456476.437513 3.442886 
2456478.151640 3.845890 
2456479.865768 3.730423 
2456481.579896 3.761041 
2456483.294024 4.645109 
2456485.008152 6.483834 
2456486.722280 8.527788 
2456488.436408 9.604575 
2456490.150536 8.939716 
2456491.864664 6.743570 
2456493.578792 4.101491 
2456495.292920 2.253845 
2456497.007048 1.823194 
2456498.721176 2.547877 
2456500.435304 3.638907 
2456502.149431 4.391831 
2456503.863559 4.562235 
2456505.577687 4.306352 
2456507.291815 3.882582 
2456509.005943 3.444333 
2456510.720071 3.057555 
2456512.434199 2.800646 
2456514.148327 2.747148 
2456515.862455 2.829427 
2456517.576583 2.787439 
2456519.290711 2.363405 
2456521.004839 1.627500 
2456522.718967 1.101492 
2456524.433095 1.455094 
2456526.147222 2.935510 
2456527.861350 5.001993 
2456529.575478 6.545604 
2456531.289606 6.608602 
2456533.003734 5.071593 
2456534.717862 2.759384 
2456536.431990 0.870485 
2456538.146118 0.178633 
2456539.860246 0.619417 
2456541.574374 1.527859 
2456543.288502 2.251327 
2456545.002630 2.599524 
2456546.716758 2.809566 
2456548.430886 3.163306 
2456550.145013 3.665731 
2456551.859141 4.059537 
2456553.573269 4.088586 
2456555.287397 3.703512 
2456557.001525 3.020923 
2456558.715653 2.144597 
2456560.429781 1.103178 
2456562.143909 -0.000218 
2456563.858037 -0.816412 
2456565.572165 -0.834181 
2456567.286293 0.238752 
2456569.000421 2.098266 
2456570.714549 3.860308 
2456572.428677 4.564718 
2456574.142804 3.820819 
2456575.856932 2.078327 
2456577.571060 0.289043 
2456579.285188 -0.771899 
2456580.999316 -0.977540 
2456582.713444 -0.760893 
2456584.427572 -0.604952 
2456586.141700 -0.592570 
2456587.855828 -0.398856 
2456589.569956 0.318184 
2456591.284084 1.523547 
2456592.998212 2.767554 
2456594.712340 3.508968 
2456596.426468 3.481794 
2456598.140595 2.794154 
2456599.854723 1.739587 
2456601.568851 0.568516 
2456603.282979 -0.549558 
2456604.997107 -1.399467 
2456606.711235 -1.662905 
2456608.425363 -1.092516 
2456610.139491 0.199528 
2456611.853619 1.644330 
2456613.567747 2.493269 
2456615.281875 2.308654 
2456616.996003 1.272073 
2456618.710131 0.033240 
2456620.424259 -0.790729 
2456622.138386 -1.049163 
2456623.852514 -1.068492 
2456625.566642 -1.259774 
2456627.280770 -1.693504 
2456628.994898 -2.021420 
2456630.709026 -1.796781 
2456632.423154 -0.888976 
2456634.137282 0.374434 
2456635.851410 1.439176 
2456637.565538 1.900990 
2456639.279666 1.708352 
2456640.993794 1.074501 
2456642.707922 0.255256 
2456644.422050 -0.572735 
2456646.136177 -1.264183 
2456647.850305 -1.628649 
2456649.564433 -1.491080 
2456651.278561 -0.873281 
2456652.992689 -0.096050 
2456654.706817 0.370305 
2456656.420945 0.243198 
2456658.135073 -0.326035 
2456659.849201 -0.840470 
2456661.563329 -0.844536 
2456663.277457 -0.299275 
2456664.991585 0.373741 
2456666.705713 0.623365 
2456668.419841 0.200347 
2456670.133968 -0.662025 
2456671.848096 -1.444776 
2456673.562224 -1.728391 
2456675.276352 -1.448920 
2456676.990480 -0.858408 
2456678.704608 -0.287963 
2456680.418736 0.055893 
2456682.132864 0.125056 
2456683.846992 -0.051402 
2456685.561120 -0.422673 
2456687.275248 -0.891212 
2456688.989376 -1.289089 
2456690.703504 -1.455556 
2456692.417631 -1.387514 
2456694.131759 -1.305015 
2456695.845887 -1.506257 
2456697.560015 -2.080332 
2456699.274143 -2.720142 
2456700.988271 -2.843919 
2456702.702399 -1.990339 
2456704.416527 -0.204141 
2456706.130655 1.896092 
2456707.844783 3.442615 
2456709.558911 3.811342 
2456711.273039 2.943528 
2456712.987167 1.308708 
2456714.701295 -0.407340 
2456716.415422 -1.644254 
2456718.129550 -2.145192 
2456719.843678 -1.950302 
2456721.557806 -1.302203 
2456723.271934 -0.543982 
2456724.986062 -0.012972 
2456726.700190 0.085215 
2456728.414318 -0.225281 
2456730.128446 -0.717001 
2456731.842574 -1.142393 
2456733.556702 -1.457707 
2456735.270830 -1.886119 
2456736.984958 -2.715110 
2456738.699086 -3.951462 
2456740.413213 -5.120426 
2456742.127341 -5.426808 
2456743.841469 -4.224805 
2456745.555597 -1.486839 
2456747.269725 2.063545 
2456748.983853 5.259022 
2456750.697981 7.040950 
2456752.412109 6.923983 
2456754.126237 5.142143 
2456755.840365 2.469488 
2456757.554493 -0.130142 
2456759.268621 -1.854050 
2456760.982749 -2.311408 
2456762.696877 -1.625489 
2456764.411004 -0.351606 
2456766.125132 0.790748 
2456767.839260 1.274778 
2456769.553388 1.015294 
2456771.267516 0.332812 
2456772.981644 -0.361314 
2456774.695772 -0.927640 
2456776.409900 -1.610103 
2456778.124028 -2.778199 
2456779.838156 -4.486712 
2456781.552284 -6.214810 
2456783.266412 -7.031493 
2456784.980540 -6.113184 
2456786.694668 -3.271110 
2456788.408795 0.858827 
2456790.122923 5.068264 
2456791.837051 8.094140 
2456793.551179 9.111846 
2456795.265307 8.000637 
2456796.979435 5.336988 
2456798.693563 2.167606 
2456800.407691 -0.366824 
2456802.121819 -1.463898 
2456803.835947 -0.990509 
2456805.550075 0.476171 
2456807.264203 1.978609 
2456808.978331 2.725448 
2456810.692459 2.511444 
2456812.406586 1.718007 
2456814.120714 0.901547 
2456815.834842 0.302036 
2456817.548970 -0.326071 
2456819.263098 -1.422887 
2456820.977226 -3.119839 
2456822.691354 -4.950949 
2456824.405482 -6.028111 
2456826.119610 -5.556220 
2456827.833738 -3.314083 
2456829.547866 0.208800 
2456831.261994 4.046984 
2456832.976122 7.156756 
2456834.690250 8.752994 
2456836.404377 8.505879 
2456838.118505 6.627901 
2456839.832633 3.853284 
2456841.546761 1.237729 
2456843.260889 -0.251073 
2456844.975017 -0.198891 
2456846.689145 1.033881 
2456848.403273 2.545488 
2456850.117401 3.470963 
2456851.831529 3.502623 
2456853.545657 2.966097 
2456855.259785 2.415051 
2456856.973913 2.105026 
2456858.688041 1.799621 
2456860.402168 1.061201 
2456862.116296 -0.250338 
2456863.830424 -1.721691 
2456865.544552 -2.598018 
2456867.258680 -2.279153 
2456868.972808 -0.696684 
2456870.686936 1.687957 
2456872.401064 4.184495 
2456874.115192 6.185948 
2456875.829320 7.292822 
2456877.543448 7.296088 
2456879.257576 6.190723 
2456880.971704 4.275608 
2456882.685832 2.193795 
2456884.399959 0.734642 
2456886.114087 0.429230 
2456887.828215 1.220622 
2456889.542343 2.504303 
2456891.256471 3.552150 
2456892.970599 3.997676 
2456894.684727 3.992130 
2456896.398855 3.924249 
2456898.112983 3.981537 
2456899.827111 3.962959 
2456901.541239 3.508482 
2456903.255367 2.518498 
2456904.969495 1.360922 
2456906.683623 0.663012 
2456908.397750 0.864411 
2456910.111878 1.913172 
2456911.826006 3.339797 
2456913.540134 4.602297 
2456915.254262 5.384850 
2456916.968390 5.632651 
2456918.682518 5.388050 
2456920.396646 4.667069 
2456922.110774 3.520995 
2456923.824902 2.185640 
2456925.539030 1.096462 
2456927.253158 0.675844 
2456928.967286 1.047579 
2456930.681414 1.941610 
2456932.395541 2.896727 
2456934.109669 3.593847 
2456935.823797 4.027659 
2456937.537925 4.377180 
2456939.252053 4.722494 
2456940.966181 4.898954 
2456942.680309 4.641600 
2456944.394437 3.884868 
2456946.108565 2.922693 
2456947.822693 2.255590 
2456949.536821 2.238639 
2456951.250949 2.826961 
2456952.965077 3.626798 
2456954.679205 4.190773 
2456956.393332 4.298357 
2456958.107460 4.008566 
2456959.821588 3.497976 
2456961.535716 2.879315 
2456963.249844 2.172089 
2456964.963972 1.414310 
2456966.678100 0.757879 
2456968.392228 0.421310 
2456970.106356 0.536222 
2456971.820484 1.042927 
2456973.534612 1.743276 
2456975.248740 2.458465 
2456976.962868 3.133532 
2456978.676996 3.788641 
2456980.391123 4.380022 
2456982.105251 4.733577 
2456983.819379 4.646488 
2456985.533507 4.080043 
2456987.247635 3.260367 
2456988.961763 2.571450 
2456990.675891 2.307891 
2456992.390019 2.482773 
2456994.104147 2.841198 
2456995.818275 3.056261 
2456997.532403 2.941065 
2456999.246531 2.520041 
2457000.960659 1.941013 
2457002.674787 1.339800 
2457004.388914 0.778781 
2457006.103042 0.282276 
2457007.817170 -0.104672 
2457009.531298 -0.310088 
2457011.245426 -0.280824 
2457012.959554 -0.017174 
2457014.673682 0.447519 
2457016.387810 1.092940 
2457018.101938 1.915204 
2457019.816066 2.864438 
2457021.530194 3.777928 
2457023.244322 4.399909 
2457024.958450 4.510604 
2457026.672578 4.078801 
2457028.386705 3.310341 
2457030.100833 2.538170 
2457031.814961 2.027522 
2457033.529089 1.838194 
2457035.243217 1.834491 
2457036.957345 1.812338 
2457038.671473 1.631456 
2457040.385601 1.262917 
2457042.099729 0.752787 
2457043.813857 0.168129 
2457045.527985 -0.422019 
2457047.242113 -0.939349 
2457048.956241 -1.304241 
2457050.670369 -1.470735 
2457052.384496 -1.449277 
2457054.098624 -1.274656 
2457055.812752 -0.935501 
2457057.526880 -0.341550 
2457059.241008 0.609464 
2457060.955136 1.895373 
2457062.669264 3.279903 
2457064.383392 4.373833 
2457066.097520 4.834415 
2457067.811648 4.566918 
2457069.525776 3.776184 
2457071.239904 2.829313 
2457072.954032 2.037008 
2457074.668160 1.513490 
2457076.382287 1.193062 
2457078.096415 0.947134 
2457079.810543 0.681802 
2457081.524671 0.349864 
2457083.238799 -0.086189 
2457084.952927 -0.661056 
2457086.667055 -1.359123 
2457088.381183 -2.071877 
2457090.095311 -2.632281 
2457091.809439 -2.918709 
2457093.523567 -2.932744 
2457095.237695 -2.761014 
2457096.951823 -2.441483 
2457098.665951 -1.865421 
2457100.380078 -0.837582 
2457102.094206 0.721949 
2457103.808334 2.598806 
2457105.522462 4.304182 
2457107.236590 5.317049 
2457108.950718 5.382986 
2457110.664846 4.647013 
2457112.378974 3.528051 
2457114.093102 2.446566 
2457115.807230 1.616604 
2457117.521358 1.030187 
2457119.235486 0.585102 
2457120.949614 0.203334 
2457122.663742 -0.158942 
2457124.377869 -0.570334 
2457126.091997 -1.138368 
2457127.806125 -1.928070 
2457129.520253 -2.860366 
2457131.234381 -3.712797 
2457132.948509 -4.253394 
2457134.662637 -4.396610 
2457136.376765 -4.228772 
2457138.090893 -3.866491 
2457139.805021 -3.281337 
2457141.519149 -2.277895 
2457143.233277 -0.682144 
2457144.947405 1.406866 
2457146.661533 3.534621 
2457148.375660 5.086034 
2457150.089788 5.632621 
2457151.803916 5.172250 
2457153.518044 4.086637 
2457155.232172 2.869966 
2457156.946300 1.851303 
2457158.660428 1.103227 
2457160.374556 0.544997 
2457162.088684 0.090085 
2457163.802812 -0.306585 
2457165.516940 -0.705569 
2457167.231068 -1.227858 
2457168.945196 -1.993948 
2457170.659324 -2.996018 
2457172.373451 -4.038399 
2457174.087579 -4.832459 
2457175.801707 -5.180873 
2457177.515835 -5.086745 
2457179.229963 -4.683674 
2457180.944091 -4.053949 
2457182.658219 -3.118362 
2457184.372347 -1.722844 
2457186.086475 0.139813 
2457187.800603 2.176464 
2457189.514731 3.870384 
2457191.228859 4.756590 
2457192.942987 4.690627 
2457194.657115 3.907711 
2457196.371242 2.841718 
2457198.085370 1.860383 
2457199.799498 1.114058 
2457201.513626 0.570302 
2457203.227754 0.143983 
2457204.941882 -0.219982 
2457206.656010 -0.566281 
2457208.370138 -0.982824 
2457210.084266 -1.587778 
2457211.798394 -2.433638 
2457213.512522 -3.417162 
2457215.226650 -4.296753 
2457216.940778 -4.822741 
2457218.654906 -4.876498 
2457220.369033 -4.501882 
2457222.083161 -3.812232 
2457223.797289 -2.872237 
2457225.511417 -1.674089 
2457227.225545 -0.231491 
2457228.939673 1.304977 
2457230.653801 2.637067 
2457232.367929 3.448322 
2457234.082057 3.582730 
2457235.796185 3.133654 
2457237.510313 2.376411 
2457239.224441 1.602659 
2457240.938569 0.982227 
2457242.652697 0.536907 
2457244.366824 0.208692 
2457246.080952 -0.062728 
2457247.795080 -0.319115 
2457249.509208 -0.611125 
2457251.223336 -1.014387 
2457252.937464 -1.592776 
2457254.651592 -2.330399 
2457256.365720 -3.095518 
2457258.079848 -3.679185 
2457259.793976 -3.889383 
2457261.508104 -3.636378 
2457263.222232 -2.956002 
2457264.936360 -1.970162 
2457266.650488 -0.828488 
2457268.364615 0.325204 
2457270.078743 1.355013 
2457271.792871 2.131092 
2457273.506999 2.550678 
2457275.221127 2.578125 
2457276.935255 2.271982 
2457278.649383 1.769651 
2457280.363511 1.231135 
2457282.077639 0.774973 
2457283.791767 0.444536 
2457285.505895 0.218651 
2457287.220023 0.048517 
2457288.934151 -0.111050 
2457290.648279 -0.294904 
2457292.362406 -0.537857 
2457294.076534 -0.877802 
2457295.790662 -1.334553 
2457297.504790 -1.872212 
2457299.218918 -2.375205 
2457300.933046 -2.668107 
2457302.647174 -2.583565 
2457304.361302 -2.047391 
2457306.075430 -1.131068 
2457307.789558 -0.036019 
2457309.503686 0.985887 
2457311.217814 1.731764 
2457312.931942 2.112831 
2457314.646070 2.156574 
2457316.360197 1.959165 
2457318.074325 1.628062 
2457319.788453 1.248811 
2457321.502581 0.881600 
2457323.216709 0.569085 
2457324.930837 0.336684 
2457326.644965 0.184806 
2457328.359093 0.087120 
2457330.073221 0.004088 
2457331.787349 -0.096934 
2457333.501477 -0.233020 
2457335.215605 -0.414504 
2457336.929733 -0.655311 
2457338.643861 -0.962118 
2457340.357988 -1.300505 
2457342.072116 -1.567932 
2457343.786244 -1.612665 
2457345.500372 -1.307825 
2457347.214500 -0.640691 
2457348.928628 0.247895 
2457350.642756 1.112858 
2457352.356884 1.719725 
2457354.071012 1.952764 
2457355.785140 1.848990 
2457357.499268 1.545551 
2457359.213396 1.188054 
2457360.927524 0.865315 
2457362.641652 0.602700 
2457364.355779 0.395525 
2457366.069907 0.240096 
2457367.784035 0.137343 
2457369.498163 0.078667 
2457371.212291 0.039604 
2457372.926419 -0.007783 
2457374.640547 -0.077952 
2457376.354675 -0.170513 
2457378.068803 -0.285094 
2457379.782931 -0.430724 
2457381.497059 -0.610091 
2457383.211187 -0.787224 
2457384.925315 -0.873521 
2457386.639443 -0.761050 
2457388.353570 -0.392935 
2457390.067698 0.178321 
2457391.781826 0.794779 
2457393.495954 1.266510 
2457395.210082 1.468550 
2457396.924210 1.396544 
2457398.638338 1.147858 
2457400.352466 0.850087 
2457402.066594 0.592237 
2457403.780722 0.401317 
2457405.494850 0.264672 
2457407.208978 0.165069 
2457408.923106 0.096642 
2457410.637234 0.057188 
2457412.351361 0.035932 
2457414.065489 0.014638 
2457415.779617 -0.019786 
2457417.493745 -0.067498 
2457419.207873 -0.122592 
2457420.922001 -0.185625 
2457422.636129 -0.263762 
2457424.350257 -0.352945 
2457426.064385 -0.418752 
2457427.778513 -0.400680 
2457429.492641 -0.247048 
2457431.206769 0.041421 
2457432.920897 0.394778 
2457434.635025 0.702311 
2457436.349152 0.870181 
2457438.063280 0.868892 
2457439.777408 0.739292 
2457441.491536 0.557700 
2457443.205664 0.389428 
2457444.919792 0.262931 
2457446.633920 0.175045 
2457448.348048 0.112624 
2457450.062176 0.068247 
2457451.776304 0.040274 
2457453.490432 0.024796 
2457455.204560 0.012445 
2457456.918688 -0.005978 
2457458.632816 -0.032580 
2457460.346943 -0.062911 
2457462.061071 -0.093355 
2457463.775199 -0.125942 
2457465.489327 -0.163168 
2457467.203455 -0.196795 
2457468.917583 -0.203307 
2457470.631711 -0.154825 
2457472.345839 -0.040194 
2457474.059967 0.120230 
2457475.774095 0.279799 
2457477.488223 0.389235 
2457479.202351 0.422476 
2457480.916479 0.386956 
2457482.630607 0.313121 
2457484.344734 0.233434 
2457486.058862 0.166728 
2457487.772990 0.116385 
2457489.487118 0.078526 
2457491.201246 0.050108 
2457492.915374 0.030503 
2457494.629502 0.018260 
2457496.343630 0.008997 
2457498.057758 -0.002496 
2457499.771886 -0.018428 
2457501.486014 -0.036977 
2457503.200142 -0.055204 
2457504.914270 -0.072378 
2457506.628398 -0.089571 
2457508.342525 -0.105513 
2457510.056653 -0.113297 
2457511.770781 -0.102510 
2457513.484909 -0.066419 
2457515.199037 -0.008650 
2457516.913165 0.056536 
2457518.627293 0.111250 
2457520.341421 0.143219 
2457522.055549 0.150701 
2457523.769677 0.140383 
2457525.483805 0.121184 
2457527.197933 0.099280 
2457528.912061 0.077301 
2457530.626189 0.056501 
2457532.340316 0.038540 
2457534.054444 0.025056 
2457535.768572 0.016080 
2457537.482700 0.009546 
2457539.196828 0.002725 
2457540.910956 -0.005829 
2457542.625084 -0.015774 
2457544.339212 -0.026204 
2457546.053340 -0.037012 
2457547.767468 -0.048679 
2457549.481596 -0.060620 
2457551.195724 -0.069948 
2457552.909852 -0.072367 
2457554.623980 -0.064837 
2457556.338107 -0.047838 
2457558.052235 -0.025267 
2457559.766363 -0.002083 
2457561.480491 0.018253 
2457563.194619 0.034538 
2457564.908747 0.046631 
2457566.622875 0.053962 
2457568.337003 0.055407 
2457570.051131 0.050593 
2457571.765259 0.041116 
2457573.479387 0.030220 
2457575.193515 0.021025 
2457576.907643 0.014804 
2457578.621771 0.010718 
2457580.335898 0.007032 
2457582.050026 0.002514 
2457583.764154 -0.003186 
2457585.478282 -0.010158 
2457587.192410 -0.018799 
2457588.906538 -0.029456 
2457590.620666 -0.041411 
2457592.334794 -0.052382 
2457594.048922 -0.059301 
2457595.763050 -0.059949 
2457597.477178 -0.054146 
2457599.191306 -0.043544 
2457600.905434 -0.030348 
2457602.619562 -0.016131 
2457604.333689 -0.001722 
2457606.047817 0.012014 
2457607.761945 0.023497 
2457609.476073 0.030718 
2457611.190201 0.032379 
2457612.904329 0.028935 
2457614.618457 0.022620 
2457616.332585 0.016274 
2457618.046713 0.011683 
2457619.760841 0.008417 
2457621.474969 0.003867 
2457623.189097 -0.005480 
2457624.903225 -0.022074 
2457626.617353 -0.045572 
2457628.331480 -0.072326 
2457630.045608 -0.096538 
2457631.759736 -0.112660 
2457633.473864 -0.117727 
2457635.187992 -0.112253 
2457636.902120 -0.099234 
2457638.616248 -0.082143 
2457640.330376 -0.063433 
2457642.044504 -0.044433 
2457643.758632 -0.026199 
2457645.472760 -0.010103 
2457647.186888 0.002504 
2457648.901016 0.011059 
2457650.615144 0.015950 
2457652.329271 0.017835 
2457654.043399 0.016999 
2457655.757527 0.013709 
2457657.471655 0.009116 
2457659.185783 0.004919 
2457660.899911 0.000744 
2457662.614039 -0.009162 
2457664.328167 -0.036055 
2457666.042295 -0.091054 
2457667.756423 -0.175849 
2457669.470551 -0.276361 
2457671.184679 -0.365665 
2457672.898807 -0.416274 
2457674.612935 -0.414466 
2457676.327062 -0.366823 
2457678.041190 -0.294574 
2457679.755318 -0.220361 
2457681.469446 -0.157333 
2457683.183574 -0.107481 
2457684.897702 -0.067800 
2457686.611830 -0.036900 
2457688.325958 -0.016101 
2457690.040086 -0.005771 
2457691.754214 -0.002558 
2457693.468342 -0.001352 
2457695.182470 0.000292 
2457696.896598 0.000811 
2457698.610726 -0.001790 
2457700.324853 -0.006420 
2457702.038981 -0.012167 
2457703.753109 -0.028067 
2457705.467237 -0.079375 
2457707.181365 -0.198827 
2457708.895493 -0.402676 
2457710.609621 -0.667101 
2457712.323749 -0.926020 
2457714.037877 -1.098350 
2457715.752005 -1.130036 
2457717.466133 -1.022538 
2457719.180261 -0.827892 
2457720.894389 -0.615154 
2457722.608517 -0.433673 
2457724.322644 -0.298023 
2457726.036772 -0.199262 
2457727.750900 -0.126070 
2457729.465028 -0.075574 
2457731.179156 -0.048325 
2457732.893284 -0.038815 
2457734.607412 -0.035154 
2457736.321540 -0.028529 
2457738.035668 -0.020349 
2457739.749796 -0.017483 
2457741.463924 -0.021479 
2457743.178052 -0.028156 
2457744.892180 -0.045015 
2457746.606308 -0.111472 
2457748.320435 -0.294556 
2457750.034563 -0.647968 
2457751.748691 -1.156737 
2457753.462819 -1.712350 
2457755.176947 -2.148829 
2457756.891075 -2.325309 
2457758.605203 -2.201295 
2457760.319331 -1.852266 
2457762.033459 -1.416889 
2457763.747587 -1.017304 
2457765.461715 -0.709072 
2457767.175843 -0.486762 
2457768.889971 -0.324332 
2457770.604099 -0.207736 
2457772.318226 -0.136035 
2457774.032354 -0.103260 
2457775.746482 -0.089726 
2457777.460610 -0.074654 
2457779.174738 -0.053722 
2457780.888866 -0.038373 
2457782.602994 -0.036610 
2457784.317122 -0.041561 
2457786.031250 -0.051207 
2457787.745378 -0.107404 
2457789.459506 -0.309512 
2457791.173634 -0.766932 
2457792.887762 -1.507352 
2457794.601890 -2.408921 
2457796.316017 -3.222875 
2457798.030145 -3.689876 
2457799.744273 -3.677600 
2457801.458401 -3.244491 
2457803.172529 -2.588027 
2457804.886657 -1.921903 
2457806.600785 -1.373421 
2457808.314913 -0.963687 
2457810.029041 -0.659380 
2457811.743169 -0.433096 
2457813.457297 -0.280725 
2457815.171425 -0.198429 
2457816.885553 -0.161157 
2457818.599681 -0.132995 
2457820.313808 -0.096200 
2457822.027936 -0.061555 
2457823.742064 -0.045408 
2457825.456192 -0.042602 
2457827.170320 -0.037381 
2457828.884448 -0.054987 
2457830.598576 -0.201662 
2457832.312704 -0.631334 
2457834.026832 -1.435300 
2457835.740960 -2.530281 
2457837.455088 -3.643959 
2457839.169216 -4.432884 
2457840.883344 -4.663013 
2457842.597472 -4.328066 
2457844.311599 -3.625777 
2457846.025727 -2.820525 
2457847.739855 -2.100757 
2457849.453983 -1.526542 
2457851.168111 -1.076159 
2457852.882239 -0.722459 
2457854.596367 -0.465588 
2457856.310495 -0.309912 
2457858.024623 -0.231659 
2457859.738751 -0.183368 
2457861.452879 -0.130575 
2457863.167007 -0.075718 
2457864.881135 -0.039281 
2457866.595263 -0.021269 
2457868.309390 0.004129 
2457870.023518 0.040023 
2457871.737646 0.009196 
2457873.451774 -0.239453 
2457875.165902 -0.835045 
2457876.880030 -1.761179 
2457878.594158 -2.809725 
2457880.308286 -3.667259 
2457882.022414 -4.083401 
2457883.736542 -4.000515 
2457885.450670 -3.554184 
2457887.164798 -2.957784 
2457888.878926 -2.370864 
2457890.593054 -1.847398 
2457892.307181 -1.377981 
2457894.021309 -0.960165 
2457895.735437 -0.623697 
2457897.449565 -0.398379 
2457899.163693 -0.273656 
2457900.877821 -0.200491 
2457902.591949 -0.133365 
2457904.306077 -0.064257 
2457906.020205 -0.011071 
2457907.734333 0.023257 
2457909.448461 0.068298 
2457911.162589 0.151119 
2457912.876717 0.240560 
2457914.590845 0.235745 
2457916.304972 0.028735 
2457918.019100 -0.402419 
2457919.733228 -0.953138 
2457921.447356 -1.448449 
2457923.161484 -1.755156 
2457924.875612 -1.857924 
2457926.589740 -1.838833 
2457928.303868 -1.786080 
2457930.017996 -1.717651 
2457931.732124 -1.585068 
2457933.446252 -1.343595 
2457935.160380 -1.015022 
2457936.874508 -0.682804 
2457938.588636 -0.428677 
2457940.302763 -0.274761 
2457942.016891 -0.183643 
2457943.731019 -0.107740 
2457945.445147 -0.032608 
2457947.159275 0.027588 
2457948.873403 0.068862 
2457950.587531 0.120153 
2457952.301659 0.220107 
2457954.015787 0.372104 
2457955.729915 0.529889 
2457957.444043 0.635959 
2457959.158171 0.676565 
2457960.872299 0.693384 
2457962.586427 0.732023 
2457964.300554 0.774448 
2457966.014682 0.727555 
2457967.728810 0.492839 
2457969.442938 0.063577 
2457971.157066 -0.438163 
2457972.871194 -0.825721 
2457974.585322 -0.966893 
2457976.299450 -0.863205 
2457978.013578 -0.629806 
2457979.727706 -0.401356 
2457981.441834 -0.246393 
2457983.155962 -0.153432 
2457984.870090 -0.080910 
2457986.584218 -0.010179 
2457988.298345 0.047870 
2457990.012473 0.085842 
2457991.726601 0.125789 
2457993.440729 0.206145 
2457995.154857 0.346274 
2457996.868985 0.532193 
2457998.583113 0.742194 
2458000.297241 0.981867 
2458002.011369 1.280140 
2458003.725497 1.636092 
2458005.439625 1.964815 
2458007.153753 2.107616 
2458008.867881 1.922073 
2458010.582009 1.391893 
2458012.296136 0.666459 
2458014.010264 -0.011308 
2458015.724392 -0.441469 
2458017.438520 -0.569020 
2458019.152648 -0.482659 
2458020.866776 -0.325592 
2458022.580904 -0.197388 
2458024.295032 -0.117982 
2458026.009160 -0.060983 
2458027.723288 -0.006048 
2458029.437416 0.041765 
2458031.151544 0.072440 
2458032.865672 0.096443 
2458034.579800 0.142617 
2458036.293927 0.233208 
2458038.008055 0.368551 
2458039.722183 0.541405 
2458041.436311 0.762665 
2458043.150439 1.060336 
2458044.864567 1.438087 
2458046.578695 1.826987 
2458048.292823 2.084813 
2458050.006951 2.064504 
2458051.721079 1.711681 
2458053.435207 1.116933 
2458055.149335 0.476700 
2458056.863463 -0.013870 
2458058.577591 -0.260501 
2458060.291718 -0.295407 
2458062.005846 -0.223024 
2458063.719974 -0.138510 
2458065.434102 -0.081035 
2458067.148230 -0.043131 
2458068.862358 -0.008457 
2458070.576486 0.024075 
2458072.290614 0.046317 
2458074.004742 0.059487 
2458075.718870 0.079440 
2458077.432998 0.123449 
2458079.147126 0.196792 
2458080.861254 0.296908 
2458082.575382 0.429942 
2458084.289509 0.615769 
2458086.003637 0.866166 
2458087.717765 1.150443 
2458089.431893 1.383594 
2458091.146021 1.459667 
2458092.860149 1.315023 
2458094.574277 0.976092 
2458096.288405 0.553019 
2458098.002533 0.180579 
2458099.716661 -0.052341 
2458101.430789 -0.137012 
2458103.144917 -0.125914 
2458104.859045 -0.083868 
2458106.573172 -0.049074 
2458108.287300 -0.026964 
2458110.001428 -0.008913 
2458111.715556 0.008863 
2458113.429684 0.022527 
2458115.143812 0.029874 
2458116.857940 0.036746 
2458118.572068 0.052844 
2458120.286196 0.083400 
2458122.000324 0.127904 
2458123.714452 0.187660 
2458125.428580 0.271621 
2458127.142708 0.389535 
2458128.856836 0.534623 
2458130.570963 0.671915 
2458132.285091 0.747635 
2458133.999219 0.718359 
2458135.713347 0.580294 
2458137.427475 0.376097 
2458139.141603 0.172727 
2458140.855731 0.025658 
2458142.569859 -0.045935 
2458144.283987 -0.058588 
2458145.998115 -0.043978 
2458147.712243 -0.026657 
2458149.426371 -0.015055 
2458151.140499 -0.006918 
2458152.854627 0.000796 
2458154.568754 0.007481 
2458156.282882 0.011425 
2458157.997010 0.013671 
2458159.711138 0.017974 
2458161.425266 0.027447 
2458163.139394 0.042511 
2458164.853522 0.062758 
2458166.567650 0.090092 
2458168.281778 0.128248 
2458169.995906 0.177389 
2458171.710034 0.228404 
2458173.424162 0.263439 
2458175.138290 0.264573 
2458176.852418 0.225280 
2458178.566545 0.156034 
2458180.280673 0.079425 
2458181.994801 0.018036 
2458183.708929 -0.016495 
2458185.423057 -0.026367 
2458187.137185 -0.022153 
2458188.851313 -0.014414 
2458190.565441 -0.008515 
2458192.279569 -0.004827 
2458193.993697 -0.001977 
2458195.707825 0.000583 
2458197.421953 0.002430 
2458199.136081 0.003416 
2458200.850209 0.004344 
2458202.564336 0.006371 
2458204.278464 0.010014 
2458205.992592 0.014944 
2458207.706720 0.020641 
2458209.420848 0.026939 
2458211.134976 0.033669 
2458212.849104 0.039735 
2458214.563232 0.042775 
2458216.277360 0.040153 
2458217.991488 0.030768 
2458219.705616 0.016294 
2458221.419744 0.000737 
2458223.133872 -0.011491 
2458224.848000 -0.017713 
2458226.562127 -0.017982 
2458228.276255 -0.014474 
2458229.990383 -0.009924 
2458231.704511 -0.006218 
2458233.418639 -0.003893 
2458235.132767 -0.002537 
2458236.846895 -0.001561 
2458238.561023 -0.000704 
2458240.275151 -0.000030 
2458241.989279 0.000404 
2458243.703407 0.000797 
2458245.417535 0.001492 
2458247.131663 0.002532 
2458248.845791 0.003300 
2458250.559918 0.002631 
2458252.274046 -0.000531 
2458253.988174 -0.006327 
2458255.702302 -0.013650 
2458257.416430 -0.020586 
2458259.130558 -0.025387 
2458260.844686 -0.027283 
2458262.558814 -0.026611 
2458264.272942 -0.024269 
2458265.987070 -0.021035 
2458267.701198 -0.017299 
2458269.415326 -0.013282 
2458271.129454 -0.009361 
2458272.843582 -0.006087 
2458274.557709 -0.003851 
2458276.271837 -0.002587 
2458277.985965 -0.001853 
2458279.700093 -0.001218 
2458281.414221 -0.000582 
2458283.128349 -0.000088 
2458284.842477 0.000230 
2458286.556605 0.000623 
2458288.270733 0.001351 
2458289.984861 0.002205 
2458291.698989 0.002350 
2458293.413117 0.000814 
2458295.127245 -0.002705 
2458296.841373 -0.007418 
2458298.555500 -0.011847 
2458300.269628 -0.014766 
2458301.983756 -0.015923 
2458303.697884 -0.015950 
2458305.412012 -0.015614 
2458307.126140 -0.015122 
2458308.840268 -0.014080 
2458310.554396 -0.012072 
2458312.268524 -0.009235 
2458313.982652 -0.006278 
2458315.696780 -0.003953 
2458317.410908 -0.002518 
2458319.125036 -0.001682 
2458320.839164 -0.001013 
2458322.553291 -0.000349 
2458324.267419 0.000199 
2458325.981547 0.000571 
2458327.695675 0.000994 
2458329.409803 0.001818 
2458331.123931 0.003118 
2458332.838059 0.004526 
2458334.552187 0.005525 
2458336.266315 0.005943 
2458337.980443 0.006106 
2458339.694571 0.006438 
2458341.408699 0.006851 
2458343.122827 0.006573 
2458344.836955 0.004701 
2458346.551082 0.001067 
2458348.265210 -0.003360 
2458349.979338 -0.006949 
2458351.693466 -0.008444 
2458353.407594 -0.007729 
2458355.121722 -0.005744 
2458356.835850 -0.003697 
2458358.549978 -0.002268 
2458360.264106 -0.001414 
2458361.978234 -0.000773 
2458363.692362 -0.000150 
2458365.406490 0.000377 
2458367.120618 0.000724 
2458368.834746 0.001056 
2458370.548873 0.001711 
2458372.263001 0.002887 
2458373.977129 0.004486 
2458375.691257 0.006310 
2458377.405385 0.008378 
2458379.119513 0.010937 
2458380.833641 0.014034 
2458382.547769 0.017006 
2458384.261897 0.018500 
2458385.976025 0.017204 
2458387.690153 0.012827 
2458389.404281 0.006546 
2458391.118409 0.000457 
2458392.832537 -0.003592 
2458394.546664 -0.004970 
2458396.260792 -0.004353 
2458397.974920 -0.002990 
2458399.689048 -0.001823 
2458401.403176 -0.001091 
2458403.117304 -0.000583 
2458404.831432 -0.000101 
2458406.545560 0.000329 
2458408.259688 0.000613 
2458409.973816 0.000819 
2458411.687944 0.001191 
2458413.402072 0.001941 
2458415.116200 0.003089 
2458416.830328 0.004569 
2458418.544455 0.006453 
2458420.258583 0.008984 
2458421.972711 0.012237 
2458423.686839 0.015686 
2458425.400967 0.018132 
2458427.115095 0.018250 
2458428.829223 0.015446 
2458430.543351 0.010385 
2458432.257479 0.004729 
2458433.971607 0.000236 
2458435.685735 -0.002151 
2458437.399863 -0.002613 
2458439.113991 -0.002032 
2458440.828119 -0.001279 
2458442.542246 -0.000750 
2458444.256374 -0.000409 
2458445.970502 -0.000105 
2458447.684630 0.000185 
2458449.398758 0.000390 
2458451.112886 0.000509 
2458452.827014 0.000669 
2458454.541142 0.001028 
2458456.255270 0.001644 
2458457.969398 0.002496 
2458459.683526 0.003623 
2458461.397654 0.005193 
2458463.111782 0.007330 
2458464.825910 0.009815 
2458466.540037 0.011947 
2458468.254165 0.012792 
2458469.968293 0.011731 
2458471.682421 0.008906 
2458473.396549 0.005224 
2458475.110677 0.001872 
2458476.824805 -0.000309 
2458478.538933 -0.001170 
2458480.253061 -0.001132 
2458481.967189 -0.000772 
2458483.681317 -0.000455 
2458485.395445 -0.000253 
2458487.109573 -0.000094 
2458488.823701 0.000062 
2458490.537828 0.000187 
2458492.251956 0.000256 
2458493.966084 0.000313 
2458495.680212 0.000442 
2458497.394340 0.000695 
2458499.108468 0.001072 
2458500.822596 0.001578 
2458502.536724 0.002285 
2458504.250852 0.003284 
2458505.964980 0.004537 
2458507.679108 0.005765 
2458509.393236 0.006504 
2458511.107364 0.006352 
2458512.821492 0.005233 
2458514.535619 0.003482 
2458516.249747 0.001677 
2458517.963875 0.000327 
2458519.678003 -0.000365 
2458521.392131 -0.000516 
2458523.106259 -0.000401 
2458524.820387 -0.000247 
2458526.534515 -0.000140 
2458528.248643 -0.000067 
2458529.962771 0.000000 
2458531.676899 0.000060 
2458533.391027 0.000097 
2458535.105155 0.000117 
2458536.819283 0.000151 
2458538.533410 0.000229 
2458540.247538 0.000355 
2458541.961666 0.000527 
2458543.675794 0.000758 
2458545.389922 0.001080 
2458547.104050 0.001500 
2458548.818178 0.001950 
2458550.532306 0.002278 
2458552.246434 0.002323 
2458553.960562 0.002015 
2458555.674690 0.001430 
2458557.388818 0.000758 
2458559.102946 0.000202 
2458560.817074 -0.000125 
2458562.531201 -0.000229 
2458564.245329 -0.000200 
2458565.959457 -0.000133 
2458567.673585 -0.000079 
2458569.387713 -0.000045 
2458571.101841 -0.000020 
2458572.815969 0.000003 
2458574.530097 0.000020 
2458576.244225 0.000029 
2458577.958353 0.000037 
2458579.672481 0.000053 
2458581.386609 0.000083 
2458583.100737 0.000125 
2458584.814865 0.000174 
2458586.528992 0.000229 
2458588.243120 0.000287 
2458589.957248 0.000340 
2458591.671376 0.000370 
2458593.385504 0.000352 
2458595.099632 0.000276 
2458596.813760 0.000154 
2458598.527888 0.000017 
2458600.242016 -0.000093 
2458601.956144 -0.000153 
2458603.670272 -0.000159 
2458605.384400 -0.000131 
2458607.098528 -0.000091 
2458608.812656 -0.000057 
2458610.526783 -0.000036 
2458612.240911 -0.000023 
2458613.955039 -0.000015 
2458615.669167 -0.000007 
2458617.383295 -0.000001 
2458619.097423 0.000003 
2458620.811551 0.000007 
2458622.525679 0.000012 
2458624.239807 0.000021 
2458625.953935 0.000028 
2458627.668063 0.000024 
2458629.382191 -0.000001 
2458631.096319 -0.000050 
2458632.810447 -0.000113 
2458634.524574 -0.000175 
2458636.238702 -0.000220 
2458637.952830 -0.000239 
2458639.666958 -0.000235 
2458641.381086 -0.000215 
2458643.095214 -0.000188 
2458644.809342 -0.000155 
2458646.523470 -0.000120 
2458648.237598 -0.000086 
2458649.951726 -0.000056 
2458651.665854 -0.000035 
2458653.379982 -0.000024 
2458655.094110 -0.000017 
2458656.808238 -0.000011 
2458658.522365 -0.000006 
2458660.236493 -0.000001 
2458661.950621 0.000002 
2458663.664749 0.000005 
2458665.378877 0.000011 
2458667.093005 0.000019 
2458668.807133 0.000021 
2458670.521261 0.000010 
2458672.235389 -0.000020 
2458673.949517 -0.000060 
2458675.663645 -0.000100 
2458677.377773 -0.000127 
2458679.091901 -0.000138 
2458680.806029 -0.000139 
2458682.520156 -0.000137 
2458684.234284 -0.000133 
2458685.948412 -0.000125 
2458687.662540 -0.000108 
2458689.376668 -0.000084 
2458691.090796 -0.000058 
2458692.804924 -0.000037 
2458694.519052 -0.000023 
2458696.233180 -0.000016 
2458697.947308 -0.000010 
2458699.661436 -0.000004 
2458701.375564 0.000001 
2458703.089692 0.000005 
2458704.803820 0.000008 
2458706.517947 0.000015 
2458708.232075 0.000026 
2458709.946203 0.000039 
2458711.660331 0.000048 
2458713.374459 0.000052 
2458715.088587 0.000054 
2458716.802715 0.000057 
2458718.516843 0.000060 
2458720.230971 0.000059 
2458721.945099 0.000045 
2458723.659227 0.000014 
2458725.373355 -0.000025 
2458727.087483 -0.000058 
2458728.801611 -0.000074 
2458730.515738 -0.000069 
2458732.229866 -0.000053 
2458733.943994 -0.000035 
2458735.658122 -0.000022 
2458737.372250 -0.000014 
2458739.086378 -0.000008 
2458740.800506 -0.000002 
2458742.514634 0.000003 
2458744.228762 0.000007 
2458745.942890 0.000009 
2458747.657018 0.000015 
2458749.371146 0.000024 
2458751.085274 0.000038 
2458752.799402 0.000053 
2458754.513529 0.000071 
2458756.227657 0.000093 
2458757.941785 0.000120 
2458759.655913 0.000147 
2458761.370041 0.000162 
2458763.084169 0.000154 
2458764.798297 0.000118 
2458766.512425 0.000064 
2458768.226553 0.000010 
2458769.940681 -0.000029 
2458771.654809 -0.000043 
2458773.368937 -0.000040 
2458775.083065 -0.000028 
2458776.797193 -0.000018 
2458778.511320 -0.000012 
2458780.225448 -0.000007 
2458781.939576 -0.000002 
2458783.653704 0.000003 
2458785.367832 0.000007 
2458787.081960 0.000008 
2458788.796088 0.000011 
2458790.510216 0.000017 
2458792.224344 0.000026 
2458793.938472 0.000038 
2458795.652600 0.000054 
2458797.366728 0.000076 
2458799.080856 0.000104 
2458800.794984 0.000134 
2458802.509111 0.000158 
2458804.223239 0.000162 
2458805.937367 0.000140 
2458807.651495 0.000098 
2458809.365623 0.000048 
2458811.079751 0.000006 
2458812.793879 -0.000017 
2458814.508007 -0.000023 
2458816.222135 -0.000020 
2458817.936263 -0.000014 
2458819.650391 -0.000009 
2458821.364519 -0.000006 
2458823.078647 -0.000002 
2458824.792775 0.000002 
2458826.506902 0.000006 
2458828.221030 0.000007 
2458829.935158 0.000008 
2458831.649286 0.000010 
2458833.363414 0.000014 
2458835.077542 0.000021 
2458836.791670 0.000030 
2458838.505798 0.000044 
2458840.219926 0.000062 
2458841.934054 0.000084 
2458843.648182 0.000103 
2458845.362310 0.000113 
2458847.076438 0.000106 
2458848.790566 0.000084 
2458850.504693 0.000052 
2458852.218821 0.000021 
2458853.932949 0.000000 
2458855.647077 -0.000010 
2458857.361205 -0.000011 
2458859.075333 -0.000009 
2458860.789461 -0.000006 
2458862.503589 -0.000004 
2458864.217717 -0.000001 
2458865.931845 0.000002 
2458867.645973 0.000005 
2458869.360101 0.000007 
2458871.074229 0.000007 
2458872.788357 0.000007 
2458874.502484 0.000007 
2458876.216612 0.000010 
2458877.930740 0.000014 
2458879.644868 0.000019 
2458881.358996 0.000028 
2458883.073124 0.000038 
2458884.787252 0.000050 
2458886.501380 0.000057 
2458888.215508 0.000058 
2458889.929636 0.000050 
2458891.643764 0.000036 
2458893.357892 0.000020 
2458895.072020 0.000006 
2458896.786148 -0.000002 
2458898.500275 -0.000005 
2458900.214403 -0.000005 
2458901.928531 -0.000004 
2458903.642659 -0.000002 
2458905.356787 0.000000 
2458907.070915 0.000003 
2458908.785043 0.000005 
2458910.499171 0.000007 
2458912.213299 0.000007 
2458913.927427 0.000006 
2458915.641555 0.000005 
2458917.355683 0.000005 
2458919.069811 0.000006 
2458920.783939 0.000007 
2458922.498066 0.000010 
2458924.212194 0.000013 
2458925.926322 0.000017 
2458927.640450 0.000020 
2458929.354578 0.000022 
2458931.068706 0.000021 
2458932.782834 0.000017 
2458934.496962 0.000011 
2458936.211090 0.000006 
2458937.925218 0.000001 
2458939.639346 -0.000001 
2458941.353474 -0.000002 
2458943.067602 -0.000002 
2458944.781730 -0.000000 
2458946.495857 0.000001 
2458948.209985 0.000003 
2458949.924113 0.000005 
2458951.638241 0.000006 
2458953.352369 0.000006 
2458955.066497 0.000006 
2458956.780625 0.000005 
2458958.494753 0.000004 
2458960.208881 0.000003 
2458961.923009 0.000003 
2458963.637137 0.000003 
2458965.351265 0.000003 
2458967.065393 0.000003 
2458968.779521 0.000004 
2458970.493648 0.000004 
2458972.207776 0.000005 
2458973.921904 0.000005 
2458975.636032 0.000004 
2458977.350160 0.000002 
2458979.064288 0.000001 
2458980.778416 -0.000001 
2458982.492544 -0.000002 
2458984.206672 -0.000002 
2458985.920800 -0.000002 
2458987.634928 -0.000001 
2458989.349056 0.000001 
2458991.063184 0.000002 
2458992.777312 0.000004 
2458994.491439 0.000005 
2458996.205567 0.000006 
2458997.919695 0.000005 
2458999.633823 0.000004 
2459001.347951 0.000003 
2459003.062079 0.000002 
2459004.776207 0.000001 
2459006.490335 0.000000 
2459008.204463 -0.000000 
2459009.918591 -0.000001 
2459011.632719 -0.000001 
2459013.346847 -0.000001 
2459015.060975 -0.000000 
2459016.775103 0.000000 
2459018.489230 0.000000 
2459020.203358 -0.000001 
2459021.917486 -0.000002 
2459023.631614 -0.000004 
2459025.345742 -0.000006 
2459027.059870 -0.000008 
2459028.773998 -0.000011 
2459030.488126 -0.000012 
2459032.202254 -0.000011 
2459033.916382 -0.000005 
2459035.630510 0.000002 
2459037.344638 0.000007 
2459039.058766 0.000009 
2459040.772894 0.000007 
2459042.487021 0.000002 
2459044.201149 -0.000001 
2459045.915277 -0.000002 
2459047.629405 -0.000002 
2459049.343533 -0.000001 
2459051.057661 -0.000002 
2459052.771789 -0.000002 
2459054.485917 -0.000001 
2459056.200045 0.000001 
2459057.914173 0.000004 
2459059.628301 0.000005 
2459061.342429 0.000003 
2459063.056557 -0.000001 
2459064.770685 -0.000006 
2459066.484812 -0.000013 
2459068.198940 -0.000023 
2459069.913068 -0.000034 
2459071.627196 -0.000044 
2459073.341324 -0.000043 
2459075.055452 -0.000030 
2459076.769580 -0.000007 
2459078.483708 0.000015 
2459080.197836 0.000026 
2459081.911964 0.000022 
2459083.626092 0.000009 
2459085.340220 -0.000003 
2459087.054348 -0.000009 
2459088.768476 -0.000008 
2459090.482603 -0.000005 
2459092.196731 -0.000004 
2459093.910859 -0.000005 
2459095.624987 -0.000002 
2459097.339115 0.000007 
2459099.053243 0.000018 
2459100.767371 0.000024 
2459102.481499 0.000023 
2459104.195627 0.000014 
2459105.909755 -0.000000 
2459107.623883 -0.000018 
2459109.338011 -0.000041 
2459111.052139 -0.000070 
2459112.766267 -0.000095 
2459114.480394 -0.000102 
2459116.194522 -0.000079 
2459117.908650 -0.000027 
2459119.622778 0.000031 
2459121.336906 0.000069 
2459123.051034 0.000071 
2459124.765162 0.000043 
2459126.479290 0.000007 
2459128.193418 -0.000015 
2459129.907546 -0.000018 
2459131.621674 -0.000012 
2459133.335802 -0.000009 
2459135.049930 -0.000009 
2459136.764058 -0.000006 
2459138.478185 0.000012 
2459140.192313 0.000041 
2459141.906441 0.000067 
2459143.620569 0.000075 
2459145.334697 0.000062 
2459147.048825 0.000033 
2459148.762953 -0.000005 
2459150.477081 -0.000050 
2459152.191209 -0.000104 
2459153.905337 -0.000155 
2459155.619465 -0.000178 
2459157.333593 -0.000148 
2459159.047721 -0.000060 
2459160.761849 0.000055 
2459162.475976 0.000146 
2459164.190104 0.000172 
2459165.904232 0.000131 
2459167.618360 0.000058 
2459169.332488 -0.000002 
2459171.046616 -0.000024 
2459172.760744 -0.000020 
2459174.474872 -0.000012 
2459176.189000 -0.000013 
2459177.903128 -0.000011 
2459179.617256 0.000014 
2459181.331384 0.000067 
2459183.045512 0.000128 
2459184.759640 0.000166 
2459186.473767 0.000162 
2459188.187895 0.000118 
2459189.902023 0.000050 
2459191.616151 -0.000030 
2459193.330279 -0.000115 
2459195.044407 -0.000193 
2459196.758535 -0.000236 
2459198.472663 -0.000206 
2459200.186791 -0.000086 
2459201.900919 0.000091 
2459203.615047 0.000253 
2459205.329175 0.000327 
2459207.043303 0.000290 
2459208.757431 0.000179 
2459210.471558 0.000066 
2459212.185686 0.000001 
2459213.899814 -0.000012 
2459215.613942 -0.000006 
2459217.328070 -0.000008 
2459219.042198 -0.000012 
2459220.756326 0.000012 
2459222.470454 0.000084 
2459224.184582 0.000188 
2459225.898710 0.000275 
2459227.612838 0.000303 
2459229.326966 0.000260 
2459231.041094 0.000163 
2459232.755222 0.000043 
2459234.469349 -0.000077 
2459236.183477 -0.000178 
2459237.897605 -0.000231 
2459239.611733 -0.000197 
2459241.325861 -0.000056 
2459243.039989 0.000164 
2459244.754117 0.000382 
2459246.468245 0.000508 
2459248.182373 0.000493 
2459249.896501 0.000366 
2459251.610629 0.000207 
2459253.324757 0.000090 
2459255.038885 0.000040 
2459256.753013 0.000027 
2459258.467140 0.000016 
2459260.181268 0.000002 
2459261.895396 0.000015 
2459263.609524 0.000087 
2459265.323652 0.000216 
2459267.037780 0.000351 
2459268.751908 0.000429 
2459270.466036 0.000414 
2459272.180164 0.000312 
2459273.894292 0.000162 
2459275.608420 0.000010 
2459277.322548 -0.000104 
2459279.036676 -0.000148 
2459280.750804 -0.000094 
2459282.464931 0.000064 
2459284.179059 0.000293 
2459285.893187 0.000519 
2459287.607315 0.000659 
2459289.321443 0.000663 
2459291.035571 0.000548 
2459292.749699 0.000383 
2459294.463827 0.000240 
2459296.177955 0.000152 
2459297.892083 0.000105 
2459299.606211 0.000070 
2459301.320339 0.000037 
2459303.034467 0.000029 
2459304.748595 0.000080 
2459306.462722 0.000196 
2459308.176850 0.000342 
2459309.890978 0.000455 
2459311.605106 0.000481 
2459313.319234 0.000406 
2459315.033362 0.000259 
2459316.747490 0.000097 
2459318.461618 -0.000023 
2459320.175746 -0.000055 
2459321.889874 0.000019 
2459323.604002 0.000183 
2459325.318130 0.000394 
2459327.032258 0.000586 
2459328.746386 0.000700 
2459330.460513 0.000710 
2459332.174641 0.000629 
2459333.888769 0.000503 
2459335.602897 0.000376 
2459337.317025 0.000276 
2459339.031153 0.000200 
2459340.745281 0.000135 
2459342.459409 0.000078 
2459344.173537 0.000046 
2459345.887665 0.000062 
2459347.601793 0.000135 
2459349.315921 0.000246 
2459351.030049 0.000349 
2459352.744177 0.000392 
2459354.458304 0.000349 
2459356.172432 0.000230 
2459357.886560 0.000079 
2459359.600688 -0.000052 
2459361.314816 -0.000123 
2459363.028944 -0.000118 
2459364.743072 -0.000043 
2459366.457200 0.000090 
2459368.171328 0.000260 
2459369.885456 0.000436 
2459371.599584 0.000572 
2459373.313712 0.000625 
2459375.027840 0.000577 
2459376.741968 0.000452 
2459378.456095 0.000304 
2459380.170223 0.000183 
2459381.884351 0.000106 
2459383.598479 0.000058 
2459385.312607 0.000020 
2459387.026735 -0.000000 
2459388.740863 0.000025 
2459390.454991 0.000109 
2459392.169119 0.000218 
2459393.883247 0.000283 
2459395.597375 0.000250 
2459397.311503 0.000118 
2459399.025631 -0.000071 
2459400.739759 -0.000287 
2459402.453886 -0.000543 
2459404.168014 -0.000862 
2459405.882142 -0.001195 
2459407.596270 -0.001382 
2459409.310398 -0.001230 
2459411.024526 -0.000674 
2459412.738654 0.000116 
2459414.452782 0.000789 
2459416.166910 0.001037 
2459417.881038 0.000806 
2459419.595166 0.000323 
2459421.309294 -0.000086 
2459423.023422 -0.000240 
2459424.737550 -0.000201 
2459426.451677 -0.000150 
2459428.165805 -0.000178 
2459429.879933 -0.000195 
2459431.594061 -0.000052 
2459433.308189 0.000267 
2459435.022317 0.000592 
2459436.736445 0.000695 
2459438.450573 0.000486 
2459440.164701 0.000048 
2459441.878829 -0.000526 
2459443.592957 -0.001294 
2459445.307085 -0.002397 
2459447.021213 -0.003765 
2459448.735341 -0.004893 
2459450.449468 -0.005012 
2459452.163596 -0.003640 
2459453.877724 -0.001099 
2459455.591852 0.001506 
2459457.305980 0.002939 
2459459.020108 0.002672 
2459460.734236 0.001222 
2459462.448364 -0.000298 
2459464.162492 -0.001039 
2459465.876620 -0.000960 
2459467.590748 -0.000630 
2459469.304876 -0.000542 
2459471.019004 -0.000612 
2459472.733132 -0.000339 
2459474.447259 0.000584 
2459476.161387 0.001854 
2459477.875515 0.002743 
2459479.589643 0.002709 
2459481.303771 0.001763 
2459483.017899 0.000243 
2459484.732027 -0.001711 
2459486.446155 -0.004306 
2459488.160283 -0.007567 
2459489.874411 -0.010630 
2459491.588539 -0.011764 
2459493.302667 -0.009455 
2459495.016795 -0.003820 
2459496.730923 0.002927 
2459498.445050 0.007631 
2459500.159178 0.008264 
2459501.873306 0.005280 
2459503.587434 0.001135 
2459505.301562 -0.001639 
2459507.015690 -0.002195 
2459508.729818 -0.001528 
2459510.443946 -0.001077 
2459512.158074 -0.001187 
2459513.872202 -0.000882 
2459515.586330 0.000941 
2459517.300458 0.004163 
2459519.014586 0.007278 
2459520.728713 0.008561 
2459522.442841 0.007356 
2459524.156969 0.004228 
2459525.871097 -0.000005 
2459527.585225 -0.005136 
2459529.299353 -0.011193 
2459531.013481 -0.017151 
2459532.727609 -0.020307 
2459534.441737 -0.017585 
2459536.155865 -0.008147 
2459537.869993 0.004942 
2459539.584121 0.015883 
2459541.298249 0.019724 
2459543.012377 0.015676 
2459544.726504 0.007456 
2459546.440632 0.000325 
2459548.154760 -0.002710 
2459549.868888 -0.002402 
2459551.583016 -0.001490 
2459553.297144 -0.001556 
2459555.011272 -0.001518 
2459556.725400 0.000972 
2459558.439528 0.006764 
2459560.153656 0.013848 
2459561.867784 0.018666 
2459563.581912 0.018744 
2459565.296040 0.014149 
2459567.010168 0.006607 
2459568.724295 -0.002356 
2459570.438423 -0.012034 
2459572.152551 -0.021224 
2459573.866679 -0.026762 
2459575.580807 -0.024302 
2459577.294935 -0.011608 
2459579.009063 0.008285 
2459580.723191 0.027368 
2459582.437319 0.037116 
2459584.151447 0.034046 
2459585.865575 0.021914 
2459587.579703 0.008662 
2459589.293831 0.000603 
2459591.007959 -0.001384 
2459592.722086 -0.000770 
2459594.436214 -0.000906 
2459596.150342 -0.001506 
2459597.864470 0.000762 
2459599.578598 0.008452 
2459601.292726 0.020086 
2459603.006854 0.030550 
2459604.720982 0.034655 
2459606.435110 0.030522 
2459608.149238 0.020004 
2459609.863366 0.006450 
2459611.577494 -0.007402 
2459613.291622 -0.019320 
2459615.005750 -0.026087 
2459616.719877 -0.023385 
2459618.434005 -0.008512 
2459620.148133 0.015961 
2459621.862261 0.041407 
2459623.576389 0.057186 
2459625.290517 0.057152 
2459627.004645 0.043617 
2459628.718773 0.025384 
2459630.432901 0.011356 
2459632.147029 0.004878 
2459633.861157 0.003228 
2459635.575285 0.002044 
2459637.289413 0.000282 
2459639.003541 0.001193 
2459640.717668 0.008711 
2459642.431796 0.022878 
2459644.145924 0.038550 
2459645.860052 0.048471 
2459647.574180 0.047923 
2459649.288308 0.037171 
2459651.002436 0.020382 
2459652.716564 0.002847 
2459654.430692 -0.010815 
2459656.144820 -0.016748 
2459657.858948 -0.011800 
2459659.573076 0.005084 
2459661.287204 0.030662 
2459663.001332 0.056927 
2459664.715459 0.074171 
2459666.429587 0.076260 
2459668.143715 0.064309 
2459669.857843 0.045665 
2459671.571971 0.028811 
2459673.286099 0.018121 
2459675.000227 0.012488 
2459676.714355 0.008428 
2459678.428483 0.004515 
2459680.142611 0.003125 
2459681.856739 0.008122 
2459683.570867 0.020732 
2459685.284995 0.037310 
2459686.999123 0.050854 
2459688.713250 0.055018 
2459690.427378 0.047618 
2459692.141506 0.031492 
2459693.855634 0.012810 
2459695.569762 -0.001595 
2459697.283890 -0.006417 
2459698.998018 0.000745 
2459700.712146 0.018646 
2459702.426274 0.042412 
2459704.140402 0.064831 
2459705.854530 0.079014 
2459707.568658 0.081361 
2459709.282786 0.073036 
2459710.996914 0.058868 
2459712.711041 0.044302 
2459714.425169 0.032516 
2459716.139297 0.023598 
2459717.853425 0.016112 
2459719.567553 0.009527 
2459721.281681 0.005430 
2459722.995809 0.006532 
2459724.709937 0.014230 
2459726.424065 0.026640 
2459728.138193 0.038712 
2459729.852321 0.044576 
2459731.566449 0.040703 
2459733.280577 0.027874 
2459734.994705 0.010727 
2459736.708832 -0.004685 
2459738.422960 -0.013644 
2459740.137088 -0.014130 
2459741.851216 -0.006405 
2459743.565344 0.008103 
2459745.279472 0.027211 
2459746.993600 0.047451 
2459748.707728 0.063810 
2459750.421856 0.071130 
2459752.135984 0.066902 
2459753.850112 0.053311 
2459755.564240 0.036332 
2459757.278368 0.021998 
2459758.992496 0.012750 
2459760.706623 0.007068 
2459762.420751 0.002668 
2459764.134879 0.000000 
2459765.849007 0.002199 
2459767.563135 0.011153 
2459769.277263 0.023640 
2459770.991391 0.032005 
2459772.705519 0.029520 
2459774.419647 0.015398 
2459776.133775 -0.005833 
2459777.847903 -0.030220 
2459779.562031 -0.058877 
2459781.276159 -0.094790 
2459782.990287 -0.133554 
2459784.704414 -0.157950 
2459786.418542 -0.145401 
2459788.132670 -0.085994 
2459789.846798 0.003445 
2459791.560926 0.084028 
2459793.275054 0.118534 
2459794.989182 0.096979 
2459796.703310 0.042785 
2459798.417438 -0.006378 
2459800.131566 -0.027142 
2459801.845694 -0.024020 
2459803.559822 -0.017491 
2459805.273950 -0.019805 
2459806.988078 -0.022731 
2459808.702205 -0.008824 
2459810.416333 0.026342 
2459812.130461 0.064826 
2459813.844589 0.080162 
2459815.558717 0.059807 
2459817.272845 0.011702 
2459818.986973 -0.052489 
2459820.701101 -0.137374 
2459822.415229 -0.259397 
2459824.129357 -0.414724 
2459825.843485 -0.550785 
2459827.557613 -0.580122 
2459829.271741 -0.440766 
2459830.985869 -0.158799 
2459832.699996 0.145860 
2459834.414124 0.328650 
2459836.128252 0.317433 
2459837.842380 0.159879 
2459839.556508 -0.019221 
2459841.270636 -0.115275 
2459842.984764 -0.113537 
2459844.698892 -0.075298 
2459846.413020 -0.061460 
2459848.127148 -0.069923 
2459849.841276 -0.045395 
2459851.555404 0.053040 
2459853.269532 0.197897 
2459854.983660 0.308167 
2459856.697787 0.316382 
2459858.411915 0.217268 
2459860.126043 0.048564 
2459861.840171 -0.169263 
2459863.554299 -0.457426 
2459865.268427 -0.824974 
2459866.982555 -1.185691 
2459868.696683 -1.348007 
2459870.410811 -1.128086 
2459872.124939 -0.514722 
2459873.839067 0.260573 
2459875.553195 0.837658 
2459877.267323 0.961012 
2459878.981451 0.651830 
2459880.695578 0.176068 
2459882.409706 -0.166321 
2459884.123834 -0.253794 
2459885.837962 -0.183612 
2459887.552090 -0.124577 
2459889.266218 -0.133804 
2459890.980346 -0.111005 
2459892.694474 0.077104 
2459894.408602 0.435118 
2459896.122730 0.803016 
2459897.836858 0.978079 
2459899.550986 0.868639 
2459901.265114 0.528708 
2459902.979242 0.055136 
2459904.693369 -0.520084 
2459906.407497 -1.203634 
2459908.121625 -1.896892 
2459909.835753 -2.308072 
2459911.549881 -2.077363 
2459913.264009 -1.069641 
2459914.978137 0.411134 
2459916.692265 1.718510 
2459918.406393 2.255381 
2459920.120521 1.873374 
2459921.834649 0.954585 
2459923.548777 0.103439 
2459925.262905 -0.294989 
2459926.977033 -0.286062 
2459928.691160 -0.176068 
2459930.405288 -0.172915 
2459932.119416 -0.182345 
2459933.833544 0.063448 
2459935.547672 0.691639 
2459937.261800 1.504437 
2459938.975928 2.099620 
2459940.690056 2.169768 
2459942.404184 1.692450 
2459944.118312 0.855623 
2459945.832440 -0.156497 
2459947.546568 -1.256998 
2459949.260696 -2.324142 
2459950.974824 -3.021830 
2459952.688951 -2.854174 
2459954.403079 -1.520802 
2459956.117207 0.701152 
2459957.831335 2.938967 
2459959.545463 4.194195 
2459961.259591 3.988199 
2459962.973719 2.670829 
2459964.687847 1.128991 
2459966.401975 0.130777 
2459968.116103 -0.155033 
2459969.830231 -0.093853 
2459971.544359 -0.094059 
2459973.258487 -0.171910 
2459974.972615 0.034032 
2459976.686742 0.846681 
2459978.400870 2.151082 
2459980.114998 3.391361 
2459981.829126 3.954040 
2459983.543254 3.576145 
2459985.257382 2.433451 
2459986.971510 0.905161 
2459988.685638 -0.683945 
2459990.399766 -2.080051 
2459992.113894 -2.933516 
2459993.828022 -2.756047 
2459995.542150 -1.200466 
2459997.256278 1.514260 
2459998.970406 4.463206 
2460000.684533 6.422900 
2460002.398661 6.609645 
2460004.112789 5.185651 
2460005.826917 3.107650 
2460007.541045 1.426072 
2460009.255173 0.602538 
2460010.969301 0.381430 
2460012.683429 0.254716 
2460014.397557 0.049152 
2460016.111685 0.096929 
2460017.825813 0.865603 
2460019.539941 2.421707 
2460021.254069 4.230630 
2460022.968197 5.464372 
2460024.682324 5.534653 
2460026.396452 4.412124 
2460028.110580 2.540019 
2460029.824708 0.522369 
2460031.538836 -1.102051 
2460033.252964 -1.886021 
2460034.967092 -1.458722 
2460036.681220 0.335314 
2460038.395348 3.183897 
2460040.109476 6.220905 
2460041.823604 8.334274 
2460043.537732 8.758224 
2460045.251860 7.530374 
2460046.965988 5.436488 
2460048.680115 3.460603 
2460050.394243 2.165730 
2460052.108371 1.480683 
2460053.822499 1.012242 
2460055.536627 0.557233 
2460057.250755 0.347092 
2460058.964883 0.825842 
2460060.679011 2.182599 
2460062.393139 4.058551 
2460064.107267 5.676624 
2460065.821395 6.283832 
2460067.535523 5.571774 
2460069.249651 3.810078 
2460070.963779 1.676789 
2460072.677906 -0.041734 
2460074.392034 -0.710713 
2460076.106162 -0.013862 
2460077.820290 1.950841 
2460079.534418 4.656962 
2460081.248546 7.281295 
2460082.962674 9.004480 
2460084.676802 9.367333 
2460086.390930 8.469642 
2460088.105058 6.862120 
2460089.819186 5.190910 
2460091.533314 3.841004 
2460093.247442 2.824491 
2460094.961570 1.963081 
2460096.675697 1.183150 
2460098.389825 0.665973 
2460100.103953 0.730160 
2460101.818081 1.547175 
2460103.532209 2.920746 
2460105.246337 4.305318 
2460106.960465 5.059825 
2460108.674593 4.776475 
2460110.388721 3.493456 
2460112.102849 1.689471 
2460113.816977 0.083061 
2460115.531105 -0.658067 
2460117.245233 -0.176013 
2460118.959361 1.444070 
2460120.673488 3.713078 
2460122.387616 5.936085 
2460124.101744 7.490306 
2460125.815872 8.058344 
2460127.530000 7.704480 
2460129.244128 6.762695 
2460130.958256 5.614123 
2460132.672384 4.496191 
2460134.386512 3.455977 
2460136.100640 2.453582 
2460137.814768 1.514002 
2460139.528896 0.796846 
2460141.243024 0.522475 
2460142.957152 0.806767 
2460144.671279 1.529184 
2460146.385407 2.338050 
2460148.099535 2.802063 
2460149.813663 2.619627 
2460151.527791 1.765290 
2460153.241919 0.500073 
2460154.956047 -0.743134 
2460156.670175 -1.527642 
2460158.384303 -1.558261 
2460160.098431 -0.762530 
2460161.812559 0.697618 
2460163.526687 2.475725 
2460165.240815 4.143287 
2460166.954943 5.324606 
2460168.669070 5.818402 
2460170.383198 5.647318 
2460172.097326 5.004164 
2460173.811454 4.126984 
2460175.525582 3.186742 
2460177.239710 2.261697 
2460178.953838 1.399757 
2460180.667966 0.692600 
2460182.382094 0.274327 
2460184.096222 0.229260 
2460185.810350 0.487071 
2460187.524478 0.810768 
2460189.238606 0.911715 
2460190.952734 0.615330 
2460192.666861 -0.047670 
2460194.380989 -0.888189 
2460196.095117 -1.689868 
2460197.809245 -2.305394 
2460199.523373 -2.647652 
2460201.237501 -2.619736 
2460202.951629 -2.094013 
2460204.665757 -0.999357 
2460206.379885 0.546538 
2460208.094013 2.194843 
2460209.808141 3.490683 
2460211.522269 4.099932 
2460213.236397 3.974401 
2460214.950525 3.334502 
2460216.664652 2.496435 
2460218.378780 1.691005 
2460220.092908 1.006480 
2460221.807036 0.459337 
2460223.521164 0.081433 
2460225.235292 -0.081293 
2460226.949420 -0.050109 
2460228.663548 0.032659 
2460230.377676 -0.035518 
2460232.091804 -0.375137 
2460233.805932 -0.930757 
2460235.520060 -1.522310 
2460237.234188 -2.000544 
2460238.948316 -2.357483 
2460240.662443 -2.678418 
2460242.376571 -2.976668 
2460244.090699 -3.079451 
2460245.804827 -2.702936 
2460247.518955 -1.683549 
2460249.233083 -0.175568 
2460250.947211 1.367812 
2460252.661339 2.439081 
2460254.375467 2.767225 
2460256.089595 2.438811 
2460257.803723 1.778238 
2460259.517851 1.109086 
2460261.231979 0.590830 
2460262.946107 0.226648 
2460264.660234 -0.024450 
2460266.374362 -0.170357 
2460268.088490 -0.210850 
2460269.802618 -0.205362 
2460271.516746 -0.277209 
2460273.230874 -0.525172 
2460274.945002 -0.927079 
2460276.659130 -1.345036 
2460278.373258 -1.645009 
2460280.087386 -1.820567 
2460281.801514 -1.990969 
2460283.515642 -2.258062 
2460285.229770 -2.550258 
2460286.943898 -2.613129 
2460288.658025 -2.184451 
2460290.372153 -1.222136 
2460292.086281 0.007796 
2460293.800409 1.068265 
2460295.514537 1.613969 
2460297.228665 1.581111 
2460298.942793 1.173403 
2460300.656921 0.682913 
2460302.371049 0.303889 
2460304.085177 0.072571 
2460305.799305 -0.063267 
2460307.513433 -0.147564 
2460309.227561 -0.187611 
2460310.941689 -0.195622 
2460312.655816 -0.225257 
2460314.369944 -0.344187 
2460316.084072 -0.566306 
2460317.798200 -0.822451 
2460319.512328 -1.014656 
2460321.226456 -1.109468 
2460322.940584 -1.175014 
2460324.654712 -1.312270 
2460326.368840 -1.534560 
2460328.082968 -1.710031 
2460329.797096 -1.635797 
2460331.511224 -1.196169 
2460333.225352 -0.476263 
2460334.939480 0.267762 
2460336.653607 0.764033 
2460338.367735 0.886950 
2460340.081863 0.707557 
2460341.795991 0.410251 
2460343.510119 0.157688 
2460345.224247 0.010233 
2460346.938375 -0.058444 
2460348.652503 -0.093725 
2460350.366631 -0.114164 
2460352.080759 -0.119243 
2460353.794887 -0.121073 
2460355.509015 -0.151740 
2460357.223143 -0.234373 
2460358.937271 -0.352651 
2460360.651398 -0.458770 
2460362.365526 -0.518474 
2460364.079654 -0.548199 
2460365.793782 -0.601345 
2460367.507910 -0.709318 
2460369.222038 -0.831311 
2460370.936166 -0.865711 
2460372.650294 -0.723074 
2460374.364422 -0.403460 
2460376.078550 -0.012552 
2460377.792678 0.299912 
2460379.506806 0.432467 
2460381.220934 0.385490 
2460382.935062 0.241641 
2460384.649189 0.098198 
2460386.363317 0.008296 
2460388.077445 -0.030030 
2460389.791573 -0.043798 
2460391.505701 -0.051169 
2460393.219829 -0.052871 
2460394.933957 -0.046706 
2460396.648085 -0.041198 
2460398.362213 -0.051260 
2460400.076341 -0.082345 
2460401.790469 -0.123120 
2460403.504597 -0.156751 
2460405.218725 -0.179293 
2460406.932853 -0.204358 
2460408.646980 -0.246470 
2460410.361108 -0.298216 
2460412.075236 -0.325188 
2460413.789364 -0.287872 
2460415.503492 -0.174475 
2460417.217620 -0.016853 
2460418.931748 0.125388 
2460420.645876 0.201320 
2460422.360004 0.197933 
2460424.074132 0.141610 
2460425.788260 0.074375 
2460427.502388 0.025953 
2460429.216516 0.002044 
2460430.930644 -0.007401 
2460432.644771 -0.012352 
2460434.358899 -0.014316 
2460436.073027 -0.009841 
2460437.787155 0.001395 
2460439.501283 0.013534 
2460441.215411 0.018867 
2460442.929539 0.013920 
2460444.643667 0.000819 
2460446.357795 -0.016470 
2460448.071923 -0.035850 
2460449.786051 -0.056219 
2460451.500179 -0.073332 
2460453.214307 -0.078062 
2460454.928435 -0.060881 
2460456.642562 -0.019917 
2460458.356690 0.034453 
2460460.070818 0.083492 
2460461.784946 0.110441 
2460463.499074 0.109821 
2460465.213202 0.089007 
2460466.927330 0.061655 
2460468.641458 0.038700 
2460470.355586 0.023574 
2460472.069714 0.013942 
2460473.783842 0.006857 
2460475.497970 0.002326 
2460477.212098 0.002742 
2460478.926226 0.009648 
2460480.640353 0.021222 
2460482.354481 0.032590 
2460484.068609 0.038416 
2460485.782737 0.035637 
2460487.496865 0.024693 
2460489.210993 0.009109 
2460490.925121 -0.005802 
2460492.639249 -0.014485 
2460494.353377 -0.012812 
2460496.067505 0.000277 
2460497.781633 0.021864 
2460499.495761 0.045729 
2460501.209889 0.064789 
2460502.924017 0.074153 
2460504.638144 0.073049 
2460506.352272 0.064435 
2460508.066400 0.052715 
2460509.780528 0.041205 
2460511.494656 0.031026 
2460513.208784 0.021842 
2460514.922912 0.013496 
2460516.637040 0.007029 
2460518.351168 0.004264 
2460520.065296 0.006346 
2460521.779424 0.012433 
2460523.493552 0.019597 
2460525.207680 0.024069 
2460526.921808 0.023059 
2460528.635935 0.016103 
2460530.350063 0.005245 
2460532.064191 -0.005853 
2460533.778319 -0.013327 
2460535.492447 -0.014394 
2460537.206575 -0.008143 
2460538.920703 0.004249 
2460540.634831 0.019868 
2460542.348959 0.034925 
2460544.063087 0.045960 
2460545.777215 0.050981 
2460547.491343 0.050001 
2460549.205471 0.044634 
2460550.919599 0.037017 
2460552.633726 0.028756 
2460554.347854 0.020608 
2460556.061982 0.012974 
2460557.776110 0.006592 
2460559.490238 0.002620 
2460561.204366 0.001886 
2460562.918494 0.003941 
2460564.632622 0.006829 
2460566.346750 0.008000 
2460568.060878 0.005770 
2460569.775006 0.000225 
2460571.489134 -0.007070 
2460573.203262 -0.014194 
2460574.917390 -0.019789 
2460576.631517 -0.023072 
2460578.345645 -0.023229 
2460580.059773 -0.019142 
2460581.773901 -0.010067 
2460583.488029 0.003184 
2460585.202157 0.017739 
2460586.916285 0.029612 
2460588.630413 0.035664 
2460590.344541 0.035184 
2460592.058669 0.029914 
2460593.772797 0.022631 
2460595.486925 0.015487 
2460597.201053 0.009371 
2460598.915181 0.004448 
2460600.629308 0.000965 
2460602.343436 -0.000664 
2460604.057564 -0.000529 
2460605.771692 0.000227 
2460607.485820 -0.000168 
2460609.199948 -0.002898 
2460610.914076 -0.007638 
2460612.628204 -0.012864 
2460614.342332 -0.017177 
2460616.056460 -0.020377 
2460617.770588 -0.023191 
2460619.484716 -0.025871 
2460621.198844 -0.027074 
2460622.912972 -0.024325 
2460624.627099 -0.015975 
2460626.341227 -0.003051 
2460628.055355 0.010671 
2460629.769483 0.020658 
2460631.483611 0.024232 
2460633.197739 0.021841 
2460634.911867 0.016206 
2460636.625995 0.010257 
2460638.340123 0.005564 
2460640.054251 0.002256 
2460641.768379 -0.000034 
2460643.482507 -0.001409 
2460645.196635 -0.001848 
2460646.910763 -0.001798 
2460648.624890 -0.002306 
2460650.339018 -0.004307 
2460652.053146 -0.007732 
2460653.767274 -0.011443 
2460655.481402 -0.014201 
2460657.195530 -0.015811 
2460658.909658 -0.017249 
2460660.623786 -0.019497 
2460662.337914 -0.022120 
2460664.052042 -0.023008 
2460665.766170 -0.019768 
2460667.480298 -0.011762 
2460669.194426 -0.001064 
2460670.908554 0.008552 
2460672.622681 0.013874 
2460674.336809 0.014061 
2460676.050937 0.010711 
2460677.765065 0.006388 
2460679.479193 0.002933 
2460681.193321 0.000792 
2460682.907449 -0.000458 
2460684.621577 -0.001235 
