# time model 
2455007.429878 0.000002 
2455009.114360 0.000005 
2455010.798842 0.000006 
2455012.483324 0.000004 
2455014.167806 0.000003 
2455015.852288 0.000005 
2455017.536770 0.000006 
2455019.221252 0.000005 
2455020.905734 0.000001 
2455022.590216 -0.000009 
2455024.274698 -0.000018 
2455025.959180 -0.000015 
2455027.643662 -0.000002 
2455029.328144 0.000011 
2455031.012626 0.000020 
2455032.697108 0.000015 
2455034.381590 0.000009 
2455036.066072 0.000015 
2455037.750554 0.000021 
2455039.435036 0.000017 
2455041.119518 0.000008 
2455042.804000 -0.000015 
2455044.488481 -0.000049 
2455046.172963 -0.000054 
2455047.857445 -0.000025 
2455049.541927 0.000009 
2455051.226409 0.000036 
2455052.910891 0.000036 
2455054.595373 0.000018 
2455056.279855 0.000024 
2455057.964337 0.000044 
2455059.648819 0.000038 
2455061.333301 0.000022 
2455063.017783 -0.000010 
2455064.702265 -0.000083 
2455066.386747 -0.000124 
2455068.071229 -0.000083 
2455069.755711 -0.000017 
2455071.440193 0.000036 
2455073.124675 0.000057 
2455074.809157 0.000028 
2455076.493639 0.000019 
2455078.178121 0.000057 
2455079.862603 0.000059 
2455081.547085 0.000034 
2455083.231567 0.000008 
2455084.916049 -0.000091 
2455086.600531 -0.000199 
2455088.285013 -0.000172 
2455089.969495 -0.000073 
2455091.653977 0.000001 
2455093.338459 0.000048 
2455095.022941 0.000028 
2455096.707423 -0.000010 
2455098.391905 0.000032 
2455100.076387 0.000057 
2455101.760869 0.000022 
2455103.445351 0.000016 
2455105.129833 -0.000055 
2455106.814315 -0.000218 
2455108.498797 -0.000247 
2455110.183279 -0.000134 
2455111.867761 -0.000059 
2455113.552243 -0.000017 
2455115.236725 -0.000010 
2455116.921207 -0.000062 
2455118.605689 -0.000049 
2455120.290171 -0.000004 
2455121.974653 -0.000035 
2455123.659135 -0.000024 
2455125.343617 -0.000004 
2455127.028099 -0.000136 
2455128.712581 -0.000227 
2455130.397063 -0.000136 
2455132.081545 -0.000085 
2455133.766027 -0.000105 
2455135.450509 -0.000096 
2455137.134991 -0.000125 
2455138.819473 -0.000152 
2455140.503955 -0.000122 
2455142.188437 -0.000138 
2455143.872919 -0.000118 
2455145.557401 -0.000002 
2455147.241883 -0.000010 
2455148.926365 -0.000097 
2455150.610847 -0.000041 
2455152.295329 -0.000003 
2455153.979811 -0.000093 
2455155.664293 -0.000131 
2455157.348775 -0.000136 
2455159.033257 -0.000184 
2455160.717739 -0.000193 
2455162.402220 -0.000193 
2455164.086702 -0.000170 
2455165.771184 -0.000034 
2455167.455666 0.000026 
2455169.140148 -0.000061 
2455170.824630 -0.000024 
2455172.509112 0.000102 
2455174.193594 0.000115 
2455175.878076 0.000125 
2455177.562558 0.000123 
2455179.247040 0.000005 
2455180.931522 -0.000027 
2455182.616004 0.000055 
2455184.300486 0.000080 
2455185.984968 0.000112 
2455187.669450 -0.000020 
2455189.353932 -0.000493 
2455191.038414 -0.000715 
2455192.722896 -0.000320 
2455194.407378 0.000272 
2455196.091860 0.000827 
2455197.776342 0.001061 
2455199.460824 0.000689 
2455201.145306 0.000493 
2455202.829788 0.000909 
2455204.514270 0.001074 
2455206.198752 0.000828 
2455207.883234 0.000224 
2455209.567716 -0.001444 
2455211.252198 -0.003034 
2455212.936680 -0.002535 
2455214.621162 -0.000569 
2455216.305644 0.001506 
2455217.990126 0.002852 
2455219.674608 0.002296 
2455221.359090 0.001311 
2455223.043572 0.002248 
2455224.728054 0.003172 
2455226.412536 0.002477 
2455228.097018 0.001261 
2455229.781500 -0.002072 
2455231.465982 -0.007120 
2455233.150464 -0.008092 
2455234.834946 -0.004083 
2455236.519428 0.000760 
2455238.203910 0.004543 
2455239.888392 0.004862 
2455241.572874 0.002299 
2455243.257356 0.003036 
2455244.941838 0.005816 
2455246.626320 0.004974 
2455248.310802 0.002927 
2455249.995284 -0.001116 
2455251.679766 -0.010927 
2455253.364248 -0.016932 
2455255.048730 -0.011695 
2455256.733212 -0.003072 
2455258.417694 0.003750 
2455260.102176 0.006722 
2455261.786658 0.003105 
2455263.471140 0.001670 
2455265.155622 0.006580 
2455266.840104 0.006983 
2455268.524586 0.003715 
2455270.209068 0.001113 
2455271.893550 -0.010746 
2455273.578032 -0.024856 
2455275.262514 -0.022058 
2455276.946996 -0.009916 
2455278.631478 -0.001384 
2455280.315960 0.004148 
2455282.000441 0.002088 
2455283.684923 -0.002735 
2455285.369405 0.001961 
2455287.053887 0.005175 
2455288.738369 0.001002 
2455290.422851 0.001212 
2455292.107333 -0.005295 
2455293.791815 -0.024320 
2455295.476297 -0.028486 
2455297.160779 -0.015602 
2455298.845261 -0.008287 
2455300.529743 -0.004922 
2455302.214225 -0.003854 
2455303.898707 -0.009577 
2455305.583189 -0.008844 
2455307.267671 -0.004003 
2455308.952153 -0.007457 
2455310.636635 -0.005028 
2455312.321117 0.000357 
2455314.005599 -0.012231 
2455315.690081 -0.022183 
2455317.374563 -0.012499 
2455319.059045 -0.008498 
2455320.743527 -0.013779 
2455322.428009 -0.013660 
2455324.112491 -0.016221 
2455325.796973 -0.019903 
2455327.481455 -0.017677 
2455329.165937 -0.019329 
2455330.850419 -0.015935 
2455332.534901 -0.000617 
2455334.219383 0.001283 
2455335.903865 -0.006975 
2455337.588347 -0.000281 
2455339.272829 0.004176 
2455340.957311 -0.006405 
2455342.641793 -0.011101 
2455344.326275 -0.011962 
2455346.010757 -0.018556 
2455347.695239 -0.019999 
2455349.379721 -0.018943 
2455351.064203 -0.015873 
2455352.748685 -0.001855 
2455354.433167 0.000682 
2455356.117649 -0.015209 
2455357.802131 -0.012080 
2455359.486613 0.009626 
2455361.171095 0.022800 
2455362.855577 0.034151 
2455364.540059 0.035074 
2455366.224541 0.014750 
2455367.909023 0.011147 
2455369.593505 0.028115 
2455371.277987 0.031431 
2455372.962469 0.027721 
2455374.646951 -0.004322 
2455376.331433 -0.090417 
2455378.015915 -0.137004 
2455379.700397 -0.076165 
2455381.384879 0.028409 
2455383.069361 0.128687 
2455384.753843 0.173021 
2455386.438325 0.115450 
2455388.122807 0.082961 
2455389.807289 0.151623 
2455391.491771 0.179489 
2455393.176253 0.134955 
2455394.860735 0.039873 
2455396.545217 -0.217566 
2455398.229699 -0.478381 
2455399.914181 -0.419307 
2455401.598662 -0.122588 
2455403.283144 0.191387 
2455404.967626 0.400238 
2455406.652108 0.329576 
2455408.336590 0.179558 
2455410.021072 0.312366 
2455411.705554 0.454368 
2455413.390036 0.351149 
2455415.074518 0.183296 
2455416.759000 -0.269854 
2455418.443482 -1.002888 
2455420.127964 -1.180965 
2455421.812446 -0.630307 
2455423.496928 0.038006 
2455425.181410 0.559154 
2455426.865892 0.628015 
2455428.550374 0.278179 
2455430.234856 0.356995 
2455431.919338 0.743424 
2455433.603820 0.635391 
2455435.288302 0.368662 
2455436.972784 -0.110468 
2455438.657266 -1.395905 
2455440.341748 -2.256998 
2455442.026230 -1.605982 
2455443.710712 -0.496057 
2455445.395194 0.350314 
2455447.079676 0.752275 
2455448.764158 0.316251 
2455450.448640 0.094609 
2455452.133122 0.709511 
2455453.817604 0.778186 
2455455.502086 0.372280 
2455457.186568 0.147856 
2455458.871050 -1.219601 
2455460.555532 -3.021820 
2455462.240014 -2.751822 
2455463.924496 -1.293145 
2455465.608978 -0.358926 
2455467.293460 0.255987 
2455468.977942 0.064535 
2455470.662424 -0.535504 
2455472.346906 -0.032040 
2455474.031388 0.358990 
2455475.715870 -0.123356 
2455477.400352 0.034620 
2455479.084834 -0.466915 
2455480.769316 -2.604474 
2455482.453798 -3.160913 
2455484.138280 -1.727581 
2455485.822762 -1.076615 
2455487.507244 -0.918713 
2455489.191726 -0.784295 
2455490.876208 -1.387527 
2455492.560690 -1.402873 
2455494.245172 -0.916871 
2455495.929654 -1.282425 
2455497.614136 -0.861936 
2455499.298618 0.111259 
2455500.983100 -0.960021 
2455502.667582 -1.982286 
2455504.352064 -0.947279 
2455506.036546 -0.715365 
2455507.721028 -1.663750 
2455509.405510 -1.807732 
2455511.089992 -2.032442 
2455512.774474 -2.502300 
2455514.458956 -2.394320 
2455516.143438 -2.578212 
2455517.827920 -2.105137 
2455519.512402 -0.142011 
2455521.196883 0.616854 
2455522.881365 0.155676 
2455524.565847 0.862556 
2455526.250329 0.970022 
2455527.934811 -0.772473 
2455529.619293 -1.829296 
2455531.303775 -1.949166 
2455532.988257 -2.445445 
2455534.672739 -2.786944 
2455536.357221 -2.948543 
2455538.041703 -2.625625 
2455539.726185 -0.786130 
2455541.410667 0.993164 
2455543.095149 1.435617 
2455544.779631 2.027041 
2455546.464113 2.271183 
2455548.148595 0.698510 
2455549.833077 -0.929984 
2455551.517559 -1.321321 
2455553.202041 -1.632495 
2455554.886523 -2.099793 
2455556.571005 -2.323152 
2455558.255487 -2.176273 
2455559.939969 -1.054679 
2455561.624451 0.516835 
2455563.308933 1.363556 
2455564.993415 1.928160 
2455566.677897 2.283072 
2455568.362379 1.413543 
2455570.046861 0.023861 
2455571.731343 -0.580604 
2455573.415825 -0.800912 
2455575.100307 -1.141742 
2455576.784789 -1.344723 
2455578.469271 -1.256319 
2455580.153753 -0.737511 
2455581.838235 0.045681 
2455583.522717 0.623952 
2455585.207199 1.092737 
2455586.891681 1.451782 
2455588.576163 1.171781 
2455590.260645 0.447379 
2455591.945127 -0.039808 
2455593.629609 -0.282592 
2455595.314091 -0.498518 
2455596.998573 -0.600189 
2455598.683055 -0.462012 
2455600.367537 -0.168850 
2455602.052019 -0.061304 
2455603.736501 -0.128621 
2455605.420983 0.092221 
2455607.105465 0.448094 
2455608.789947 0.446860 
2455610.474429 0.285192 
2455612.158911 0.156770 
2455613.843393 -0.100410 
2455615.527875 -0.324314 
2455617.212357 -0.344689 
2455618.896839 -0.159637 
2455620.581321 0.168943 
2455622.265803 0.048215 
2455623.950285 -0.619393 
2455625.634767 -0.787799 
2455627.319249 -0.373556 
2455629.003731 -0.259965 
2455630.688213 -0.217892 
2455632.372695 0.005376 
2455634.057177 -0.168840 
2455635.741659 -0.512445 
2455637.426141 -0.536111 
2455639.110623 -0.405029 
2455640.795104 -0.084582 
2455642.479586 -0.037950 
2455644.164068 -0.866228 
2455645.848550 -1.403617 
2455647.533032 -0.915149 
2455649.217514 -0.655382 
2455650.901996 -0.744919 
2455652.586478 -0.421981 
2455654.270960 -0.388765 
2455655.955442 -0.821610 
2455657.639924 -0.932999 
2455659.324406 -0.939972 
2455661.008888 -0.904506 
2455662.693370 -0.687891 
2455664.377852 -1.089619 
2455666.062334 -1.622710 
2455667.746816 -1.101350 
2455669.431298 -0.634779 
2455671.115780 -0.990881 
2455672.800262 -0.959927 
2455674.484744 -0.671234 
2455676.169226 -0.915590 
2455677.853708 -1.112719 
2455679.538190 -1.269423 
2455681.222672 -1.673739 
2455682.907154 -1.652778 
2455684.591636 -1.440618 
2455686.276118 -1.439965 
2455687.960600 -0.874734 
2455689.645082 -0.275582 
2455691.329564 -0.772608 
2455693.014046 -1.282545 
2455694.698528 -0.938267 
2455696.383010 -0.664499 
2455698.067492 -0.747008 
2455699.751974 -1.026812 
2455701.436456 -1.705565 
2455703.120938 -2.103802 
2455704.805420 -1.697815 
2455706.489902 -1.099362 
2455708.174384 -0.467869 
2455709.858866 0.082761 
2455711.543348 -0.265478 
2455713.227830 -1.098460 
2455714.912312 -1.111542 
2455716.596794 -0.501082 
2455718.281276 -0.209019 
2455719.965758 -0.470318 
2455721.650240 -1.206341 
2455723.334722 -1.874442 
2455725.019204 -1.677617 
2455726.703686 -0.872801 
2455728.388168 -0.272819 
2455730.072650 -0.009854 
2455731.757132 -0.111695 
2455733.441614 -0.680887 
2455735.126096 -1.060481 
2455736.810578 -0.633301 
2455738.495060 0.018845 
2455740.179542 0.030222 
2455741.864024 -0.638333 
2455743.548506 -1.379641 
2455745.232988 -1.453876 
2455746.917470 -0.816041 
2455748.601952 -0.362726 
2455750.286434 -0.483520 
2455751.970916 -0.622476 
2455753.655398 -0.739759 
2455755.339880 -1.043756 
2455757.024362 -0.863323 
2455758.708843 0.003918 
2455760.393325 0.459189 
2455762.077807 -0.067490 
2455763.762289 -0.877395 
2455765.446771 -1.194698 
2455767.131253 -0.893651 
2455768.815735 -0.540608 
2455770.500217 -0.659425 
2455772.184699 -0.922373 
2455773.869181 -1.063370 
2455775.553663 -1.393727 
2455777.238145 -1.440781 
2455778.922627 -0.479777 
2455780.607109 0.547239 
2455782.291591 0.409058 
2455783.976073 -0.370116 
2455785.660555 -0.854211 
2455787.345037 -0.964562 
2455789.029519 -0.763851 
2455790.714001 -0.406473 
2455792.398483 -0.328274 
2455794.082965 -0.788522 
2455795.767447 -1.755320 
2455797.451929 -2.445260 
2455799.136411 -1.677897 
2455800.820893 -0.086874 
2455802.505375 0.481408 
2455804.189857 0.079206 
2455805.874339 -0.274563 
2455807.558821 -0.707068 
2455809.243303 -0.970756 
2455810.927785 -0.371211 
2455812.612267 0.273013 
2455814.296749 -0.220711 
2455815.981231 -1.674914 
2455817.665713 -2.891105 
2455819.350195 -2.485757 
2455821.034677 -0.766165 
2455822.719159 0.283109 
2455824.403641 0.350103 
2455826.088123 0.400419 
2455827.772605 -0.083534 
2455829.457087 -1.015719 
2455831.141569 -0.818020 
2455832.826051 0.082527 
2455834.510533 -0.117800 
2455836.195015 -1.388541 
2455837.879497 -2.430260 
2455839.563979 -2.149588 
2455841.248461 -0.713023 
2455842.932943 0.273100 
2455844.617425 0.472379 
2455846.301907 0.822441 
2455847.986389 0.492383 
2455849.670871 -0.971166 
2455851.355353 -1.484606 
2455853.039835 -0.572603 
2455854.724317 -0.258998 
2455856.408799 -1.068462 
2455858.093281 -1.848533 
2455859.777763 -1.687174 
2455861.462245 -0.593959 
2455863.146727 0.246533 
2455864.831209 0.414715 
2455866.515691 0.797969 
2455868.200173 0.680903 
2455869.884655 -0.883309 
2455871.569137 -1.972169 
2455873.253619 -1.252560 
2455874.938101 -0.437303 
2455876.622583 -0.711359 
2455878.307064 -1.364162 
2455879.991546 -1.497422 
2455881.676028 -0.801922 
2455883.360510 -0.024481 
2455885.044992 0.200288 
2455886.729474 0.492091 
2455888.413956 0.576599 
2455890.098438 -0.600561 
2455891.782920 -1.854205 
2455893.467402 -1.541318 
2455895.151884 -0.592523 
2455896.836366 -0.402079 
2455898.520848 -0.840621 
2455900.205330 -1.200965 
2455901.889812 -0.959605 
2455903.574294 -0.360696 
2455905.258776 -0.044508 
2455906.943258 0.190790 
2455908.627740 0.384676 
2455910.312222 -0.241165 
2455911.996704 -1.253517 
2455913.681186 -1.316984 
2455915.365668 -0.615540 
2455917.050150 -0.217563 
2455918.734632 -0.383413 
2455920.419114 -0.757156 
2455922.103596 -0.864649 
2455923.788078 -0.588897 
2455925.472560 -0.287207 
2455927.157042 -0.007912 
2455928.841524 0.268563 
2455930.526006 0.054426 
2455932.210488 -0.582283 
2455933.894970 -0.811673 
2455935.579452 -0.472116 
2455937.263934 -0.122416 
2455938.948416 -0.097704 
2455940.632898 -0.363854 
2455942.317380 -0.645130 
2455944.001862 -0.716754 
2455945.686344 -0.596118 
2455947.370826 -0.225264 
2455949.055308 0.265189 
2455950.739790 0.329665 
2455952.424272 -0.064195 
2455954.108754 -0.324207 
2455955.793236 -0.252765 
2455957.477718 -0.065228 
2455959.162200 0.037273 
2455960.846682 -0.117165 
2455962.531164 -0.460560 
2455964.215646 -0.810568 
2455965.900128 -1.012592 
2455967.584610 -0.652382 
2455969.269092 0.211391 
2455970.953574 0.622098 
2455972.638056 0.297302 
2455974.322538 -0.028288 
2455976.007020 -0.089772 
2455977.691502 -0.049282 
2455979.375984 0.060551 
2455981.060466 -0.005050 
2455982.744948 -0.359522 
2455984.429430 -0.863736 
2455986.113912 -1.408078 
2455987.798394 -1.297753 
2455989.482876 -0.132510 
2455991.167358 0.777853 
2455992.851840 0.506580 
2455994.536322 0.008139 
2455996.220804 -0.098707 
2455997.905285 -0.108358 
2455999.589767 -0.025595 
2456001.274249 -0.023644 
2456002.958731 -0.343996 
2456004.643213 -0.823860 
2456006.327695 -1.491107 
2456008.012177 -1.782671 
2456009.696659 -0.743797 
2456011.381141 0.532052 
2456013.065623 0.413769 
2456014.750105 -0.264658 
2456016.434587 -0.366990 
2456018.119069 -0.272516 
2456019.803551 -0.200452 
2456021.488033 -0.187944 
2456023.172515 -0.456174 
2456024.856997 -0.736232 
2456026.541479 -1.087884 
2456028.225961 -1.527025 
2456029.910443 -1.085186 
2456031.594925 -0.084610 
2456033.279407 -0.141301 
2456034.963889 -0.843846 
2456036.648371 -0.863415 
2456038.332853 -0.520483 
2456040.017335 -0.362849 
2456041.701817 -0.407223 
2456043.386299 -0.703308 
2456045.070781 -0.784446 
2456046.755263 -0.506070 
2456048.439745 -0.504729 
2456050.124227 -0.598162 
2456051.808709 -0.475755 
2456053.493191 -0.789844 
2456055.177673 -1.345705 
2456056.862155 -1.203441 
2456058.546637 -0.633890 
2456060.231119 -0.332686 
2456061.915601 -0.433097 
2456063.600083 -0.879093 
2456065.284565 -1.040795 
2456066.969047 -0.362046 
2456068.653529 0.395248 
2456070.338011 0.402835 
2456072.022493 -0.102451 
2456073.706975 -0.710504 
2456075.391457 -1.079485 
2456077.075939 -0.861496 
2456078.760421 -0.323963 
2456080.444903 -0.009568 
2456082.129385 -0.115863 
2456083.813867 -0.663578 
2456085.498349 -1.175362 
2456087.182831 -0.769940 
2456088.867313 0.362919 
2456090.551795 0.951583 
2456092.236277 0.580694 
2456093.920759 0.027471 
2456095.605241 -0.153982 
2456097.289723 -0.023145 
2456098.974205 0.227333 
2456100.658687 0.397709 
2456102.343169 0.346518 
2456104.027651 -0.055949 
2456105.712133 -0.814802 
2456107.396615 -1.229417 
2456109.081097 -0.590628 
2456110.765579 0.385040 
2456112.450061 0.686191 
2456114.134543 0.691435 
2456115.819025 0.875428 
2456117.503506 0.838153 
2456119.187988 0.583590 
2456120.872470 0.534079 
2456122.556952 0.621343 
2456124.241434 0.544865 
2456125.925916 -0.072501 
2456127.610398 -1.165673 
2456129.294880 -1.592944 
2456130.979362 -0.883768 
2456132.663844 -0.054714 
2456134.348326 0.652062 
2456136.032808 1.503908 
2456137.717290 1.536209 
2456139.401772 0.608475 
2456141.086254 0.192473 
2456142.770736 0.547763 
2456144.455218 0.787549 
2456146.139700 0.516325 
2456147.824182 -0.512563 
2456149.508664 -1.677051 
2456151.193146 -1.711583 
2456152.877628 -0.988193 
2456154.562110 -0.137530 
2456156.246592 1.233233 
2456157.931074 1.842612 
2456159.615556 0.520966 
2456161.300038 -0.455254 
2456162.984520 0.247151 
2456164.669002 0.748471 
2456166.353484 0.477421 
2456168.037966 0.097652 
2456169.722448 -0.652479 
2456171.406930 -1.237356 
2456173.091412 -1.160182 
2456174.775894 -0.835479 
2456176.460376 0.385120 
2456178.144858 1.718241 
2456179.829340 0.700690 
2456181.513822 -0.839531 
2456183.198304 0.033546 
2456184.882786 0.886402 
2456186.567268 0.012966 
2456188.251750 -0.153050 
2456189.936232 0.483424 
2456191.620714 0.278343 
2456193.305196 -0.259523 
2456194.989678 -0.462746 
2456196.674160 0.314644 
2456198.358642 1.916753 
2456200.043124 1.572690 
2456201.727606 -0.337273 
2456203.412088 0.100452 
2456205.096570 1.305658 
2456206.781052 -0.098987 
2456208.465534 -1.076143 
2456210.150016 0.528268 
2456211.834498 1.620305 
2456213.518980 1.140339 
2456215.203462 0.742543 
2456216.887944 1.276263 
2456218.572426 2.645350 
2456220.256908 2.774240 
2456221.941390 0.845252 
2456223.625872 0.287038 
2456225.310354 1.394676 
2456226.994836 0.336200 
2456228.679318 -1.444985 
2456230.363800 -0.256444 
2456232.048282 1.749016 
2456233.732764 1.896192 
2456235.417245 1.512381 
2456237.101727 1.900978 
2456238.786209 2.886234 
2456240.470691 3.204318 
2456242.155173 1.757370 
2456243.839655 0.529444 
2456245.524137 1.025652 
2456247.208619 0.679980 
2456248.893101 -0.987771 
2456250.577583 -0.813171 
2456252.262065 0.981987 
2456253.946547 1.682457 
2456255.631029 1.470387 
2456257.315511 1.691619 
2456258.999993 2.337476 
2456260.684475 2.659285 
2456262.368957 1.870828 
2456264.053439 0.705825 
2456265.737921 0.596778 
2456267.422403 0.615373 
2456269.106885 -0.350224 
2456270.791367 -0.737725 
2456272.475849 0.239562 
2456274.160331 1.003388 
2456275.844813 1.003314 
2456277.529295 1.089257 
2456279.213777 1.457496 
2456280.898259 1.688893 
2456282.582741 1.374280 
2456284.267223 0.674376 
2456285.951705 0.369397 
2456287.636187 0.399733 
2456289.320669 0.029499 
2456291.005151 -0.342191 
2456292.689633 -0.028831 
2456294.374115 0.437193 
2456296.058597 0.520403 
2456297.743079 0.535352 
2456299.427561 0.692331 
2456301.112043 0.803232 
2456302.796525 0.709014 
2456304.481007 0.480041 
2456306.165489 0.373002 
2456307.849971 0.380576 
2456309.534453 0.229580 
2456311.218935 0.039149 
2456312.903417 0.105380 
2456314.587899 0.263354 
2456316.272381 0.267064 
2456317.956863 0.216803 
2456319.641345 0.225374 
2456321.325827 0.211758 
2456323.010309 0.150958 
2456324.694791 0.245909 
2456326.379273 0.573543 
2456328.063755 0.747515 
2456329.748237 0.537100 
2456331.432719 0.349675 
2456333.117201 0.433306 
2456334.801683 0.480673 
2456336.486165 0.336483 
2456338.170647 0.167551 
2456339.855129 0.057111 
2456341.539611 -0.077677 
2456343.224093 -0.236478 
2456344.908575 0.005814 
2456346.593057 0.888859 
2456348.277539 1.521963 
2456349.962021 1.167336 
2456351.646503 0.672091 
2456353.330985 0.793108 
2456355.015466 0.944480 
2456356.699948 0.695079 
2456358.384430 0.365158 
2456360.068912 0.148537 
2456361.753394 -0.090990 
2456363.437876 -0.441116 
2456365.122358 -0.267166 
2456366.806840 1.135018 
2456368.491322 2.503176 
2456370.175804 2.109625 
2456371.860286 1.030023 
2456373.544768 1.019962 
2456375.229250 1.401294 
2456376.913732 1.158051 
2456378.598214 0.698876 
2456380.282696 0.448110 
2456381.967178 0.186408 
2456383.651660 -0.380627 
2456385.336142 -0.515492 
2456387.020624 1.123709 
2456388.705106 3.248414 
2456390.389588 2.992709 
2456392.074070 1.257488 
2456393.758552 0.920620 
2456395.443034 1.511735 
2456397.127516 1.363008 
2456398.811998 0.881992 
2456400.496480 0.784019 
2456402.180962 0.728221 
2456403.865444 0.058229 
2456405.549926 -0.565520 
2456407.234408 0.840544 
2456408.918890 3.326070 
2456410.603372 3.193845 
2456412.287854 0.990941 
2456413.972336 0.393279 
2456415.656818 1.109452 
2456417.341300 0.986828 
2456419.025782 0.545892 
2456420.710264 0.815149 
2456422.394746 1.301244 
2456424.079228 0.827265 
2456425.763710 -0.315906 
2456427.448192 0.394198 
2456429.132674 2.692708 
2456430.817156 2.532675 
2456432.501638 0.184336 
2456434.186120 -0.273371 
2456435.870602 0.663733 
2456437.555084 0.401306 
2456439.239566 -0.170244 
2456440.924048 0.393293 
2456442.608530 1.530351 
2456444.293012 1.606137 
2456445.977494 0.176413 
2456447.661976 -0.053692 
2456449.346458 1.762327 
2456451.030940 1.708309 
2456452.715422 -0.495620 
2456454.399904 -0.605481 
2456456.084386 0.805894 
2456457.768868 0.532702 
2456459.453350 -0.397884 
2456461.137832 -0.033019 
2456462.822314 1.282985 
2456464.506796 1.969671 
2456466.191278 0.830764 
2456467.875760 -0.120335 
2456469.560242 1.030775 
2456471.244724 1.244951 
2456472.929206 -0.686774 
2456474.613687 -0.814964 
2456476.298169 1.005178 
2456477.982651 1.195576 
2456479.667133 0.156294 
2456481.351615 0.034752 
2456483.036097 0.823847 
2456484.720579 1.608058 
2456486.405061 1.240237 
2456488.089543 0.337734 
2456489.774025 0.808578 
2456491.458507 1.168233 
2456493.142989 -0.304206 
2456494.827471 -0.823568 
2456496.511953 0.771442 
2456498.196435 1.520810 
2456499.880917 0.851073 
2456501.565399 0.448316 
2456503.249881 0.428851 
2456504.934363 0.580260 
2456506.618845 0.769038 
2456508.303327 0.723835 
2456509.987809 1.067638 
2456511.672291 1.371670 
2456513.356773 0.396153 
2456515.041255 -0.426239 
2456516.725737 0.424946 
2456518.410219 1.307583 
2456520.094701 1.095424 
2456521.779183 0.641195 
2456523.463665 0.104652 
2456525.148147 -0.470382 
2456526.832629 -0.363478 
2456528.517111 0.423976 
2456530.201593 1.342939 
2456531.886075 1.748483 
2456533.570557 1.097066 
2456535.255039 0.212828 
2456536.939521 0.312819 
2456538.624003 0.874453 
2456540.308485 0.894363 
2456541.992967 0.476282 
2456543.677449 -0.097975 
2456545.361931 -0.753565 
2456547.046413 -1.011472 
2456548.730895 -0.310332 
2456550.415377 1.077093 
2456552.099859 1.951189 
2456553.784341 1.601339 
2456555.468823 0.778408 
2456557.153305 0.433006 
2456558.837787 0.543890 
2456560.522269 0.572308 
2456562.206751 0.193349 
2456563.891233 -0.279575 
2456565.575715 -0.465871 
2456567.260197 -0.672257 
2456568.944679 -0.731574 
2456570.629161 0.189603 
2456572.313643 1.446275 
2456573.998125 1.624236 
2456575.682607 1.007953 
2456577.367089 0.546952 
2456579.051571 0.375711 
2456580.736053 0.323079 
2456582.420535 0.022727 
2456584.105017 -0.418240 
2456585.789499 -0.229301 
2456587.473981 0.066312 
2456589.158463 -0.461752 
2456590.842945 -0.665075 
2456592.527427 0.287161 
2456594.211908 1.007488 
2456595.896390 0.820711 
2456597.580872 0.476996 
2456599.265354 0.268815 
2456600.949836 0.166435 
2456602.634318 -0.011439 
2456604.318800 -0.389302 
2456606.003282 -0.221363 
2456607.687764 0.418011 
2456609.372246 0.107473 
2456611.056728 -0.782131 
2456612.741210 -0.609106 
2456614.425692 0.192504 
2456616.110174 0.426573 
2456617.794656 0.285553 
2456619.479138 0.161139 
2456621.163620 0.077146 
2456622.848102 -0.001160 
2456624.532584 -0.236382 
2456626.217066 -0.228693 
2456627.901548 0.325190 
2456629.586030 0.408922 
2456631.270512 -0.384947 
2456632.954994 -0.773560 
2456634.639476 -0.317186 
2456636.323958 0.072964 
2456638.008440 0.101189 
2456639.692922 0.055663 
2456641.377404 0.018833 
2456643.061886 -0.001898 
2456644.746368 -0.094738 
2456646.430850 -0.150804 
2456648.115332 0.132956 
2456649.799814 0.353952 
2456651.484296 -0.033173 
2456653.168778 -0.490933 
2456654.853260 -0.399383 
2456656.537742 -0.104391 
2456658.222224 -0.005448 
2456659.906706 -0.021247 
2456661.591188 -0.038902 
2456663.275670 -0.030332 
2456664.960152 -0.032758 
2456666.644634 -0.054726 
2456668.329116 0.047716 
2456670.013598 0.197639 
2456671.698080 0.088462 
2456673.382562 -0.178868 
2456675.067044 -0.238649 
2456676.751526 -0.104819 
2456678.436008 -0.022783 
2456680.120490 -0.056592 
2456681.804972 -0.111386 
2456683.489454 -0.103622 
2456685.173936 -0.059105 
2456686.858418 -0.016551 
2456688.542900 0.069637 
2456690.227382 0.156998 
2456691.911864 0.122280 
2456693.596346 0.007490 
2456695.280828 -0.050079 
2456696.965310 -0.014949 
2456698.649792 0.027817 
2456700.334274 -0.049123 
2456702.018756 -0.197661 
2456703.703238 -0.233694 
2456705.387720 -0.173163 
2456707.072202 -0.080415 
2456708.756684 0.120224 
2456710.441166 0.300536 
2456712.125647 0.264777 
2456713.810129 0.149271 
2456715.494611 0.095683 
2456717.179093 0.085009 
2456718.863575 0.107892 
2456720.548057 -0.000656 
2456722.232539 -0.278845 
2456723.917021 -0.403251 
2456725.601503 -0.352770 
2456727.285985 -0.267987 
2456728.970467 0.098879 
2456730.654949 0.589031 
2456732.339431 0.631657 
2456734.023913 0.383206 
2456735.708395 0.248050 
2456737.392877 0.184877 
2456739.077359 0.183661 
2456740.761841 0.072655 
2456742.446323 -0.330489 
2456744.130805 -0.564657 
2456745.815287 -0.519924 
2456747.499769 -0.531681 
2456749.184251 -0.086951 
2456750.868733 0.887316 
2456752.553215 1.215972 
2456754.237697 0.776291 
2456755.922179 0.452932 
2456757.606661 0.322680 
2456759.291143 0.259481 
2456760.975625 0.138716 
2456762.660107 -0.355368 
2456764.344589 -0.683857 
2456766.029071 -0.579243 
2456767.713553 -0.717150 
2456769.398035 -0.419542 
2456771.082517 1.004986 
2456772.766999 1.845821 
2456774.451481 1.260921 
2456776.135963 0.653092 
2456777.820445 0.491890 
2456779.504927 0.384780 
2456781.189409 0.198404 
2456782.873891 -0.386557 
2456784.558373 -0.803141 
2456786.242855 -0.561992 
2456787.927337 -0.700827 
2456789.611819 -0.715040 
2456791.296301 0.862092 
2456792.980783 2.241970 
2456794.665265 1.628205 
2456796.349747 0.684395 
2456798.034229 0.565980 
2456799.718711 0.583733 
2456801.403193 0.328381 
2456803.087675 -0.417218 
2456804.772157 -0.990482 
2456806.456639 -0.631633 
2456808.141121 -0.594671 
2456809.825603 -0.893842 
2456811.510085 0.471872 
2456813.194567 2.187469 
2456814.879049 1.680436 
2456816.563531 0.434630 
2456818.248013 0.383398 
2456819.932495 0.764418 
2456821.616977 0.599233 
2456823.301459 -0.367418 
2456824.985941 -1.247832 
2456826.670423 -0.872036 
2456828.354905 -0.519874 
2456830.039387 -0.984584 
2456831.723868 -0.133730 
2456833.408350 1.655116 
2456835.092832 1.471387 
2456836.777314 0.107615 
2456838.461796 0.028309 
2456840.146278 0.811108 
2456841.830760 0.953439 
2456843.515242 -0.143808 
2456845.199724 -1.495533 
2456846.884206 -1.292359 
2456848.568688 -0.386850 
2456850.253170 -0.596722 
2456851.937652 -0.460302 
2456853.622134 0.896578 
2456855.306616 1.163743 
2456856.991098 0.108996 
2456858.675580 -0.063974 
2456860.360062 0.808127 
2456862.044544 1.248161 
2456863.729026 0.297817 
2456865.413508 -1.386728 
2456867.097990 -1.649087 
2456868.782472 -0.407037 
2456870.466954 0.023617 
2456872.151436 -0.280553 
2456873.835918 0.244014 
2456875.520400 0.769617 
2456877.204882 0.469752 
2456878.889364 0.408807 
2456880.573846 0.988341 
2456882.258328 1.384773 
2456883.942810 0.752671 
2456885.627292 -0.800088 
2456887.311774 -1.537619 
2456888.996256 -0.578725 
2456890.680738 0.305087 
2456892.365220 0.084779 
2456894.049702 -0.071694 
2456895.734184 0.304559 
2456897.418666 0.680624 
2456899.103148 1.004785 
2456900.787630 1.301305 
2456902.472112 1.381812 
2456904.156594 0.957338 
2456905.841076 -0.139199 
2456907.525558 -1.002432 
2456909.210040 -0.616923 
2456910.894522 0.215224 
2456912.579004 0.284331 
2456914.263486 -0.068043 
2456915.947968 -0.028230 
2456917.632450 0.496984 
2456919.316932 1.117820 
2456921.001414 1.378159 
2456922.685896 1.232606 
2456924.370378 0.871951 
2456926.054860 0.227492 
2456927.739342 -0.431924 
2456929.423824 -0.444245 
2456931.108306 0.045068 
2456932.792788 0.251064 
2456934.477270 0.024450 
2456936.161752 -0.123742 
2456937.846234 0.192280 
2456939.530716 0.787780 
2456941.215198 1.102245 
2456942.899680 0.954364 
2456944.584162 0.643109 
2456946.268644 0.289302 
2456947.953126 -0.085455 
2456949.637608 -0.214030 
2456951.322089 -0.032323 
2456953.006571 0.126761 
2456954.691053 0.053121 
2456956.375535 -0.085067 
2456958.060017 0.016645 
2456959.744499 0.387965 
2456961.428981 0.669733 
2456963.113463 0.618528 
2456964.797945 0.405168 
2456966.482427 0.209450 
2456968.166909 0.034730 
2456969.851391 -0.063469 
2456971.535873 -0.031291 
2456973.220355 0.036081 
2456974.904837 0.026707 
2456976.589319 -0.038553 
2456978.273801 -0.024760 
2456979.958283 0.137700 
2456981.642765 0.307267 
2456983.327247 0.319158 
2456985.011729 0.216301 
2456986.696211 0.116288 
2456988.380693 0.041803 
2456990.065175 -0.008905 
2456991.749657 -0.017132 
2456993.434139 -0.000266 
2456995.118621 -0.000138 
2456996.803103 -0.020704 
2456998.487585 -0.017907 
2457000.172067 0.037328 
2457001.856549 0.104055 
2457003.541031 0.122407 
2457005.225513 0.093437 
2457006.909995 0.056533 
2457008.594477 0.026390 
2457010.278959 -0.000681 
2457011.963441 -0.014688 
2457013.647923 -0.010454 
2457015.332405 -0.007772 
2457017.016887 -0.014997 
2457018.701369 -0.012998 
2457020.385851 0.003275 
2457022.070333 0.020964 
2457023.754815 0.037113 
2457025.439297 0.047402 
2457027.123779 0.043838 
2457028.808261 0.029046 
2457030.492743 0.006147 
2457032.177225 -0.013827 
2457033.861707 -0.013539 
2457035.546189 -0.005548 
2457037.230671 -0.008698 
2457038.915153 -0.016369 
2457040.599635 -0.028462 
2457042.284117 -0.029586 
2457043.968599 0.020577 
2457045.653081 0.092214 
2457047.337563 0.111720 
2457049.022045 0.081925 
2457050.706527 0.039469 
2457052.391009 -0.000410 
2457054.075491 -0.013246 
2457055.759973 -0.004660 
2457057.444455 -0.006210 
2457059.128937 -0.024558 
2457060.813419 -0.078955 
2457062.497901 -0.122545 
2457064.182383 -0.007563 
2457065.866865 0.222952 
2457067.551347 0.324975 
2457069.235829 0.252003 
2457070.920310 0.138101 
2457072.604792 0.039251 
2457074.289274 -0.013720 
2457075.973756 -0.014094 
2457077.658238 -0.019013 
2457079.342720 -0.045112 
2457081.027202 -0.141639 
2457082.711684 -0.283921 
2457084.396166 -0.142275 
2457086.080648 0.367105 
2457087.765130 0.723461 
2457089.449612 0.635350 
2457091.134094 0.372051 
2457092.818576 0.135028 
2457094.503058 -0.020419 
2457096.187540 -0.051949 
2457097.872022 -0.060108 
2457099.556504 -0.097180 
2457101.240986 -0.208917 
2457102.925468 -0.471890 
2457104.609950 -0.425457 
2457106.294432 0.372164 
2457107.978914 1.210279 
2457109.663396 1.263237 
2457111.347878 0.808610 
2457113.032360 0.333424 
2457114.716842 -0.022844 
2457116.401324 -0.143576 
2457118.085806 -0.147485 
2457119.770288 -0.197225 
2457121.454770 -0.293920 
2457123.139252 -0.605933 
2457124.823734 -0.760179 
2457126.508216 0.120267 
2457128.192698 1.504042 
2457129.877180 1.945757 
2457131.561662 1.397624 
2457133.246144 0.645705 
2457134.930626 0.009854 
2457136.615108 -0.291025 
2457138.299590 -0.299172 
2457139.984072 -0.340726 
2457141.668554 -0.416816 
2457143.353036 -0.647410 
2457145.037518 -0.940754 
2457146.722000 -0.286493 
2457148.406482 1.327893 
2457150.090964 2.250183 
2457151.775446 1.854842 
2457153.459928 0.960552 
2457155.144410 0.091580 
2457156.828892 -0.437968 
2457158.513374 -0.495314 
2457160.197856 -0.492149 
2457161.882338 -0.553884 
2457163.566820 -0.639016 
2457165.251302 -0.869751 
2457166.935784 -0.567524 
2457168.620266 0.754079 
2457170.304748 1.891356 
2457171.989230 1.836660 
2457173.673712 1.078776 
2457175.358194 0.191814 
2457177.042676 -0.478336 
2457178.727158 -0.630435 
2457180.411640 -0.580440 
2457182.096122 -0.619552 
2457183.780604 -0.614162 
2457185.465086 -0.668221 
2457187.149568 -0.575502 
2457188.834049 0.203339 
2457190.518531 1.159001 
2457192.203013 1.372349 
2457193.887495 0.928572 
2457195.571977 0.258982 
2457197.256459 -0.359228 
2457198.940941 -0.589136 
2457200.625423 -0.542480 
2457202.309905 -0.555531 
2457203.994387 -0.535452 
2457205.678869 -0.456684 
2457207.363351 -0.389868 
2457209.047833 -0.047589 
2457210.732315 0.525069 
2457212.416797 0.788811 
2457214.101279 0.620267 
2457215.785761 0.244611 
2457217.470243 -0.179264 
2457219.154725 -0.407922 
2457220.839207 -0.406667 
2457222.523689 -0.424797 
2457224.208171 -0.427092 
2457225.892653 -0.287130 
2457227.577135 -0.150453 
2457229.261617 -0.020176 
2457230.946099 0.207850 
2457232.630581 0.366476 
2457234.315063 0.327623 
2457235.999545 0.169842 
2457237.684027 -0.046901 
2457239.368509 -0.205960 
2457241.052991 -0.241611 
2457242.737473 -0.306605 
2457244.421955 -0.367051 
2457246.106437 -0.201178 
2457247.790919 0.061297 
2457249.475401 0.166799 
2457251.159883 0.180503 
2457252.844365 0.192817 
2457254.528847 0.161592 
2457256.213329 0.100163 
2457257.897811 0.018829 
2457259.582293 -0.061083 
2457261.266775 -0.099897 
2457262.951257 -0.215884 
2457264.635739 -0.380608 
2457266.320221 -0.239769 
2457268.004703 0.186524 
2457269.689185 0.415004 
2457271.373667 0.337872 
2457273.058149 0.216641 
2457274.742631 0.133788 
2457276.427113 0.077257 
2457278.111595 0.048757 
2457279.796077 0.017312 
2457281.480559 -0.007307 
2457283.165041 -0.132654 
2457284.849523 -0.401510 
2457286.534005 -0.374428 
2457288.218487 0.164073 
2457289.902969 0.612482 
2457291.587451 0.565396 
2457293.271933 0.340727 
2457294.956415 0.189933 
2457296.640897 0.098503 
2457298.325379 0.066827 
2457300.009861 0.051799 
2457301.694343 0.034651 
2457303.378825 -0.055147 
2457305.063307 -0.344298 
2457306.747789 -0.472741 
2457308.432270 0.008194 
2457310.116752 0.626760 
2457311.801234 0.712952 
2457313.485716 0.455492 
2457315.170198 0.251563 
2457316.854680 0.130930 
2457318.539162 0.076126 
2457320.223644 0.060329 
2457321.908126 0.041900 
2457323.592608 -0.004491 
2457325.277090 -0.212526 
2457326.961572 -0.421158 
2457328.646054 -0.150395 
2457330.330536 0.434530 
2457332.015018 0.657282 
2457333.699500 0.467620 
2457335.383982 0.259679 
2457337.068464 0.139316 
2457338.752946 0.073580 
2457340.437428 0.052550 
2457342.121910 0.034499 
2457343.806392 0.011646 
2457345.490874 -0.092078 
2457347.175356 -0.268022 
2457348.859838 -0.196435 
2457350.544320 0.191246 
2457352.228802 0.448025 
2457353.913284 0.371483 
2457355.597766 0.211978 
2457357.282248 0.115921 
2457358.966730 0.060273 
2457360.651212 0.037640 
2457362.335694 0.023815 
2457364.020176 0.009539 
2457365.704658 -0.028398 
2457367.389140 -0.124831 
2457369.073622 -0.143694 
2457370.758104 0.037241 
2457372.442586 0.226383 
2457374.127068 0.229335 
2457375.811550 0.139001 
2457377.496032 0.076326 
2457379.180514 0.040822 
2457380.864996 0.022953 
2457382.549478 0.014005 
2457384.233960 0.004733 
2457385.918442 -0.007025 
2457387.602924 -0.043162 
2457389.287406 -0.070582 
2457390.971888 -0.013666 
2457392.656370 0.081992 
2457394.340852 0.107711 
2457396.025334 0.071975 
2457397.709816 0.039600 
2457399.394298 0.021965 
2457401.078780 0.011861 
2457402.763262 0.006843 
2457404.447744 0.001906 
2457406.132226 -0.002216 
2457407.816708 -0.011548 
2457409.501190 -0.024388 
2457411.185672 -0.014007 
2457412.870154 0.019270 
2457414.554636 0.036854 
2457416.239118 0.028259 
2457417.923600 0.015846 
2457419.608082 0.009039 
2457421.292564 0.004999 
2457422.977046 0.002760 
2457424.661528 0.000723 
2457426.346010 -0.000982 
2457428.030491 -0.002812 
2457429.714973 -0.006545 
2457431.399455 -0.006515 
2457433.083937 0.001659 
2457434.768419 0.009265 
2457436.452901 0.009048 
2457438.137383 0.005502 
2457439.821865 0.003213 
2457441.506347 0.001870 
2457443.190829 0.001055 
2457444.875311 0.000413 
2457446.559793 -0.000226 
2457448.244275 -0.000678 
2457449.928757 -0.002150 
2457451.613239 -0.003850 
2457453.297721 -0.001919 
2457454.982203 0.002857 
2457456.666685 0.005081 
2457458.351167 0.003866 
2457460.035649 0.002275 
2457461.720131 0.001297 
2457463.404613 0.000717 
2457465.089095 0.000487 
2457466.773577 0.000256 
2457468.458059 0.000054 
2457470.142541 -0.001091 
2457471.827023 -0.003609 
2457473.511505 -0.003460 
2457475.195987 0.001504 
2457476.880469 0.005762 
2457478.564951 0.005369 
2457480.249433 0.003224 
2457481.933915 0.001790 
2457483.618397 0.000936 
2457485.302879 0.000625 
2457486.987361 0.000476 
2457488.671843 0.000310 
2457490.356325 -0.000434 
2457492.040807 -0.002900 
2457493.725289 -0.004092 
2457495.409771 -0.000027 
2457497.094253 0.005376 
2457498.778735 0.006218 
2457500.463217 0.003991 
2457502.147699 0.002206 
2457503.832181 0.001170 
2457505.516663 0.000679 
2457507.201145 0.000505 
2457508.885627 0.000316 
2457510.570109 -0.000044 
2457512.254591 -0.001660 
2457513.939073 -0.003370 
2457515.623555 -0.001299 
2457517.308037 0.003402 
2457518.992519 0.005288 
2457520.677001 0.003799 
2457522.361483 0.002112 
2457524.045965 0.001153 
2457525.730447 0.000622 
2457527.414929 0.000418 
2457529.099411 0.000237 
2457530.783893 0.000061 
2457532.468375 -0.000671 
2457534.152857 -0.001988 
2457535.837339 -0.001522 
2457537.521821 0.001362 
2457539.206303 0.003349 
2457540.890785 0.002816 
2457542.575267 0.001612 
2457544.259749 0.000891 
2457545.944231 0.000479 
2457547.628712 0.000288 
2457549.313194 0.000153 
2457550.997676 0.000043 
2457552.682158 -0.000189 
2457554.366640 -0.000845 
2457556.051122 -0.001014 
2457557.735604 0.000224 
2457559.420086 0.001571 
2457561.104568 0.001620 
2457562.789050 0.000986 
2457564.473532 0.000545 
2457566.158014 0.000310 
2457567.842496 0.000184 
2457569.526978 0.000088 
2457571.211460 0.000001 
2457572.895942 -0.000048 
2457574.580424 -0.000249 
2457576.264906 -0.000441 
2457577.949388 -0.000098 
2457579.633870 0.000521 
2457581.318352 0.000697 
2457583.002834 0.000463 
2457584.687316 0.000255 
2457586.371798 0.000188 
2457588.056280 0.000176 
2457589.740762 0.000090 
2457591.425244 -0.000060 
2457593.109726 -0.000106 
2457594.794208 -0.000097 
2457596.478690 -0.000147 
2457598.163172 -0.000096 
2457599.847654 0.000097 
2457601.532136 0.000197 
2457603.216618 0.000138 
2457604.901100 0.000064 
2457606.585582 0.000135 
2457608.270064 0.000324 
2457609.954546 0.000278 
2457611.639028 -0.000110 
2457613.323510 -0.000371 
2457615.007992 -0.000296 
2457616.692474 -0.000181 
2457618.376956 -0.000123 
2457620.061438 -0.000046 
2457621.745920 -0.000006 
2457623.430402 -0.000021 
2457625.114884 -0.000056 
2457626.799366 0.000098 
2457628.483848 0.000602 
2457630.168330 0.000790 
2457631.852812 0.000030 
2457633.537294 -0.000841 
2457635.221776 -0.000896 
2457636.906258 -0.000550 
2457638.590740 -0.000323 
2457640.275222 -0.000169 
2457641.959704 -0.000102 
2457643.644186 -0.000106 
2457645.328668 -0.000144 
2457647.013150 0.000001 
2457648.697632 0.000835 
2457650.382114 0.001589 
2457652.066596 0.000618 
2457653.751078 -0.001292 
2457655.435560 -0.001901 
2457657.120042 -0.001282 
2457658.804524 -0.000708 
2457660.489006 -0.000369 
2457662.173488 -0.000197 
2457663.857970 -0.000187 
2457665.542451 -0.000219 
2457667.226933 -0.000154 
2457668.911415 0.000800 
2457670.595897 0.002290 
2457672.280379 0.001656 
2457673.964861 -0.001294 
2457675.649343 -0.002985 
2457677.333825 -0.002231 
2457679.018307 -0.001121 
2457680.702789 -0.000558 
2457682.387271 -0.000280 
2457684.071753 -0.000246 
2457685.756235 -0.000270 
2457687.440717 -0.000272 
2457689.125199 0.000473 
2457690.809681 0.002345 
2457692.494163 0.002558 
2457694.178645 -0.000661 
2457695.863127 -0.003488 
2457697.547609 -0.002876 
2457699.232091 -0.001117 
2457700.916573 -0.000363 
2457702.601055 -0.000191 
2457704.285537 -0.000201 
2457705.970019 -0.000254 
2457707.654501 -0.000275 
2457709.338983 0.000097 
2457711.023465 0.001624 
2457712.707947 0.002530 
2457714.392429 0.000113 
2457716.076911 -0.003049 
2457717.761393 -0.002634 
2457719.445875 -0.000164 
2457721.130357 0.000798 
2457722.814839 0.000422 
2457724.499321 0.000051 
2457726.183803 -0.000135 
2457727.868285 -0.000217 
2457729.552767 -0.000138 
2457731.237249 0.000715 
2457732.921731 0.001869 
2457734.606213 0.000731 
2457736.290695 -0.002163 
2457737.975177 -0.002099 
2457739.659659 0.001205 
2457741.344141 0.002879 
2457743.028623 0.001777 
2457744.713105 0.000531 
2457746.397587 -0.000033 
2457748.082069 -0.000341 
2457749.766551 -0.000534 
2457751.451033 0.000120 
2457753.135515 0.002688 
2457754.819997 0.003802 
2457756.504479 -0.000427 
2457758.188961 -0.004151 
2457759.873443 -0.001083 
2457761.557925 0.003021 
2457763.242407 0.002582 
2457764.926889 0.000709 
2457766.611371 -0.000400 
2457768.295853 -0.001199 
2457769.980335 -0.001901 
2457771.664817 -0.001080 
2457773.349299 0.006805 
2457775.033781 0.016347 
2457776.718263 0.008705 
2457778.402745 -0.011194 
2457780.087227 -0.016691 
2457781.771709 -0.007755 
2457783.456191 -0.002479 
2457785.140672 -0.001927 
2457786.825154 -0.002275 
2457788.509636 -0.003750 
2457790.194118 -0.005206 
2457791.878600 -0.005093 
2457793.563082 0.011626 
2457795.247564 0.044548 
2457796.932046 0.041249 
2457798.616528 -0.015798 
2457800.301010 -0.056804 
2457801.985492 -0.046217 
2457803.669974 -0.024727 
2457805.354456 -0.013592 
2457807.038938 -0.007994 
2457808.723420 -0.008995 
2457810.407902 -0.011342 
2457812.092384 -0.013179 
2457813.776866 0.009679 
2457815.461348 0.082126 
2457817.145830 0.112319 
2457818.830312 0.007277 
2457820.514794 -0.118707 
2457822.199276 -0.129844 
2457823.883758 -0.078901 
2457825.568240 -0.042531 
2457827.252722 -0.021549 
2457828.937204 -0.017139 
2457830.621686 -0.020498 
2457832.306168 -0.023798 
2457833.990650 -0.004078 
2457835.675132 0.105772 
2457837.359614 0.209892 
2457839.044096 0.086544 
2457840.728578 -0.168846 
2457842.413060 -0.254674 
2457844.097542 -0.170504 
2457845.782024 -0.088860 
2457847.466506 -0.043908 
2457849.150988 -0.026710 
2457850.835470 -0.030140 
2457852.519952 -0.033343 
2457854.204434 -0.023701 
2457855.888916 0.092563 
2457857.573398 0.279882 
2457859.257880 0.208894 
2457860.942362 -0.156748 
2457862.626844 -0.371001 
2457864.311326 -0.272771 
2457865.995808 -0.126653 
2457867.680290 -0.057840 
2457869.364772 -0.031119 
2457871.049254 -0.033320 
2457872.733736 -0.037285 
2457874.418218 -0.035335 
2457876.102700 0.048122 
2457877.787182 0.262117 
2457879.471664 0.292465 
2457881.156146 -0.075975 
2457882.840628 -0.402122 
2457884.525110 -0.317185 
2457886.209592 -0.095762 
2457887.894074 -0.011578 
2457889.578556 -0.008344 
2457891.263038 -0.020404 
2457892.947520 -0.030370 
2457894.632002 -0.032028 
2457896.316484 0.006092 
2457898.000966 0.163496 
2457899.685448 0.260093 
2457901.369930 0.002424 
2457903.054412 -0.332505 
2457904.738893 -0.255762 
2457906.423375 0.053976 
2457908.107857 0.160136 
2457909.792339 0.084663 
2457911.476821 0.018716 
2457913.161303 -0.009322 
2457914.845785 -0.018775 
2457916.530267 -0.009507 
2457918.214749 0.062151 
2457919.899231 0.144786 
2457921.583713 0.010048 
2457923.268195 -0.248546 
2457924.952677 -0.151272 
2457926.637159 0.275933 
2457928.321641 0.462835 
2457930.006123 0.287210 
2457931.690605 0.097774 
2457933.375087 0.025157 
2457935.059569 -0.000655 
2457936.744051 -0.004966 
2457938.428533 0.009594 
2457940.113015 0.035364 
2457941.797497 -0.034943 
2457943.481979 -0.209910 
2457945.166461 -0.101552 
2457946.850943 0.430797 
2457948.535425 0.780715 
2457950.219907 0.573804 
2457951.904389 0.224280 
2457953.588871 0.068020 
2457955.273353 0.019665 
2457956.957835 0.004264 
2457958.642317 -0.000015 
2457960.326799 -0.016992 
2457962.011281 -0.069457 
2457963.695763 -0.186881 
2457965.380245 -0.116185 
2457967.064727 0.404757 
2457968.749209 0.906770 
2457970.433691 0.798347 
2457972.118173 0.360596 
2457973.802655 0.108137 
2457975.487137 0.035493 
2457977.171619 0.010455 
2457978.856101 0.005029 
2457980.540583 -0.019742 
2457982.225065 -0.064466 
2457983.909547 -0.139536 
2457985.594029 -0.127452 
2457987.278511 0.236961 
2457988.962993 0.740116 
2457990.647475 0.793410 
2457992.331957 0.423733 
2457994.016439 0.131521 
2457995.700921 0.040148 
2457997.385403 0.012539 
2457999.069885 0.006838 
2458000.754367 -0.006974 
2458002.438849 -0.038560 
2458004.123331 -0.080797 
2458005.807813 -0.099744 
2458007.492295 0.077145 
2458009.176777 0.434922 
2458010.861259 0.582359 
2458012.545741 0.374444 
2458014.230223 0.129300 
2458015.914705 0.035262 
2458017.599187 0.011238 
2458019.283669 0.004772 
2458020.968151 0.000681 
2458022.652633 -0.015389 
2458024.337114 -0.035352 
2458026.021596 -0.054470 
2458027.706078 0.001686 
2458029.390560 0.184882 
2458031.075042 0.321085 
2458032.759524 0.251253 
2458034.444006 0.101185 
2458036.128488 0.025963 
2458037.812970 0.007667 
2458039.497452 0.002421 
2458041.181934 0.001719 
2458042.866416 -0.003451 
2458044.550898 -0.010553 
2458046.235380 -0.020025 
2458047.919862 -0.012022 
2458049.604344 0.053781 
2458051.288826 0.130780 
2458052.973308 0.126009 
2458054.657790 0.060477 
2458056.342272 0.015926 
2458058.026754 0.003888 
2458059.711236 0.000942 
2458061.395718 0.000671 
2458063.080200 0.000005 
2458064.764682 -0.001120 
2458066.449164 -0.003624 
2458068.133646 -0.006146 
2458069.818128 0.008173 
2458071.502610 0.036736 
2458073.187092 0.045226 
2458074.871574 0.026247 
2458076.556056 0.007651 
2458078.240538 0.001464 
2458079.925020 0.000198 
2458081.609502 0.000004 
2458083.293984 0.000184 
2458084.978466 0.000740 
2458086.662948 0.000928 
2458088.347430 -0.001319 
2458090.031912 -0.001286 
2458091.716394 0.005722 
2458093.400876 0.011615 
2458095.085358 0.008962 
2458096.769840 0.003314 
2458098.454322 0.000659 
2458100.138804 0.000047 
2458101.823286 -0.000098 
2458103.507768 -0.000023 
2458105.192250 0.000386 
2458106.876732 0.000873 
2458108.561214 -0.000223 
2458110.245696 -0.001969 
2458111.930178 -0.000168 
2458113.614660 0.004320 
2458115.299142 0.005726 
2458116.983624 0.003328 
2458118.668106 0.001086 
2458120.352588 0.000295 
2458122.037070 0.000034 
2458123.721552 -0.000016 
2458125.406034 0.000038 
2458127.090516 0.000111 
2458128.774998 -0.000503 
2458130.459480 -0.001837 
2458132.143962 -0.000664 
2458133.828444 0.004250 
2458135.512926 0.007492 
2458137.197408 0.005540 
2458138.881890 0.002181 
2458140.566372 0.000661 
2458142.250853 0.000204 
2458143.935335 0.000055 
2458145.619817 0.000003 
2458147.304299 -0.000207 
2458148.988781 -0.000677 
2458150.673263 -0.001588 
2458152.357745 -0.000922 
2458154.042227 0.003539 
2458155.726709 0.007905 
2458157.411191 0.007028 
2458159.095673 0.003203 
2458160.780155 0.000952 
2458162.464637 0.000312 
2458164.149119 0.000095 
2458165.833601 0.000049 
2458167.518083 -0.000161 
2458169.202565 -0.000534 
2458170.887047 -0.001106 
2458172.571529 -0.001005 
2458174.256011 0.001863 
2458175.940493 0.005916 
2458177.624975 0.006431 
2458179.309457 0.003479 
2458180.993939 0.001080 
2458182.678421 0.000323 
2458184.362903 0.000101 
2458186.047385 0.000055 
2458187.731867 -0.000046 
2458189.416349 -0.000285 
2458191.100831 -0.000593 
2458192.785313 -0.000740 
2458194.469795 0.000541 
2458196.154277 0.003216 
2458197.838759 0.004385 
2458199.523241 0.002862 
2458201.207723 0.000995 
2458202.892205 0.000266 
2458204.576687 0.000084 
2458206.261169 0.000035 
2458207.945651 0.000009 
2458209.630133 -0.000101 
2458211.314615 -0.000236 
2458212.999097 -0.000373 
2458214.683579 -0.000006 
2458216.368061 0.001263 
2458218.052543 0.002246 
2458219.737025 0.001786 
2458221.421507 0.000727 
2458223.105989 0.000184 
2458224.790471 0.000052 
2458226.474953 0.000016 
2458228.159435 0.000012 
2458229.843917 -0.000018 
2458231.528399 -0.000060 
2458233.212881 -0.000121 
2458234.897363 -0.000083 
2458236.581845 0.000331 
2458238.266327 0.000840 
2458239.950809 0.000825 
2458241.635291 0.000400 
2458243.319773 0.000105 
2458245.004255 0.000024 
2458246.688737 0.000005 
2458248.373219 0.000004 
2458250.057701 0.000002 
2458251.742183 -0.000001 
2458253.426665 -0.000014 
2458255.111147 -0.000037 
2458256.795629 0.000038 
2458258.480111 0.000210 
2458260.164593 0.000269 
2458261.849074 0.000159 
2458263.533556 0.000047 
2458265.218038 0.000008 
2458266.902520 0.000001 
2458268.587002 -0.000001 
2458270.271484 0.000001 
2458271.955966 0.000007 
2458273.640448 0.000010 
2458275.324930 -0.000008 
2458277.009412 -0.000015 
2458278.693894 0.000026 
2458280.378376 0.000069 
2458282.062858 0.000059 
2458283.747340 0.000024 
2458285.431822 0.000005 
2458287.116304 0.000001 
2458288.800786 -0.000001 
2458290.485268 -0.000000 
2458292.169750 0.000002 
2458293.854232 0.000005 
2458295.538714 -0.000003 
2458297.223196 -0.000017 
2458298.907678 -0.000002 
2458300.592160 0.000038 
2458302.276642 0.000053 
2458303.961124 0.000033 
2458305.645606 0.000011 
2458307.330088 0.000003 
2458309.014570 0.000001 
2458310.699052 0.000000 
2458312.383534 0.000000 
2458314.068016 -0.000000 
2458315.752498 -0.000006 
2458317.436980 -0.000016 
2458319.121462 -0.000004 
2458320.805944 0.000040 
2458322.490426 0.000070 
2458324.174908 0.000052 
2458325.859390 0.000021 
2458327.543872 0.000006 
2458329.228354 0.000002 
2458330.912836 0.000001 
2458332.597318 0.000000 
2458334.281800 -0.000002 
2458335.966282 -0.000006 
2458337.650764 -0.000013 
2458339.335246 -0.000007 
2458341.019728 0.000030 
2458342.704210 0.000067 
2458344.388692 0.000060 
2458346.073174 0.000028 
2458347.757656 0.000008 
2458349.442138 0.000003 
2458351.126620 0.000001 
2458352.811102 0.000000 
2458354.495584 -0.000001 
2458356.180066 -0.000004 
2458357.864548 -0.000009 
2458359.549030 -0.000008 
2458361.233512 0.000014 
2458362.917994 0.000046 
2458364.602476 0.000051 
2458366.286958 0.000028 
2458367.971440 0.000009 
2458369.655922 0.000003 
2458371.340404 0.000001 
2458373.024886 0.000000 
2458374.709368 -0.000000 
2458376.393850 -0.000002 
2458378.078332 -0.000004 
2458379.762814 -0.000005 
2458381.447295 0.000004 
2458383.131777 0.000023 
2458384.816259 0.000032 
2458386.500741 0.000021 
2458388.185223 0.000008 
2458389.869705 0.000002 
2458391.554187 0.000001 
2458393.238669 0.000000 
2458394.923151 0.000000 
2458396.607633 -0.000001 
2458398.292115 -0.000002 
2458399.976597 -0.000002 
2458401.661079 -0.000000 
2458403.345561 0.000008 
2458405.030043 0.000015 
2458406.714525 0.000012 
2458408.399007 0.000005 
2458410.083489 0.000001 
2458411.767971 0.000000 
2458413.452453 0.000000 
2458415.136935 0.000000 
2458416.821417 -0.000000 
2458418.505899 -0.000000 
2458420.190381 -0.000001 
2458421.874863 -0.000001 
2458423.559345 0.000002 
2458425.243827 0.000005 
2458426.928309 0.000005 
2458428.612791 0.000003 
2458430.297273 0.000001 
2458431.981755 0.000000 
2458433.666237 0.000000 
2458435.350719 0.000000 
2458437.035201 0.000000 
2458438.719683 0.000000 
2458440.404165 -0.000000 
2458442.088647 -0.000000 
2458443.773129 0.000000 
2458445.457611 0.000001 
2458447.142093 0.000002 
2458448.826575 0.000001 
2458450.511057 0.000000 
2458452.195539 0.000000 
2458453.880021 0.000000 
2458455.564503 -0.000000 
2458457.248985 0.000000 
2458458.933467 0.000000 
2458460.617949 0.000000 
2458462.302431 -0.000000 
2458463.986913 -0.000000 
2458465.671395 0.000000 
2458467.355877 0.000000 
2458469.040359 0.000000 
2458470.724841 0.000000 
2458472.409323 0.000000 
2458474.093805 0.000000 
2458475.778287 -0.000000 
2458477.462769 -0.000000 
2458479.147251 0.000000 
2458480.831733 0.000000 
2458482.516215 -0.000000 
2458484.200697 -0.000000 
2458485.885179 -0.000000 
2458487.569661 0.000000 
2458489.254143 0.000001 
2458490.938625 0.000000 
2458492.623107 0.000000 
2458494.307589 0.000000 
2458495.992071 0.000000 
2458497.676553 0.000000 
2458499.361035 -0.000000 
2458501.045516 -0.000000 
2458502.729998 -0.000000 
2458504.414480 -0.000000 
2458506.098962 -0.000000 
2458507.783444 0.000000 
2458509.467926 0.000001 
2458511.152408 0.000000 
2458512.836890 0.000000 
2458514.521372 0.000000 
2458516.205854 0.000000 
2458517.890336 0.000000 
2458519.574818 0.000000 
2458521.259300 -0.000000 
2458522.943782 -0.000000 
2458524.628264 -0.000000 
2458526.312746 -0.000000 
2458527.997228 0.000000 
2458529.681710 0.000001 
2458531.366192 0.000001 
2458533.050674 0.000000 
2458534.735156 0.000000 
2458536.419638 0.000000 
2458538.104120 0.000000 
2458539.788602 0.000000 
2458541.473084 -0.000000 
2458543.157566 -0.000000 
2458544.842048 -0.000000 
2458546.526530 -0.000000 
2458548.211012 0.000000 
2458549.895494 0.000000 
2458551.579976 0.000000 
2458553.264458 0.000000 
2458554.948940 0.000000 
2458556.633422 0.000000 
2458558.317904 0.000000 
2458560.002386 0.000000 
2458561.686868 -0.000000 
2458563.371350 -0.000000 
2458565.055832 -0.000000 
2458566.740314 -0.000000 
2458568.424796 0.000000 
2458570.109278 0.000000 
2458571.793760 0.000000 
2458573.478242 0.000000 
2458575.162724 0.000000 
2458576.847206 0.000000 
2458578.531688 0.000000 
2458580.216170 0.000000 
2458581.900652 0.000000 
2458583.585134 -0.000000 
2458585.269616 -0.000000 
2458586.954098 -0.000000 
2458588.638580 -0.000000 
2458590.323062 0.000000 
2458592.007544 0.000000 
2458593.692026 0.000000 
2458595.376508 0.000000 
2458597.060990 0.000000 
2458598.745472 0.000000 
2458600.429954 0.000000 
2458602.114436 0.000000 
2458603.798918 -0.000000 
2458605.483400 -0.000000 
2458607.167882 -0.000000 
2458608.852364 -0.000000 
2458610.536846 0.000000 
2458612.221328 0.000000 
2458613.905810 0.000000 
2458615.590292 0.000000 
2458617.274774 0.000000 
2458618.959255 0.000000 
2458620.643737 0.000000 
2458622.328219 0.000000 
2458624.012701 0.000000 
2458625.697183 0.000000 
2458627.381665 0.000000 
2458629.066147 -0.000000 
2458630.750629 0.000000 
2458632.435111 0.000000 
2458634.119593 0.000000 
2458635.804075 0.000000 
2458637.488557 0.000000 
2458639.173039 0.000000 
2458640.857521 -0.000000 
2458642.542003 -0.000000 
2458644.226485 0.000000 
2458645.910967 0.000000 
2458647.595449 0.000000 
2458649.279931 -0.000000 
2458650.964413 -0.000000 
2458652.648895 0.000000 
2458654.333377 0.000000 
2458656.017859 0.000000 
2458657.702341 0.000000 
2458659.386823 0.000000 
2458661.071305 0.000000 
2458662.755787 -0.000000 
2458664.440269 -0.000000 
2458666.124751 0.000000 
2458667.809233 0.000000 
2458669.493715 -0.000000 
2458671.178197 -0.000000 
2458672.862679 0.000000 
2458674.547161 0.000000 
2458676.231643 0.000000 
2458677.916125 0.000000 
2458679.600607 0.000000 
2458681.285089 0.000000 
2458682.969571 0.000000 
2458684.654053 0.000000 
2458686.338535 -0.000000 
2458688.023017 -0.000000 
2458689.707499 -0.000000 
2458691.391981 -0.000000 
2458693.076463 -0.000000 
2458694.760945 0.000000 
2458696.445427 0.000000 
2458698.129909 0.000000 
2458699.814391 0.000000 
2458701.498873 0.000000 
2458703.183355 0.000000 
2458704.867837 0.000000 
2458706.552319 0.000000 
2458708.236801 -0.000000 
2458709.921283 -0.000000 
2458711.605765 -0.000000 
2458713.290247 -0.000000 
2458714.974729 0.000000 
2458716.659211 0.000000 
2458718.343693 0.000000 
2458720.028175 0.000000 
2458721.712657 0.000000 
2458723.397139 0.000000 
2458725.081621 0.000000 
2458726.766103 0.000000 
2458728.450585 -0.000000 
2458730.135067 -0.000000 
2458731.819549 -0.000000 
2458733.504031 -0.000000 
2458735.188513 0.000000 
2458736.872995 0.000000 
2458738.557476 0.000000 
2458740.241958 0.000000 
2458741.926440 0.000000 
2458743.610922 0.000000 
2458745.295404 0.000000 
2458746.979886 0.000000 
2458748.664368 -0.000000 
2458750.348850 -0.000000 
2458752.033332 -0.000000 
2458753.717814 -0.000000 
2458755.402296 0.000000 
2458757.086778 0.000000 
2458758.771260 0.000000 
2458760.455742 0.000000 
2458762.140224 0.000000 
2458763.824706 0.000000 
2458765.509188 0.000000 
2458767.193670 0.000000 
2458768.878152 0.000000 
2458770.562634 -0.000000 
2458772.247116 -0.000000 
2458773.931598 -0.000000 
2458775.616080 -0.000000 
2458777.300562 0.000000 
2458778.985044 0.000000 
2458780.669526 0.000000 
2458782.354008 0.000000 
2458784.038490 0.000000 
2458785.722972 0.000000 
2458787.407454 0.000000 
2458789.091936 0.000000 
2458790.776418 -0.000000 
2458792.460900 -0.000000 
2458794.145382 -0.000000 
2458795.829864 -0.000000 
2458797.514346 0.000000 
2458799.198828 0.000000 
2458800.883310 0.000000 
2458802.567792 0.000000 
2458804.252274 0.000000 
2458805.936756 0.000000 
2458807.621238 0.000000 
2458809.305720 -0.000000 
2458810.990202 0.000000 
2458812.674684 0.000000 
2458814.359166 0.000000 
2458816.043648 -0.000000 
2458817.728130 -0.000000 
2458819.412612 0.000000 
2458821.097094 0.000000 
2458822.781576 0.000000 
2458824.466058 0.000000 
2458826.150540 0.000000 
2458827.835022 0.000000 
2458829.519504 -0.000000 
2458831.203986 0.000000 
2458832.888468 0.000000 
2458834.572950 0.000000 
2458836.257432 -0.000000 
2458837.941914 -0.000000 
2458839.626396 0.000000 
2458841.310878 0.000000 
2458842.995360 0.000000 
2458844.679842 0.000000 
2458846.364324 0.000000 
2458848.048806 0.000000 
2458849.733288 0.000000 
2458851.417770 -0.000000 
2458853.102252 0.000000 
2458854.786734 -0.000000 
2458856.471216 -0.000000 
2458858.155697 -0.000000 
2458859.840179 0.000000 
2458861.524661 0.000000 
2458863.209143 0.000000 
2458864.893625 0.000000 
2458866.578107 0.000000 
2458868.262589 0.000000 
2458869.947071 0.000000 
2458871.631553 0.000000 
2458873.316035 -0.000000 
2458875.000517 -0.000000 
2458876.684999 -0.000000 
2458878.369481 -0.000000 
2458880.053963 -0.000000 
2458881.738445 0.000000 
2458883.422927 0.000000 
2458885.107409 0.000000 
2458886.791891 0.000000 
2458888.476373 0.000000 
2458890.160855 0.000000 
2458891.845337 0.000000 
2458893.529819 0.000000 
2458895.214301 -0.000000 
2458896.898783 -0.000000 
2458898.583265 -0.000000 
2458900.267747 -0.000000 
2458901.952229 0.000000 
2458903.636711 0.000000 
2458905.321193 0.000000 
2458907.005675 0.000000 
2458908.690157 0.000000 
2458910.374639 0.000000 
2458912.059121 0.000000 
2458913.743603 0.000000 
2458915.428085 -0.000000 
2458917.112567 -0.000000 
2458918.797049 -0.000000 
2458920.481531 -0.000000 
2458922.166013 0.000000 
2458923.850495 0.000000 
2458925.534977 0.000000 
2458927.219459 0.000000 
2458928.903941 0.000000 
2458930.588423 0.000000 
2458932.272905 0.000000 
2458933.957387 -0.000000 
2458935.641869 -0.000000 
2458937.326351 -0.000000 
2458939.010833 -0.000000 
2458940.695315 -0.000000 
2458942.379797 0.000000 
2458944.064279 0.000000 
2458945.748761 0.000000 
2458947.433243 0.000000 
2458949.117725 0.000000 
2458950.802207 0.000000 
2458952.486689 -0.000000 
2458954.171171 -0.000000 
2458955.855653 -0.000000 
2458957.540135 -0.000000 
2458959.224617 -0.000000 
2458960.909099 -0.000000 
2458962.593581 0.000000 
2458964.278063 0.000000 
2458965.962545 0.000000 
2458967.647027 0.000000 
2458969.331509 0.000000 
2458971.015991 0.000000 
2458972.700473 -0.000000 
2458974.384955 -0.000000 
2458976.069437 -0.000000 
2458977.753918 -0.000000 
2458979.438400 -0.000000 
2458981.122882 0.000000 
2458982.807364 0.000000 
2458984.491846 0.000000 
2458986.176328 0.000000 
2458987.860810 0.000000 
2458989.545292 0.000000 
2458991.229774 0.000000 
2458992.914256 0.000000 
2458994.598738 -0.000000 
2458996.283220 -0.000000 
2458997.967702 -0.000000 
2458999.652184 -0.000000 
2459001.336666 0.000000 
2459003.021148 0.000000 
2459004.705630 0.000000 
2459006.390112 0.000000 
2459008.074594 0.000000 
2459009.759076 0.000000 
2459011.443558 0.000000 
2459013.128040 0.000000 
2459014.812522 -0.000000 
2459016.497004 -0.000000 
2459018.181486 -0.000000 
2459019.865968 -0.000000 
2459021.550450 -0.000000 
2459023.234932 0.000000 
2459024.919414 0.000000 
2459026.603896 0.000000 
2459028.288378 0.000000 
2459029.972860 0.000000 
2459031.657342 0.000000 
2459033.341824 0.000000 
2459035.026306 -0.000000 
2459036.710788 -0.000000 
2459038.395270 -0.000000 
2459040.079752 -0.000000 
2459041.764234 -0.000000 
2459043.448716 0.000000 
2459045.133198 0.000000 
2459046.817680 0.000000 
2459048.502162 0.000000 
2459050.186644 0.000000 
2459051.871126 0.000000 
2459053.555608 0.000000 
2459055.240090 -0.000000 
2459056.924572 -0.000000 
2459058.609054 -0.000000 
2459060.293536 -0.000000 
2459061.978018 -0.000000 
2459063.662500 0.000000 
2459065.346982 0.000000 
2459067.031464 0.000000 
2459068.715946 0.000000 
2459070.400428 0.000000 
2459072.084910 0.000000 
2459073.769392 0.000000 
2459075.453874 0.000000 
2459077.138356 -0.000000 
2459078.822838 -0.000000 
2459080.507320 -0.000000 
2459082.191802 -0.000000 
2459083.876284 -0.000000 
2459085.560766 0.000000 
2459087.245248 0.000000 
2459088.929730 0.000000 
2459090.614212 0.000000 
2459092.298694 0.000000 
2459093.983176 0.000000 
2459095.667657 0.000000 
2459097.352139 -0.000000 
2459099.036621 -0.000000 
2459100.721103 -0.000000 
2459102.405585 -0.000000 
2459104.090067 -0.000000 
2459105.774549 0.000000 
2459107.459031 0.000000 
2459109.143513 0.000000 
2459110.827995 0.000000 
2459112.512477 0.000000 
2459114.196959 0.000000 
2459115.881441 0.000000 
2459117.565923 -0.000000 
2459119.250405 -0.000000 
2459120.934887 -0.000000 
2459122.619369 -0.000000 
2459124.303851 -0.000000 
2459125.988333 0.000000 
2459127.672815 0.000000 
2459129.357297 0.000000 
2459131.041779 0.000000 
2459132.726261 0.000000 
2459134.410743 0.000000 
2459136.095225 0.000000 
2459137.779707 0.000000 
2459139.464189 -0.000000 
2459141.148671 -0.000000 
2459142.833153 -0.000000 
2459144.517635 -0.000000 
2459146.202117 -0.000000 
2459147.886599 0.000000 
2459149.571081 0.000000 
2459151.255563 0.000000 
2459152.940045 0.000000 
2459154.624527 0.000000 
2459156.309009 0.000000 
2459157.993491 0.000000 
2459159.677973 -0.000000 
2459161.362455 -0.000000 
2459163.046937 -0.000000 
2459164.731419 -0.000000 
2459166.415901 -0.000000 
2459168.100383 0.000000 
2459169.784865 0.000000 
2459171.469347 0.000000 
2459173.153829 0.000000 
2459174.838311 0.000000 
2459176.522793 0.000000 
2459178.207275 0.000000 
2459179.891757 0.000000 
2459181.576239 -0.000000 
2459183.260721 -0.000000 
2459184.945203 -0.000000 
2459186.629685 -0.000000 
2459188.314167 0.000000 
2459189.998649 0.000000 
2459191.683131 0.000000 
2459193.367613 0.000000 
2459195.052095 0.000000 
2459196.736577 0.000000 
2459198.421059 0.000000 
2459200.105541 0.000000 
2459201.790023 -0.000000 
2459203.474505 -0.000000 
2459205.158987 -0.000000 
2459206.843469 -0.000000 
2459208.527951 -0.000000 
2459210.212433 0.000000 
2459211.896915 0.000000 
2459213.581397 0.000000 
2459215.265878 0.000000 
2459216.950360 0.000000 
2459218.634842 0.000000 
2459220.319324 0.000000 
2459222.003806 -0.000000 
2459223.688288 -0.000000 
2459225.372770 -0.000000 
2459227.057252 -0.000000 
2459228.741734 -0.000000 
2459230.426216 0.000000 
2459232.110698 0.000000 
2459233.795180 0.000000 
2459235.479662 0.000000 
2459237.164144 0.000000 
2459238.848626 0.000000 
2459240.533108 0.000000 
2459242.217590 -0.000000 
2459243.902072 -0.000000 
2459245.586554 -0.000000 
2459247.271036 -0.000000 
2459248.955518 -0.000000 
2459250.640000 0.000000 
2459252.324482 0.000000 
2459254.008964 0.000000 
2459255.693446 0.000000 
2459257.377928 0.000000 
2459259.062410 0.000000 
2459260.746892 0.000000 
2459262.431374 0.000000 
2459264.115856 -0.000000 
2459265.800338 -0.000000 
2459267.484820 -0.000000 
2459269.169302 -0.000000 
2459270.853784 -0.000000 
2459272.538266 0.000000 
2459274.222748 0.000000 
2459275.907230 0.000000 
2459277.591712 0.000000 
2459279.276194 0.000000 
2459280.960676 0.000000 
2459282.645158 0.000000 
2459284.329640 -0.000000 
2459286.014122 -0.000000 
2459287.698604 -0.000000 
2459289.383086 -0.000000 
2459291.067568 -0.000000 
2459292.752050 0.000000 
2459294.436532 0.000000 
2459296.121014 0.000000 
2459297.805496 0.000000 
2459299.489978 0.000000 
2459301.174460 0.000000 
2459302.858942 0.000000 
2459304.543424 -0.000000 
2459306.227906 -0.000000 
2459307.912388 -0.000000 
2459309.596870 -0.000000 
2459311.281352 -0.000000 
2459312.965834 0.000000 
2459314.650316 0.000000 
2459316.334798 0.000000 
2459318.019280 0.000000 
2459319.703762 0.000000 
2459321.388244 0.000000 
2459323.072726 0.000000 
2459324.757208 0.000000 
2459326.441690 -0.000000 
2459328.126172 -0.000000 
2459329.810654 -0.000000 
2459331.495136 -0.000000 
2459333.179618 -0.000000 
2459334.864099 0.000000 
2459336.548581 0.000000 
2459338.233063 0.000000 
2459339.917545 0.000000 
2459341.602027 0.000000 
2459343.286509 0.000000 
2459344.970991 0.000000 
2459346.655473 -0.000000 
2459348.339955 -0.000000 
2459350.024437 -0.000000 
2459351.708919 -0.000000 
2459353.393401 -0.000000 
2459355.077883 0.000000 
2459356.762365 0.000000 
2459358.446847 0.000000 
2459360.131329 0.000000 
2459361.815811 0.000000 
2459363.500293 0.000000 
2459365.184775 0.000000 
2459366.869257 0.000000 
2459368.553739 -0.000000 
2459370.238221 -0.000000 
2459371.922703 -0.000000 
2459373.607185 -0.000000 
2459375.291667 0.000000 
2459376.976149 0.000000 
2459378.660631 0.000000 
2459380.345113 0.000000 
2459382.029595 0.000000 
2459383.714077 0.000000 
2459385.398559 0.000000 
2459387.083041 0.000000 
2459388.767523 -0.000000 
2459390.452005 -0.000000 
2459392.136487 -0.000000 
2459393.820969 -0.000000 
2459395.505451 -0.000000 
2459397.189933 0.000000 
2459398.874415 0.000000 
2459400.558897 0.000000 
2459402.243379 0.000000 
2459403.927861 0.000000 
2459405.612343 0.000000 
2459407.296825 0.000000 
2459408.981307 -0.000000 
2459410.665789 -0.000000 
2459412.350271 -0.000000 
2459414.034753 -0.000000 
2459415.719235 -0.000000 
2459417.403717 0.000000 
2459419.088199 0.000000 
2459420.772681 0.000000 
2459422.457163 0.000000 
2459424.141645 0.000000 
2459425.826127 0.000000 
2459427.510609 0.000000 
2459429.195091 -0.000000 
2459430.879573 -0.000000 
2459432.564055 -0.000000 
2459434.248537 -0.000000 
2459435.933019 -0.000000 
2459437.617501 0.000000 
2459439.301983 0.000000 
2459440.986465 0.000000 
2459442.670947 0.000000 
2459444.355429 0.000000 
2459446.039911 0.000000 
2459447.724393 0.000000 
2459449.408875 0.000000 
2459451.093357 -0.000000 
2459452.777839 -0.000000 
2459454.462320 -0.000000 
2459456.146802 -0.000000 
2459457.831284 -0.000000 
2459459.515766 0.000000 
2459461.200248 0.000000 
2459462.884730 0.000001 
2459464.569212 0.000001 
2459466.253694 0.000000 
2459467.938176 0.000000 
2459469.622658 0.000000 
2459471.307140 -0.000000 
2459472.991622 -0.000000 
2459474.676104 -0.000001 
2459476.360586 -0.000001 
2459478.045068 -0.000000 
2459479.729550 0.000000 
2459481.414032 0.000000 
2459483.098514 0.000001 
2459484.782996 0.000001 
2459486.467478 0.000001 
2459488.151960 0.000000 
2459489.836442 0.000000 
2459491.520924 -0.000000 
2459493.205406 -0.000001 
2459494.889888 -0.000001 
2459496.574370 -0.000001 
2459498.258852 -0.000001 
2459499.943334 0.000000 
2459501.627816 0.000000 
2459503.312298 0.000001 
2459504.996780 0.000002 
2459506.681262 0.000001 
2459508.365744 0.000001 
2459510.050226 0.000000 
2459511.734708 0.000000 
2459513.419190 -0.000000 
2459515.103672 -0.000001 
2459516.788154 -0.000001 
2459518.472636 -0.000001 
2459520.157118 -0.000000 
2459521.841600 0.000000 
2459523.526082 0.000000 
2459525.210564 0.000001 
2459526.895046 0.000002 
2459528.579528 0.000001 
2459530.264010 0.000000 
2459531.948492 0.000000 
2459533.632974 -0.000000 
2459535.317456 -0.000000 
2459537.001938 -0.000001 
2459538.686420 -0.000001 
2459540.370902 -0.000000 
2459542.055384 0.000000 
2459543.739866 0.000000 
2459545.424348 0.000001 
2459547.108830 0.000002 
2459548.793312 0.000001 
2459550.477794 0.000001 
2459552.162276 0.000000 
2459553.846758 0.000000 
2459555.531240 -0.000000 
2459557.215722 -0.000001 
2459558.900204 -0.000002 
2459560.584686 -0.000001 
2459562.269168 0.000000 
2459563.953650 0.000001 
2459565.638132 0.000002 
2459567.322614 0.000004 
2459569.007096 0.000002 
2459570.691578 0.000001 
2459572.376059 0.000002 
2459574.060541 0.000001 
2459575.745023 -0.000001 
2459577.429505 -0.000003 
2459579.113987 -0.000004 
2459580.798469 -0.000003 
2459582.482951 -0.000001 
2459584.167433 0.000001 
2459585.851915 0.000005 
2459587.536397 0.000011 
2459589.220879 0.000008 
2459590.905361 0.000002 
2459592.589843 0.000005 
2459594.274325 0.000005 
2459595.958807 -0.000003 
2459597.643289 -0.000008 
2459599.327771 -0.000010 
2459601.012253 -0.000011 
2459602.696735 -0.000004 
2459604.381217 0.000002 
2459606.065699 0.000009 
2459607.750181 0.000025 
2459609.434663 0.000027 
2459611.119145 0.000010 
2459612.803627 0.000009 
2459614.488109 0.000014 
2459616.172591 -0.000002 
2459617.857073 -0.000017 
2459619.541555 -0.000022 
2459621.226037 -0.000028 
2459622.910519 -0.000017 
2459624.595001 0.000002 
2459626.279483 0.000012 
2459627.963965 0.000040 
2459629.648447 0.000064 
2459631.332929 0.000038 
2459633.017411 0.000018 
2459634.701893 0.000028 
2459636.386375 0.000009 
2459638.070857 -0.000026 
2459639.755339 -0.000040 
2459641.439821 -0.000054 
2459643.124303 -0.000045 
2459644.808785 -0.000006 
2459646.493267 0.000014 
2459648.177749 0.000046 
2459649.862231 0.000104 
2459651.546713 0.000092 
2459653.231195 0.000042 
2459654.915677 0.000042 
2459656.600159 0.000029 
2459658.284641 -0.000025 
2459659.969123 -0.000057 
2459661.653605 -0.000083 
2459663.338087 -0.000088 
2459665.022569 -0.000030 
2459666.707051 0.000013 
2459668.391533 0.000038 
2459670.076015 0.000117 
2459671.760497 0.000154 
2459673.444979 0.000093 
2459675.129461 0.000056 
2459676.813943 0.000044 
2459678.498425 -0.000010 
2459680.182907 -0.000058 
2459681.867389 -0.000097 
2459683.551871 -0.000126 
2459685.236353 -0.000070 
2459686.920835 0.000006 
2459688.605317 0.000025 
2459690.289799 0.000086 
2459691.974280 0.000175 
2459693.658762 0.000156 
2459695.343244 0.000083 
2459697.027726 0.000046 
2459698.712208 0.000008 
2459700.396690 -0.000035 
2459702.081172 -0.000082 
2459703.765654 -0.000135 
2459705.450136 -0.000108 
2459707.134618 -0.000014 
2459708.819100 0.000017 
2459710.503582 0.000038 
2459712.188064 0.000137 
2459713.872546 0.000188 
2459715.557028 0.000120 
2459717.241510 0.000046 
2459718.925992 0.000018 
2459720.610474 -0.000006 
2459722.294956 -0.000050 
2459723.979438 -0.000117 
2459725.663920 -0.000134 
2459727.348402 -0.000049 
2459729.032884 0.000017 
2459730.717366 0.000030 
2459732.401848 0.000131 
2459734.086330 0.000232 
2459735.770812 0.000156 
2459737.455294 0.000067 
2459739.139776 0.000074 
2459740.824258 0.000021 
2459742.508740 -0.000075 
2459744.193222 -0.000146 
2459745.877704 -0.000216 
2459747.562186 -0.000147 
2459749.246668 0.000011 
2459750.931150 0.000089 
2459752.615632 0.000323 
2459754.300114 0.000579 
2459755.984596 0.000352 
2459757.669078 0.000116 
2459759.353560 0.000287 
2459761.038042 0.000172 
2459762.722524 -0.000245 
2459764.407006 -0.000412 
2459766.091488 -0.000560 
2459767.775970 -0.000538 
2459769.460452 -0.000095 
2459771.144934 0.000202 
2459772.829416 0.000753 
2459774.513898 0.001676 
2459776.198380 0.001342 
2459777.882862 0.000375 
2459779.567344 0.000702 
2459781.251826 0.000774 
2459782.936308 -0.000448 
2459784.620790 -0.001157 
2459786.305272 -0.001466 
2459787.989754 -0.001680 
2459789.674236 -0.000678 
2459791.358718 0.000325 
2459793.043200 0.001224 
2459794.727682 0.003553 
2459796.412164 0.004100 
2459798.096646 0.001680 
2459799.781128 0.001298 
2459801.465610 0.002066 
2459803.150092 -0.000135 
2459804.834574 -0.002374 
2459806.519056 -0.003151 
2459808.203538 -0.004002 
2459809.888020 -0.002512 
2459811.572501 0.000191 
2459813.256983 0.001529 
2459814.941465 0.005297 
2459816.625947 0.008754 
2459818.310429 0.005537 
2459819.994911 0.002547 
2459821.679393 0.003741 
2459823.363875 0.001335 
2459825.048357 -0.003353 
2459826.732839 -0.005380 
2459828.417321 -0.007332 
2459830.101803 -0.006267 
2459831.786285 -0.000984 
2459833.470767 0.001687 
2459835.155249 0.005592 
2459836.839731 0.013116 
2459838.524213 0.012394 
2459840.208695 0.005912 
2459841.893177 0.005235 
2459843.577659 0.003618 
2459845.262141 -0.002893 
2459846.946623 -0.007025 
2459848.631105 -0.010450 
2459850.315587 -0.011308 
2459852.000069 -0.004120 
2459853.684551 0.001570 
2459855.369033 0.004225 
2459857.053515 0.013493 
2459858.737997 0.018997 
2459860.422479 0.012325 
2459862.106961 0.006986 
2459863.791443 0.005056 
2459865.475925 -0.000834 
2459867.160407 -0.006365 
2459868.844889 -0.011320 
2459870.529371 -0.015136 
2459872.213853 -0.008763 
2459873.898335 0.000496 
2459875.582817 0.002561 
2459877.267299 0.008820 
2459878.951781 0.019653 
2459880.636263 0.018968 
2459882.320745 0.010233 
2459884.005227 0.004877 
2459885.689709 0.001025 
2459887.374191 -0.003167 
2459889.058673 -0.008684 
2459890.743155 -0.015222 
2459892.427637 -0.012680 
2459894.112119 -0.002005 
2459895.796601 0.001915 
2459897.481083 0.003745 
2459899.165565 0.014953 
2459900.850047 0.021876 
2459902.534529 0.014072 
2459904.219011 0.005382 
2459905.903493 0.002812 
2459907.587975 -0.000182 
2459909.272457 -0.005752 
2459910.956939 -0.013529 
2459912.641421 -0.016439 
2459914.325903 -0.006693 
2459916.010385 0.002229 
2459917.694867 0.004980 
2459919.379349 0.019676 
2459921.063831 0.032351 
2459922.748313 0.019404 
2459924.432795 0.008848 
2459926.117277 0.013371 
2459927.801759 0.003588 
2459929.486241 -0.013194 
2459931.170722 -0.022217 
2459932.855204 -0.032229 
2459934.539686 -0.023272 
2459936.224168 0.001081 
2459937.908650 0.014543 
2459939.593132 0.052805 
2459941.277614 0.093287 
2459942.962096 0.055487 
2459944.646578 0.017257 
2459946.331060 0.046567 
2459948.015542 0.029002 
2459949.700024 -0.039846 
2459951.384506 -0.066554 
2459953.068988 -0.088240 
2459954.753470 -0.086016 
2459956.437952 -0.017259 
2459958.122434 0.030033 
2459959.806916 0.111595 
2459961.491398 0.254592 
2459963.175880 0.212055 
2459964.860362 0.062871 
2459966.544844 0.104079 
2459968.229326 0.117811 
2459969.913808 -0.062629 
2459971.598290 -0.172688 
2459973.282772 -0.219387 
2459974.967254 -0.253337 
2459976.651736 -0.107433 
2459978.336218 0.044008 
2459980.020700 0.166093 
2459981.705182 0.495595 
2459983.389664 0.598588 
2459985.074146 0.264504 
2459986.758628 0.185683 
2459988.443110 0.288195 
2459990.127592 -0.007309 
2459991.812074 -0.324597 
2459993.496556 -0.440538 
2459995.181038 -0.564708 
2459996.865520 -0.366007 
2459998.550002 0.016912 
2460000.234484 0.195110 
2460001.918966 0.679937 
2460003.603448 1.177483 
2460005.287930 0.794893 
2460006.972412 0.365404 
2460008.656894 0.486181 
2460010.341376 0.188632 
2460012.025858 -0.418233 
2460013.710340 -0.699777 
2460015.394822 -0.969542 
2460017.079304 -0.848757 
2460018.763786 -0.151990 
2460020.448268 0.206015 
2460022.132750 0.658440 
2460023.817232 1.621401 
2460025.501714 1.630076 
2460027.186196 0.821462 
2460028.870678 0.650717 
2460030.555160 0.445216 
2460032.239642 -0.319768 
2460033.924124 -0.838110 
2460035.608606 -1.289999 
2460037.293088 -1.428443 
2460038.977570 -0.550379 
2460040.662052 0.178349 
2460042.346534 0.453361 
2460044.031016 1.510499 
2460045.715498 2.284046 
2460047.399980 1.593057 
2460049.084461 0.861414 
2460050.768943 0.558487 
2460052.453425 -0.063401 
2460054.137907 -0.671047 
2460055.822389 -1.285445 
2460057.506871 -1.780284 
2460059.191353 -1.070878 
2460060.875835 0.034928 
2460062.560317 0.260603 
2460064.244799 0.869022 
2460065.929281 2.148796 
2460067.613763 2.244474 
2460069.298245 1.237361 
2460070.982727 0.512425 
2460072.667209 0.118357 
2460074.351691 -0.262577 
2460076.036173 -0.880730 
2460077.720655 -1.640366 
2460079.405137 -1.390000 
2460081.089619 -0.230958 
2460082.774101 0.185330 
2460084.458583 0.255929 
2460086.143065 1.313300 
2460087.827547 2.185925 
2460089.512029 1.579118 
2460091.196511 0.534381 
2460092.880993 0.123355 
2460094.565475 0.040629 
2460096.249957 -0.360173 
2460097.934439 -1.110698 
2460099.618921 -1.290960 
2460101.303403 -0.489711 
2460102.987885 0.094220 
2460104.672367 -0.004517 
2460106.356849 0.450977 
2460108.041331 1.466304 
2460109.725813 1.534504 
2460111.410295 0.630017 
2460113.094777 0.068161 
2460114.779259 0.097567 
2460116.463741 -0.040027 
2460118.148223 -0.580471 
2460119.832705 -0.931250 
2460121.517187 -0.619176 
2460123.201669 -0.122469 
2460124.886151 -0.084381 
2460126.570633 -0.029435 
2460128.255115 0.648914 
2460129.939597 1.154518 
2460131.624079 0.685726 
2460133.308561 0.042450 
2460134.993043 0.007835 
2460136.677525 0.030222 
2460138.362007 -0.313138 
2460140.046489 -0.626405 
2460141.730971 -0.649033 
2460143.415453 -0.444091 
2460145.099935 -0.246862 
2460146.784417 -0.220582 
2460148.468899 0.088935 
2460150.153381 0.743121 
2460151.837863 0.738750 
2460153.522345 0.065847 
2460155.206827 -0.145650 
2460156.891309 -0.038090 
2460158.575791 -0.288276 
2460160.260273 -0.545719 
2460161.944755 -0.678393 
2460163.629237 -0.796708 
2460165.313719 -0.587953 
2460166.998201 -0.359580 
2460168.682682 -0.235813 
2460170.367164 0.427170 
2460172.051646 0.879755 
2460173.736128 0.210430 
2460175.420610 -0.332181 
2460177.105092 -0.180507 
2460178.789574 -0.342042 
2460180.474056 -0.633453 
2460182.158538 -0.736169 
2460183.843020 -1.055454 
2460185.527502 -1.012706 
2460187.211984 -0.556838 
2460188.896466 -0.428636 
2460190.580948 0.131343 
2460192.265430 1.012091 
2460193.949912 0.532690 
2460195.634394 -0.446019 
2460197.318876 -0.396721 
2460199.003358 -0.362493 
2460200.687840 -0.701223 
2460202.372322 -0.761587 
2460204.056804 -1.070208 
2460205.741286 -1.266469 
2460207.425768 -0.751820 
2460209.110250 -0.497679 
2460210.794732 -0.151937 
2460212.479214 0.905588 
2460214.163696 0.865762 
2460215.848178 -0.334735 
2460217.532660 -0.593219 
2460219.217142 -0.355443 
2460220.901624 -0.608365 
2460222.586106 -0.681870 
2460224.270588 -0.828908 
2460225.955070 -1.143989 
2460227.639552 -0.801527 
2460229.324034 -0.441591 
2460231.008516 -0.296573 
2460232.692998 0.538601 
2460234.377480 0.918282 
2460236.061962 -0.037920 
2460237.746444 -0.591515 
2460239.430926 -0.342524 
2460241.115408 -0.405060 
2460242.799890 -0.506155 
2460244.484372 -0.517612 
2460246.168854 -0.765536 
2460247.853336 -0.660830 
2460249.537818 -0.329451 
2460251.222300 -0.263884 
2460252.906782 0.175480 
2460254.591264 0.665209 
2460256.275746 0.193866 
2460257.960228 -0.393130 
2460259.644710 -0.298059 
2460261.329192 -0.222737 
2460263.013674 -0.302275 
2460264.698156 -0.279253 
2460266.382638 -0.391331 
2460268.067120 -0.417075 
2460269.751602 -0.215272 
2460271.436084 -0.155733 
2460273.120566 -0.004253 
2460274.805048 0.336133 
2460276.489530 0.228566 
2460278.174012 -0.165473 
2460279.858494 -0.206249 
2460281.542976 -0.113468 
2460283.227458 -0.141252 
2460284.911940 -0.132196 
2460286.596422 -0.156728 
2460288.280903 -0.198132 
2460289.965385 -0.117647 
2460291.649867 -0.068162 
2460293.334349 -0.036223 
2460295.018831 0.116321 
2460296.703313 0.143812 
2460298.387795 -0.031742 
2460300.072277 -0.104009 
2460301.756759 -0.055836 
2460303.441241 -0.051018 
2460305.125723 -0.052066 
2460306.810205 -0.050733 
2460308.494687 -0.069571 
2460310.179169 -0.049801 
2460311.863651 -0.023591 
2460313.548133 -0.019692 
2460315.232615 0.025387 
2460316.917097 0.058457 
2460318.601579 0.008378 
2460320.286061 -0.035357 
2460321.970543 -0.023604 
2460323.655025 -0.014515 
2460325.339507 -0.016223 
2460327.023989 -0.014693 
2460328.708471 -0.019359 
2460330.392953 -0.017238 
2460332.077435 -0.008039 
2460333.761917 -0.006775 
2460335.446399 0.001952 
2460337.130881 0.016844 
2460338.815363 0.010036 
2460340.499845 -0.006841 
2460342.184327 -0.008025 
2460343.868809 -0.003762 
2460345.553291 -0.005197 
2460347.237773 -0.006281 
2460348.922255 -0.007640 
2460350.606737 -0.009379 
2460352.291219 -0.006617 
2460353.975701 -0.003983 
2460355.660183 -0.002473 
2460357.344665 0.004615 
2460359.029147 0.008650 
2460360.713629 0.001259 
2460362.398111 -0.004174 
2460364.082593 -0.002335 
2460365.767075 -0.003475 
2460367.451557 -0.005969 
2460369.136039 -0.006733 
2460370.820521 -0.009797 
2460372.505003 -0.009612 
2460374.189485 -0.005255 
2460375.873967 -0.004001 
2460377.558449 0.000934 
2460379.242931 0.009155 
2460380.927413 0.005002 
2460382.611895 -0.004202 
2460384.296377 -0.003910 
2460385.980859 -0.003312 
2460387.665341 -0.006189 
2460389.349823 -0.006606 
2460391.034305 -0.009192 
2460392.718787 -0.011043 
2460394.403269 -0.006587 
2460396.087751 -0.004288 
2460397.772233 -0.001459 
2460399.456715 0.007643 
2460401.141197 0.007578 
2460402.825679 -0.002801 
2460404.510161 -0.005282 
2460406.194643 -0.003082 
2460407.879124 -0.004989 
2460409.563606 -0.005560 
2460411.248088 -0.006614 
2460412.932570 -0.009209 
2460414.617052 -0.006530 
2460416.301534 -0.003541 
2460417.986016 -0.002450 
2460419.670498 0.004157 
2460421.354980 0.007427 
2460423.039462 -0.000137 
2460424.723944 -0.004801 
2460426.408426 -0.002816 
2460428.092908 -0.003113 
2460429.777390 -0.003881 
2460431.461872 -0.003888 
2460433.146354 -0.005740 
2460434.830836 -0.005028 
2460436.515318 -0.002488 
2460438.199800 -0.001998 
2460439.884282 0.001207 
2460441.568764 0.004991 
2460443.253246 0.001591 
2460444.937728 -0.002930 
2460446.622210 -0.002301 
2460448.306692 -0.001628 
2460449.991174 -0.002176 
2460451.675656 -0.001987 
2460453.360138 -0.002743 
2460455.044620 -0.002961 
2460456.729102 -0.001530 
2460458.413584 -0.001093 
2460460.098066 -0.000077 
2460461.782548 0.002341 
2460463.467030 0.001673 
2460465.151512 -0.001123 
2460466.835994 -0.001479 
2460468.520476 -0.000795 
2460470.204958 -0.000950 
2460471.889440 -0.000887 
2460473.573922 -0.001027 
2460475.258404 -0.001305 
2460476.942886 -0.000778 
2460478.627368 -0.000443 
2460480.311850 -0.000249 
2460481.996332 0.000748 
2460483.680814 0.000963 
2460485.365296 -0.000181 
2460487.049778 -0.000685 
2460488.734260 -0.000370 
2460490.418742 -0.000318 
2460492.103224 -0.000326 
2460493.787706 -0.000312 
2460495.472188 -0.000425 
2460497.156670 -0.000306 
2460498.841152 -0.000143 
2460500.525634 -0.000122 
2460502.210116 0.000148 
2460503.894598 0.000361 
2460505.579080 0.000066 
2460507.263562 -0.000210 
2460508.948044 -0.000144 
2460510.632526 -0.000084 
2460512.317008 -0.000098 
2460514.001490 -0.000092 
2460515.685972 -0.000120 
2460517.370454 -0.000112 
2460519.054936 -0.000056 
2460520.739418 -0.000045 
2460522.423900 0.000005 
2460524.108382 0.000103 
2460525.792864 0.000075 
2460527.477345 -0.000034 
2460529.161827 -0.000051 
2460530.846309 -0.000024 
2460532.530791 -0.000038 
2460534.215273 -0.000051 
2460535.899755 -0.000062 
2460537.584237 -0.000082 
2460539.268719 -0.000063 
2460540.953201 -0.000036 
2460542.637683 -0.000025 
2460544.322165 0.000033 
2460546.006647 0.000077 
2460547.691129 0.000016 
2460549.375611 -0.000037 
2460551.060093 -0.000022 
2460552.744575 -0.000032 
2460554.429057 -0.000055 
2460556.113539 -0.000060 
2460557.798021 -0.000089 
2460559.482503 -0.000089 
2460561.166985 -0.000048 
2460562.851467 -0.000037 
2460564.535949 0.000006 
2460566.220431 0.000082 
2460567.904913 0.000047 
2460569.589395 -0.000038 
2460571.273877 -0.000037 
2460572.958359 -0.000030 
2460574.642841 -0.000053 
2460576.327323 -0.000056 
2460578.011805 -0.000077 
2460579.696287 -0.000094 
2460581.380769 -0.000056 
2460583.065251 -0.000036 
2460584.749733 -0.000013 
2460586.434215 0.000063 
2460588.118697 0.000065 
2460589.803179 -0.000023 
2460591.487661 -0.000046 
2460593.172143 -0.000026 
2460594.856625 -0.000040 
2460596.541107 -0.000044 
2460598.225589 -0.000052 
2460599.910071 -0.000073 
2460601.594553 -0.000052 
2460603.279035 -0.000028 
2460604.963517 -0.000020 
2460606.647999 0.000031 
2460608.332481 0.000059 
2460610.016963 0.000000 
2460611.701445 -0.000038 
2460613.385927 -0.000023 
2460615.070409 -0.000023 
2460616.754891 -0.000029 
2460618.439373 -0.000029 
2460620.123855 -0.000042 
2460621.808337 -0.000038 
2460623.492819 -0.000018 
2460625.177301 -0.000015 
2460626.861783 0.000008 
2460628.546265 0.000037 
2460630.230747 0.000013 
2460631.915229 -0.000021 
2460633.599711 -0.000017 
2460635.284193 -0.000012 
2460636.968675 -0.000015 
2460638.653157 -0.000014 
2460640.337639 -0.000019 
2460642.022121 -0.000021 
2460643.706603 -0.000011 
2460645.391084 -0.000008 
2460647.075566 -0.000001 
2460648.760048 0.000016 
2460650.444530 0.000012 
2460652.129012 -0.000007 
2460653.813494 -0.000010 
2460655.497976 -0.000005 
2460657.182458 -0.000006 
2460658.866940 -0.000006 
2460660.551422 -0.000007 
2460662.235904 -0.000008 
2460663.920386 -0.000005 
2460665.604868 -0.000003 
2460667.289350 -0.000002 
2460668.973832 0.000005 
2460670.658314 0.000006 
2460672.342796 -0.000001 
2460674.027278 -0.000004 
2460675.711760 -0.000002 
2460677.396242 -0.000002 
2460679.080724 -0.000002 
2460680.765206 -0.000002 
2460682.449688 -0.000003 
2460684.134170 -0.000002 
