# time model 
2455007.429878 -0.018774 
2455009.144006 -0.022228 
2455010.858134 -0.024211 
2455012.572262 -0.023800 
2455014.286390 -0.020545 
2455016.000517 -0.014716 
2455017.714645 -0.007351 
2455019.428773 -0.000048 
2455021.142901 0.005473 
2455022.857029 0.007886 
2455024.571157 0.006699 
2455026.285285 0.002423 
2455027.999413 -0.003590 
2455029.713541 -0.009582 
2455031.427669 -0.013950 
2455033.141797 -0.015727 
2455034.855925 -0.014813 
2455036.570053 -0.011911 
2455038.284181 -0.008209 
2455039.998308 -0.004943 
2455041.712436 -0.003016 
2455043.426564 -0.002763 
2455045.140692 -0.003934 
2455046.854820 -0.005866 
2455048.568948 -0.007753 
2455050.283076 -0.008937 
2455051.997204 -0.009128 
2455053.711332 -0.008491 
2455055.425460 -0.007587 
2455057.139588 -0.007178 
2455058.853716 -0.007947 
2455060.567844 -0.010231 
2455062.281972 -0.013838 
2455063.996099 -0.018033 
2455065.710227 -0.021707 
2455067.424355 -0.023683 
2455069.138483 -0.023082 
2455070.852611 -0.019617 
2455072.566739 -0.013731 
2455074.280867 -0.006533 
2455075.994995 0.000460 
2455077.709123 0.005683 
2455079.423251 0.007919 
2455081.137379 0.006611 
2455082.851507 0.002018 
2455084.565635 -0.004819 
2455086.279763 -0.012319 
2455087.993890 -0.018758 
2455089.708018 -0.022732 
2455091.422146 -0.023551 
2455093.136274 -0.021430 
2455094.850402 -0.017393 
2455096.564530 -0.012902 
2455098.278658 -0.009328 
2455099.992786 -0.007475 
2455101.706914 -0.007341 
2455103.421042 -0.008227 
2455105.135170 -0.009139 
2455106.849298 -0.009301 
2455108.563426 -0.008531 
2455110.277554 -0.007319 
2455111.991681 -0.006568 
2455113.705809 -0.007153 
2455115.419937 -0.009511 
2455117.134065 -0.013450 
2455118.848193 -0.018230 
2455120.562321 -0.022819 
2455122.276449 -0.026167 
2455123.990577 -0.027365 
2455125.704705 -0.025697 
2455127.418833 -0.020705 
2455129.132961 -0.012392 
2455130.847089 -0.001561 
2455132.561217 0.009883 
2455134.275345 0.018959 
2455135.989472 0.022201 
2455137.703600 0.016778 
2455139.417728 0.001782 
2455141.131856 -0.020912 
2455142.845984 -0.046727 
2455144.560112 -0.069601 
2455146.274240 -0.083961 
2455147.988368 -0.086687 
2455149.702496 -0.078201 
2455151.416624 -0.062163 
2455153.130752 -0.043898 
2455154.844880 -0.028261 
2455156.559008 -0.017939 
2455158.273136 -0.012908 
2455159.987263 -0.011215 
2455161.701391 -0.010539 
2455163.415519 -0.009637 
2455165.129647 -0.008922 
2455166.843775 -0.009949 
2455168.557903 -0.014215 
2455170.272031 -0.022057 
2455171.986159 -0.032298 
2455173.700287 -0.042784 
2455175.414415 -0.051370 
2455177.128543 -0.056650 
2455178.842671 -0.057950 
2455180.556799 -0.054686 
2455182.270927 -0.045725 
2455183.985054 -0.029566 
2455185.699182 -0.005620 
2455187.413310 0.023880 
2455189.127438 0.052573 
2455190.841566 0.070496 
2455192.555694 0.066948 
2455194.269822 0.034900 
2455195.983950 -0.024914 
2455197.698078 -0.102396 
2455199.412206 -0.180213 
2455201.126334 -0.239271 
2455202.840462 -0.265406 
2455204.554590 -0.254437 
2455206.268718 -0.213302 
2455207.982845 -0.156767 
2455209.696973 -0.101283 
2455211.411101 -0.058844 
2455213.125229 -0.033612 
2455214.839357 -0.022528 
2455216.553485 -0.019104 
2455218.267613 -0.018038 
2455219.981741 -0.018118 
2455221.695869 -0.022069 
2455223.409997 -0.033844 
2455225.124125 -0.055269 
2455226.838253 -0.084171 
2455228.552381 -0.114996 
2455230.266509 -0.141299 
2455231.980636 -0.158306 
2455233.694764 -0.163833 
2455235.408892 -0.157115 
2455237.123020 -0.136755 
2455238.837148 -0.099898 
2455240.551276 -0.044133 
2455242.265404 0.028221 
2455243.979532 0.105871 
2455245.693660 0.167630 
2455247.407788 0.187047 
2455249.121916 0.141978 
2455250.836044 0.025441 
2455252.550172 -0.147498 
2455254.264300 -0.341046 
2455255.978427 -0.508924 
2455257.692555 -0.610011 
2455259.406683 -0.622900 
2455261.120811 -0.552989 
2455262.834939 -0.428980 
2455264.549067 -0.290504 
2455266.263195 -0.172685 
2455267.977323 -0.094603 
2455269.691451 -0.056361 
2455271.405579 -0.044970 
2455273.119707 -0.044946 
2455274.833835 -0.047604 
2455276.547963 -0.054431 
2455278.262091 -0.073631 
2455279.976218 -0.112802 
2455281.690346 -0.172532 
2455283.404474 -0.244585 
2455285.118602 -0.315184 
2455286.832730 -0.370672 
2455288.546858 -0.401646 
2455290.260986 -0.403154 
2455291.975114 -0.371746 
2455293.689242 -0.302815 
2455295.403370 -0.191946 
2455297.117498 -0.041299 
2455298.831626 0.131994 
2455300.545754 0.291368 
2455302.259881 0.385714 
2455303.974009 0.364828 
2455305.688137 0.200570 
2455307.402265 -0.095649 
2455309.116393 -0.468534 
2455310.830521 -0.832210 
2455312.544649 -1.097602 
2455314.258777 -1.203196 
2455315.972905 -1.136137 
2455317.687033 -0.934444 
2455319.401161 -0.669627 
2455321.115289 -0.417855 
2455322.829417 -0.232752 
2455324.543545 -0.131372 
2455326.257672 -0.097897 
2455327.971800 -0.100809 
2455329.685928 -0.113324 
2455331.400056 -0.126523 
2455333.114184 -0.149759 
2455334.828312 -0.200269 
2455336.542440 -0.289437 
2455338.256568 -0.413832 
2455339.970696 -0.555230 
2455341.684824 -0.687917 
2455343.398952 -0.787517 
2455345.113080 -0.835757 
2455346.827208 -0.819585 
2455348.541336 -0.728012 
2455350.255463 -0.552437 
2455351.969591 -0.293947 
2455353.683719 0.024545 
2455355.397847 0.349110 
2455357.111975 0.597778 
2455358.826103 0.680375 
2455360.540231 0.530984 
2455362.254359 0.140270 
2455363.968487 -0.428251 
2455365.682615 -1.048900 
2455367.396743 -1.570876 
2455369.110871 -1.868447 
2455370.824999 -1.883855 
2455372.539127 -1.644703 
2455374.253254 -1.248596 
2455375.967382 -0.822434 
2455377.681510 -0.474786 
2455379.395638 -0.261872 
2455381.109766 -0.180022 
2455382.823894 -0.184231 
2455384.538022 -0.220460 
2455386.252150 -0.254491 
2455387.966278 -0.284239 
2455389.680406 -0.332563 
2455391.394534 -0.427835 
2455393.108662 -0.584483 
2455394.822790 -0.793376 
2455396.536918 -1.024641 
2455398.251045 -1.238062 
2455399.965173 -1.393308 
2455401.679301 -1.454965 
2455403.393429 -1.393336 
2455405.107557 -1.186606 
2455406.821685 -0.829496 
2455408.535813 -0.347920 
2455410.249941 0.188211 
2455411.964069 0.665614 
2455413.678197 0.949729 
2455415.392325 0.926160 
2455417.106453 0.547432 
2455418.820581 -0.135747 
2455420.534709 -0.976316 
2455422.248836 -1.770449 
2455423.962964 -2.322545 
2455425.677092 -2.510510 
2455427.391220 -2.324569 
2455429.105348 -1.863708 
2455430.819476 -1.292207 
2455432.533604 -0.776000 
2455434.247732 -0.426228 
2455435.961860 -0.272278 
2455437.675988 -0.271560 
2455439.390116 -0.346341 
2455441.104244 -0.427184 
2455442.818372 -0.482700 
2455444.532500 -0.524938 
2455446.246627 -0.592945 
2455447.960755 -0.726616 
2455449.674883 -0.944761 
2455451.389011 -1.235684 
2455453.103139 -1.560222 
2455454.817267 -1.861377 
2455456.531395 -2.074449 
2455458.245523 -2.135799 
2455459.959651 -1.992922 
2455461.673779 -1.619304 
2455463.387907 -1.033161 
2455465.102035 -0.312445 
2455466.816163 0.405494 
2455468.530291 0.948388 
2455470.244418 1.156404 
2455471.958546 0.938356 
2455473.672674 0.314265 
2455475.386802 -0.576736 
2455477.100930 -1.511752 
2455478.815058 -2.253047 
2455480.529186 -2.625263 
2455482.243314 -2.570699 
2455483.957442 -2.160961 
2455485.671570 -1.561696 
2455487.385698 -0.966727 
2455489.099826 -0.529671 
2455490.813954 -0.319877 
2455492.528082 -0.316748 
2455494.242209 -0.438857 
2455495.956337 -0.590431 
2455497.670465 -0.703437 
2455499.384593 -0.759379 
2455501.098721 -0.786512 
2455502.812849 -0.839053 
2455504.526977 -0.970288 
2455506.241105 -1.210115 
2455507.955233 -1.552333 
2455509.669361 -1.951983 
2455511.383489 -2.331024 
2455513.097617 -2.591454 
2455514.811745 -2.636086 
2455516.525873 -2.395960 
2455518.240000 -1.859138 
2455519.954128 -1.090796 
2455521.668256 -0.232970 
2455523.382384 0.523040 
2455525.096512 0.988267 
2455526.810640 1.036489 
2455528.524768 0.651102 
2455530.238896 -0.061763 
2455531.953024 -0.902338 
2455533.667152 -1.640101 
2455535.381280 -2.087766 
2455537.095408 -2.158637 
2455538.809536 -1.886431 
2455540.523664 -1.402198 
2455542.237791 -0.880145 
2455543.951919 -0.475268 
2455545.666047 -0.276469 
2455547.380175 -0.289868 
2455549.094303 -0.453383 
2455550.808431 -0.671847 
2455552.522559 -0.856599 
2455554.236687 -0.955388 
2455555.950815 -0.965124 
2455557.664943 -0.927196 
2455559.379071 -0.909849 
2455561.093199 -0.983706 
2455562.807327 -1.196246 
2455564.521455 -1.550732 
2455566.235582 -1.995317 
2455567.949710 -2.427668 
2455569.663838 -2.717812 
2455571.377966 -2.746177 
2455573.092094 -2.446582 
2455574.806222 -1.838764 
2455576.520350 -1.035549 
2455578.234478 -0.217440 
2455579.948606 0.420031 
2455581.662734 0.728678 
2455583.376862 0.656506 
2455585.090990 0.263775 
2455586.805118 -0.300305 
2455588.519246 -0.850988 
2455590.233373 -1.230396 
2455591.947501 -1.355247 
2455593.661629 -1.233737 
2455595.375757 -0.949121 
2455597.089885 -0.620694 
2455598.804013 -0.359799 
2455600.518141 -0.237057 
2455602.232269 -0.269209 
2455603.946397 -0.424807 
2455605.660525 -0.641824 
2455607.374653 -0.849158 
2455609.088781 -0.986491 
2455610.802909 -1.020121 
2455612.517037 -0.953419 
2455614.231164 -0.829587 
2455615.945292 -0.723275 
2455617.659420 -0.719146 
2455619.373548 -0.880593 
2455621.087676 -1.218412 
2455622.801804 -1.673303 
2455624.515932 -2.123790 
2455626.230060 -2.421801 
2455627.944188 -2.445384 
2455629.658316 -2.148007 
2455631.372444 -1.582631 
2455633.086572 -0.888000 
2455634.800700 -0.240833 
2455636.514828 0.206848 
2455638.228955 0.378991 
2455639.943083 0.294386 
2455641.657211 0.047226 
2455643.371339 -0.239087 
2455645.085467 -0.462289 
2455646.799595 -0.573671 
2455648.513723 -0.581572 
2455650.227851 -0.530276 
2455651.941979 -0.469711 
2455653.656107 -0.432883 
2455655.370235 -0.430179 
2455657.084363 -0.457946 
2455658.798491 -0.510645 
2455660.512619 -0.585798 
2455662.226746 -0.678436 
2455663.940874 -0.771247 
2455665.655002 -0.831451 
2455667.369130 -0.821899 
2455669.083258 -0.723862 
2455670.797386 -0.558861 
2455672.511514 -0.393753 
2455674.225642 -0.320236 
2455675.939770 -0.414124 
2455677.653898 -0.693018 
2455679.368026 -1.095322 
2455681.082154 -1.495071 
2455682.796282 -1.749444 
2455684.510410 -1.758247 
2455686.224537 -1.507008 
2455687.938665 -1.072356 
2455689.652793 -0.586990 
2455691.366921 -0.181941 
2455693.081049 0.065044 
2455694.795177 0.150358 
2455696.509305 0.127208 
2455698.223433 0.063314 
2455699.937561 -0.000602 
2455701.651689 -0.068106 
2455703.365817 -0.172258 
2455705.079945 -0.340455 
2455706.794073 -0.562701 
2455708.508201 -0.784675 
2455710.222328 -0.931531 
2455711.936456 -0.949096 
2455713.650584 -0.837655 
2455715.364712 -0.656800 
2455717.078840 -0.496332 
2455718.792968 -0.428372 
2455720.507096 -0.467745 
2455722.221224 -0.564014 
2455723.935352 -0.630946 
2455725.649480 -0.597633 
2455727.363608 -0.452427 
2455729.077736 -0.254122 
2455730.791864 -0.102911 
2455732.505992 -0.086409 
2455734.220119 -0.230460 
2455735.934247 -0.482168 
2455737.648375 -0.734738 
2455739.362503 -0.880453 
2455741.076631 -0.862644 
2455742.790759 -0.698744 
2455744.504887 -0.463463 
2455746.219015 -0.244034 
2455747.933143 -0.094807 
2455749.647271 -0.017567 
2455751.361399 0.022679 
2455753.075527 0.058806 
2455754.789655 0.086436 
2455756.503783 0.057240 
2455758.217910 -0.092318 
2455759.932038 -0.392647 
2455761.646166 -0.803136 
2455763.360294 -1.211210 
2455765.074422 -1.474824 
2455766.788550 -1.489465 
2455768.502678 -1.244588 
2455770.216806 -0.837485 
2455771.930934 -0.433929 
2455773.645062 -0.193270 
2455775.359190 -0.195243 
2455777.073318 -0.405614 
2455778.787446 -0.697692 
2455780.501574 -0.917548 
2455782.215701 -0.958492 
2455783.929829 -0.806863 
2455785.643957 -0.538049 
2455787.358085 -0.268900 
2455789.072213 -0.095268 
2455790.786341 -0.048877 
2455792.500469 -0.094171 
2455794.214597 -0.161731 
2455795.928725 -0.194611 
2455797.642853 -0.178920 
2455799.356981 -0.142287 
2455801.071109 -0.125121 
2455802.785237 -0.146672 
2455804.499365 -0.190183 
2455806.213492 -0.217925 
2455807.927620 -0.206141 
2455809.641748 -0.175248 
2455811.355876 -0.191583 
2455813.070004 -0.333895 
2455814.784132 -0.640629 
2455816.498260 -1.069020 
2455818.212388 -1.494105 
2455819.926516 -1.755331 
2455821.640644 -1.731451 
2455823.354772 -1.406128 
2455825.068900 -0.888270 
2455826.783028 -0.372751 
2455828.497156 -0.057751 
2455830.211283 -0.057937 
2455831.925411 -0.355593 
2455833.639539 -0.812773 
2455835.353667 -1.236785 
2455837.067795 -1.465336 
2455838.781923 -1.429871 
2455840.496051 -1.169583 
2455842.210179 -0.795541 
2455843.924307 -0.429458 
2455845.638435 -0.151309 
2455847.352563 0.019563 
2455849.066691 0.107128 
2455850.780819 0.143201 
2455852.494947 0.139632 
2455854.209074 0.085226 
2455855.923202 -0.034147 
2455857.637330 -0.210074 
2455859.351458 -0.402095 
2455861.065586 -0.554295 
2455862.779714 -0.629453 
2455864.493842 -0.638304 
2455866.207970 -0.641808 
2455867.922098 -0.719575 
2455869.636226 -0.919086 
2455871.350354 -1.214859 
2455873.064482 -1.504604 
2455874.778610 -1.650574 
2455876.492738 -1.548637 
2455878.206865 -1.189809 
2455879.920993 -0.679813 
2455881.635121 -0.202425 
2455883.349249 0.058503 
2455885.063377 0.001109 
2455886.777505 -0.348715 
2455888.491633 -0.850169 
2455890.205761 -1.311617 
2455891.919889 -1.573195 
2455893.634017 -1.567601 
2455895.348145 -1.332395 
2455897.062273 -0.973803 
2455898.776401 -0.606743 
2455900.490529 -0.305161 
2455902.204656 -0.086735 
2455903.918784 0.066575 
2455905.632912 0.171830 
2455907.347040 0.219530 
2455909.061168 0.176531 
2455910.775296 0.014455 
2455912.489424 -0.257344 
2455914.203552 -0.579207 
2455915.917680 -0.861423 
2455917.631808 -1.028348 
2455919.345936 -1.060504 
2455921.060064 -1.007386 
2455922.774192 -0.959684 
2455924.488320 -0.993972 
2455926.202447 -1.121265 
2455927.916575 -1.271396 
2455929.630703 -1.326427 
2455931.344831 -1.188180 
2455933.058959 -0.843504 
2455934.773087 -0.389089 
2455936.487215 0.002270 
2455938.201343 0.160436 
2455939.915471 0.002434 
2455941.629599 -0.421733 
2455943.343727 -0.947294 
2455945.057855 -1.368918 
2455946.771983 -1.533372 
2455948.486111 -1.403592 
2455950.200238 -1.063073 
2455951.914366 -0.661843 
2455953.628494 -0.336202 
2455955.342622 -0.146716 
2455957.056750 -0.066275 
2455958.770878 -0.019957 
2455960.485006 0.051392 
2455962.199134 0.144507 
2455963.913262 0.192862 
2455965.627390 0.111737 
2455967.341518 -0.139450 
2455969.055646 -0.517474 
2455970.769774 -0.905353 
2455972.483902 -1.169280 
2455974.198029 -1.230500 
2455975.912157 -1.109391 
2455977.626285 -0.913684 
2455979.340413 -0.775098 
2455981.054541 -0.769901 
2455982.768669 -0.870503 
2455984.482797 -0.959120 
2455986.196925 -0.899235 
2455987.911053 -0.625758 
2455989.625181 -0.201046 
2455991.339309 0.199634 
2455993.053437 0.371101 
2455994.767565 0.188072 
2455996.481693 -0.317763 
2455998.195820 -0.958138 
2455999.909948 -1.470270 
2456001.624076 -1.640424 
2456003.338204 -1.405227 
2456005.052332 -0.877765 
2456006.766460 -0.285366 
2456008.480588 0.146812 
2456010.194716 0.303713 
2456011.908844 0.223100 
2456013.622972 0.053436 
2456015.337100 -0.045294 
2456017.051228 0.000968 
2456018.765356 0.140701 
2456020.479484 0.236232 
2456022.193611 0.156895 
2456023.907739 -0.131035 
2456025.621867 -0.532763 
2456027.335995 -0.872431 
2456029.050123 -0.993126 
2456030.764251 -0.850592 
2456032.478379 -0.543685 
2456034.192507 -0.260454 
2456035.906635 -0.168376 
2456037.620763 -0.311884 
2456039.334891 -0.579008 
2456041.049019 -0.761037 
2456042.763147 -0.675460 
2456044.477275 -0.283521 
2456046.191402 0.267125 
2456047.905530 0.704880 
2456049.619658 0.773528 
2456051.333786 0.374985 
2456053.047914 -0.363577 
2456054.762042 -1.138839 
2456056.476170 -1.614953 
2456058.190298 -1.587879 
2456059.904426 -1.083997 
2456061.618554 -0.341072 
2456063.332682 0.317270 
2456065.046810 0.645288 
2456066.760938 0.589325 
2456068.475066 0.293605 
2456070.189193 -0.000318 
2456071.903321 -0.099624 
2456073.617449 0.032584 
2456075.331577 0.268729 
2456077.045705 0.408166 
2456078.759833 0.311342 
2456080.473961 -0.005235 
2456082.188089 -0.371745 
2456083.902217 -0.565711 
2456085.616345 -0.451507 
2456087.330473 -0.074218 
2456089.044601 0.352340 
2456090.758729 0.562628 
2456092.472857 0.397634 
2456094.186984 -0.087538 
2456095.901112 -0.634050 
2456097.615240 -0.910017 
2456099.329368 -0.694424 
2456101.043496 -0.013080 
2456102.757624 0.852654 
2456104.471752 1.496087 
2456106.185880 1.589617 
2456107.900008 1.055760 
2456109.614136 0.112666 
2456111.328264 -0.831744 
2456113.042392 -1.381785 
2456114.756520 -1.345514 
2456116.470648 -0.815852 
2456118.184775 -0.102405 
2456119.898903 0.443662 
2456121.613031 0.612877 
2456123.327159 0.429444 
2456125.041287 0.107080 
2456126.755415 -0.097992 
2456128.469543 -0.046529 
2456130.183671 0.205943 
2456131.897799 0.456446 
2456133.611927 0.494915 
2456135.326055 0.249736 
2456137.040183 -0.152879 
2456138.754311 -0.455740 
2456140.468439 -0.427498 
2456142.182566 -0.016601 
2456143.896694 0.593216 
2456145.610822 1.067336 
2456147.324950 1.104725 
2456149.039078 0.621024 
2456150.753206 -0.176651 
2456152.467334 -0.874147 
2456154.181462 -1.057299 
2456155.895590 -0.534388 
2456157.609718 0.546364 
2456159.323846 1.751599 
2456161.037974 2.566055 
2456162.752102 2.640572 
2456164.466230 1.956828 
2456166.180357 0.825234 
2456167.894485 -0.278654 
2456169.608613 -0.949232 
2456171.322741 -1.033177 
2456173.036869 -0.668327 
2456174.750997 -0.169842 
2456176.465125 0.162669 
2456178.179253 0.204839 
2456179.893381 0.047756 
2456181.607509 -0.094141 
2456183.321637 -0.042668 
2456185.035765 0.218744 
2456186.749893 0.531431 
2456188.464021 0.667024 
2456190.178148 0.485554 
2456191.892276 0.045759 
2456193.606404 -0.405976 
2456195.320532 -0.569371 
2456197.034660 -0.272533 
2456198.748788 0.405269 
2456200.462916 1.149371 
2456202.177044 1.565979 
2456203.891172 1.399069 
2456205.605300 0.688514 
2456207.319428 -0.223182 
2456209.033556 -0.848147 
2456210.747684 -0.797352 
2456212.461812 0.014976 
2456214.175939 1.315023 
2456215.890067 2.592328 
2456217.604195 3.339125 
2456219.318323 3.283309 
2456221.032451 2.498365 
2456222.746579 1.341315 
2456224.460707 0.260930 
2456226.174835 -0.416737 
2456227.888963 -0.614156 
2456229.603091 -0.484002 
2456231.317219 -0.273760 
2456233.031347 -0.162367 
2456234.745475 -0.165830 
2456236.459603 -0.160601 
2456238.173730 0.000374 
2456239.887858 0.359552 
2456241.601986 0.800121 
2456243.316114 1.102847 
2456245.030242 1.081738 
2456246.744370 0.714535 
2456248.458498 0.183335 
2456250.172626 -0.208217 
2456251.886754 -0.201092 
2456253.600882 0.262515 
2456255.315010 0.985265 
2456257.029138 1.602323 
2456258.743266 1.770335 
2456260.457394 1.358163 
2456262.171521 0.534410 
2456263.885649 -0.300343 
2456265.599777 -0.705910 
2456267.313905 -0.421468 
2456269.028033 0.501893 
2456270.742161 1.722543 
2456272.456289 2.770214 
2456274.170417 3.262980 
2456275.884545 3.068913 
2456277.598673 2.336359 
2456279.312801 1.389341 
2456281.026929 0.554740 
2456282.741057 0.017544 
2456284.455185 -0.224258 
2456286.169312 -0.295633 
2456287.883440 -0.324285 
2456289.597568 -0.344454 
2456291.311696 -0.283239 
2456293.025824 -0.032428 
2456294.739952 0.446176 
2456296.454080 1.055263 
2456298.168208 1.585063 
2456299.882336 1.818075 
2456301.596464 1.655928 
2456303.310592 1.190936 
2456305.024720 0.673544 
2456306.738848 0.386167 
2456308.452976 0.489702 
2456310.167103 0.928502 
2456311.881231 1.450427 
2456313.595359 1.736150 
2456315.309487 1.570973 
2456317.023615 0.967191 
2456318.737743 0.170121 
2456320.451871 -0.457256 
2456322.165999 -0.611465 
2456323.880127 -0.195787 
2456325.594255 0.636781 
2456327.308383 1.562778 
2456329.022511 2.243688 
2456330.736639 2.474830 
2456332.450767 2.254230 
2456334.164894 1.745895 
2456335.879022 1.169952 
2456337.593150 0.687926 
2456339.307278 0.346280 
2456341.021406 0.100897 
2456342.735534 -0.105163 
2456344.449662 -0.268545 
2456346.163790 -0.308225 
2456347.877918 -0.116625 
2456349.592046 0.353829 
2456351.306174 1.026739 
2456353.020302 1.707200 
2456354.734430 2.162521 
2456356.448558 2.237539 
2456358.162685 1.939769 
2456359.876813 1.443080 
2456361.590941 1.002662 
2456363.305069 0.824075 
2456365.019197 0.956369 
2456366.733325 1.267784 
2456368.447453 1.518229 
2456370.161581 1.490168 
2456371.875709 1.107874 
2456373.589837 0.481716 
2456375.303965 -0.144893 
2456377.018093 -0.516034 
2456378.732221 -0.486668 
2456380.446349 -0.085481 
2456382.160476 0.511123 
2456383.874604 1.073690 
2456385.588732 1.428270 
2456387.302860 1.521588 
2456389.016988 1.414671 
2456390.731116 1.219102 
2456392.445244 1.020878 
2456394.159372 0.839062 
2456395.873500 0.640534 
2456397.587628 0.394963 
2456399.301756 0.128563 
2456401.015884 -0.063482 
2456402.730012 -0.059197 
2456404.444140 0.215949 
2456406.158267 0.728009 
2456407.872395 1.327397 
2456409.586523 1.806603 
2456411.300651 1.995964 
2456413.014779 1.846979 
2456414.728907 1.457159 
2456416.443035 1.021199 
2456418.157163 0.733119 
2456419.871291 0.690724 
2456421.585419 0.852222 
2456423.299547 1.066333 
2456425.013675 1.157605 
2456426.727803 1.020056 
2456428.441931 0.669888 
2456430.156058 0.232223 
2456431.870186 -0.126745 
2456433.584314 -0.282649 
2456435.298442 -0.206514 
2456437.012570 0.035757 
2456438.726698 0.331132 
2456440.440826 0.582463 
2456442.154954 0.749999 
2456443.869082 0.851216 
2456445.583210 0.925752 
2456447.297338 0.992816 
2456449.011466 1.030870 
2456450.725594 0.993006 
2456452.439722 0.847175 
2456454.153849 0.613431 
2456455.867977 0.371189 
2456457.582105 0.227497 
2456459.296233 0.261706 
2456461.010361 0.477684 
2456462.724489 0.792368 
2456464.438617 1.069949 
2456466.152745 1.185541 
2456467.866873 1.085377 
2456469.581001 0.812034 
2456471.295129 0.481946 
2456473.009257 0.227829 
2456474.723385 0.136544 
2456476.437513 0.213702 
2456478.151640 0.390522 
2456479.865768 0.565361 
2456481.579896 0.655275 
2456483.294024 0.630456 
2456485.008152 0.516864 
2456486.722280 0.371246 
2456488.436408 0.247021 
2456490.150536 0.171470 
2456491.864664 0.144516 
2456493.578792 0.154559 
2456495.292920 0.196607 
2456497.007048 0.278489 
2456498.721176 0.410836 
2456500.435304 0.588909 
2456502.149431 0.780880 
2456503.863559 0.933599 
2456505.577687 0.995466 
2456507.291815 0.944231 
2456509.005943 0.802891 
2456510.720071 0.632645 
2456512.434199 0.504826 
2456514.148327 0.466107 
2456515.862455 0.515635 
2456517.576583 0.606415 
2456519.290711 0.669953 
2456521.004839 0.650604 
2456522.718967 0.531502 
2456524.433095 0.339564 
2456526.147222 0.129270 
2456527.861350 -0.043770 
2456529.575478 -0.144421 
2456531.289606 -0.164803 
2456533.003734 -0.116429 
2456534.717862 -0.016662 
2456536.431990 0.119774 
2456538.146118 0.279126 
2456539.860246 0.440593 
2456541.574374 0.571501 
2456543.288502 0.633677 
2456545.002630 0.600936 
2456546.716758 0.478326 
2456548.430886 0.309822 
2456550.145013 0.165932 
2456551.859141 0.113995 
2456553.573269 0.185269 
2456555.287397 0.356862 
2456557.001525 0.560092 
2456558.715653 0.712896 
2456560.429781 0.760170 
2456562.143909 0.700704 
2456563.858037 0.585935 
2456565.572165 0.490971 
2456567.286293 0.473605 
2456569.000421 0.543678 
2456570.714549 0.659207 
2456572.428677 0.750549 
2456574.142804 0.758203 
2456575.856932 0.662723 
2456577.571060 0.490620 
2456579.285188 0.294764 
2456580.999316 0.122796 
2456582.713444 -0.006465 
2456584.427572 -0.104542 
2456586.141700 -0.193225 
2456587.855828 -0.277566 
2456589.569956 -0.331523 
2456591.284084 -0.308135 
2456592.998212 -0.170217 
2456594.712340 0.076803 
2456596.426468 0.371961 
2456598.140595 0.617732 
2456599.854723 0.724351 
2456601.568851 0.656671 
2456603.282979 0.456827 
2456604.997107 0.227560 
2456606.711235 0.082384 
2456608.425363 0.087942 
2456610.139491 0.229683 
2456611.853619 0.420436 
2456613.567747 0.548387 
2456615.281875 0.539061 
2456616.996003 0.397532 
2456618.710131 0.207355 
2456620.424259 0.086208 
2456622.138386 0.122099 
2456623.852514 0.324785 
2456625.566642 0.618747 
2456627.280770 0.881180 
2456628.994898 1.003812 
2456630.709026 0.944755 
2456632.423154 0.742985 
2456634.137282 0.489637 
2456635.851410 0.274592 
2456637.565538 0.139999 
2456639.279666 0.066977 
2456640.993794 0.001223 
2456642.707922 -0.100303 
2456644.422050 -0.231974 
2456646.136177 -0.335963 
2456647.850305 -0.336226 
2456649.564433 -0.190094 
2456651.278561 0.074585 
2456652.992689 0.361817 
2456654.706817 0.551761 
2456656.420945 0.564123 
2456658.135073 0.404736 
2456659.849201 0.166965 
2456661.563329 -0.015844 
2456663.277457 -0.042588 
2456664.991585 0.098383 
2456666.705713 0.320143 
2456668.419841 0.483429 
2456670.133968 0.474628 
2456671.848096 0.273145 
2456673.562224 -0.029790 
2456675.276352 -0.273127 
2456676.990480 -0.307967 
2456678.704608 -0.076300 
2456680.418736 0.355574 
2456682.132864 0.827014 
2456683.846992 1.160479 
2456685.561120 1.245403 
2456687.275248 1.084841 
2456688.989376 0.782364 
2456690.703504 0.479613 
2456692.417631 0.281060 
2456694.131759 0.207619 
2456695.845887 0.202355 
2456697.560015 0.180683 
2456699.274143 0.092107 
2456700.988271 -0.044861 
2456702.702399 -0.155538 
2456704.416527 -0.160933 
2456706.130655 -0.035614 
2456707.844783 0.165784 
2456709.558911 0.332388 
2456711.273039 0.359662 
2456712.987167 0.214511 
2456714.701295 -0.037033 
2456716.415422 -0.259354 
2456718.129550 -0.320779 
2456719.843678 -0.170910 
2456721.557806 0.123187 
2456723.271934 0.405750 
2456724.986062 0.513885 
2456726.700190 0.369125 
2456728.414318 0.028342 
2456730.128446 -0.336196 
2456731.842574 -0.520018 
2456733.556702 -0.390471 
2456735.270830 0.043060 
2456736.984958 0.630071 
2456738.699086 1.150648 
2456740.413213 1.420208 
2456742.127341 1.372709 
2456743.841469 1.080678 
2456745.555597 0.705335 
2456747.269725 0.407552 
2456748.983853 0.269614 
2456750.697981 0.268654 
2456752.412109 0.311318 
2456754.126237 0.303977 
2456755.840365 0.214029 
2456757.554493 0.085683 
2456759.268621 0.002904 
2456760.982749 0.025076 
2456762.696877 0.137834 
2456764.411004 0.252277 
2456766.125132 0.255894 
2456767.839260 0.085831 
2456769.553388 -0.220665 
2456771.267516 -0.532515 
2456772.981644 -0.689315 
2456774.695772 -0.590536 
2456776.409900 -0.258904 
2456778.124028 0.160754 
2456779.838156 0.471024 
2456781.552284 0.524936 
2456783.266412 0.307182 
2456784.980540 -0.051870 
2456786.694668 -0.339225 
2456788.408795 -0.367495 
2456790.122923 -0.071549 
2456791.837051 0.457275 
2456793.551179 1.016728 
2456795.265307 1.393713 
2456796.979435 1.465342 
2456798.693563 1.248889 
2456800.407691 0.877970 
2456802.121819 0.522979 
2456803.835947 0.302595 
2456805.550075 0.234762 
2456807.264203 0.249921 
2456808.978331 0.252254 
2456810.692459 0.187859 
2456812.406586 0.077404 
2456814.120714 -0.005293 
2456815.834842 0.007188 
2456817.548970 0.118140 
2456819.263098 0.250039 
2456820.977226 0.282963 
2456822.691354 0.127674 
2456824.405482 -0.210113 
2456826.119610 -0.615224 
2456827.833738 -0.911764 
2456829.547866 -0.951862 
2456831.261994 -0.696430 
2456832.976122 -0.242096 
2456834.690250 0.223112 
2456836.404377 0.513573 
2456838.118505 0.539816 
2456839.832633 0.351968 
2456841.546761 0.109771 
2456843.260889 -0.004200 
2456844.975017 0.118928 
2456846.689145 0.459348 
2456848.403273 0.882718 
2456850.117401 1.212900 
2456851.831529 1.321773 
2456853.545657 1.187566 
2456855.259785 0.893146 
2456856.973913 0.570389 
2456858.688041 0.326099 
2456860.402168 0.192544 
2456862.116296 0.128217 
2456863.830424 0.063144 
2456865.544552 -0.043261 
2456867.258680 -0.169805 
2456868.972808 -0.247298 
2456870.686936 -0.209503 
2456872.401064 -0.048266 
2456874.115192 0.163978 
2456875.829320 0.302211 
2456877.543448 0.254784 
2456879.257576 -0.009275 
2456880.971704 -0.411273 
2456882.685832 -0.791773 
2456884.399959 -0.984900 
2456886.114087 -0.899554 
2456887.828215 -0.564313 
2456889.542343 -0.111938 
2456891.256471 0.288032 
2456892.970599 0.512422 
2456894.684727 0.539502 
2456896.398855 0.448546 
2456898.112983 0.367169 
2456899.827111 0.397556 
2456901.541239 0.562364 
2456903.255367 0.797976 
2456904.969495 0.995198 
2456906.683623 1.061357 
2456908.397750 0.967841 
2456910.111878 0.757906 
2456911.826006 0.514089 
2456913.540134 0.307887 
2456915.254262 0.163058 
2456916.968390 0.053620 
2456918.682518 -0.064866 
2456920.396646 -0.212895 
2456922.110774 -0.362354 
2456923.824902 -0.447090 
2456925.539030 -0.403929 
2456927.253158 -0.219590 
2456928.967286 0.046312 
2456930.681414 0.279261 
2456932.395541 0.362478 
2456934.109669 0.237117 
2456935.823797 -0.062843 
2456937.537925 -0.421207 
2456939.252053 -0.691625 
2456940.966181 -0.764801 
2456942.680309 -0.616539 
2456944.394437 -0.312937 
2456946.108565 0.027892 
2456947.822693 0.295600 
2456949.536821 0.436933 
2456951.250949 0.470387 
2456952.965077 0.462128 
2456954.679205 0.480205 
2456956.393332 0.554269 
2456958.107460 0.662457 
2456959.821588 0.749839 
2456961.535716 0.764475 
2456963.249844 0.688179 
2456964.963972 0.544175 
2456966.678100 0.379098 
2456968.392228 0.232665 
2456970.106356 0.115265 
2456971.820484 0.007804 
2456973.534612 -0.116578 
2456975.248740 -0.263710 
2456976.962868 -0.402399 
2456978.676996 -0.473798 
2456980.391123 -0.423112 
2456982.105251 -0.236201 
2456983.819379 0.040926 
2456985.533507 0.313447 
2456987.247635 0.476777 
2456988.961763 0.464518 
2456990.675891 0.280685 
2456992.390019 -0.000759 
2456994.104147 -0.269154 
2456995.818275 -0.426363 
2456997.532403 -0.427430 
2456999.246531 -0.293517 
2457000.960659 -0.093090 
2457002.674787 0.096260 
2457004.388914 0.224212 
2457006.103042 0.284269 
2457007.817170 0.304842 
2457009.531298 0.323532 
2457011.245426 0.361403 
2457012.959554 0.411888 
2457014.673682 0.448766 
2457016.387810 0.445789 
2457018.101938 0.394258 
2457019.816066 0.307413 
2457021.530194 0.209834 
2457023.244322 0.120043 
2457024.958450 0.038817 
2457026.672578 -0.048195 
2457028.386705 -0.154614 
2457030.100833 -0.274617 
2457031.814961 -0.374692 
2457033.529089 -0.403740 
2457035.243217 -0.318450 
2457036.957345 -0.110909 
2457038.671473 0.177508 
2457040.385601 0.465731 
2457042.099729 0.663601 
2457043.813857 0.709518 
2457045.527985 0.596782 
2457047.242113 0.375620 
2457048.956241 0.130030 
2457050.670369 -0.058837 
2457052.384496 -0.144906 
2457054.098624 -0.130312 
2457055.812752 -0.055261 
2457057.526880 0.027663 
2457059.241008 0.080121 
2457060.955136 0.092268 
2457062.669264 0.079510 
2457064.383392 0.066651 
2457066.097520 0.070385 
2457067.811648 0.090366 
2457069.525776 0.112532 
2457071.239904 0.120522 
2457072.954032 0.106525 
2457074.668160 0.074390 
2457076.382287 0.033768 
2457078.096415 -0.009509 
2457079.810543 -0.058873 
2457081.524671 -0.123251 
2457083.238799 -0.205547 
2457084.952927 -0.290959 
2457086.667055 -0.344215 
2457088.381183 -0.320459 
2457090.095311 -0.186488 
2457091.809439 0.057961 
2457093.523567 0.370874 
2457095.237695 0.677521 
2457096.951823 0.896491 
2457098.665951 0.971029 
2457100.380078 0.891196 
2457102.094206 0.696445 
2457103.808334 0.457566 
2457105.522462 0.246834 
2457107.236590 0.110377 
2457108.950718 0.054919 
2457110.664846 0.053269 
2457112.378974 0.063662 
2457114.093102 0.052021 
2457115.807230 0.006238 
2457117.521358 -0.062929 
2457119.235486 -0.132261 
2457120.949614 -0.180380 
2457122.663742 -0.197881 
2457124.377869 -0.189066 
2457126.091997 -0.166478 
2457127.806125 -0.143212 
2457129.520253 -0.128067 
2457131.234381 -0.125483 
2457132.948509 -0.138241 
2457134.662637 -0.168909 
2457136.376765 -0.217287 
2457138.090893 -0.274697 
2457139.805021 -0.319424 
2457141.519149 -0.318359 
2457143.233277 -0.237067 
2457144.947405 -0.055465 
2457146.661533 0.217985 
2457148.375660 0.541486 
2457150.089788 0.848874 
2457151.803916 1.070273 
2457153.518044 1.156417 
2457155.232172 1.096231 
2457156.946300 0.919935 
2457158.660428 0.686321 
2457160.374556 0.459904 
2457162.088684 0.287900 
2457163.802812 0.186447 
2457165.516940 0.140786 
2457167.231068 0.117610 
2457168.945196 0.082815 
2457170.659324 0.016477 
2457172.373451 -0.080710 
2457174.087579 -0.190706 
2457175.801707 -0.288010 
2457177.515835 -0.350931 
2457179.229963 -0.369594 
2457180.944091 -0.348415 
2457182.658219 -0.303379 
2457184.372347 -0.256107 
2457186.086475 -0.226951 
2457187.800603 -0.228807 
2457189.514731 -0.262658 
2457191.228859 -0.315640 
2457192.942987 -0.362449 
2457194.657115 -0.370627 
2457196.371242 -0.309357 
2457198.085370 -0.159811 
2457199.799498 0.076180 
2457201.513626 0.372702 
2457203.227754 0.683765 
2457204.941882 0.954355 
2457206.656010 1.135320 
2457208.370138 1.197123 
2457210.084266 1.137729 
2457211.798394 0.981976 
2457213.512522 0.772898 
2457215.226650 0.558241 
2457216.940778 0.376822 
2457218.654906 0.249014 
2457220.369033 0.173880 
2457222.083161 0.133149 
2457223.797289 0.100172 
2457225.511417 0.050715 
2457227.225545 -0.027876 
2457228.939673 -0.132014 
2457230.653801 -0.243282 
2457232.367929 -0.335623 
2457234.082057 -0.386013 
2457235.796185 -0.384743 
2457237.510313 -0.341063 
2457239.224441 -0.281207 
2457240.938569 -0.238617 
2457242.652697 -0.239605 
2457244.366824 -0.290176 
2457246.080952 -0.370002 
2457247.795080 -0.437038 
2457249.509208 -0.441900 
2457251.223336 -0.346725 
2457252.937464 -0.140918 
2457254.651592 0.152765 
2457256.365720 0.484356 
2457258.079848 0.792423 
2457259.793976 1.022909 
2457261.508104 1.143727 
2457263.222232 1.150263 
2457264.936360 1.061311 
2457266.650488 0.908974 
2457268.364615 0.727719 
2457270.078743 0.546722 
2457271.792871 0.386732 
2457273.506999 0.260023 
2457275.221127 0.171009 
2457276.935255 0.116184 
2457278.649383 0.084089 
2457280.363511 0.057275 
2457282.077639 0.017633 
2457283.791767 -0.045885 
2457285.505895 -0.130679 
2457287.220023 -0.219318 
2457288.934151 -0.286097 
2457290.648279 -0.309554 
2457292.362406 -0.285192 
2457294.076534 -0.231313 
2457295.790662 -0.183347 
2457297.504790 -0.177736 
2457299.218918 -0.232248 
2457300.933046 -0.332549 
2457302.647174 -0.432811 
2457304.361302 -0.471777 
2457306.075430 -0.398106 
2457307.789558 -0.193766 
2457309.503686 0.115390 
2457311.217814 0.466999 
2457312.931942 0.784336 
2457314.646070 1.003325 
2457316.360197 1.092675 
2457318.074325 1.059308 
2457319.788453 0.938613 
2457321.502581 0.776041 
2457323.216709 0.609611 
2457324.930837 0.460818 
2457326.644965 0.335863 
2457328.359093 0.233341 
2457330.073221 0.151871 
2457331.787349 0.092640 
2457333.501477 0.056314 
2457335.215605 0.038008 
2457336.929733 0.025474 
2457338.643861 0.003302 
2457340.357988 -0.038530 
2457342.072116 -0.097121 
2457343.786244 -0.155799 
2457345.500372 -0.192064 
2457347.214500 -0.190953 
2457348.928628 -0.156354 
2457350.642756 -0.112865 
2457352.356884 -0.095365 
2457354.071012 -0.130324 
2457355.785140 -0.218206 
2457357.499268 -0.326870 
2457359.213396 -0.401011 
2457360.927524 -0.384661 
2457362.641652 -0.246758 
2457364.355779 0.002375 
2457366.069907 0.311855 
2457367.784035 0.608374 
2457369.498163 0.823466 
2457371.212291 0.917566 
2457372.926419 0.890622 
2457374.640547 0.775876 
2457376.354675 0.621556 
2457378.068803 0.470310 
2457379.782931 0.345935 
2457381.497059 0.251969 
2457383.211187 0.179994 
2457384.925315 0.120872 
2457386.639443 0.071847 
2457388.353570 0.036182 
2457390.067698 0.017242 
2457391.781826 0.012354 
2457393.495954 0.011502 
2457395.210082 0.002261 
2457396.924210 -0.022154 
2457398.638338 -0.057315 
2457400.352466 -0.088920 
2457402.066594 -0.101193 
2457403.780722 -0.087790 
2457405.494850 -0.058420 
2457407.208978 -0.036230 
2457408.923106 -0.046060 
2457410.637234 -0.099197 
2457412.351361 -0.182976 
2457414.065489 -0.261781 
2457415.779617 -0.290363 
2457417.493745 -0.233884 
2457419.207873 -0.085201 
2457420.922001 0.129179 
2457422.636129 0.357723 
2457424.350257 0.543285 
2457426.064385 0.644409 
2457427.778513 0.648994 
2457429.492641 0.574909 
2457431.206769 0.458548 
2457432.920897 0.337905 
2457434.635025 0.238479 
2457436.349152 0.167877 
2457438.063280 0.119816 
2457439.777408 0.083421 
2457441.491536 0.051714 
2457443.205664 0.024756 
2457444.919792 0.006825 
2457446.633920 0.000695 
2457448.348048 0.003563 
2457450.062176 0.007565 
2457451.776304 0.004523 
2457453.490432 -0.008411 
2457455.204560 -0.026288 
2457456.918688 -0.039135 
2457458.632816 -0.038668 
2457460.346943 -0.024855 
2457462.061071 -0.007932 
2457463.775199 -0.003891 
2457465.489327 -0.025291 
2457467.203455 -0.072265 
2457468.917583 -0.129029 
2457470.631711 -0.168578 
2457472.345839 -0.163996 
2457474.059967 -0.101158 
2457475.774095 0.013411 
2457477.488223 0.153568 
2457479.202351 0.283195 
2457480.916479 0.370011 
2457482.630607 0.397242 
2457484.344734 0.368105 
2457486.058862 0.301757 
2457487.772990 0.223447 
2457489.487118 0.154002 
2457491.201246 0.103448 
2457492.915374 0.070875 
2457494.629502 0.049281 
2457496.343630 0.031827 
2457498.057758 0.015887 
2457499.771886 0.003156 
2457501.486014 -0.003345 
2457503.200142 -0.002784 
2457504.914270 0.001974 
2457506.628398 0.005840 
2457508.342525 0.004797 
2457510.056653 -0.001321 
2457511.770781 -0.008591 
2457513.484909 -0.011647 
2457515.199037 -0.007640 
2457516.913165 0.001038 
2457518.627293 0.007241 
2457520.341421 0.002865 
2457522.055549 -0.015959 
2457523.769677 -0.045236 
2457525.483805 -0.073328 
2457527.197933 -0.085370 
2457528.912061 -0.069934 
2457530.626189 -0.024717 
2457532.340316 0.041602 
2457534.054444 0.112315 
2457535.768572 0.169098 
2457537.482700 0.198877 
2457539.196828 0.198089 
2457540.910956 0.172681 
2457542.625084 0.134331 
2457544.339212 0.095052 
2457546.053340 0.062835 
2457547.767468 0.040067 
2457549.481596 0.024848 
2457551.195724 0.013862 
2457552.909852 0.004932 
2457554.623980 -0.002043 
2457556.338107 -0.005920 
2457558.052235 -0.005957 
2457559.766363 -0.002982 
2457561.480491 0.000730 
2457563.194619 0.002740 
2457564.908747 0.001970 
2457566.622875 -0.000608 
2457568.337003 -0.002634 
2457570.051131 -0.001997 
2457571.765259 0.001547 
2457573.479387 0.005864 
2457575.193515 0.007442 
2457576.907643 0.003438 
2457578.621771 -0.006358 
2457580.335898 -0.018778 
2457582.050026 -0.028271 
2457583.764154 -0.029226 
2457585.478282 -0.018497 
2457587.192410 0.003082 
2457588.906538 0.030898 
2457590.620666 0.058315 
2457592.334794 0.079107 
2457594.048922 0.089443 
2457595.763050 0.088677 
2457597.477178 0.078821 
2457599.191306 0.063218 
2457600.905434 0.045208 
2457602.619562 0.027346 
2457604.333689 0.011309 
2457606.047817 -0.001777 
2457607.761945 -0.011064 
2457609.476073 -0.016006 
2457611.190201 -0.016656 
2457612.904329 -0.013931 
2457614.618457 -0.009533 
2457616.332585 -0.005425 
2457618.046713 -0.003084 
2457619.760841 -0.002907 
2457621.474969 -0.004115 
2457623.189097 -0.005212 
2457624.903225 -0.004760 
2457626.617353 -0.002092 
2457628.331480 0.002415 
2457630.045608 0.007564 
2457631.759736 0.011910 
2457633.473864 0.014357 
2457635.187992 0.014521 
2457636.902120 0.012766 
2457638.616248 0.010035 
2457640.330376 0.007611 
2457642.044504 0.006912 
2457643.758632 0.009261 
2457645.472760 0.015555 
2457647.186888 0.025788 
2457648.901016 0.038615 
2457650.615144 0.051238 
2457652.329271 0.059889 
2457654.043399 0.060930 
2457655.757527 0.052251 
2457657.471655 0.034361 
2457659.185783 0.010622 
2457660.899911 -0.013646 
2457662.614039 -0.032906 
2457664.328167 -0.043322 
2457666.042295 -0.044025 
2457667.756423 -0.037189 
2457669.470551 -0.026934 
2457671.184679 -0.017565 
2457672.898807 -0.011962 
2457674.612935 -0.010763 
2457676.327062 -0.012547 
2457678.041190 -0.014773 
2457679.755318 -0.014893 
2457681.469446 -0.011154 
2457683.183574 -0.002905 
2457684.897702 0.009479 
2457686.611830 0.024755 
2457688.325958 0.040881 
2457690.040086 0.055101 
2457691.754214 0.064302 
2457693.468342 0.065859 
2457695.182470 0.058831 
2457696.896598 0.044992 
2457698.610726 0.028989 
2457700.324853 0.017179 
2457702.038981 0.015301 
2457703.753109 0.025825 
2457705.467237 0.046229 
2457707.181365 0.069190 
2457708.895493 0.084938 
2457710.609621 0.084964 
2457712.323749 0.065566 
2457714.037877 0.029642 
2457715.752005 -0.014136 
2457717.466133 -0.054468 
2457719.180261 -0.081584 
2457720.894389 -0.090638 
2457722.608517 -0.082973 
2457724.322644 -0.064910 
2457726.036772 -0.044784 
2457727.750900 -0.029633 
2457729.465028 -0.022912 
2457731.179156 -0.023912 
2457732.893284 -0.028751 
2457734.607412 -0.032158 
2457736.321540 -0.029209 
2457738.035668 -0.016507 
2457739.749796 0.007194 
2457741.463924 0.040672 
2457743.178052 0.080076 
2457744.892180 0.119092 
2457746.606308 0.149853 
2457748.320435 0.164858 
2457750.034563 0.159620 
2457751.748691 0.135071 
2457753.462819 0.098469 
2457755.176947 0.061854 
2457756.891075 0.038125 
2457758.605203 0.036019 
2457760.319331 0.056078 
2457762.033459 0.089569 
2457763.747587 0.121173 
2457765.461715 0.134648 
2457767.175843 0.119218 
2457768.889971 0.074007 
2457770.604099 0.008609 
2457772.318226 -0.060451 
2457774.032354 -0.115845 
2457775.746482 -0.145571 
2457777.460610 -0.146648 
2457779.174738 -0.125136 
2457780.888866 -0.092865 
2457782.602994 -0.062549 
2457784.317122 -0.043334 
2457786.031250 -0.038276 
2457787.745378 -0.044206 
2457789.459506 -0.053434 
2457791.173634 -0.056349 
2457792.887762 -0.044057 
2457794.601890 -0.010666 
2457796.316017 0.044916 
2457798.030145 0.117856 
2457799.744273 0.197369 
2457801.458401 0.268379 
2457803.172529 0.315091 
2457804.886657 0.325863 
2457806.600785 0.297835 
2457808.314913 0.239275 
2457810.029041 0.168095 
2457811.743169 0.106394 
2457813.457297 0.072688 
2457815.171425 0.074794 
2457816.885553 0.106416 
2457818.599681 0.149148 
2457820.313808 0.179346 
2457822.027936 0.177221 
2457823.742064 0.134451 
2457825.456192 0.057262 
2457827.170320 -0.036130 
2457828.884448 -0.122461 
2457830.598576 -0.181763 
2457832.312704 -0.203797 
2457834.026832 -0.190394 
2457835.740960 -0.153346 
2457837.455088 -0.109245 
2457839.169216 -0.073520 
2457840.883344 -0.055705 
2457842.597472 -0.057071 
2457844.311599 -0.070754 
2457846.025727 -0.083876 
2457847.739855 -0.081000 
2457849.453983 -0.048365 
2457851.168111 0.021742 
2457852.882239 0.127386 
2457854.596367 0.255417 
2457856.310495 0.383127 
2457858.024623 0.483548 
2457859.738751 0.533351 
2457861.452879 0.520903 
2457863.167007 0.451309 
2457864.881135 0.345950 
2457866.595263 0.235993 
2457868.309390 0.151879 
2457870.023518 0.112679 
2457871.737646 0.119560 
2457873.451774 0.156036 
2457875.165902 0.194912 
2457876.880030 0.209050 
2457878.594158 0.181584 
2457880.308286 0.111641 
2457882.022414 0.013690 
2457883.736542 -0.088649 
2457885.450670 -0.171406 
2457887.164798 -0.218138 
2457888.878926 -0.224246 
2457890.593054 -0.196860 
2457892.307181 -0.151165 
2457894.021309 -0.104960 
2457895.735437 -0.073211 
2457897.449565 -0.063847 
2457899.163693 -0.075371 
2457900.877821 -0.096656 
2457902.591949 -0.109160 
2457904.306077 -0.091659 
2457906.020205 -0.026918 
2457907.734333 0.091310 
2457909.448461 0.253404 
2457911.162589 0.433610 
2457912.876717 0.595622 
2457914.590845 0.703002 
2457916.304972 0.731120 
2457918.019100 0.676085 
2457919.733228 0.556822 
2457921.447356 0.408996 
2457923.161484 0.272815 
2457924.875612 0.179356 
2457926.589740 0.140765 
2457928.303868 0.147989 
2457930.017996 0.176507 
2457931.732124 0.197209 
2457933.446252 0.187743 
2457935.160380 0.139907 
2457936.874508 0.060822 
2457938.588636 -0.031579 
2457940.302763 -0.116061 
2457942.016891 -0.175338 
2457943.731019 -0.200657 
2457945.445147 -0.192971 
2457947.159275 -0.161323 
2457948.873403 -0.119640 
2457950.587531 -0.082901 
2457952.301659 -0.063137 
2457954.015787 -0.065611 
2457955.729915 -0.085911 
2457957.444043 -0.109201 
2457959.158171 -0.112953 
2457960.872299 -0.073490 
2457962.586427 0.025047 
2457964.300554 0.182431 
2457966.014682 0.378530 
2457967.728810 0.576539 
2457969.442938 0.733156 
2457971.157066 0.812479 
2457972.871194 0.798356 
2457974.585322 0.700124 
2457976.299450 0.549201 
2457978.013578 0.387790 
2457979.727706 0.254247 
2457981.441834 0.170959 
2457983.155962 0.139243 
2457984.870090 0.142557 
2457986.584218 0.155779 
2457988.298345 0.156066 
2457990.012473 0.130810 
2457991.726601 0.080168 
2457993.440729 0.014343 
2457995.154857 -0.052041 
2457996.868985 -0.105593 
2457998.583113 -0.137787 
2458000.297241 -0.146142 
2458002.011369 -0.133675 
2458003.725497 -0.107659 
2458005.439625 -0.078109 
2458007.153753 -0.055720 
2458008.867881 -0.048844 
2458010.582009 -0.059773 
2458012.296136 -0.081713 
2458014.010264 -0.098421 
2458015.724392 -0.087984 
2458017.438520 -0.030422 
2458019.152648 0.083300 
2458020.866776 0.244722 
2458022.580904 0.427266 
2458024.295032 0.592822 
2458026.009160 0.703665 
2458027.723288 0.735219 
2458029.437416 0.684481 
2458031.151544 0.570614 
2458032.865672 0.427488 
2458034.579800 0.291402 
2458036.293927 0.189070 
2458038.008055 0.130555 
2458039.722183 0.109313 
2458041.436311 0.108317 
2458043.150439 0.108815 
2458044.864567 0.097716 
2458046.578695 0.070962 
2458048.292823 0.032498 
2458050.006951 -0.009492 
2458051.721079 -0.046690 
2458053.435207 -0.073268 
2458055.149335 -0.086617 
2458056.863463 -0.086903 
2458058.577591 -0.076511 
2458060.291718 -0.059855 
2458062.005846 -0.043112 
2458063.719974 -0.033055 
2458065.434102 -0.034543 
2458067.148230 -0.047331 
2458068.862358 -0.063880 
2458070.576486 -0.069986 
2458072.290614 -0.048993 
2458074.004742 0.011440 
2458075.718870 0.112728 
2458077.432998 0.242097 
2458079.147126 0.374736 
2458080.861254 0.481127 
2458082.575382 0.536886 
2458084.289509 0.531142 
2458086.003637 0.469969 
2458087.717765 0.373522 
2458089.431893 0.268257 
2458091.146021 0.177633 
2458092.860149 0.115104 
2458094.574277 0.081880 
2458096.288405 0.069609 
2458098.002533 0.066031 
2458099.716661 0.060700 
2458101.430789 0.048392 
2458103.144917 0.029377 
2458104.859045 0.007337 
2458106.573172 -0.013369 
2458108.287300 -0.029601 
2458110.001428 -0.039917 
2458111.715556 -0.044093 
2458113.429684 -0.042565 
2458115.143812 -0.036441 
2458116.857940 -0.027926 
2458118.572068 -0.020457 
2458120.286196 -0.017813 
2458122.000324 -0.022171 
2458123.714452 -0.031933 
2458125.428580 -0.040731 
2458127.142708 -0.038682 
2458128.856836 -0.015950 
2458130.570963 0.032668 
2458132.285091 0.104199 
2458133.999219 0.186903 
2458135.713347 0.263291 
2458137.427475 0.315795 
2458139.141603 0.332809 
2458140.855731 0.312591 
2458142.569859 0.263418 
2458144.283987 0.200069 
2458145.998115 0.138283 
2458147.712243 0.089578 
2458149.426371 0.058449 
2458151.140499 0.042694 
2458152.854627 0.036162 
2458154.568754 0.032305 
2458156.282882 0.026835 
2458157.997010 0.018590 
2458159.711138 0.008744 
2458161.425266 -0.000753 
2458163.139394 -0.008452 
2458164.853522 -0.013832 
2458166.567650 -0.016970 
2458168.281778 -0.018021 
2458169.995906 -0.017047 
2458171.710034 -0.014342 
2458173.424162 -0.010896 
2458175.138290 -0.008451 
2458176.852418 -0.008792 
2458178.566545 -0.012504 
2458180.280673 -0.017868 
2458181.994801 -0.020716 
2458183.708929 -0.015637 
2458185.423057 0.001743 
2458187.137185 0.032412 
2458188.851313 0.072694 
2458190.565441 0.114831 
2458192.279569 0.149344 
2458193.993697 0.168272 
2458195.707825 0.167914 
2458197.421953 0.149943 
2458199.136081 0.120479 
2458200.850209 0.087610 
2458202.564336 0.058506 
2458204.278464 0.037332 
2458205.992592 0.024652 
2458207.706720 0.018319 
2458209.420848 0.015161 
2458211.134976 0.012565 
2458212.849104 0.009307 
2458214.563232 0.005463 
2458216.277360 0.001733 
2458217.991488 -0.001270 
2458219.705616 -0.003376 
2458221.419744 -0.004761 
2458223.133872 -0.005618 
2458224.848000 -0.005947 
2458226.562127 -0.005621 
2458228.276255 -0.004683 
2458229.990383 -0.003583 
2458231.704511 -0.003104 
2458233.418639 -0.003907 
2458235.132767 -0.005928 
2458236.846895 -0.007998 
2458238.561023 -0.008022 
2458240.275151 -0.003748 
2458241.989279 0.006150 
2458243.703407 0.021210 
2458245.417535 0.038981 
2458247.131663 0.055671 
2458248.845791 0.067408 
2458250.559918 0.071584 
2458252.274046 0.067728 
2458253.988174 0.057532 
2458255.702302 0.044095 
2458257.416430 0.030731 
2458259.130558 0.019890 
2458260.844686 0.012586 
2458262.558814 0.008481 
2458264.272942 0.006451 
2458265.987070 0.005284 
2458267.701198 0.004179 
2458269.415326 0.002888 
2458271.129454 0.001544 
2458272.843582 0.000374 
2458274.557709 -0.000509 
2458276.271837 -0.001141 
2458277.985965 -0.001606 
2458279.700093 -0.001925 
2458281.414221 -0.002032 
2458283.128349 -0.001867 
2458284.842477 -0.001492 
2458286.556605 -0.001142 
2458288.270733 -0.001116 
2458289.984861 -0.001573 
2458291.698989 -0.002332 
2458293.413117 -0.002822 
2458295.127245 -0.002250 
2458296.841373 0.000054 
2458298.555500 0.004283 
2458300.269628 0.009953 
2458301.983756 0.015976 
2458303.697884 0.020999 
2458305.412012 0.023865 
2458307.126140 0.024008 
2458308.840268 0.021613 
2458310.554396 0.017501 
2458312.268524 0.012797 
2458313.982652 0.008536 
2458315.696780 0.005371 
2458317.410908 0.003465 
2458319.125036 0.002585 
2458320.839164 0.002295 
2458322.553291 0.002173 
2458324.267419 0.001940 
2458325.981547 0.001493 
2458327.695675 0.000865 
2458329.409803 0.000156 
2458331.123931 -0.000523 
2458332.838059 -0.001076 
2458334.552187 -0.001430 
2458336.266315 -0.001542 
2458337.980443 -0.001419 
2458339.694571 -0.001131 
2458341.408699 -0.000805 
2458343.122827 -0.000585 
2458344.836955 -0.000570 
2458346.551082 -0.000751 
2458348.265210 -0.000987 
2458349.979338 -0.001036 
2458351.693466 -0.000640 
2458353.407594 0.000361 
2458355.121722 0.001948 
2458356.835850 0.003898 
2458358.549978 0.005832 
2458360.264106 0.007332 
2458361.978234 0.008068 
2458363.692362 0.007903 
2458365.406490 0.006932 
2458367.120618 0.005445 
2458368.834746 0.003832 
2458370.548873 0.002459 
2458372.263001 0.001569 
2458373.977129 0.001225 
2458375.691257 0.001309 
2458377.405385 0.001588 
2458379.119513 0.001800 
2458380.833641 0.001743 
2458382.547769 0.001331 
2458384.261897 0.000618 
2458385.976025 -0.000243 
2458387.690153 -0.001051 
2458389.404281 -0.001630 
2458391.118409 -0.001880 
2458392.832537 -0.001801 
2458394.546664 -0.001487 
2458396.260792 -0.001081 
2458397.974920 -0.000733 
2458399.689048 -0.000547 
2458401.403176 -0.000554 
2458403.117304 -0.000697 
2458404.831432 -0.000843 
2458406.545560 -0.000824 
2458408.259688 -0.000484 
2458409.973816 0.000266 
2458411.687944 0.001406 
2458413.402072 0.002785 
2458415.116200 0.004155 
2458416.830328 0.005225 
2458418.544455 0.005752 
2458420.258583 0.005622 
2458421.972711 0.004893 
2458423.686839 0.003786 
2458425.400967 0.002616 
2458427.115095 0.001686 
2458428.829223 0.001188 
2458430.543351 0.001141 
2458432.257479 0.001399 
2458433.971607 0.001716 
2458435.685735 0.001844 
2458437.399863 0.001624 
2458439.113991 0.001038 
2458440.828119 0.000202 
2458442.542246 -0.000686 
2458444.256374 -0.001420 
2458445.970502 -0.001856 
2458447.684630 -0.001946 
2458449.398758 -0.001739 
2458451.112886 -0.001360 
2458452.827014 -0.000956 
2458454.541142 -0.000665 
2458456.255270 -0.000566 
2458457.969398 -0.000659 
2458459.683526 -0.000857 
2458461.397654 -0.000995 
2458463.111782 -0.000874 
2458464.825910 -0.000323 
2458466.540037 0.000732 
2458468.254165 0.002217 
2458469.968293 0.003901 
2458471.682421 0.005446 
2458473.396549 0.006506 
2458475.110677 0.006840 
2458476.824805 0.006394 
2458478.538933 0.005331 
2458480.253061 0.003971 
2458481.967189 0.002680 
2458483.681317 0.001750 
2458485.395445 0.001304 
2458487.109573 0.001279 
2458488.823701 0.001470 
2458490.537828 0.001629 
2458492.251956 0.001561 
2458493.966084 0.001189 
2458495.680212 0.000562 
2458497.394340 -0.000180 
2458499.108468 -0.000869 
2458500.822596 -0.001367 
2458502.536724 -0.001600 
2458504.250852 -0.001568 
2458505.964980 -0.001336 
2458507.679108 -0.001009 
2458509.393236 -0.000705 
2458511.107364 -0.000529 
2458512.821492 -0.000536 
2458514.535619 -0.000701 
2458516.249747 -0.000911 
2458517.963875 -0.000974 
2458519.678003 -0.000682 
2458521.392131 0.000116 
2458523.106259 0.001436 
2458524.820387 0.003116 
2458526.534515 0.004848 
2458528.248643 0.006253 
2458529.962771 0.007009 
2458531.676899 0.006960 
2458533.391027 0.006171 
2458535.105155 0.004897 
2458536.819283 0.003499 
2458538.533410 0.002308 
2458540.247538 0.001527 
2458541.961666 0.001183 
2458543.675794 0.001149 
2458545.389922 0.001225 
2458547.104050 0.001223 
2458548.818178 0.001036 
2458550.532306 0.000658 
2458552.246434 0.000163 
2458553.960562 -0.000342 
2458555.674690 -0.000756 
2458557.388818 -0.001015 
2458559.102946 -0.001099 
2458560.817074 -0.001025 
2458562.531201 -0.000842 
2458564.245329 -0.000621 
2458565.959457 -0.000443 
2458567.673585 -0.000378 
2458569.387713 -0.000454 
2458571.101841 -0.000627 
2458572.815969 -0.000775 
2458574.530097 -0.000724 
2458576.244225 -0.000306 
2458577.958353 0.000564 
2458579.672481 0.001835 
2458581.386609 0.003303 
2458583.100737 0.004665 
2458584.814865 0.005611 
2458586.528992 0.005930 
2458588.243120 0.005581 
2458589.957248 0.004705 
2458591.671376 0.003566 
2458593.385504 0.002455 
2458595.099632 0.001594 
2458596.813760 0.001076 
2458598.527888 0.000860 
2458600.242016 0.000820 
2458601.956144 0.000810 
2458603.670272 0.000728 
2458605.384400 0.000538 
2458607.098528 0.000264 
2458608.812656 -0.000036 
2458610.526783 -0.000304 
2458612.240911 -0.000498 
2458613.955039 -0.000603 
2458615.669167 -0.000617 
2458617.383295 -0.000554 
2458619.097423 -0.000442 
2458620.811551 -0.000323 
2458622.525679 -0.000245 
2458624.239807 -0.000249 
2458625.953935 -0.000339 
2458627.668063 -0.000465 
2458629.382191 -0.000525 
2458631.096319 -0.000394 
2458632.810447 0.000030 
2458634.524574 0.000766 
2458636.238702 0.001729 
2458637.952830 0.002738 
2458639.666958 0.003569 
2458641.381086 0.004033 
2458643.095214 0.004036 
2458644.809342 0.003613 
2458646.523470 0.002906 
2458648.237598 0.002112 
2458649.951726 0.001411 
2458651.665854 0.000910 
2458653.379982 0.000629 
2458655.094110 0.000511 
2458656.808238 0.000469 
2458658.522365 0.000426 
2458660.236493 0.000341 
2458661.950621 0.000213 
2458663.664749 0.000065 
2458665.378877 -0.000074 
2458667.093005 -0.000183 
2458668.807133 -0.000253 
2458670.521261 -0.000285 
2458672.235389 -0.000280 
2458673.949517 -0.000245 
2458675.663645 -0.000193 
2458677.377773 -0.000144 
2458679.091901 -0.000126 
2458680.806029 -0.000154 
2458682.520156 -0.000220 
2458684.234284 -0.000283 
2458685.948412 -0.000275 
2458687.662540 -0.000128 
2458689.376668 0.000200 
2458691.090796 0.000692 
2458692.804924 0.001272 
2458694.519052 0.001819 
2458696.233180 0.002209 
2458697.947308 0.002357 
2458699.661436 0.002243 
2458701.375564 0.001918 
2458703.089692 0.001480 
2458704.803820 0.001040 
2458706.517947 0.000680 
2458708.232075 0.000438 
2458709.946203 0.000306 
2458711.660331 0.000244 
2458713.374459 0.000209 
2458715.088587 0.000172 
2458716.802715 0.000120 
2458718.516843 0.000060 
2458720.230971 0.000002 
2458721.945099 -0.000043 
2458723.659227 -0.000074 
2458725.373355 -0.000091 
2458727.087483 -0.000097 
2458728.801611 -0.000094 
2458730.515738 -0.000083 
2458732.229866 -0.000069 
2458733.943994 -0.000062 
2458735.658122 -0.000070 
2458737.372250 -0.000094 
2458739.086378 -0.000124 
2458740.800506 -0.000134 
2458742.514634 -0.000094 
2458744.228762 0.000022 
2458745.942890 0.000219 
2458747.657018 0.000474 
2458749.371146 0.000742 
2458751.085274 0.000966 
2458752.799402 0.001098 
2458754.513529 0.001113 
2458756.227657 0.001017 
2458757.941785 0.000843 
2458759.655913 0.000636 
2458761.370041 0.000441 
2458763.084169 0.000285 
2458764.798297 0.000179 
2458766.512425 0.000117 
2458768.226553 0.000082 
2458769.940681 0.000061 
2458771.654809 0.000043 
2458773.368937 0.000026 
2458775.083065 0.000010 
2458776.797193 -0.000001 
2458778.511320 -0.000007 
2458780.225448 -0.000008 
2458781.939576 -0.000006 
2458783.653704 -0.000006 
2458785.367832 -0.000008 
2458787.081960 -0.000015 
2458788.796088 -0.000027 
2458790.510216 -0.000043 
2458792.224344 -0.000058 
2458793.938472 -0.000066 
2458795.652600 -0.000060 
2458797.366728 -0.000034 
2458799.080856 0.000016 
2458800.794984 0.000087 
2458802.509111 0.000172 
2458804.223239 0.000260 
2458805.937367 0.000337 
2458807.651495 0.000394 
2458809.365623 0.000422 
2458811.079751 0.000420 
2458812.793879 0.000388 
2458814.508007 0.000332 
2458816.222135 0.000262 
2458817.936263 0.000187 
2458819.650391 0.000117 
2458821.364519 0.000061 
2458823.078647 0.000022 
2458824.792775 0.000001 
2458826.506902 -0.000007 
2458828.221030 -0.000006 
2458829.935158 -0.000002 
2458831.649286 0.000004 
2458833.363414 0.000010 
2458835.077542 0.000019 
2458836.791670 0.000029 
2458838.505798 0.000038 
2458840.219926 0.000038 
2458841.934054 0.000026 
2458843.648182 0.000000 
2458845.362310 -0.000033 
2458847.076438 -0.000061 
2458848.790566 -0.000073 
2458850.504693 -0.000059 
2458852.218821 -0.000020 
2458853.932949 0.000032 
2458855.647077 0.000083 
2458857.361205 0.000117 
2458859.075333 0.000130 
2458860.789461 0.000126 
2458862.503589 0.000116 
2458864.217717 0.000114 
2458865.931845 0.000125 
2458867.645973 0.000147 
2458869.360101 0.000167 
2458871.074229 0.000172 
2458872.788357 0.000152 
2458874.502484 0.000111 
2458876.216612 0.000058 
2458877.930740 0.000009 
2458879.644868 -0.000024 
2458881.358996 -0.000037 
2458883.073124 -0.000033 
2458884.787252 -0.000020 
2458886.501380 -0.000005 
2458888.215508 0.000010 
2458889.929636 0.000025 
2458891.643764 0.000042 
2458893.357892 0.000059 
2458895.072020 0.000069 
2458896.786148 0.000061 
2458898.500275 0.000032 
2458900.214403 -0.000015 
2458901.928531 -0.000064 
2458903.642659 -0.000096 
2458905.356787 -0.000094 
2458907.070915 -0.000054 
2458908.785043 0.000012 
2458910.499171 0.000080 
2458912.213299 0.000126 
2458913.927427 0.000135 
2458915.641555 0.000110 
2458917.355683 0.000068 
2458919.069811 0.000035 
2458920.783939 0.000030 
2458922.498066 0.000055 
2458924.212194 0.000100 
2458925.926322 0.000140 
2458927.640450 0.000156 
2458929.354578 0.000138 
2458931.068706 0.000091 
2458932.782834 0.000033 
2458934.496962 -0.000018 
2458936.211090 -0.000047 
2458937.925218 -0.000053 
2458939.639346 -0.000042 
2458941.353474 -0.000022 
2458943.067602 -0.000001 
2458944.781730 0.000021 
2458946.495857 0.000044 
2458948.209985 0.000068 
2458949.924113 0.000086 
2458951.638241 0.000088 
2458953.352369 0.000065 
2458955.066497 0.000017 
2458956.780625 -0.000044 
2458958.494753 -0.000098 
2458960.208881 -0.000120 
2458961.923009 -0.000099 
2458963.637137 -0.000039 
2458965.351265 0.000039 
2458967.065393 0.000106 
2458968.779521 0.000139 
2458970.493648 0.000130 
2458972.207776 0.000091 
2458973.921904 0.000047 
2458975.636032 0.000023 
2458977.350160 0.000031 
2458979.064288 0.000070 
2458980.778416 0.000118 
2458982.492544 0.000153 
2458984.206672 0.000156 
2458985.920800 0.000125 
2458987.634928 0.000070 
2458989.349056 0.000012 
2458991.063184 -0.000033 
2458992.777312 -0.000055 
2458994.491439 -0.000055 
2458996.205567 -0.000040 
2458997.919695 -0.000018 
2458999.633823 0.000007 
2459001.347951 0.000034 
2459003.062079 0.000062 
2459004.776207 0.000085 
2459006.490335 0.000096 
2459008.204463 0.000085 
2459009.918591 0.000049 
2459011.632719 -0.000007 
2459013.346847 -0.000066 
2459015.060975 -0.000108 
2459016.775103 -0.000115 
2459018.489230 -0.000083 
2459020.203358 -0.000024 
2459021.917486 0.000041 
2459023.631614 0.000088 
2459025.345742 0.000101 
2459027.059870 0.000083 
2459028.773998 0.000048 
2459030.488126 0.000019 
2459032.202254 0.000011 
2459033.916382 0.000031 
2459035.630510 0.000071 
2459037.344638 0.000111 
2459039.058766 0.000133 
2459040.772894 0.000128 
2459042.487021 0.000095 
2459044.201149 0.000047 
2459045.915277 -0.000002 
2459047.629405 -0.000037 
2459049.343533 -0.000053 
2459051.057661 -0.000050 
2459052.771789 -0.000033 
2459054.485917 -0.000009 
2459056.200045 0.000017 
2459057.914173 0.000043 
2459059.628301 0.000066 
2459061.342429 0.000080 
2459063.056557 0.000081 
2459064.770685 0.000063 
2459066.484812 0.000028 
2459068.198940 -0.000018 
2459069.913068 -0.000062 
2459071.627196 -0.000089 
2459073.341324 -0.000090 
2459075.055452 -0.000065 
2459076.769580 -0.000025 
2459078.483708 0.000014 
2459080.197836 0.000034 
2459081.911964 0.000028 
2459083.626092 -0.000000 
2459085.340220 -0.000037 
2459087.054348 -0.000061 
2459088.768476 -0.000058 
2459090.482603 -0.000024 
2459092.196731 0.000031 
2459093.910859 0.000087 
2459095.624987 0.000123 
2459097.339115 0.000126 
2459099.053243 0.000094 
2459100.767371 0.000040 
2459102.481499 -0.000016 
2459104.195627 -0.000055 
2459105.909755 -0.000069 
2459107.623883 -0.000059 
2459109.338011 -0.000032 
2459111.052139 -0.000001 
2459112.766267 0.000027 
2459114.480394 0.000050 
2459116.194522 0.000068 
2459117.908650 0.000083 
2459119.622778 0.000087 
2459121.336906 0.000074 
2459123.051034 0.000039 
2459124.765162 -0.000014 
2459126.479290 -0.000070 
2459128.193418 -0.000107 
2459129.907546 -0.000107 
2459131.621674 -0.000065 
2459133.335802 -0.000002 
2459135.049930 0.000051 
2459136.764058 0.000059 
2459138.478185 0.000006 
2459140.192313 -0.000093 
2459141.906441 -0.000198 
2459143.620569 -0.000256 
2459145.334697 -0.000229 
2459147.048825 -0.000113 
2459148.762953 0.000055 
2459150.477081 0.000212 
2459152.191209 0.000298 
2459153.905337 0.000282 
2459155.619465 0.000176 
2459157.333593 0.000027 
2459159.047721 -0.000104 
2459160.761849 -0.000175 
2459162.475976 -0.000174 
2459164.190104 -0.000121 
2459165.904232 -0.000049 
2459167.618360 0.000015 
2459169.332488 0.000067 
2459171.046616 0.000116 
2459172.760744 0.000172 
2459174.474872 0.000226 
2459176.189000 0.000246 
2459177.903128 0.000197 
2459179.617256 0.000068 
2459181.331384 -0.000112 
2459183.045512 -0.000269 
2459184.759640 -0.000322 
2459186.473767 -0.000221 
2459188.187895 0.000009 
2459189.902023 0.000274 
2459191.616151 0.000440 
2459193.330279 0.000408 
2459195.044407 0.000162 
2459196.758535 -0.000203 
2459198.472663 -0.000521 
2459200.186791 -0.000627 
2459201.900919 -0.000443 
2459203.615047 -0.000022 
2459205.329175 0.000474 
2459207.043303 0.000841 
2459208.757431 0.000932 
2459210.471558 0.000719 
2459212.185686 0.000305 
2459213.899814 -0.000138 
2459215.613942 -0.000447 
2459217.328070 -0.000545 
2459219.042198 -0.000456 
2459220.756326 -0.000267 
2459222.470454 -0.000067 
2459224.184582 0.000105 
2459225.898710 0.000266 
2459227.612838 0.000448 
2459229.326966 0.000642 
2459231.041094 0.000771 
2459232.755222 0.000723 
2459234.469349 0.000421 
2459236.183477 -0.000095 
2459237.897605 -0.000649 
2459239.611733 -0.000985 
2459241.325861 -0.000889 
2459243.039989 -0.000322 
2459244.754117 0.000529 
2459246.468245 0.001308 
2459248.182373 0.001647 
2459249.896501 0.001357 
2459251.610629 0.000538 
2459253.324757 -0.000440 
2459255.038885 -0.001105 
2459256.753013 -0.001105 
2459258.467140 -0.000390 
2459260.181268 0.000756 
2459261.895396 0.001844 
2459263.609524 0.002407 
2459265.323652 0.002214 
2459267.037780 0.001368 
2459268.751908 0.000233 
2459270.466036 -0.000755 
2459272.180164 -0.001290 
2459273.894292 -0.001309 
2459275.608420 -0.000959 
2459277.322548 -0.000466 
2459279.036676 0.000013 
2459280.750804 0.000456 
2459282.464931 0.000925 
2459284.179059 0.001439 
2459285.893187 0.001876 
2459287.607315 0.001985 
2459289.321443 0.001523 
2459291.035571 0.000447 
2459292.749699 -0.000960 
2459294.463827 -0.002142 
2459296.177955 -0.002501 
2459297.892083 -0.001707 
2459299.606211 0.000074 
2459301.320339 0.002184 
2459303.034467 0.003739 
2459304.748595 0.004042 
2459306.462722 0.002943 
2459308.176850 0.000950 
2459309.890978 -0.000981 
2459311.605106 -0.001895 
2459313.319234 -0.001302 
2459315.033362 0.000579 
2459316.747490 0.002916 
2459318.461618 0.004666 
2459320.175746 0.005059 
2459321.889874 0.003943 
2459323.604002 0.001812 
2459325.318130 -0.000482 
2459327.032258 -0.002144 
2459328.746386 -0.002776 
2459330.460513 -0.002464 
2459332.174641 -0.001596 
2459333.888769 -0.000572 
2459335.602897 0.000422 
2459337.317025 0.001422 
2459339.031153 0.002504 
2459340.745281 0.003551 
2459342.459409 0.004163 
2459344.173537 0.003818 
2459345.887665 0.002215 
2459347.601793 -0.000405 
2459349.315921 -0.003182 
2459351.030049 -0.004923 
2459352.744177 -0.004654 
2459354.458304 -0.002163 
2459356.172432 0.001766 
2459357.886560 0.005615 
2459359.600688 0.007792 
2459361.314816 0.007394 
2459363.028944 0.004680 
2459364.743072 0.000994 
2459366.457200 -0.001856 
2459368.171328 -0.002460 
2459369.885456 -0.000485 
2459371.599584 0.003167 
2459373.313712 0.006808 
2459375.027840 0.008775 
2459376.741968 0.008197 
2459378.456095 0.005340 
2459380.170223 0.001386 
2459381.884351 -0.002196 
2459383.598479 -0.004329 
2459385.312607 -0.004712 
2459387.026735 -0.003741 
2459388.740863 -0.002100 
2459390.454991 -0.000305 
2459392.169119 0.001501 
2459393.883247 0.003402 
2459395.597375 0.005347 
2459397.311503 0.006877 
2459399.025631 0.007185 
2459400.739759 0.005548 
2459402.453886 0.001893 
2459404.168014 -0.002854 
2459405.882142 -0.006947 
2459407.596270 -0.008520 
2459409.310398 -0.006509 
2459411.024526 -0.001310 
2459412.738654 0.005225 
2459414.452782 0.010528 
2459416.166910 0.012483 
2459417.881038 0.010443 
2459419.595166 0.005579 
2459421.309294 0.000341 
2459423.023422 -0.002697 
2459424.737550 -0.002071 
2459426.451677 0.001897 
2459428.165805 0.007296 
2459429.879933 0.011579 
2459431.594061 0.012776 
2459433.308189 0.010356 
2459435.022317 0.005343 
2459436.736445 -0.000307 
2459438.450573 -0.004685 
2459440.164701 -0.006727 
2459441.878829 -0.006451 
2459443.592957 -0.004615 
2459445.307085 -0.002087 
2459447.021213 0.000636 
2459448.735341 0.003480 
2459450.449468 0.006429 
2459452.163596 0.009090 
2459453.877724 0.010534 
2459455.591852 0.009655 
2459457.305980 0.005876 
2459459.020108 -0.000214 
2459460.734236 -0.006737 
2459462.448364 -0.011140 
2459464.162492 -0.011321 
2459465.876620 -0.006729 
2459467.590748 0.001175 
2459469.304876 0.009413 
2459471.019004 0.014771 
2459472.733132 0.015279 
2459474.447259 0.011140 
2459476.161387 0.004636 
2459477.875515 -0.000964 
2459479.589643 -0.002967 
2459481.303771 -0.000501 
2459483.017899 0.005139 
2459484.732027 0.011196 
2459486.446155 0.014814 
2459488.160283 0.014350 
2459489.874411 0.010003 
2459491.588539 0.003533 
2459493.302667 -0.002712 
2459495.016795 -0.006871 
2459496.730923 -0.008223 
2459498.445050 -0.007147 
2459500.159178 -0.004564 
2459501.873306 -0.001289 
2459503.587434 0.002280 
2459505.301562 0.006004 
2459507.015690 0.009562 
2459508.729818 0.012135 
2459510.443946 0.012532 
2459512.158074 0.009800 
2459513.872202 0.003972 
2459515.586330 -0.003526 
2459517.300458 -0.010171 
2459519.014586 -0.013320 
2459520.728713 -0.011443 
2459522.442841 -0.004977 
2459524.156969 0.003697 
2459525.871097 0.011218 
2459527.585225 0.014730 
2459529.299353 0.013178 
2459531.013481 0.007765 
2459532.727609 0.001350 
2459534.441737 -0.002927 
2459536.155865 -0.003106 
2459537.869993 0.000749 
2459539.584121 0.006690 
2459541.298249 0.011905 
2459543.012377 0.014043 
2459544.726504 0.012219 
2459546.440632 0.007231 
2459548.154760 0.001004 
2459549.868888 -0.004375 
2459551.583016 -0.007510 
2459553.297144 -0.008043 
2459555.011272 -0.006445 
2459556.725400 -0.003503 
2459558.439528 0.000126 
2459560.153656 0.004023 
2459561.867784 0.007813 
2459563.581912 0.010879 
2459565.296040 0.012309 
2459567.010168 0.011203 
2459568.724295 0.007222 
2459570.438423 0.001046 
2459572.152551 -0.005598 
2459573.866679 -0.010483 
2459575.580807 -0.011791 
2459577.294935 -0.008989 
2459579.009063 -0.003185 
2459580.723191 0.003256 
2459582.437319 0.007705 
2459584.151447 0.008421 
2459585.865575 0.005325 
2459587.579703 0.000021 
2459589.293831 -0.004952 
2459591.007959 -0.007271 
2459592.722086 -0.005855 
2459594.436214 -0.001289 
2459596.150342 0.004499 
2459597.864470 0.009146 
2459599.578598 0.010867 
2459601.292726 0.009144 
2459603.006854 0.004803 
2459604.720982 -0.000469 
2459606.435110 -0.004894 
2459608.149238 -0.007263 
2459609.863366 -0.007244 
2459611.577494 -0.005249 
2459613.291622 -0.002068 
2459615.005750 0.001526 
2459616.719877 0.004960 
2459618.434005 0.007815 
2459620.148133 0.009677 
2459621.862261 0.010058 
2459623.576389 0.008527 
2459625.290517 0.005013 
2459627.004645 0.000086 
2459628.718773 -0.005000 
2459630.432901 -0.008648 
2459632.147029 -0.009564 
2459633.861157 -0.007434 
2459635.575285 -0.003260 
2459637.289413 0.000890 
2459639.003541 0.002708 
2459640.717668 0.000729 
2459642.431796 -0.004839 
2459644.145924 -0.011987 
2459645.860052 -0.017631 
2459647.574180 -0.018938 
2459649.288308 -0.014662 
2459651.002436 -0.005841 
2459652.716564 0.004513 
2459654.430692 0.012655 
2459656.144820 0.015707 
2459657.858948 0.012887 
2459659.573076 0.005763 
2459661.287204 -0.002561 
2459663.001332 -0.008898 
2459664.715459 -0.011331 
2459666.429587 -0.009812 
2459668.143715 -0.005766 
2459669.857843 -0.001044 
2459671.571971 0.003115 
2459673.286099 0.006491 
2459675.000227 0.009471 
2459676.714355 0.012178 
2459678.428483 0.013836 
2459680.142611 0.012931 
2459681.856739 0.008213 
2459683.570867 -0.000041 
2459685.284995 -0.009399 
2459686.999123 -0.015937 
2459688.713250 -0.016112 
2459690.427378 -0.008962 
2459692.141506 0.002673 
2459693.855634 0.012865 
2459695.569762 0.015245 
2459697.283890 0.006401 
2459698.998018 -0.011730 
2459700.712146 -0.031971 
2459702.426274 -0.044812 
2459704.140402 -0.042883 
2459705.854530 -0.024823 
2459707.568658 0.003533 
2459709.282786 0.031445 
2459710.996914 0.048050 
2459712.711041 0.047305 
2459714.425169 0.030607 
2459716.139297 0.005786 
2459717.853425 -0.016912 
2459719.567553 -0.029673 
2459721.281681 -0.030221 
2459722.995809 -0.021712 
2459724.709937 -0.009790 
2459726.424065 0.001155 
2459728.138193 0.010148 
2459729.852321 0.018922 
2459731.566449 0.029004 
2459733.280577 0.038790 
2459734.994705 0.043001 
2459736.708832 0.035429 
2459738.422960 0.013642 
2459740.137088 -0.017319 
2459741.851216 -0.045181 
2459743.565344 -0.055461 
2459745.279472 -0.039239 
2459746.993600 0.000495 
2459748.707728 0.047979 
2459750.421856 0.080813 
2459752.135984 0.080737 
2459753.850112 0.043762 
2459755.564240 -0.015956 
2459757.278368 -0.071298 
2459758.992496 -0.094542 
2459760.706623 -0.071040 
2459762.420751 -0.007186 
2459764.134879 0.071680 
2459765.849007 0.132742 
2459767.563135 0.150919 
2459769.277263 0.120169 
2459770.991391 0.055280 
2459772.705519 -0.016403 
2459774.419647 -0.068575 
2459776.133775 -0.087513 
2459777.847903 -0.075725 
2459779.562031 -0.046649 
2459781.276159 -0.014506 
2459782.990287 0.013970 
2459784.704414 0.040802 
2459786.418542 0.070724 
2459788.132670 0.102520 
2459789.846798 0.124560 
2459791.560926 0.118949 
2459793.275054 0.073074 
2459794.989182 -0.008159 
2459796.703310 -0.097937 
2459798.417438 -0.155953 
2459800.131566 -0.147368 
2459801.845694 -0.063044 
2459803.559822 0.070547 
2459805.273950 0.199140 
2459806.988078 0.264504 
2459808.702205 0.233370 
2459810.416333 0.116528 
2459812.130461 -0.032939 
2459813.844589 -0.143038 
2459815.558717 -0.157182 
2459817.272845 -0.062394 
2459818.986973 0.103187 
2459820.701101 0.267742 
2459822.415229 0.359595 
2459824.129357 0.340337 
2459825.843485 0.220754 
2459827.557613 0.052339 
2459829.271741 -0.099864 
2459830.985869 -0.187841 
2459832.699996 -0.198566 
2459834.414124 -0.151400 
2459836.128252 -0.079172 
2459837.842380 -0.006303 
2459839.556508 0.062013 
2459841.270636 0.133546 
2459842.984764 0.211411 
2459844.698892 0.278943 
2459846.413020 0.300032 
2459848.127148 0.238171 
2459849.841276 0.084449 
2459851.555404 -0.123345 
2459853.269532 -0.305858 
2459854.983660 -0.374155 
2459856.697787 -0.274936 
2459858.411915 -0.025109 
2459860.126043 0.285541 
2459861.840171 0.529625 
2459863.554299 0.600954 
2459865.268427 0.468168 
2459866.982555 0.194724 
2459868.696683 -0.087421 
2459870.410811 -0.239442 
2459872.124939 -0.182702 
2459873.839067 0.062531 
2459875.553195 0.386480 
2459877.267323 0.642659 
2459878.981451 0.717112 
2459880.695578 0.579236 
2459882.409706 0.289859 
2459884.123834 -0.034659 
2459885.837962 -0.280690 
2459887.552090 -0.386211 
2459889.266218 -0.356268 
2459890.980346 -0.241647 
2459892.694474 -0.098509 
2459894.408602 0.043772 
2459896.122730 0.186986 
2459897.836858 0.340703 
2459899.550986 0.490454 
2459901.265114 0.583610 
2459902.979242 0.548406 
2459904.693369 0.339524 
2459906.407497 -0.016461 
2459908.121625 -0.407478 
2459909.835753 -0.671080 
2459911.549881 -0.667641 
2459913.264009 -0.356200 
2459914.978137 0.169356 
2459916.692265 0.709155 
2459918.406393 1.043501 
2459920.120521 1.036664 
2459921.834649 0.705962 
2459923.548777 0.218628 
2459925.262905 -0.185237 
2459926.977033 -0.307131 
2459928.691160 -0.085298 
2459930.405288 0.376980 
2459932.119416 0.863452 
2459933.833544 1.149785 
2459935.547672 1.107616 
2459937.261800 0.756563 
2459938.975928 0.242151 
2459940.690056 -0.243060 
2459942.404184 -0.549823 
2459944.118312 -0.626962 
2459945.832440 -0.517499 
2459947.546568 -0.308173 
2459949.260696 -0.069705 
2459950.974824 0.173557 
2459952.688951 0.428623 
2459954.403079 0.689389 
2459956.117207 0.899664 
2459957.831335 0.957198 
2459959.545463 0.765651 
2459961.259591 0.307613 
2459962.973719 -0.307938 
2459964.687847 -0.862163 
2459966.401975 -1.111597 
2459968.116103 -0.905674 
2459969.830231 -0.275724 
2459971.544359 0.557217 
2459973.258487 1.269399 
2459974.972615 1.579706 
2459976.686742 1.383077 
2459978.400870 0.803667 
2459980.114998 0.137946 
2459981.829126 -0.286385 
2459983.543254 -0.266373 
2459985.257382 0.182561 
2459986.971510 0.840439 
2459988.685638 1.394028 
2459990.399766 1.586905 
2459992.113894 1.332727 
2459993.828022 0.739134 
2459995.542150 0.038709 
2459997.256278 -0.528907 
2459998.970406 -0.818944 
2460000.684533 -0.818571 
2460002.398661 -0.611383 
2460004.112789 -0.303174 
2460005.826917 0.039220 
2460007.541045 0.399132 
2460009.255173 0.771426 
2460010.969301 1.109474 
2460012.683429 1.304370 
2460014.397557 1.222553 
2460016.111685 0.788056 
2460017.825813 0.060902 
2460019.539941 -0.743450 
2460021.254069 -1.320735 
2460022.968197 -1.409192 
2460024.682324 -0.922659 
2460026.396452 -0.013214 
2460028.110580 0.977946 
2460029.824708 1.666170 
2460031.538836 1.798197 
2460033.252964 1.369947 
2460034.967092 0.627017 
2460036.681220 -0.054016 
2460038.395348 -0.345222 
2460040.109476 -0.119236 
2460041.823604 0.499757 
2460043.537732 1.206736 
2460045.251860 1.667603 
2460046.965988 1.673406 
2460048.680115 1.222571 
2460050.394243 0.498723 
2460052.108371 -0.232981 
2460053.822499 -0.749589 
2460055.536627 -0.950426 
2460057.250755 -0.861839 
2460058.964883 -0.580546 
2460060.679011 -0.201752 
2460062.393139 0.220581 
2460064.107267 0.661872 
2460065.821395 1.082142 
2460067.535523 1.390773 
2460069.249651 1.457557 
2460070.963779 1.175158 
2460072.677906 0.540219 
2460074.392034 -0.299457 
2460076.106162 -1.071945 
2460077.820290 -1.483412 
2460079.534418 -1.351767 
2460081.248546 -0.704086 
2460082.962674 0.217483 
2460084.676802 1.052624 
2460086.390930 1.480825 
2460088.105058 1.365228 
2460089.819186 0.811899 
2460091.533314 0.115221 
2460093.247442 -0.383365 
2460094.961570 -0.453782 
2460096.675697 -0.076831 
2460098.389825 0.559531 
2460100.103953 1.159021 
2460101.818081 1.457368 
2460103.532209 1.334786 
2460105.246337 0.851180 
2460106.960465 0.197473 
2460108.674593 -0.402092 
2460110.388721 -0.782904 
2460112.102849 -0.885630 
2460113.816977 -0.743906 
2460115.531105 -0.436045 
2460117.245233 -0.037870 
2460118.959361 0.395304 
2460120.673488 0.814680 
2460122.387616 1.153226 
2460124.101744 1.319142 
2460125.815872 1.223216 
2460127.530000 0.830325 
2460129.244128 0.204187 
2460130.958256 -0.488122 
2460132.672384 -1.026308 
2460134.386512 -1.225411 
2460136.100640 -1.021718 
2460137.814768 -0.511139 
2460139.528896 0.084160 
2460141.243024 0.509789 
2460142.957152 0.591377 
2460144.671279 0.311914 
2460146.385407 -0.182877 
2460148.099535 -0.653450 
2460149.813663 -0.876285 
2460151.527791 -0.742673 
2460153.241919 -0.301663 
2460154.956047 0.269193 
2460156.670175 0.747060 
2460158.384303 0.959378 
2460160.098431 0.848435 
2460161.812559 0.480583 
2460163.526687 0.003923 
2460165.240815 -0.419047 
2460166.954943 -0.670584 
2460168.669070 -0.705743 
2460170.383198 -0.545859 
2460172.097326 -0.251182 
2460173.811454 0.107449 
2460175.525582 0.464178 
2460177.239710 0.759929 
2460178.953838 0.939832 
2460180.667966 0.957449 
2460182.382094 0.789647 
2460184.096222 0.455173 
2460185.810350 0.023200 
2460187.524478 -0.399424 
2460189.238606 -0.702703 
2460190.952734 -0.816970 
2460192.666861 -0.744833 
2460194.380989 -0.563943 
2460196.095117 -0.395885 
2460197.809245 -0.353014 
2460199.523373 -0.486793 
2460201.237501 -0.761720 
2460202.951629 -1.067782 
2460204.665757 -1.266641 
2460206.379885 -1.251276 
2460208.094013 -0.992725 
2460209.808141 -0.553759 
2460211.522269 -0.064407 
2460213.236397 0.328996 
2460214.950525 0.518929 
2460216.664652 0.473381 
2460218.378780 0.241106 
2460220.092908 -0.073499 
2460221.807036 -0.352620 
2460223.521164 -0.506062 
2460225.235292 -0.496033 
2460226.949420 -0.339569 
2460228.663548 -0.092400 
2460230.377676 0.175618 
2460232.091804 0.402653 
2460233.805932 0.547800 
2460235.520060 0.593764 
2460237.234188 0.542845 
2460238.948316 0.410958 
2460240.662443 0.222744 
2460242.376571 0.007881 
2460244.090699 -0.203111 
2460245.804827 -0.384950 
2460247.518955 -0.524723 
2460249.233083 -0.626873 
2460250.947211 -0.712192 
2460252.661339 -0.808953 
2460254.375467 -0.938243 
2460256.089595 -1.099422 
2460257.803723 -1.263084 
2460259.517851 -1.376729 
2460261.231979 -1.382989 
2460262.946107 -1.244102 
2460264.660234 -0.962334 
2460266.374362 -0.586585 
2460268.088490 -0.200541 
2460269.802618 0.104370 
2460271.516746 0.261014 
2460273.230874 0.250571 
2460274.945002 0.108453 
2460276.659130 -0.090418 
2460278.373258 -0.260779 
2460280.087386 -0.338382 
2460281.801514 -0.300776 
2460283.515642 -0.169883 
2460285.229770 0.002953 
2460286.943898 0.161250 
2460288.658025 0.265517 
2460290.372153 0.304024 
2460292.086281 0.289297 
2460293.800409 0.244503 
2460295.514537 0.188114 
2460297.228665 0.124846 
2460298.942793 0.046479 
2460300.656921 -0.059608 
2460302.371049 -0.200185 
2460304.085177 -0.370356 
2460305.799305 -0.554925 
2460307.513433 -0.735078 
2460309.227561 -0.895452 
2460310.941689 -1.026932 
2460312.655816 -1.123816 
2460314.369944 -1.178127 
2460316.084072 -1.176210 
2460317.798200 -1.101673 
2460319.512328 -0.944698 
2460321.226456 -0.713165 
2460322.940584 -0.438634 
2460324.654712 -0.171918 
2460326.368840 0.031988 
2460328.082968 0.133946 
2460329.797096 0.126559 
2460331.511224 0.037896 
2460333.225352 -0.079498 
2460334.939480 -0.169839 
2460336.653607 -0.196047 
2460338.367735 -0.152451 
2460340.081863 -0.062914 
2460341.795991 0.033806 
2460343.510119 0.103593 
2460345.224247 0.131593 
2460346.938375 0.125262 
2460348.652503 0.105520 
2460350.366631 0.091823 
2460352.080759 0.089690 
2460353.794887 0.087256 
2460355.509015 0.062155 
2460357.223143 -0.005653 
2460358.937271 -0.122373 
2460360.651398 -0.276266 
2460362.365526 -0.442544 
2460364.079654 -0.593916 
2460365.793782 -0.710663 
2460367.507910 -0.785034 
2460369.222038 -0.818561 
2460370.936166 -0.815210 
2460372.650294 -0.775590 
2460374.364422 -0.696386 
2460376.078550 -0.575509 
2460377.792678 -0.419524 
2460379.506806 -0.247966 
2460381.220934 -0.090665 
2460382.935062 0.021888 
2460384.649189 0.070828 
2460386.363317 0.057520 
2460388.077445 0.003670 
2460389.791573 -0.057699 
2460391.505701 -0.096246 
2460393.219829 -0.096560 
2460394.933957 -0.062802 
2460396.648085 -0.013885 
2460398.362213 0.027811 
2460400.076341 0.048045 
2460401.790469 0.046674 
2460403.504597 0.035347 
2460405.218725 0.028821 
2460406.932853 0.035112 
2460408.646980 0.050011 
2460410.361108 0.058808 
2460412.075236 0.044012 
2460413.789364 -0.005316 
2460415.503492 -0.087650 
2460417.217620 -0.189392 
2460418.931748 -0.290895 
2460420.645876 -0.374566 
2460422.360004 -0.430685 
2460424.074132 -0.458342 
2460425.788260 -0.461869 
2460427.502388 -0.445667 
2460429.216516 -0.410957 
2460430.930644 -0.356407 
2460432.644771 -0.281980 
2460434.358899 -0.193142 
2460436.073027 -0.102285 
2460437.787155 -0.025794 
2460439.501283 0.022112 
2460441.215411 0.035632 
2460442.929539 0.020265 
2460444.643667 -0.009424 
2460446.357795 -0.036193 
2460448.071923 -0.047504 
2460449.786051 -0.040230 
2460451.500179 -0.020525 
2460453.214307 0.000739 
2460454.928435 0.014266 
2460456.642562 0.016952 
2460458.356690 0.012537 
2460460.070818 0.008323 
2460461.784946 0.010093 
2460463.499074 0.018229 
2460465.213202 0.027153 
2460466.927330 0.028241 
2460468.641458 0.014435 
2460470.355586 -0.016018 
2460472.069714 -0.058663 
2460473.783842 -0.105000 
2460475.497970 -0.146303 
2460477.212098 -0.176913 
2460478.926226 -0.195359 
2460480.640353 -0.203086 
2460482.354481 -0.201978 
2460484.068609 -0.192444 
2460485.782737 -0.173325 
2460487.496865 -0.143599 
2460489.210993 -0.104663 
2460490.925121 -0.061555 
2460492.639249 -0.022068 
2460494.353377 0.006003 
2460496.067505 0.018117 
2460497.781633 0.014997 
2460499.495761 0.002294 
2460501.209889 -0.011982 
2460502.924017 -0.020943 
2460504.638144 -0.021475 
2460506.352272 -0.014856 
2460508.066400 -0.005235 
2460509.780528 0.002988 
2460511.494656 0.007403 
2460513.208784 0.008320 
2460514.922912 0.007833 
2460516.637040 0.007994 
2460518.351168 0.009298 
2460520.065296 0.010370 
2460521.779424 0.008922 
2460523.493552 0.003288 
2460525.207680 -0.006456 
2460526.921808 -0.018477 
2460528.635935 -0.030217 
2460530.350063 -0.039785 
2460532.064191 -0.046809 
2460533.778319 -0.052222 
2460535.492447 -0.057164 
2460537.206575 -0.061735 
2460538.920703 -0.064444 
2460540.634831 -0.062810 
2460542.348959 -0.054807 
2460544.063087 -0.040360 
2460545.777215 -0.021968 
2460547.491343 -0.004014 
2460549.205471 0.008952 
2460550.919599 0.014116 
2460552.633726 0.011528 
2460554.347854 0.003903 
2460556.061982 -0.004733 
2460557.776110 -0.010827 
2460559.490238 -0.012602 
2460561.204366 -0.010349 
2460562.918494 -0.005713 
2460564.632622 -0.000557 
2460566.346750 0.003924 
2460568.060878 0.007391 
2460569.775006 0.009915 
2460571.489134 0.011372 
2460573.203262 0.011177 
2460574.917390 0.008599 
2460576.631517 0.003457 
2460578.345645 -0.003323 
2460580.059773 -0.009768 
2460581.773901 -0.013622 
2460583.488029 -0.013488 
2460585.202157 -0.009681 
2460586.916285 -0.004258 
2460588.630413 -0.000107 
2460590.344541 0.000487 
2460592.058669 -0.002945 
2460593.772797 -0.008724 
2460595.486925 -0.013791 
2460597.201053 -0.015205 
2460598.915181 -0.011614 
2460600.629308 -0.003945 
2460602.343436 0.005015 
2460604.057564 0.011917 
2460605.771692 0.014362 
2460607.485820 0.011868 
2460609.199948 0.005887 
2460610.914076 -0.001042 
2460612.628204 -0.006493 
2460614.342332 -0.009079 
2460616.056460 -0.008705 
2460617.770588 -0.006178 
2460619.484716 -0.002527 
2460621.198844 0.001502 
2460622.912972 0.005513 
2460624.627099 0.009161 
2460626.341227 0.011819 
2460628.055355 0.012545 
2460629.769483 0.010487 
2460631.483611 0.005507 
2460633.197739 -0.001373 
2460634.911867 -0.008081 
2460636.625995 -0.012232 
2460638.340123 -0.012184 
2460640.054251 -0.007891 
2460641.768379 -0.001068 
2460643.482507 0.005485 
2460645.196635 0.009116 
2460646.910763 0.008519 
2460648.624890 0.004325 
2460650.339018 -0.001233 
2460652.053146 -0.005387 
2460653.767274 -0.006128 
2460655.481402 -0.003092 
2460657.195530 0.002358 
2460658.909658 0.007847 
2460660.623786 0.011101 
2460662.337914 0.010917 
2460664.052042 0.007546 
2460665.766170 0.002408 
2460667.480298 -0.002656 
2460669.194426 -0.006158 
2460670.908554 -0.007411 
2460672.622681 -0.006528 
2460674.336809 -0.004092 
2460676.050937 -0.000772 
2460677.765065 0.002875 
2460679.479193 0.006372 
2460681.193321 0.009170 
2460682.907449 0.010592 
2460684.621577 0.009998 
