# time model 
2455007.429878 -0.109813 
2455009.144006 -0.102176 
2455010.858134 -0.086938 
2455012.572262 -0.065621 
2455014.286390 -0.041556 
2455016.000517 -0.019260 
2455017.714645 -0.003312 
2455019.428773 0.002937 
2455021.142901 -0.001580 
2455022.857029 -0.015236 
2455024.571157 -0.034119 
2455026.285285 -0.053170 
2455027.999413 -0.067677 
2455029.713541 -0.074609 
2455031.427669 -0.073369 
2455033.141797 -0.065722 
2455034.855925 -0.055006 
2455036.570053 -0.044940 
2455038.284181 -0.038460 
2455039.998308 -0.036964 
2455041.712436 -0.040147 
2455043.426564 -0.046394 
2455045.140692 -0.053533 
2455046.854820 -0.059663 
2455048.568948 -0.063783 
2455050.283076 -0.066046 
2455051.997204 -0.067597 
2455053.711332 -0.070046 
2455055.425460 -0.074769 
2455057.139588 -0.082239 
2455058.853716 -0.091643 
2455060.567844 -0.100905 
2455062.281972 -0.107182 
2455063.996099 -0.107688 
2455065.710227 -0.100622 
2455067.424355 -0.085903 
2455069.138483 -0.065452 
2455070.852611 -0.042912 
2455072.566739 -0.022861 
2455074.280867 -0.009705 
2455075.994995 -0.006576 
2455077.709123 -0.014501 
2455079.423251 -0.032078 
2455081.137379 -0.055746 
2455082.851507 -0.080594 
2455084.565635 -0.101535 
2455086.279763 -0.114558 
2455087.993890 -0.117717 
2455089.708018 -0.111578 
2455091.422146 -0.098941 
2455093.136274 -0.083913 
2455094.850402 -0.070584 
2455096.564530 -0.061790 
2455098.278658 -0.058388 
2455099.992786 -0.059320 
2455101.706914 -0.062420 
2455103.421042 -0.065584 
2455105.135170 -0.067786 
2455106.849298 -0.069481 
2455108.563426 -0.072231 
2455110.277554 -0.077763 
2455111.991681 -0.086926 
2455113.705809 -0.099041 
2455115.419937 -0.111914 
2455117.134065 -0.122453 
2455118.848193 -0.127584 
2455120.562321 -0.125072 
2455122.276449 -0.114064 
2455123.990577 -0.095349 
2455125.704705 -0.071507 
2455127.418833 -0.047007 
2455129.132961 -0.028092 
2455130.847089 -0.022120 
2455132.561217 -0.036048 
2455134.275345 -0.074167 
2455135.989472 -0.135728 
2455137.703600 -0.213532 
2455139.417728 -0.294484 
2455141.131856 -0.362473 
2455142.845984 -0.402920 
2455144.560112 -0.407426 
2455146.274240 -0.376636 
2455147.988368 -0.320035 
2455149.702496 -0.252610 
2455151.416624 -0.189716 
2455153.130752 -0.142289 
2455154.844880 -0.114340 
2455156.559008 -0.103556 
2455158.273136 -0.104340 
2455159.987263 -0.111504 
2455161.701391 -0.122705 
2455163.415519 -0.138544 
2455165.129647 -0.160657 
2455166.843775 -0.189159 
2455168.557903 -0.221082 
2455170.272031 -0.250682 
2455171.986159 -0.271328 
2455173.700287 -0.277765 
2455175.414415 -0.267489 
2455177.128543 -0.240760 
2455178.842671 -0.199861 
2455180.556799 -0.148806 
2455182.270927 -0.094319 
2455183.985054 -0.047664 
2455185.699182 -0.025644 
2455187.413310 -0.048716 
2455189.127438 -0.135269 
2455190.841566 -0.293263 
2455192.555694 -0.512650 
2455194.269822 -0.762706 
2455195.983950 -0.997079 
2455197.698078 -1.166112 
2455199.412206 -1.232427 
2455201.126334 -1.183641 
2455202.840462 -1.036757 
2455204.554590 -0.832078 
2455206.268718 -0.619090 
2455207.982845 -0.440258 
2455209.696973 -0.319450 
2455211.411101 -0.259249 
2455213.125229 -0.247032 
2455214.839357 -0.265615 
2455216.553485 -0.302606 
2455218.267613 -0.354009 
2455219.981741 -0.421297 
2455221.695869 -0.504811 
2455223.409997 -0.598124 
2455225.124125 -0.686901 
2455226.838253 -0.752763 
2455228.552381 -0.779584 
2455230.266509 -0.758486 
2455231.980636 -0.689121 
2455233.694764 -0.577754 
2455235.408892 -0.435000 
2455237.123020 -0.276265 
2455238.837148 -0.125422 
2455240.551276 -0.018761 
2455242.265404 -0.004021 
2455243.979532 -0.130504 
2455245.693660 -0.430805 
2455247.407788 -0.900458 
2455249.121916 -1.485437 
2455250.836044 -2.086288 
2455252.550172 -2.581351 
2455254.264300 -2.862722 
2455255.978427 -2.871630 
2455257.692555 -2.618615 
2455259.406683 -2.179530 
2455261.120811 -1.668621 
2455262.834939 -1.199911 
2455264.549067 -0.852970 
2455266.263195 -0.656365 
2455267.977323 -0.593293 
2455269.691451 -0.623375 
2455271.405579 -0.707898 
2455273.119707 -0.825858 
2455274.833835 -0.974648 
2455276.547963 -1.158150 
2455278.262091 -1.371400 
2455279.976218 -1.591690 
2455281.690346 -1.780993 
2455283.404474 -1.897477 
2455285.118602 -1.908913 
2455286.832730 -1.800884 
2455288.546858 -1.577379 
2455290.260986 -1.257108 
2455291.975114 -0.871646 
2455293.689242 -0.469062 
2455295.403370 -0.120453 
2455297.117498 0.078983 
2455298.831626 0.023346 
2455300.545754 -0.373274 
2455302.259881 -1.136724 
2455303.974009 -2.200487 
2455305.688137 -3.400013 
2455307.402265 -4.504091 
2455309.116393 -5.277777 
2455310.830521 -5.555639 
2455312.544649 -5.296530 
2455314.258777 -4.596697 
2455315.972905 -3.654857 
2455317.687033 -2.703408 
2455319.401161 -1.934236 
2455321.115289 -1.448737 
2455322.829417 -1.249152 
2455324.543545 -1.268671 
2455326.257672 -1.420730 
2455327.971800 -1.641792 
2455329.685928 -1.908825 
2455331.400056 -2.228093 
2455333.114184 -2.607026 
2455334.828312 -3.027972 
2455336.542440 -3.438686 
2455338.256568 -3.763021 
2455339.970696 -3.923773 
2455341.684824 -3.864682 
2455343.398952 -3.562390 
2455345.113080 -3.028035 
2455346.827208 -2.305552 
2455348.541336 -1.474084 
2455350.255463 -0.654799 
2455351.969591 -0.012842 
2455353.683719 0.259352 
2455355.397847 -0.014505 
2455357.111975 -0.930979 
2455358.826103 -2.446077 
2455360.540231 -4.347775 
2455362.254359 -6.284957 
2455363.968487 -7.853995 
2455365.682615 -8.717497 
2455367.396743 -8.711479 
2455369.110871 -7.897678 
2455370.824999 -6.538435 
2455372.539127 -5.003623 
2455374.253254 -3.647669 
2455375.967382 -2.706024 
2455377.681510 -2.249314 
2455379.395638 -2.205658 
2455381.109766 -2.431139 
2455382.823894 -2.789870 
2455384.538022 -3.206454 
2455386.252150 -3.672376 
2455387.966278 -4.212921 
2455389.680406 -4.839378 
2455391.394534 -5.514186 
2455393.108662 -6.145137 
2455394.822790 -6.607107 
2455396.536918 -6.776735 
2455398.251045 -6.563588 
2455399.965173 -5.929400 
2455401.679301 -4.897710 
2455403.393429 -3.561164 
2455405.107557 -2.089157 
2455406.821685 -0.728100 
2455408.535813 0.220909 
2455410.249941 0.458787 
2455411.964069 -0.224632 
2455413.678197 -1.858984 
2455415.392325 -4.236634 
2455417.106453 -6.926582 
2455418.820581 -9.370733 
2455420.534709 -11.039157 
2455422.248836 -11.591265 
2455423.962964 -10.981248 
2455425.677092 -9.465032 
2455427.391220 -7.505170 
2455429.105348 -5.611993 
2455430.819476 -4.184405 
2455432.533604 -3.410467 
2455434.247732 -3.258622 
2455435.961860 -3.549655 
2455437.675988 -4.066878 
2455439.390116 -4.651866 
2455441.104244 -5.247779 
2455442.818372 -5.882076 
2455444.532500 -6.609151 
2455446.246627 -7.447536 
2455447.960755 -8.341657 
2455449.674883 -9.160566 
2455451.389011 -9.727389 
2455453.103139 -9.863171 
2455454.817267 -9.430356 
2455456.531395 -8.369186 
2455458.245523 -6.726573 
2455459.959651 -4.675984 
2455461.673779 -2.519774 
2455463.387907 -0.659644 
2455465.102035 0.475377 
2455466.816163 0.538046 
2455468.530291 -0.618631 
2455470.244418 -2.857798 
2455471.958546 -5.752715 
2455473.672674 -8.677513 
2455475.386802 -10.976112 
2455477.100930 -12.155092 
2455478.815058 -12.030764 
2455480.529186 -10.774578 
2455482.243314 -8.839811 
2455483.957442 -6.799502 
2455485.671570 -5.159712 
2455487.385698 -4.218334 
2455489.099826 -4.016125 
2455490.813954 -4.385399 
2455492.528082 -5.062518 
2455494.242209 -5.809771 
2455495.956337 -6.497357 
2455497.670465 -7.120984 
2455499.384593 -7.761094 
2455501.098721 -8.511574 
2455502.812849 -9.411474 
2455504.526977 -10.404319 
2455506.241105 -11.334325 
2455507.955233 -11.975834 
2455509.669361 -12.086041 
2455511.383489 -11.470011 
2455513.097617 -10.046694 
2455514.811745 -7.901870 
2455516.525873 -5.310159 
2455518.240000 -2.708539 
2455519.954128 -0.613439 
2455521.668256 0.507343 
2455523.382384 0.374389 
2455525.096512 -0.999616 
2455526.810640 -3.286070 
2455528.524768 -5.916363 
2455530.238896 -8.240625 
2455531.953024 -9.718466 
2455533.667152 -10.075377 
2455535.381280 -9.369539 
2455537.095408 -7.947659 
2455538.809536 -6.310810 
2455540.523664 -4.943764 
2455542.237791 -4.170868 
2455543.951919 -4.085446 
2455545.666047 -4.567037 
2455547.380175 -5.366717 
2455549.094303 -6.219229 
2455550.808431 -6.938329 
2455552.522559 -7.465810 
2455554.236687 -7.866114 
2455555.950815 -8.277457 
2455557.664943 -8.840996 
2455559.379071 -9.631350 
2455561.093199 -10.608070 
2455562.807327 -11.601706 
2455564.521455 -12.341375 
2455566.235582 -12.522046 
2455567.949710 -11.898430 
2455569.663838 -10.380372 
2455571.377966 -8.097086 
2455573.092094 -5.400568 
2455574.806222 -2.794950 
2455576.520350 -0.804768 
2455578.234478 0.178652 
2455579.948606 0.019587 
2455581.662734 -1.117406 
2455583.376862 -2.820283 
2455585.090990 -4.562894 
2455586.805118 -5.871046 
2455588.519246 -6.461589 
2455590.233373 -6.307408 
2455591.947501 -5.612005 
2455593.661629 -4.712380 
2455595.375757 -3.953061 
2455597.089885 -3.578479 
2455598.804013 -3.676377 
2455600.518141 -4.180738 
2455602.232269 -4.920696 
2455603.946397 -5.690607 
2455605.660525 -6.317113 
2455607.374653 -6.707158 
2455609.088781 -6.869643 
2455610.802909 -6.908872 
2455612.517037 -6.990598 
2455614.231164 -7.284915 
2455615.945292 -7.897187 
2455617.659420 -8.807083 
2455619.373548 -9.841071 
2455621.087676 -10.698735 
2455622.801804 -11.036000 
2455624.515932 -10.583627 
2455626.230060 -9.258680 
2455627.944188 -7.221771 
2455629.658316 -4.849620 
2455631.372444 -2.625761 
2455633.086572 -0.987705 
2455634.800700 -0.189552 
2455636.514828 -0.233935 
2455638.228955 -0.897696 
2455639.943083 -1.835437 
2455641.657211 -2.713249 
2455643.371339 -3.316241 
2455645.085467 -3.591088 
2455646.799595 -3.618256 
2455648.513723 -3.540337 
2455650.227851 -3.487433 
2455651.941979 -3.532691 
2455653.656107 -3.688112 
2455655.370235 -3.927302 
2455657.084363 -4.211332 
2455658.798491 -4.500407 
2455660.512619 -4.751002 
2455662.226746 -4.912607 
2455663.940874 -4.939631 
2455665.655002 -4.821093 
2455667.369130 -4.612297 
2455669.083258 -4.442432 
2455670.797386 -4.479228 
2455672.511514 -4.854888 
2455674.225642 -5.584075 
2455675.939770 -6.518014 
2455677.653898 -7.368221 
2455679.368026 -7.801615 
2455681.082154 -7.571240 
2455682.796282 -6.624289 
2455684.510410 -5.135223 
2455686.224537 -3.445546 
2455687.938665 -1.936436 
2455689.652793 -0.892834 
2455691.366921 -0.420224 
2455693.081049 -0.446803 
2455694.795177 -0.799440 
2455696.509305 -1.305774 
2455698.223433 -1.866253 
2455699.937561 -2.462476 
2455701.651689 -3.108126 
2455703.365817 -3.782520 
2455705.079945 -4.395104 
2455706.794073 -4.807745 
2455708.508201 -4.903716 
2455710.222328 -4.660968 
2455711.936456 -4.181721 
2455713.650584 -3.654586 
2455715.364712 -3.265435 
2455717.078840 -3.105367 
2455718.792968 -3.128689 
2455720.507096 -3.187121 
2455722.221224 -3.123080 
2455723.935352 -2.869833 
2455725.649480 -2.500429 
2455727.363608 -2.194894 
2455729.077736 -2.141192 
2455730.791864 -2.423890 
2455732.505992 -2.963061 
2455734.220119 -3.539325 
2455735.934247 -3.893738 
2455737.648375 -3.850134 
2455739.362503 -3.395652 
2455741.076631 -2.679158 
2455742.790759 -1.933064 
2455744.504887 -1.365292 
2455746.219015 -1.081378 
2455747.933143 -1.074991 
2455749.647271 -1.282067 
2455751.361399 -1.655354 
2455753.075527 -2.205602 
2455754.789655 -2.979180 
2455756.503783 -3.985382 
2455758.217910 -5.123235 
2455759.932038 -6.164127 
2455761.646166 -6.817152 
2455763.360294 -6.854693 
2455765.074422 -6.235080 
2455766.788550 -5.152229 
2455768.502678 -3.975420 
2455770.216806 -3.099266 
2455771.930934 -2.773414 
2455773.645062 -2.995790 
2455775.359190 -3.523103 
2455777.073318 -3.993255 
2455778.787446 -4.097751 
2455780.501574 -3.718461 
2455782.215701 -2.964345 
2455783.929829 -2.097663 
2455785.643957 -1.395893 
2455787.358085 -1.024609 
2455789.072213 -0.983872 
2455790.786341 -1.145569 
2455792.500469 -1.348667 
2455794.214597 -1.491929 
2455795.928725 -1.572967 
2455797.642853 -1.660492 
2455799.356981 -1.828625 
2455801.071109 -2.102607 
2455802.785237 -2.452701 
2455804.499365 -2.836803 
2455806.213492 -3.256399 
2455807.927620 -3.778575 
2455809.641748 -4.497673 
2455811.355876 -5.451548 
2455813.070004 -6.543443 
2455814.784132 -7.527082 
2455816.498260 -8.082525 
2455818.212388 -7.958560 
2455819.926516 -7.113369 
2455821.640644 -5.775807 
2455823.354772 -4.383397 
2455825.068900 -3.414298 
2455826.783028 -3.186916 
2455828.497156 -3.721446 
2455830.211283 -4.730348 
2455831.925411 -5.742725 
2455833.639539 -6.303160 
2455835.353667 -6.151997 
2455837.067795 -5.307813 
2455838.781923 -4.025013 
2455840.496051 -2.661106 
2455842.210179 -1.526987 
2455843.924307 -0.791104 
2455845.638435 -0.470067 
2455847.352563 -0.488237 
2455849.066691 -0.755894 
2455850.780819 -1.216233 
2455852.494947 -1.841326 
2455854.209074 -2.595119 
2455855.923202 -3.402916 
2455857.637330 -4.158930 
2455859.351458 -4.772897 
2455861.065586 -5.224497 
2455862.779714 -5.582932 
2455864.493842 -5.967433 
2455866.207970 -6.462621 
2455867.922098 -7.036833 
2455869.636226 -7.518640 
2455871.350354 -7.659420 
2455873.064482 -7.261152 
2455874.778610 -6.306144 
2455876.492738 -5.015146 
2455878.206865 -3.791117 
2455879.920993 -3.063517 
2455881.635121 -3.102029 
2455883.349249 -3.889091 
2455885.063377 -5.115184 
2455886.777505 -6.301630 
2455888.491633 -6.993658 
2455890.205761 -6.933966 
2455891.919889 -6.140457 
2455893.634017 -4.862752 
2455895.348145 -3.452285 
2455897.062273 -2.218243 
2455898.776401 -1.338226 
2455900.490529 -0.853405 
2455902.204656 -0.727837 
2455903.918784 -0.919519 
2455905.632912 -1.413619 
2455907.347040 -2.201386 
2455909.061168 -3.228965 
2455910.775296 -4.362570 
2455912.489424 -5.406163 
2455914.203552 -6.171840 
2455915.917680 -6.564748 
2455917.631808 -6.628826 
2455919.345936 -6.518591 
2455921.060064 -6.405801 
2455922.774192 -6.372104 
2455924.488320 -6.352954 
2455926.202447 -6.173058 
2455927.916575 -5.661433 
2455929.630703 -4.784384 
2455931.344831 -3.717207 
2455933.058959 -2.803107 
2455934.773087 -2.407803 
2455936.487215 -2.738132 
2455938.201343 -3.718762 
2455939.915471 -4.996402 
2455941.629599 -6.077228 
2455943.343727 -6.534147 
2455945.057855 -6.183589 
2455946.771983 -5.147120 
2455948.486111 -3.773221 
2455950.200238 -2.466331 
2455951.914366 -1.514867 
2455953.628494 -1.003755 
2455955.342622 -0.845049 
2455957.056750 -0.892810 
2455958.770878 -1.063999 
2455960.485006 -1.390180 
2455962.199134 -1.972034 
2455963.913262 -2.871124 
2455965.627390 -4.013506 
2455967.341518 -5.173559 
2455969.055646 -6.057375 
2455970.769774 -6.442494 
2455972.483902 -6.292629 
2455974.198029 -5.776393 
2455975.912157 -5.173362 
2455977.626285 -4.717992 
2455979.340413 -4.471860 
2455981.054541 -4.302175 
2455982.768669 -3.984257 
2455984.482797 -3.371475 
2455986.196925 -2.531251 
2455987.911053 -1.758542 
2455989.625181 -1.444467 
2455991.339309 -1.861751 
2455993.053437 -2.982746 
2455994.767565 -4.436981 
2455996.481693 -5.645332 
2455998.195820 -6.073256 
2455999.909948 -5.478146 
2456001.624076 -4.024010 
2456003.338204 -2.203367 
2456005.052332 -0.606396 
2456006.766460 0.343366 
2456008.480588 0.552350 
2456010.194716 0.242255 
2456011.908844 -0.221898 
2456013.622972 -0.556240 
2456015.337100 -0.706724 
2456017.051228 -0.842633 
2456018.765356 -1.208284 
2456020.479484 -1.929192 
2456022.193611 -2.894289 
2456023.907739 -3.789085 
2456025.621867 -4.263358 
2456027.335995 -4.134439 
2456029.050123 -3.502694 
2456030.764251 -2.704792 
2456032.478379 -2.125635 
2456034.192507 -1.975946 
2456035.906635 -2.168076 
2456037.620763 -2.370002 
2456039.334891 -2.214792 
2456041.049019 -1.548347 
2456042.763147 -0.567885 
2456044.477275 0.241677 
2456046.191402 0.354291 
2456047.905530 -0.494393 
2456049.619658 -2.115660 
2456051.333786 -3.903842 
2456053.047914 -5.096593 
2456054.762042 -5.133339 
2456056.476170 -3.928110 
2456058.190298 -1.913594 
2456059.904426 0.167820 
2456061.618554 1.617119 
2456063.332682 2.092358 
2456065.046810 1.724162 
2456066.760938 0.984304 
2456068.475066 0.392826 
2456070.189193 0.232881 
2456071.903321 0.430100 
2456073.617449 0.653246 
2456075.331577 0.563479 
2456077.045705 0.055103 
2456078.759833 -0.660477 
2456080.473961 -1.179323 
2456082.188089 -1.162388 
2456083.902217 -0.566854 
2456085.616345 0.296455 
2456087.330473 0.926492 
2456089.044601 0.929972 
2456090.758729 0.280321 
2456092.472857 -0.623774 
2456094.186984 -1.152745 
2456095.901112 -0.799977 
2456097.615240 0.498252 
2456099.329368 2.263860 
2456101.043496 3.672643 
2456102.757624 3.957289 
2456104.471752 2.811012 
2456106.185880 0.575591 
2456107.900008 -1.893740 
2456109.614136 -3.624123 
2456111.328264 -3.980339 
2456113.042392 -2.946553 
2456114.756520 -1.094888 
2456116.470648 0.731683 
2456118.184775 1.845348 
2456119.898903 2.021322 
2456121.613031 1.534967 
2456123.327159 0.930641 
2456125.041287 0.672259 
2456126.755415 0.882877 
2456128.469543 1.317862 
2456130.183671 1.572161 
2456131.897799 1.382070 
2456133.611927 0.827564 
2456135.326055 0.304197 
2456137.040183 0.276306 
2456138.754311 0.961112 
2456140.468439 2.143398 
2456142.182566 3.250326 
2456143.896694 3.663674 
2456145.610822 3.099885 
2456147.324950 1.834242 
2456149.039078 0.620260 
2456150.753206 0.321603 
2456152.467334 1.439909 
2456154.181462 3.792891 
2456155.895590 6.529212 
2456157.609718 8.492660 
2456159.323846 8.761305 
2456161.037974 7.089906 
2456162.752102 4.030166 
2456164.466230 0.669861 
2456166.180357 -1.871486 
2456167.894485 -2.931515 
2456169.608613 -2.537796 
2456171.322741 -1.288158 
2456173.036869 0.028755 
2456174.750997 0.850534 
2456176.465125 1.071731 
2456178.179253 0.985560 
2456179.893381 1.004707 
2456181.607509 1.351012 
2456183.321637 1.908416 
2456185.035765 2.322903 
2456186.749893 2.275690 
2456188.464021 1.746579 
2456190.178148 1.088601 
2456191.892276 0.850589 
2456193.606404 1.442616 
2456195.320532 2.845077 
2456197.034660 4.549995 
2456198.748788 5.795489 
2456200.462916 5.982381 
2456202.177044 5.045037 
2456203.891172 3.557483 
2456205.605300 2.491151 
2456207.319428 2.730475 
2456209.033556 4.592195 
2456210.747684 7.604179 
2456212.461812 10.671005 
2456214.175939 12.553929 
2456215.890067 12.429326 
2456217.604195 10.250021 
2456219.318323 6.738424 
2456221.032451 3.031208 
2456222.746579 0.169089 
2456224.460707 -1.309511 
2456226.174835 -1.485430 
2456227.888963 -0.866532 
2456229.603091 -0.029711 
2456231.317219 0.687387 
2456233.031347 1.282630 
2456234.745475 1.951781 
2456236.459603 2.836958 
2456238.173730 3.841762 
2456239.887858 4.640647 
2456241.601986 4.879306 
2456243.316114 4.435406 
2456245.030242 3.563243 
2456246.744370 2.810748 
2456248.458498 2.735288 
2456250.172626 3.573741 
2456251.886754 5.063826 
2456253.600882 6.538938 
2456255.315010 7.266866 
2456257.029138 6.859107 
2456258.743266 5.525497 
2456260.457394 4.021710 
2456262.171521 3.298294 
2456263.885649 4.022056 
2456265.599777 6.214652 
2456267.313905 9.197386 
2456269.028033 11.874768 
2456270.742161 13.216308 
2456272.456289 12.698509 
2456274.170417 10.497161 
2456275.884545 7.355044 
2456277.598673 4.216486 
2456279.312801 1.828364 
2456281.026929 0.503029 
2456282.741057 0.132118 
2456284.455185 0.396425 
2456286.169312 1.018249 
2456287.883440 1.900637 
2456289.597568 3.086807 
2456291.311696 4.594395 
2456293.025824 6.258660 
2456294.739952 7.709600 
2456296.454080 8.517993 
2456298.168208 8.431112 
2456299.882336 7.551573 
2456301.596464 6.335269 
2456303.310592 5.385971 
2456305.024720 5.146173 
2456306.738848 5.653648 
2456308.452976 6.507280 
2456310.167103 7.075089 
2456311.881231 6.842580 
2456313.595359 5.716541 
2456315.309487 4.116468 
2456317.023615 2.795620 
2456318.737743 2.477311 
2456320.451871 3.491125 
2456322.165999 5.594710 
2456323.880127 8.069694 
2456325.594255 10.038783 
2456327.308383 10.841484 
2456329.022511 10.285389 
2456330.736639 8.665231 
2456332.450767 6.567869 
2456334.164894 4.587201 
2456335.879022 3.103271 
2456337.593150 2.223724 
2456339.307278 1.881628 
2456341.021406 1.994533 
2456342.735534 2.566021 
2456344.449662 3.662490 
2456346.163790 5.289045 
2456347.877918 7.261042 
2456349.592046 9.176851 
2456351.306174 10.536685 
2456353.020302 10.958849 
2456354.734430 10.375772 
2456356.448558 9.091326 
2456358.162685 7.651863 
2456359.876813 6.587026 
2456361.590941 6.153395 
2456363.305069 6.218718 
2456365.019197 6.352122 
2456366.733325 6.075040 
2456368.447453 5.139895 
2456370.161581 3.687499 
2456371.875709 2.198779 
2456373.589837 1.266139 
2456375.303965 1.304433 
2456377.018093 2.350285 
2456378.732221 4.047712 
2456380.446349 5.817709 
2456382.160476 7.115778 
2456383.874604 7.644244 
2456385.588732 7.422244 
2456387.302860 6.700829 
2456389.016988 5.793648 
2456390.731116 4.929031 
2456392.445244 4.200829 
2456394.159372 3.624697 
2456395.873500 3.238569 
2456397.587628 3.161868 
2456399.301756 3.560609 
2456401.015884 4.532906 
2456402.730012 5.988645 
2456404.444140 7.610421 
2456406.158267 8.940509 
2456407.872395 9.564614 
2456409.586523 9.301339 
2456411.300651 8.294297 
2456413.014779 6.950784 
2456414.728907 5.751924 
2456416.443035 5.029110 
2456418.157163 4.820994 
2456419.871291 4.882946 
2456421.585419 4.840084 
2456423.299547 4.400015 
2456425.013675 3.512936 
2456426.727803 2.398780 
2456428.441931 1.434395 
2456430.156058 0.966973 
2456431.870186 1.153714 
2456433.584314 1.906137 
2456435.298442 2.955838 
2456437.012570 3.993364 
2456438.726698 4.799250 
2456440.440826 5.301448 
2456442.154954 5.543615 
2456443.869082 5.602102 
2456445.583210 5.514441 
2456447.297338 5.266258 
2456449.011466 4.839190 
2456450.725594 4.278917 
2456452.439722 3.727164 
2456454.153849 3.383957 
2456455.867977 3.412152 
2456457.582105 3.836912 
2456459.296233 4.502572 
2456461.010361 5.121119 
2456462.724489 5.395922 
2456464.438617 5.160498 
2456466.152745 4.460576 
2456467.866873 3.535730 
2456469.581001 2.708963 
2456471.295129 2.240128 
2456473.009257 2.216099 
2456474.723385 2.528905 
2456476.437513 2.945787 
2456478.151640 3.228900 
2456479.865768 3.241674 
2456481.579896 2.992688 
2456483.294024 2.605747 
2456485.008152 2.243888 
2456486.722280 2.033905 
2456488.436408 2.028708 
2456490.150536 2.216368 
2456491.864664 2.555984 
2456493.578792 3.008791 
2456495.292920 3.543257 
2456497.007048 4.116263 
2456498.721176 4.652222 
2456500.435304 5.044839 
2456502.149431 5.190472 
2456503.863559 5.038427 
2456505.577687 4.627933 
2456507.291815 4.085002 
2456509.005943 3.573729 
2456510.720071 3.223441 
2456512.434199 3.069024 
2456514.148327 3.036748 
2456515.862455 2.984250 
2456517.576583 2.774441 
2456519.290711 2.345416 
2456521.004839 1.741709 
2456522.718967 1.093993 
2456524.433095 0.561493 
2456526.147222 0.268738 
2456527.861350 0.266777 
2456529.575478 0.531521 
2456531.289606 0.990105 
2456533.003734 1.553504 
2456534.717862 2.136503 
2456536.431990 2.660735 
2456538.146118 3.051576 
2456539.860246 3.244353 
2456541.574374 3.206353 
2456543.288502 2.964864 
2456545.002630 2.620132 
2456546.716758 2.325061 
2456548.430886 2.230928 
2456550.145013 2.420662 
2456551.859141 2.863883 
2456553.573269 3.421490 
2456555.287397 3.903425 
2456557.001525 4.154174 
2456558.715653 4.123248 
2456560.429781 3.883514 
2456562.143909 3.586878 
2456563.858037 3.380343 
2456565.572165 3.327146 
2456567.286293 3.374888 
2456569.000421 3.386694 
2456570.714549 3.216849 
2456572.428677 2.788719 
2456574.142804 2.133270 
2456575.856932 1.370372 
2456577.571060 0.648083 
2456579.285188 0.077629 
2456580.999316 -0.298892 
2456582.713444 -0.494086 
2456584.427572 -0.530628 
2456586.141700 -0.402032 
2456587.855828 -0.069862 
2456589.569956 0.497047 
2456591.284084 1.266418 
2456592.998212 2.110378 
2456594.712340 2.828199 
2456596.426468 3.223075 
2456598.140595 3.196953 
2456599.854723 2.810635 
2456601.568851 2.269882 
2456603.282979 1.836506 
2456604.997107 1.705863 
2456606.711235 1.914052 
2456608.425363 2.325696 
2456610.139491 2.711352 
2456611.853619 2.874851 
2456613.567747 2.762257 
2456615.281875 2.492541 
2456616.996003 2.291814 
2456618.710131 2.365647 
2456620.424259 2.778467 
2456622.138386 3.405902 
2456623.852514 3.986649 
2456625.566642 4.246535 
2456627.280770 4.028854 
2456628.994898 3.362960 
2456630.709026 2.438301 
2456632.423154 1.503321 
2456634.137282 0.748343 
2456635.851410 0.236679 
2456637.565538 -0.083324 
2456639.279666 -0.301595 
2456640.993794 -0.458946 
2456642.707922 -0.507006 
2456644.422050 -0.342175 
2456646.136177 0.107761 
2456647.850305 0.801140 
2456649.564433 1.561817 
2456651.278561 2.142963 
2456652.992689 2.346382 
2456654.706817 2.131443 
2456656.420945 1.648104 
2456658.135073 1.168130 
2456659.849201 0.946119 
2456661.563329 1.084507 
2456663.277457 1.478741 
2456664.991585 1.877241 
2456666.705713 2.027334 
2456668.419841 1.828448 
2456670.133968 1.406219 
2456671.848096 1.061695 
2456673.562224 1.117379 
2456675.276352 1.739562 
2456676.990480 2.831985 
2456678.704608 4.059936 
2456680.418736 4.995360 
2456682.132864 5.309592 
2456683.846992 4.915773 
2456685.561120 3.991039 
2456687.275248 2.873251 
2456688.989376 1.892703 
2456690.703504 1.229825 
2456692.417631 0.869837 
2456694.131759 0.667296 
2456695.845887 0.471400 
2456697.560015 0.232033 
2456699.274143 0.023569 
2456700.988271 -0.023054 
2456702.702399 0.168199 
2456704.416527 0.538909 
2456706.130655 0.904534 
2456707.844783 1.051915 
2456709.558911 0.869998 
2456711.273039 0.432960 
2456712.987167 -0.021271 
2456714.701295 -0.214015 
2456716.415422 0.014750 
2456718.129550 0.602485 
2456719.843678 1.281682 
2456721.557806 1.718520 
2456723.271934 1.702066 
2456724.986062 1.279788 
2456726.700190 0.758960 
2456728.414318 0.563811 
2456730.128446 1.017304 
2456731.842574 2.160558 
2456733.556702 3.706761 
2456735.270830 5.157521 
2456736.984958 6.024777 
2456738.699086 6.046545 
2456740.413213 5.289405 
2456742.127341 4.091780 
2456743.841469 2.885713 
2456745.555597 1.995385 
2456747.269725 1.515941 
2456748.983853 1.325601 
2456750.697981 1.207699 
2456752.412109 1.000948 
2456754.126237 0.687923 
2456755.840365 0.375897 
2456757.554493 0.192934 
2456759.268621 0.173996 
2456760.982749 0.216105 
2456762.696877 0.136275 
2456764.411004 -0.201054 
2456766.125132 -0.768100 
2456767.839260 -1.348752 
2456769.553388 -1.632396 
2456771.267516 -1.382258 
2456772.981644 -0.584054 
2456774.695772 0.515771 
2456776.409900 1.515326 
2456778.124028 2.058494 
2456779.838156 2.026506 
2456781.552284 1.613265 
2456783.266412 1.236784 
2456784.980540 1.326781 
2456786.694668 2.096988 
2456788.408795 3.421530 
2456790.122923 4.881220 
2456791.837051 5.956451 
2456793.551179 6.267039 
2456795.265307 5.737180 
2456796.979435 4.606591 
2456798.693563 3.292195 
2456800.407691 2.181924 
2456802.121819 1.471546 
2456803.835947 1.123101 
2456805.550075 0.950428 
2456807.264203 0.766535 
2456808.978331 0.499155 
2456810.692459 0.208796 
2456812.406586 0.008950 
2456814.120714 -0.049672 
2456815.834842 -0.047403 
2456817.548970 -0.164419 
2456819.263098 -0.563195 
2456820.977226 -1.256300 
2456822.691354 -2.046915 
2456824.405482 -2.591174 
2456826.119610 -2.560382 
2456827.833738 -1.818832 
2456829.547866 -0.516792 
2456831.261994 0.960137 
2456832.976122 2.166683 
2456834.690250 2.809850 
2456836.404377 2.885602 
2456838.118505 2.667050 
2456839.832633 2.549904 
2456841.546761 2.837255 
2456843.260889 3.577382 
2456844.975017 4.538183 
2456846.689145 5.327396 
2456848.403273 5.590475 
2456850.117401 5.180042 
2456851.831529 4.211586 
2456853.545657 2.985776 
2456855.259785 1.830161 
2456856.973913 0.951760 
2456858.688041 0.377356 
2456860.402168 0.001590 
2456862.116296 -0.300974 
2456863.830424 -0.577198 
2456865.544552 -0.772614 
2456867.258680 -0.794476 
2456868.972808 -0.613535 
2456870.686936 -0.331007 
2456872.401064 -0.157470 
2456874.115192 -0.305475 
2456875.829320 -0.854063 
2456877.543448 -1.666871 
2456879.257576 -2.420571 
2456880.971704 -2.740126 
2456882.685832 -2.375865 
2456884.399959 -1.330199 
2456886.114087 0.134584 
2456887.828215 1.613991 
2456889.542343 2.744566 
2456891.256471 3.358745 
2456892.970599 3.534084 
2456894.684727 3.517370 
2456896.398855 3.570533 
2456898.112983 3.824003 
2456899.827111 4.214152 
2456901.541239 4.531579 
2456903.255367 4.545579 
2456904.969495 4.131471 
2456906.683623 3.331723 
2456908.397750 2.324030 
2456910.111878 1.323608 
2456911.826006 0.481501 
2456913.540134 -0.163080 
2456915.254262 -0.655846 
2456916.968390 -1.052778 
2456918.682518 -1.352791 
2456920.396646 -1.485501 
2456922.110774 -1.364316 
2456923.824902 -0.970752 
2456925.539030 -0.412353 
2456927.253158 0.091266 
2456928.967286 0.298212 
2456930.681414 0.067246 
2456932.395541 -0.552938 
2456934.109669 -1.321462 
2456935.823797 -1.898761 
2456937.537925 -1.993314 
2456939.252053 -1.489656 
2456940.966181 -0.494610 
2456942.680309 0.719040 
2456944.394437 1.839629 
2456946.108565 2.648412 
2456947.822693 3.091710 
2456949.536821 3.264314 
2456951.250949 3.323252 
2456952.965077 3.385459 
2456954.679205 3.465835 
2456956.393332 3.484162 
2456958.107460 3.328321 
2456959.821588 2.930894 
2456961.535716 2.313160 
2456963.249844 1.574113 
2456964.963972 0.836982 
2456966.678100 0.190240 
2456968.392228 -0.339675 
2456970.106356 -0.769745 
2456971.820484 -1.112743 
2456973.534612 -1.337010 
2456975.248740 -1.365690 
2456976.962868 -1.121904 
2456978.676996 -0.595071 
2456980.391123 0.113820 
2456982.105251 0.802416 
2456983.819379 1.237514 
2456985.533507 1.255748 
2456987.247635 0.844314 
2456988.961763 0.158364 
2456990.675891 -0.537354 
2456992.390019 -0.976709 
2456994.104147 -0.999096 
2456995.818275 -0.605350 
2456997.532403 0.060232 
2456999.246531 0.787254 
2457000.960659 1.393660 
2457002.674787 1.790703 
2457004.388914 1.991862 
2457006.103042 2.070980 
2457007.817170 2.100396 
2457009.531298 2.105997 
2457011.245426 2.061237 
2457012.959554 1.916837 
2457014.673682 1.642407 
2457016.387810 1.252258 
2457018.101938 0.800791 
2457019.816066 0.353957 
2457021.530194 -0.041574 
2457023.244322 -0.369772 
2457024.958450 -0.629979 
2457026.672578 -0.807367 
2457028.386705 -0.853015 
2457030.100833 -0.693265 
2457031.814961 -0.269799 
2457033.529089 0.409366 
2457035.243217 1.238894 
2457036.957345 2.029270 
2457038.671473 2.566124 
2457040.385601 2.692261 
2457042.099729 2.374299 
2457043.813857 1.720745 
2457045.527985 0.941022 
2457047.242113 0.263508 
2457048.956241 -0.149838 
2457050.670369 -0.254235 
2457052.384496 -0.118713 
2457054.098624 0.123898 
2457055.812752 0.344758 
2457057.526880 0.470702 
2457059.241008 0.498419 
2457060.955136 0.471618 
2457062.669264 0.440466 
2457064.383392 0.428543 
2457066.097520 0.423956 
2457067.811648 0.394696 
2457069.525776 0.314155 
2457071.239904 0.179050 
2457072.954032 0.009808 
2457074.668160 -0.163332 
2457076.382287 -0.315554 
2457078.096415 -0.431266 
2457079.810543 -0.493273 
2457081.524671 -0.466528 
2457083.238799 -0.292295 
2457084.952927 0.095740 
2457086.667055 0.735362 
2457088.381183 1.596399 
2457090.095311 2.561391 
2457091.809439 3.443228 
2457093.523567 4.039225 
2457095.237695 4.201663 
2457096.951823 3.894080 
2457098.665951 3.206962 
2457100.380078 2.324360 
2457102.094206 1.455564 
2457103.808334 0.761802 
2457105.522462 0.309154 
2457107.236590 0.065163 
2457108.950718 -0.064523 
2457110.664846 -0.180909 
2457112.378974 -0.345118 
2457114.093102 -0.559989 
2457115.807230 -0.782997 
2457117.521358 -0.958136 
2457119.235486 -1.047464 
2457120.949614 -1.046911 
2457122.663742 -0.982062 
2457124.377869 -0.890853 
2457126.091997 -0.805139 
2457127.806125 -0.740371 
2457129.520253 -0.694988 
2457131.234381 -0.654497 
2457132.948509 -0.593747 
2457134.662637 -0.475220 
2457136.376765 -0.247540 
2457138.090893 0.148239 
2457139.805021 0.759860 
2457141.519149 1.595995 
2457143.233277 2.601252 
2457144.947405 3.649182 
2457146.661533 4.563157 
2457148.375660 5.162807 
2457150.089788 5.320547 
2457151.803916 5.005668 
2457153.518044 4.296724 
2457155.232172 3.355648 
2457156.946300 2.373351 
2457158.660428 1.508650 
2457160.374556 0.844568 
2457162.088684 0.377532 
2457163.802812 0.040156 
2457165.516940 -0.255680 
2457167.231068 -0.575630 
2457168.945196 -0.937089 
2457170.659324 -1.308538 
2457172.373451 -1.630044 
2457174.087579 -1.842843 
2457175.801707 -1.914390 
2457177.515835 -1.849606 
2457179.229963 -1.686258 
2457180.944091 -1.478654 
2457182.658219 -1.276922 
2457184.372347 -1.108841 
2457186.086475 -0.969001 
2457187.800603 -0.817567 
2457189.514731 -0.589043 
2457191.228859 -0.209874 
2457192.942987 0.378156 
2457194.657115 1.194004 
2457196.371242 2.200059 
2457198.085370 3.298494 
2457199.799498 4.345352 
2457201.513626 5.180924 
2457203.227754 5.668742 
2457204.941882 5.731368 
2457206.656010 5.371162 
2457208.370138 4.668823 
2457210.084266 3.760000 
2457211.798394 2.797752 
2457213.512522 1.913129 
2457215.226650 1.186066 
2457216.940778 0.634561 
2457218.654906 0.223555 
2457220.369033 -0.111326 
2457222.083161 -0.434185 
2457223.797289 -0.783324 
2457225.511417 -1.157724 
2457227.225545 -1.519265 
2457228.939673 -1.809324 
2457230.653801 -1.973583 
2457232.367929 -1.985770 
2457234.082057 -1.860802 
2457235.796185 -1.651000 
2457237.510313 -1.425225 
2457239.224441 -1.237940 
2457240.938569 -1.100552 
2457242.652697 -0.968096 
2457244.366824 -0.749409 
2457246.080952 -0.339645 
2457247.795080 0.335886 
2457249.509208 1.283546 
2457251.223336 2.424884 
2457252.937464 3.609783 
2457254.651592 4.655361 
2457256.365720 5.396468 
2457258.079848 5.729357 
2457259.793976 5.633826 
2457261.508104 5.168592 
2457263.222232 4.445361 
2457264.936360 3.594004 
2457266.650488 2.731784 
2457268.364615 1.944629 
2457270.078743 1.281335 
2457271.792871 0.756557 
2457273.506999 0.357426 
2457275.221127 0.051219 
2457276.935255 -0.205410 
2457278.649383 -0.454185 
2457280.363511 -0.720894 
2457282.077639 -1.003735 
2457283.791767 -1.271034 
2457285.505895 -1.472705 
2457287.220023 -1.563224 
2457288.934151 -1.526447 
2457290.648279 -1.388966 
2457292.362406 -1.212101 
2457294.076534 -1.062572 
2457295.790662 -0.973827 
2457297.504790 -0.917290 
2457299.218918 -0.800840 
2457300.933046 -0.500211 
2457302.647174 0.086979 
2457304.361302 0.987392 
2457306.075430 2.123340 
2457307.789558 3.324416 
2457309.503686 4.376784 
2457311.217814 5.090528 
2457312.931942 5.357618 
2457314.646070 5.177893 
2457316.360197 4.645574 
2457318.074325 3.906210 
2457319.788453 3.105366 
2457321.502581 2.350505 
2457323.216709 1.697731 
2457324.930837 1.161221 
2457326.644965 0.733074 
2457328.359093 0.399654 
2457330.073221 0.146976 
2457331.787349 -0.042759 
2457333.501477 -0.195034 
2457335.215605 -0.339515 
2457336.929733 -0.498167 
2457338.643861 -0.671871 
2457340.357988 -0.835834 
2457342.072116 -0.950044 
2457343.786244 -0.981711 
2457345.500372 -0.927632 
2457347.214500 -0.821917 
2457348.928628 -0.720993 
2457350.642756 -0.670435 
2457352.356884 -0.670054 
2457354.071012 -0.657575 
2457355.785140 -0.523972 
2457357.499268 -0.158056 
2457359.213396 0.498031 
2457360.927524 1.408477 
2457362.641652 2.439543 
2457364.355779 3.396341 
2457366.069907 4.086501 
2457367.784035 4.383981 
2457369.498163 4.266447 
2457371.212291 3.812320 
2457372.926419 3.162185 
2457374.640547 2.464421 
2457376.354675 1.829441 
2457378.068803 1.309500 
2457379.782931 0.906505 
2457381.497059 0.596729 
2457383.211187 0.355599 
2457384.925315 0.169840 
2457386.639443 0.034530 
2457388.353570 -0.057528 
2457390.067698 -0.123037 
2457391.781826 -0.185096 
2457393.495954 -0.261305 
2457395.210082 -0.351827 
2457396.924210 -0.437078 
2457398.638338 -0.488743 
2457400.352466 -0.488699 
2457402.066594 -0.443969 
2457403.780722 -0.386652 
2457405.494850 -0.355883 
2457407.208978 -0.370000 
2457408.923106 -0.404530 
2457410.637234 -0.390714 
2457412.351361 -0.239565 
2457414.065489 0.117085 
2457415.779617 0.687326 
2457417.493745 1.401520 
2457419.207873 2.126885 
2457420.922001 2.709917 
2457422.636129 3.028962 
2457424.350257 3.034440 
2457426.064385 2.760238 
2457427.778513 2.303411 
2457429.492641 1.783548 
2457431.206769 1.301020 
2457432.920897 0.911393 
2457434.635025 0.623455 
2457436.349152 0.416174 
2457438.063280 0.261893 
2457439.777408 0.142792 
2457441.491536 0.054139 
2457443.205664 -0.003298 
2457444.919792 -0.033299 
2457446.633920 -0.048418 
2457448.348048 -0.065334 
2457450.062176 -0.095052 
2457451.776304 -0.135503 
2457453.490432 -0.172546 
2457455.204560 -0.189684 
2457456.918688 -0.180562 
2457458.632816 -0.155675 
2457460.346943 -0.137578 
2457462.061071 -0.145778 
2457463.775199 -0.179403 
2457465.489327 -0.208352 
2457467.203455 -0.180178 
2457468.917583 -0.041755 
2457470.631711 0.233539 
2457472.345839 0.626437 
2457474.059967 1.070703 
2457475.774095 1.472435 
2457477.488223 1.742106 
2457479.202351 1.825536 
2457480.916479 1.720607 
2457482.630607 1.473377 
2457484.344734 1.156853 
2457486.058862 0.843034 
2457487.772990 0.580673 
2457489.487118 0.386928 
2457491.201246 0.253490 
2457492.915374 0.160988 
2457494.629502 0.092801 
2457496.343630 0.041657 
2457498.057758 0.007738 
2457499.771886 -0.007946 
2457501.486014 -0.009146 
2457503.200142 -0.004901 
2457504.914270 -0.005054 
2457506.628398 -0.014339 
2457508.342525 -0.029560 
2457510.056653 -0.042184 
2457511.770781 -0.044857 
2457513.484909 -0.037514 
2457515.199037 -0.028611 
2457516.913165 -0.029889 
2457518.627293 -0.047180 
2457520.341421 -0.072691 
2457522.055549 -0.084023 
2457523.769677 -0.051843 
2457525.483805 0.046592 
2457527.197933 0.214440 
2457528.912061 0.429472 
2457530.626189 0.648967 
2457532.340316 0.823691 
2457534.054444 0.914999 
2457535.768572 0.907666 
2457537.482700 0.813213 
2457539.196828 0.663072 
2457540.910956 0.495442 
2457542.625084 0.342091 
2457544.339212 0.220463 
2457546.053340 0.133265 
2457547.767468 0.073858 
2457549.481596 0.033448 
2457551.195724 0.006123 
2457552.909852 -0.010139 
2457554.623980 -0.015692 
2457556.338107 -0.012166 
2457558.052235 -0.003732 
2457559.766363 0.004169 
2457561.480491 0.007566 
2457563.194619 0.006093 
2457564.908747 0.002893 
2457566.622875 0.002199 
2457568.337003 0.006128 
2457570.051131 0.012839 
2457571.765259 0.017447 
2457573.479387 0.015414 
2457575.193515 0.006495 
2457576.907643 -0.003179 
2457578.621771 -0.002462 
2457580.335898 0.020284 
2457582.050026 0.071526 
2457583.764154 0.148521 
2457585.478282 0.238935 
2457587.192410 0.324425 
2457588.906538 0.386603 
2457590.620666 0.412821 
2457592.334794 0.399475 
2457594.048922 0.351843 
2457595.763050 0.281128 
2457597.477178 0.200380 
2457599.191306 0.121103 
2457600.905434 0.051542 
2457602.619562 -0.003410 
2457604.333689 -0.041501 
2457606.047817 -0.062466 
2457607.761945 -0.067836 
2457609.476073 -0.060952 
2457611.190201 -0.046664 
2457612.904329 -0.030341 
2457614.618457 -0.016377 
2457616.332585 -0.006829 
2457618.046713 -0.000927 
2457619.760841 0.004214 
2457621.474969 0.011958 
2457623.189097 0.024380 
2457624.903225 0.041222 
2457626.617353 0.060028 
2457628.331480 0.077317 
2457630.045608 0.090151 
2457631.759736 0.097360 
2457633.473864 0.099956 
2457635.187992 0.100717 
2457636.902120 0.103246 
2457638.616248 0.110922 
2457640.330376 0.125945 
2457642.044504 0.148547 
2457643.758632 0.176363 
2457645.472760 0.204154 
2457647.186888 0.224210 
2457648.901016 0.227796 
2457650.615144 0.207587 
2457652.329271 0.160514 
2457654.043399 0.089908 
2457655.757527 0.005811 
2457657.471655 -0.077105 
2457659.185783 -0.143591 
2457660.899911 -0.182455 
2457662.614039 -0.189953 
2457664.328167 -0.170549 
2457666.042295 -0.134711 
2457667.756423 -0.094693 
2457669.470551 -0.060091 
2457671.184679 -0.034931 
2457672.898807 -0.017278 
2457674.612935 -0.001148 
2457676.327062 0.020389 
2457678.041190 0.052341 
2457679.755318 0.096128 
2457681.469446 0.149360 
2457683.183574 0.206615 
2457684.897702 0.260635 
2457686.611830 0.303616 
2457688.325958 0.328619 
2457690.040086 0.331291 
2457691.754214 0.311706 
2457693.468342 0.275624 
2457695.182470 0.234118 
2457696.896598 0.200864 
2457698.610726 0.187377 
2457700.324853 0.197754 
2457702.038981 0.225281 
2457703.753109 0.252973 
2457705.467237 0.258687 
2457707.181365 0.223338 
2457708.895493 0.139090 
2457710.609621 0.013969 
2457712.323749 -0.129399 
2457714.037877 -0.260783 
2457715.752005 -0.352431 
2457717.466133 -0.388207 
2457719.180261 -0.368152 
2457720.894389 -0.306854 
2457722.608517 -0.226670 
2457724.322644 -0.148887 
2457726.036772 -0.086455 
2457727.750900 -0.040849 
2457729.465028 -0.003577 
2457731.179156 0.039019 
2457732.893284 0.100019 
2457734.607412 0.187273 
2457736.321540 0.300912 
2457738.035668 0.432964 
2457739.749796 0.568599 
2457741.463924 0.688571 
2457743.178052 0.772845 
2457744.892180 0.805309 
2457746.606308 0.778919 
2457748.320435 0.699660 
2457750.034563 0.587221 
2457751.748691 0.470842 
2457753.462819 0.380554 
2457755.176947 0.336328 
2457756.891075 0.339352 
2457758.605203 0.369571 
2457760.319331 0.391549 
2457762.033459 0.367263 
2457763.747587 0.271171 
2457765.461715 0.101507 
2457767.175843 -0.117083 
2457768.889971 -0.340950 
2457770.604099 -0.522084 
2457772.318226 -0.624176 
2457774.032354 -0.633815 
2457775.746482 -0.562768 
2457777.460610 -0.441134 
2457779.174738 -0.304772 
2457780.888866 -0.182281 
2457782.602994 -0.086292 
2457784.317122 -0.011481 
2457786.031250 0.061090 
2457787.745378 0.155778 
2457789.459506 0.293376 
2457791.173634 0.483782 
2457792.887762 0.721657 
2457794.601890 0.985587 
2457796.316017 1.240926 
2457798.030145 1.446324 
2457799.744273 1.563345 
2457801.458401 1.567448 
2457803.172529 1.457166 
2457804.886657 1.257755 
2457806.600785 1.016501 
2457808.314913 0.789632 
2457810.029041 0.624339 
2457811.743169 0.542233 
2457813.457297 0.530961 
2457815.171425 0.548180 
2457816.885553 0.537259 
2457818.599681 0.449163 
2457820.313808 0.262058 
2457822.027936 -0.009140 
2457823.742064 -0.317057 
2457825.456192 -0.598119 
2457827.170320 -0.794183 
2457828.884448 -0.871106 
2457830.598576 -0.827578 
2457832.312704 -0.691850 
2457834.026832 -0.508768 
2457835.740960 -0.322807 
2457837.455088 -0.163363 
2457839.169216 -0.036771 
2457840.883344 0.073435 
2457842.597472 0.199246 
2457844.311599 0.376617 
2457846.025727 0.632765 
2457847.739855 0.975178 
2457849.453983 1.384882 
2457851.168111 1.816075 
2457852.882239 2.203483 
2457854.596367 2.477042 
2457856.310495 2.580972 
2457858.024623 2.491808 
2457859.738751 2.228823 
2457861.452879 1.851753 
2457863.167007 1.444764 
2457864.881135 1.090972 
2457866.595263 0.846152 
2457868.309390 0.721479 
2457870.023518 0.682182 
2457871.737646 0.662967 
2457873.451774 0.594343 
2457875.165902 0.429649 
2457876.880030 0.162462 
2457878.594158 -0.171748 
2457880.308286 -0.509367 
2457882.022414 -0.781506 
2457883.736542 -0.936778 
2457885.450670 -0.955859 
2457887.164798 -0.853749 
2457888.878926 -0.670621 
2457890.593054 -0.455873 
2457892.307181 -0.251323 
2457894.021309 -0.078514 
2457895.735437 0.066986 
2457897.449565 0.213526 
2457899.163693 0.404309 
2457900.877821 0.683116 
2457902.591949 1.077722 
2457904.306077 1.585118 
2457906.020205 2.163452 
2457907.734333 2.735021 
2457909.448461 3.201965 
2457911.162589 3.471876 
2457912.876717 3.485954 
2457914.590845 3.239807 
2457916.304972 2.788282 
2457918.019100 2.230936 
2457919.733228 1.682112 
2457921.447356 1.235982 
2457923.161484 0.939324 
2457924.875612 0.781973 
2457926.589740 0.707844 
2457928.303868 0.641293 
2457930.017996 0.517830 
2457931.732124 0.307354 
2457933.446252 0.022073 
2457935.160380 -0.291896 
2457936.874508 -0.573887 
2457938.588636 -0.770359 
2457940.302763 -0.850905 
2457942.016891 -0.814284 
2457943.731019 -0.684527 
2457945.445147 -0.500314 
2457947.159275 -0.301786 
2457948.873403 -0.118298 
2457950.587531 0.040534 
2457952.301659 0.188843 
2457954.015787 0.362142 
2457955.729915 0.607653 
2457957.444043 0.968067 
2457959.158171 1.462244 
2457960.872299 2.069138 
2457962.586427 2.722175 
2457964.300554 3.319091 
2457966.014682 3.746834 
2457967.728810 3.914690 
2457969.442938 3.784122 
2457971.157066 3.383622 
2457972.871194 2.801837 
2457974.585322 2.160549 
2457976.299450 1.577209 
2457978.013578 1.130931 
2457979.727706 0.844237 
2457981.441834 0.686078 
2457983.155962 0.592921 
2457984.870090 0.497928 
2457986.584218 0.356231 
2457988.298345 0.157547 
2457990.012473 -0.076273 
2457991.726601 -0.304790 
2457993.440729 -0.486193 
2457995.154857 -0.591167 
2457996.868985 -0.609530 
2457998.583113 -0.549654 
2458000.297241 -0.433070 
2458002.011369 -0.287016 
2458003.725497 -0.136681 
2458005.439625 0.002177 
2458007.153753 0.129397 
2458008.867881 0.263592 
2458010.582009 0.439686 
2458012.296136 0.699016 
2458014.010264 1.072928 
2458015.724392 1.564653 
2458017.438520 2.136901 
2458019.152648 2.712239 
2458020.866776 3.189139 
2458022.580904 3.470138 
2458024.295032 3.492636 
2458026.009160 3.250531 
2458027.723288 2.797735 
2458029.437416 2.231555 
2458031.151544 1.662070 
2458032.865672 1.179228 
2458034.579800 0.829853 
2458036.293927 0.612091 
2458038.008055 0.487241 
2458039.722183 0.402052 
2458041.436311 0.311369 
2458043.150439 0.192533 
2458044.864567 0.047890 
2458046.578695 -0.102666 
2458048.292823 -0.233559 
2458050.006951 -0.323970 
2458051.721079 -0.363416 
2458053.435207 -0.352257 
2458055.149335 -0.299120 
2458056.863463 -0.217443 
2458058.577591 -0.122109 
2458060.291718 -0.025850 
2458062.005846 0.065068 
2458063.719974 0.155203 
2458065.434102 0.262077 
2458067.148230 0.413320 
2458068.862358 0.637525 
2458070.576486 0.950624 
2458072.290614 1.342858 
2458074.004742 1.772694 
2458075.718870 2.172264 
2458077.432998 2.464395 
2458079.147126 2.585949 
2458080.861254 2.508782 
2458082.575382 2.249856 
2458084.289509 1.866172 
2458086.003637 1.436367 
2458087.717765 1.036247 
2458089.431893 0.717679 
2458091.146021 0.498275 
2458092.860149 0.364321 
2458094.574277 0.283761 
2458096.288405 0.222518 
2458098.002533 0.157237 
2458099.716661 0.080373 
2458101.430789 -0.002340 
2458103.144917 -0.078763 
2458104.859045 -0.137347 
2458106.573172 -0.171274 
2458108.287300 -0.179163 
2458110.001428 -0.163648 
2458111.715556 -0.129647 
2458113.429684 -0.083263 
2458115.143812 -0.030946 
2458116.857940 0.022045 
2458118.572068 0.074322 
2458120.286196 0.131203 
2458122.000324 0.205635 
2458123.714452 0.315276 
2458125.428580 0.475436 
2458127.142708 0.690060 
2458128.856836 0.944716 
2458130.570963 1.205603 
2458132.285091 1.426404 
2458133.999219 1.561399 
2458135.713347 1.580153 
2458137.427475 1.477939 
2458139.141603 1.277591 
2458140.855731 1.021958 
2458142.569859 0.760049 
2458144.283987 0.532405 
2458145.998115 0.361203 
2458147.712243 0.248133 
2458149.426371 0.179625 
2458151.140499 0.136044 
2458152.854627 0.100488 
2458154.568754 0.063839 
2458156.282882 0.025085 
2458157.997010 -0.011767 
2458159.711138 -0.041700 
2458161.425266 -0.061454 
2458163.139394 -0.070244 
2458164.853522 -0.068969 
2458166.567650 -0.059148 
2458168.281778 -0.042448 
2458169.995906 -0.020822 
2458171.710034 0.003472 
2458173.424162 0.028669 
2458175.138290 0.055118 
2458176.852418 0.086799 
2458178.566545 0.131355 
2458180.280673 0.197750 
2458181.994801 0.291920 
2458183.708929 0.412117 
2458185.423057 0.546324 
2458187.137185 0.673509 
2458188.851313 0.768920 
2458190.565441 0.811699 
2458192.279569 0.791859 
2458193.993697 0.713758 
2458195.707825 0.594629 
2458197.421953 0.458805 
2458199.136081 0.330040 
2458200.850209 0.224968 
2458202.564336 0.149974 
2458204.278464 0.102120 
2458205.992592 0.073008 
2458207.706720 0.053464 
2458209.420848 0.036999 
2458211.134976 0.021008 
2458212.849104 0.005912 
2458214.563232 -0.006677 
2458216.277360 -0.015524 
2458217.991488 -0.020393 
2458219.705616 -0.021756 
2458221.419744 -0.020192 
2458223.133872 -0.016038 
2458224.848000 -0.009526 
2458226.562127 -0.001101 
2458228.276255 0.008522 
2458229.990383 0.018860 
2458231.704511 0.030497 
2458233.418639 0.045663 
2458235.132767 0.067912 
2458236.846895 0.100710 
2458238.561023 0.145360 
2458240.275151 0.199241 
2458241.989279 0.255362 
2458243.703407 0.303736 
2458245.417535 0.334251 
2458247.131663 0.339956 
2458248.845791 0.319440 
2458250.559918 0.277308 
2458252.274046 0.222582 
2458253.988174 0.165730 
2458255.702302 0.115536 
2458257.416430 0.077002 
2458259.130558 0.050888 
2458260.844686 0.034780 
2458262.558814 0.024926 
2458264.272942 0.017976 
2458265.987070 0.011949 
2458267.701198 0.006282 
2458269.415326 0.001266 
2458271.129454 -0.002640 
2458272.843582 -0.005231 
2458274.557709 -0.006590 
2458276.271837 -0.006899 
2458277.985965 -0.006253 
2458279.700093 -0.004664 
2458281.414221 -0.002192 
2458283.128349 0.000948 
2458284.842477 0.004457 
2458286.556605 0.008232 
2458288.270733 0.012673 
2458289.984861 0.018776 
2458291.698989 0.027837 
2458293.413117 0.040813 
2458295.127245 0.057599 
2458296.841373 0.076601 
2458298.555500 0.094875 
2458300.269628 0.108873 
2458301.983756 0.115540 
2458303.697884 0.113332 
2458305.412012 0.102735 
2458307.126140 0.086093 
2458308.840268 0.066814 
2458310.554396 0.048312 
2458312.268524 0.033073 
2458313.982652 0.022174 
2458315.696780 0.015342 
2458317.410908 0.011427 
2458319.125036 0.009028 
2458320.839164 0.007008 
2458322.553291 0.004750 
2458324.267419 0.002148 
2458325.981547 -0.000561 
2458327.695675 -0.003018 
2458329.409803 -0.004888 
2458331.123931 -0.005953 
2458332.838059 -0.006129 
2458334.552187 -0.005473 
2458336.266315 -0.004173 
2458337.980443 -0.002508 
2458339.694571 -0.000766 
2458341.408699 0.000869 
2458343.122827 0.002426 
2458344.836955 0.004188 
2458346.551082 0.006618 
2458348.265210 0.010172 
2458349.979338 0.015065 
2458351.693466 0.021084 
2458353.407594 0.027534 
2458355.121722 0.033368 
2458356.835850 0.037466 
2458358.549978 0.038966 
2458360.264106 0.037541 
2458361.978234 0.033506 
2458363.692362 0.027730 
2458365.406490 0.021383 
2458367.120618 0.015596 
2458368.834746 0.011165 
2458370.548873 0.008374 
2458372.263001 0.006984 
2458373.977129 0.006389 
2458375.691257 0.005860 
2458377.405385 0.004798 
2458379.119513 0.002921 
2458380.833641 0.000325 
2458382.547769 -0.002586 
2458384.261897 -0.005252 
2458385.976025 -0.007156 
2458387.690153 -0.007981 
2458389.404281 -0.007687 
2458391.118409 -0.006498 
2458392.832537 -0.004801 
2458394.546664 -0.003001 
2458396.260792 -0.001394 
2458397.974920 -0.000069 
2458399.689048 0.001108 
2458401.403176 0.002446 
2458403.117304 0.004322 
2458404.831432 0.007035 
2458406.545560 0.010681 
2458408.259688 0.015065 
2458409.973816 0.019687 
2458411.687944 0.023833 
2458413.402072 0.026743 
2458415.116200 0.027820 
2458416.830328 0.026822 
2458418.544455 0.023962 
2458420.258583 0.019873 
2458421.972711 0.015431 
2458423.686839 0.011496 
2458425.400967 0.008655 
2458427.115095 0.007053 
2458428.829223 0.006389 
2458430.543351 0.006062 
2458432.257479 0.005419 
2458433.971607 0.004002 
2458435.685735 0.001712 
2458437.399863 -0.001175 
2458439.113991 -0.004126 
2458440.828119 -0.006549 
2458442.542246 -0.007991 
2458444.256374 -0.008264 
2458445.970502 -0.007470 
2458447.684630 -0.005936 
2458449.398758 -0.004076 
2458451.112886 -0.002258 
2458452.827014 -0.000688 
2458454.541142 0.000646 
2458456.255270 0.001976 
2458457.969398 0.003680 
2458459.683526 0.006167 
2458461.397654 0.009719 
2458463.111782 0.014347 
2458464.825910 0.019700 
2458466.540037 0.025077 
2458468.254165 0.029565 
2458469.968293 0.032279 
2458471.682421 0.032627 
2458473.396549 0.030522 
2458475.110677 0.026430 
2458476.824805 0.021250 
2458478.538933 0.016040 
2458480.253061 0.011694 
2458481.967189 0.008690 
2458483.681317 0.006991 
2458485.395445 0.006142 
2458487.109573 0.005491 
2458488.823701 0.004465 
2458490.537828 0.002773 
2458492.251956 0.000478 
2458493.966084 -0.002069 
2458495.680212 -0.004388 
2458497.394340 -0.006044 
2458499.108468 -0.006783 
2458500.822596 -0.006577 
2458502.536724 -0.005599 
2458504.250852 -0.004143 
2458505.964980 -0.002526 
2458507.679108 -0.000995 
2458509.393236 0.000354 
2458511.107364 0.001613 
2458512.821492 0.003061 
2458514.535619 0.005093 
2458516.249747 0.008088 
2458517.963875 0.012241 
2458519.678003 0.017410 
2458521.392131 0.023057 
2458523.106259 0.028313 
2458524.820387 0.032190 
2458526.534515 0.033868 
2458528.248643 0.032965 
2458529.962771 0.029675 
2458531.676899 0.024727 
2458533.391027 0.019158 
2458535.105155 0.013994 
2458536.819283 0.009950 
2458538.533410 0.007270 
2458540.247538 0.005738 
2458541.961666 0.004848 
2458543.675794 0.004047 
2458545.389922 0.002947 
2458547.104050 0.001434 
2458548.818178 -0.000349 
2458550.532306 -0.002106 
2458552.246434 -0.003522 
2458553.960562 -0.004373 
2458555.674690 -0.004575 
2458557.388818 -0.004181 
2458559.102946 -0.003339 
2458560.817074 -0.002244 
2458562.531201 -0.001087 
2458564.245329 0.000005 
2458565.959457 0.001015 
2458567.673585 0.002069 
2458569.387713 0.003431 
2458571.101841 0.005429 
2458572.815969 0.008333 
2458574.530097 0.012199 
2458576.244225 0.016763 
2458577.958353 0.021428 
2458579.672481 0.025383 
2458581.386609 0.027825 
2458583.100737 0.028213 
2458584.814865 0.026451 
2458586.528992 0.022931 
2458588.243120 0.018412 
2458589.957248 0.013779 
2458591.671376 0.009777 
2458593.385504 0.006818 
2458595.099632 0.004927 
2458596.813760 0.003826 
2458598.527888 0.003107 
2458600.242016 0.002410 
2458601.956144 0.001541 
2458603.670272 0.000496 
2458605.384400 -0.000594 
2458607.098528 -0.001548 
2458608.812656 -0.002220 
2458610.526783 -0.002534 
2458612.240911 -0.002490 
2458613.955039 -0.002143 
2458615.669167 -0.001581 
2458617.383295 -0.000905 
2458619.097423 -0.000204 
2458620.811551 0.000469 
2458622.525679 0.001137 
2458624.239807 0.001919 
2458625.953935 0.003015 
2458627.668063 0.004641 
2458629.382191 0.006934 
2458631.096319 0.009843 
2458632.810447 0.013078 
2458634.524574 0.016142 
2458636.238702 0.018451 
2458637.952830 0.019509 
2458639.666958 0.019074 
2458641.381086 0.017240 
2458643.095214 0.014412 
2458644.809342 0.011172 
2458646.523470 0.008099 
2458648.237598 0.005604 
2458649.951726 0.003848 
2458651.665854 0.002754 
2458653.379982 0.002096 
2458655.094110 0.001624 
2458656.808238 0.001158 
2458658.522365 0.000630 
2458660.236493 0.000068 
2458661.950621 -0.000452 
2458663.664749 -0.000853 
2458665.378877 -0.001091 
2458667.093005 -0.001158 
2458668.807133 -0.001070 
2458670.521261 -0.000859 
2458672.235389 -0.000561 
2458673.949517 -0.000216 
2458675.663645 0.000143 
2458677.377773 0.000505 
2458679.091901 0.000901 
2458680.806029 0.001418 
2458682.520156 0.002174 
2458684.234284 0.003279 
2458685.948412 0.004769 
2458687.662540 0.006553 
2458689.376668 0.008404 
2458691.090796 0.010003 
2458692.804924 0.011025 
2458694.519052 0.011244 
2458696.233180 0.010607 
2458697.947308 0.009256 
2458699.661436 0.007478 
2458701.375564 0.005614 
2458703.089692 0.003956 
2458704.803820 0.002676 
2458706.517947 0.001806 
2458708.232075 0.001267 
2458709.946203 0.000930 
2458711.660331 0.000678 
2458713.374459 0.000440 
2458715.088587 0.000200 
2458716.802715 -0.000025 
2458718.516843 -0.000206 
2458720.230971 -0.000325 
2458721.945099 -0.000379 
2458723.659227 -0.000375 
2458725.373355 -0.000323 
2458727.087483 -0.000235 
2458728.801611 -0.000118 
2458730.515738 0.000017 
2458732.229866 0.000167 
2458733.943994 0.000339 
2458735.658122 0.000559 
2458737.372250 0.000872 
2458739.086378 0.001329 
2458740.800506 0.001960 
2458742.514634 0.002751 
2458744.228762 0.003625 
2458745.942890 0.004453 
2458747.657018 0.005086 
2458749.371146 0.005393 
2458751.085274 0.005308 
2458752.799402 0.004849 
2458754.513529 0.004112 
2458756.227657 0.003239 
2458757.941785 0.002377 
2458759.655913 0.001637 
2458761.370041 0.001076 
2458763.084169 0.000694 
2458764.798297 0.000454 
2458766.512425 0.000305 
2458768.226553 0.000205 
2458769.940681 0.000127 
2458771.654809 0.000063 
2458773.368937 0.000015 
2458775.083065 -0.000016 
2458776.797193 -0.000029 
2458778.511320 -0.000029 
2458780.225448 -0.000023 
2458781.939576 -0.000015 
2458783.653704 -0.000009 
2458785.367832 0.000001 
2458787.081960 0.000022 
2458788.796088 0.000067 
2458790.510216 0.000151 
2458792.224344 0.000291 
2458793.938472 0.000494 
2458795.652600 0.000759 
2458797.366728 0.001070 
2458799.080856 0.001399 
2458800.794984 0.001708 
2458802.509111 0.001954 
2458804.223239 0.002105 
2458805.937367 0.002140 
2458807.651495 0.002054 
2458809.365623 0.001860 
2458811.079751 0.001585 
2458812.793879 0.001264 
2458814.508007 0.000934 
2458816.222135 0.000630 
2458817.936263 0.000379 
2458819.650391 0.000197 
2458821.364519 0.000084 
2458823.078647 0.000031 
2458824.792775 0.000020 
2458826.506902 0.000034 
2458828.221030 0.000056 
2458829.935158 0.000080 
2458831.649286 0.000102 
2458833.363414 0.000118 
2458835.077542 0.000125 
2458836.791670 0.000115 
2458838.505798 0.000083 
2458840.219926 0.000033 
2458841.934054 -0.000022 
2458843.648182 -0.000056 
2458845.362310 -0.000043 
2458847.076438 0.000035 
2458848.790566 0.000176 
2458850.504693 0.000356 
2458852.218821 0.000538 
2458853.932949 0.000685 
2458855.647077 0.000772 
2458857.361205 0.000801 
2458859.075333 0.000792 
2458860.789461 0.000773 
2458862.503589 0.000763 
2458864.217717 0.000765 
2458865.931845 0.000758 
2458867.645973 0.000717 
2458869.360101 0.000623 
2458871.074229 0.000475 
2458872.788357 0.000298 
2458874.502484 0.000127 
2458876.216612 -0.000001 
2458877.930740 -0.000066 
2458879.644868 -0.000069 
2458881.358996 -0.000028 
2458883.073124 0.000034 
2458884.787252 0.000097 
2458886.501380 0.000149 
2458888.215508 0.000188 
2458889.929636 0.000210 
2458891.643764 0.000208 
2458893.357892 0.000170 
2458895.072020 0.000096 
2458896.786148 -0.000004 
2458898.500275 -0.000099 
2458900.214403 -0.000147 
2458901.928531 -0.000115 
2458903.642659 0.000008 
2458905.356787 0.000197 
2458907.070915 0.000401 
2458908.785043 0.000561 
2458910.499171 0.000635 
2458912.213299 0.000616 
2458913.927427 0.000538 
2458915.641555 0.000453 
2458917.355683 0.000410 
2458919.069811 0.000430 
2458920.783939 0.000496 
2458922.498066 0.000563 
2458924.212194 0.000579 
2458925.926322 0.000516 
2458927.640450 0.000376 
2458929.354578 0.000197 
2458931.068706 0.000029 
2458932.782834 -0.000084 
2458934.496962 -0.000122 
2458936.211090 -0.000092 
2458937.925218 -0.000019 
2458939.639346 0.000069 
2458941.353474 0.000151 
2458943.067602 0.000217 
2458944.781730 0.000262 
2458946.495857 0.000277 
2458948.209985 0.000251 
2458949.924113 0.000175 
2458951.638241 0.000055 
2458953.352369 -0.000080 
2458955.066497 -0.000188 
2458956.780625 -0.000218 
2458958.494753 -0.000144 
2458960.208881 0.000028 
2458961.923009 0.000253 
2458963.637137 0.000466 
2458965.351265 0.000604 
2458967.065393 0.000638 
2458968.779521 0.000582 
2458970.493648 0.000485 
2458972.207776 0.000408 
2458973.921904 0.000393 
2458975.636032 0.000442 
2458977.350160 0.000523 
2458979.064288 0.000582 
2458980.778416 0.000571 
2458982.492544 0.000475 
2458984.206672 0.000311 
2458985.920800 0.000127 
2458987.634928 -0.000028 
2458989.349056 -0.000116 
2458991.063184 -0.000128 
2458992.777312 -0.000077 
2458994.491439 0.000009 
2458996.205567 0.000104 
2458997.919695 0.000191 
2458999.633823 0.000257 
2459001.347951 0.000292 
2459003.062079 0.000285 
2459004.776207 0.000227 
2459006.490335 0.000117 
2459008.204463 -0.000026 
2459009.918591 -0.000166 
2459011.632719 -0.000257 
2459013.346847 -0.000262 
2459015.060975 -0.000168 
2459016.775103 0.000002 
2459018.489230 0.000198 
2459020.203358 0.000361 
2459021.917486 0.000449 
2459023.631614 0.000453 
2459025.345742 0.000397 
2459027.059870 0.000330 
2459028.773998 0.000297 
2459030.488126 0.000319 
2459032.202254 0.000386 
2459033.916382 0.000461 
2459035.630510 0.000499 
2459037.344638 0.000468 
2459039.058766 0.000367 
2459040.772894 0.000218 
2459042.487021 0.000063 
2459044.201149 -0.000057 
2459045.915277 -0.000117 
2459047.629405 -0.000113 
2459049.343533 -0.000057 
2459051.057661 0.000027 
2459052.771789 0.000116 
2459054.485917 0.000192 
2459056.200045 0.000241 
2459057.914173 0.000253 
2459059.628301 0.000222 
2459061.342429 0.000145 
2459063.056557 0.000030 
2459064.770685 -0.000102 
2459066.484812 -0.000222 
2459068.198940 -0.000298 
2459069.913068 -0.000307 
2459071.627196 -0.000249 
2459073.341324 -0.000146 
2459075.055452 -0.000035 
2459076.769580 0.000043 
2459078.483708 0.000066 
2459080.197836 0.000035 
2459081.911964 -0.000019 
2459083.626092 -0.000055 
2459085.340220 -0.000037 
2459087.054348 0.000049 
2459088.768476 0.000182 
2459090.482603 0.000319 
2459092.196731 0.000408 
2459093.910859 0.000414 
2459095.624987 0.000328 
2459097.339115 0.000180 
2459099.053243 0.000016 
2459100.767371 -0.000111 
2459102.481499 -0.000167 
2459104.195627 -0.000144 
2459105.909755 -0.000063 
2459107.623883 0.000044 
2459109.338011 0.000146 
2459111.052139 0.000222 
2459112.766267 0.000262 
2459114.480394 0.000264 
2459116.194522 0.000228 
2459117.908650 0.000148 
2459119.622778 0.000027 
2459121.336906 -0.000122 
2459123.051034 -0.000271 
2459124.765162 -0.000376 
2459126.479290 -0.000405 
2459128.193418 -0.000348 
2459129.907546 -0.000238 
2459131.621674 -0.000135 
2459133.335802 -0.000105 
2459135.049930 -0.000185 
2459136.764058 -0.000352 
2459138.478185 -0.000527 
2459140.192313 -0.000603 
2459141.906441 -0.000499 
2459143.620569 -0.000200 
2459145.334697 0.000221 
2459147.048825 0.000628 
2459148.762953 0.000873 
2459150.477081 0.000868 
2459152.191209 0.000620 
2459153.905337 0.000226 
2459155.619465 -0.000161 
2459157.333593 -0.000410 
2459159.047721 -0.000453 
2459160.761849 -0.000307 
2459162.475976 -0.000052 
2459164.190104 0.000222 
2459165.904232 0.000452 
2459167.618360 0.000614 
2459169.332488 0.000713 
2459171.046616 0.000746 
2459172.760744 0.000687 
2459174.474872 0.000504 
2459176.189000 0.000192 
2459177.903128 -0.000191 
2459179.617256 -0.000515 
2459181.331384 -0.000631 
2459183.045512 -0.000444 
2459184.759640 0.000013 
2459186.473767 0.000564 
2459188.187895 0.000952 
2459189.902023 0.000961 
2459191.616151 0.000536 
2459193.330279 -0.000156 
2459195.044407 -0.000783 
2459196.758535 -0.000989 
2459198.472663 -0.000573 
2459200.186791 0.000397 
2459201.900919 0.001584 
2459203.615047 0.002526 
2459205.329175 0.002833 
2459207.043303 0.002370 
2459208.757431 0.001312 
2459210.471558 0.000062 
2459212.185686 -0.000932 
2459213.899814 -0.001366 
2459215.613942 -0.001182 
2459217.328070 -0.000543 
2459219.042198 0.000283 
2459220.756326 0.001069 
2459222.470454 0.001698 
2459224.184582 0.002152 
2459225.898710 0.002423 
2459227.612838 0.002448 
2459229.326966 0.002117 
2459231.041094 0.001362 
2459232.755222 0.000289 
2459234.469349 -0.000773 
2459236.183477 -0.001350 
2459237.897605 -0.001036 
2459239.611733 0.000267 
2459241.325861 0.002212 
2459243.039989 0.004090 
2459244.754117 0.005118 
2459246.468245 0.004822 
2459248.182373 0.003308 
2459249.896501 0.001280 
2459251.610629 -0.000254 
2459253.324757 -0.000448 
2459255.038885 0.000954 
2459256.753013 0.003455 
2459258.467140 0.006000 
2459260.181268 0.007449 
2459261.895396 0.007097 
2459263.609524 0.004989 
2459265.323652 0.001884 
2459267.037780 -0.001105 
2459268.751908 -0.003003 
2459270.466036 -0.003352 
2459272.180164 -0.002299 
2459273.894292 -0.000406 
2459275.608420 0.001695 
2459277.322548 0.003566 
2459279.036676 0.005032 
2459280.750804 0.006043 
2459282.464931 0.006484 
2459284.179059 0.006111 
2459285.893187 0.004688 
2459287.607315 0.002279 
2459289.321443 -0.000534 
2459291.035571 -0.002694 
2459292.749699 -0.003048 
2459294.463827 -0.000925 
2459296.177955 0.003391 
2459297.892083 0.008592 
2459299.606211 0.012800 
2459301.320339 0.014383 
2459303.034467 0.012765 
2459304.748595 0.008786 
2459306.462722 0.004399 
2459308.176850 0.001795 
2459309.890978 0.002354 
2459311.605106 0.005953 
2459313.319234 0.010974 
2459315.033362 0.015036 
2459316.747490 0.016095 
2459318.461618 0.013379 
2459320.175746 0.007708 
2459321.889874 0.001071 
2459323.604002 -0.004294 
2459325.318130 -0.006839 
2459327.032258 -0.006216 
2459328.746386 -0.003162 
2459330.460513 0.001066 
2459332.174641 0.005330 
2459333.888769 0.008969 
2459335.602897 0.011716 
2459337.317025 0.013366 
2459339.031153 0.013508 
2459340.745281 0.011617 
2459342.459409 0.007504 
2459344.173537 0.001843 
2459345.887665 -0.003646 
2459347.601793 -0.006631 
2459349.315921 -0.005155 
2459351.030049 0.001284 
2459352.744177 0.011159 
2459354.458304 0.021277 
2459356.172432 0.028033 
2459357.886560 0.029035 
2459359.600688 0.024292 
2459361.314816 0.016332 
2459363.028944 0.009103 
2459364.743072 0.006140 
2459366.457200 0.008875 
2459368.171328 0.015929 
2459369.885456 0.023753 
2459371.599584 0.028295 
2459373.313712 0.026893 
2459375.027840 0.019453 
2459376.741968 0.008403 
2459378.456095 -0.002500 
2459380.170223 -0.009845 
2459381.884351 -0.011874 
2459383.598479 -0.008862 
2459385.312607 -0.002533 
2459387.026735 0.005002 
2459388.740863 0.012127 
2459390.454991 0.017971 
2459392.169119 0.022060 
2459393.883247 0.023803 
2459395.597375 0.022343 
2459397.311503 0.017028 
2459399.025631 0.008249 
2459400.739759 -0.001935 
2459402.453886 -0.010009 
2459404.168014 -0.012204 
2459405.882142 -0.006259 
2459407.596270 0.007154 
2459409.310398 0.024201 
2459411.024526 0.039196 
2459412.738654 0.046971 
2459414.452782 0.045230 
2459416.166910 0.035693 
2459417.881038 0.023386 
2459419.595166 0.014336 
2459421.309294 0.012750 
2459423.023422 0.019040 
2459424.737550 0.029680 
2459426.451677 0.038927 
2459428.165805 0.041560 
2459429.879933 0.035277 
2459431.594061 0.021631 
2459433.308189 0.005142 
2459435.022317 -0.008827 
2459436.736445 -0.016321 
2459438.450573 -0.016095 
2459440.164701 -0.009508 
2459441.878829 0.000665 
2459443.592957 0.011654 
2459445.307085 0.021543 
2459447.021213 0.029225 
2459448.735341 0.033813 
2459450.449468 0.034174 
2459452.163596 0.029170 
2459453.877724 0.018591 
2459455.591852 0.004191 
2459457.305980 -0.010024 
2459459.020108 -0.018791 
2459460.734236 -0.017681 
2459462.448364 -0.005343 
2459464.162492 0.015308 
2459465.876620 0.037790 
2459467.590748 0.054552 
2459469.304876 0.060203 
2459471.019004 0.053942 
2459472.733132 0.039944 
2459474.447259 0.025425 
2459476.161387 0.017282 
2459477.875515 0.018904 
2459479.589643 0.028694 
2459481.303771 0.040988 
2459483.017899 0.048849 
2459484.732027 0.047338 
2459486.446155 0.035680 
2459488.160283 0.017389 
2459489.874411 -0.001537 
2459491.588539 -0.015296 
2459493.302667 -0.020502 
2459495.016795 -0.016982 
2459496.730923 -0.007067 
2459498.445050 0.005927 
2459500.159178 0.019061 
2459501.873306 0.030301 
2459503.587434 0.038217 
2459505.301562 0.041431 
2459507.015690 0.038528 
2459508.729818 0.028736 
2459510.443946 0.013028 
2459512.158074 -0.005175 
2459513.872202 -0.020444 
2459515.586330 -0.027116 
2459517.300458 -0.021733 
2459519.014586 -0.004963 
2459520.728713 0.018130 
2459522.442841 0.039831 
2459524.156969 0.052908 
2459525.871097 0.053703 
2459527.585225 0.043705 
2459529.299353 0.028783 
2459531.013481 0.016425 
2459532.727609 0.012286 
2459534.441737 0.017685 
2459536.155865 0.029208 
2459537.869993 0.040511 
2459539.584121 0.045381 
2459541.298249 0.040532 
2459543.012377 0.026880 
2459544.726504 0.008856 
2459546.440632 -0.007724 
2459548.154760 -0.018061 
2459549.868888 -0.019965 
2459551.583016 -0.014064 
2459553.297144 -0.002891 
2459555.011272 0.010439 
2459556.725400 0.023188 
2459558.439528 0.033270 
2459560.153656 0.039021 
2459561.867784 0.039013 
2459563.581912 0.032312 
2459565.296040 0.019179 
2459567.010168 0.001757 
2459568.724295 -0.015905 
2459570.438423 -0.028833 
2459572.152551 -0.032923 
2459573.866679 -0.026770 
2459575.580807 -0.012599 
2459577.294935 0.004330 
2459579.009063 0.017728 
2459580.723191 0.022884 
2459582.437319 0.018673 
2459584.151447 0.008024 
2459585.865575 -0.003429 
2459587.579703 -0.009884 
2459589.293831 -0.007953 
2459591.007959 0.001884 
2459592.722086 0.015592 
2459594.436214 0.027432 
2459596.150342 0.032470 
2459597.864470 0.028598 
2459599.578598 0.017231 
2459601.292726 0.002501 
2459603.006854 -0.010553 
2459604.720982 -0.017920 
2459606.435110 -0.017865 
2459608.149238 -0.011109 
2459609.863366 -0.000094 
2459611.577494 0.012128 
2459613.291622 0.022831 
2459615.005750 0.030048 
2459616.719877 0.032551 
2459618.434005 0.029689 
2459620.148133 0.021398 
2459621.862261 0.008454 
2459623.576389 -0.007232 
2459625.290517 -0.022648 
2459627.004645 -0.034342 
2459628.718773 -0.039604 
2459630.432901 -0.037736 
2459632.147029 -0.030725 
2459633.861157 -0.022793 
2459635.575285 -0.018776 
2459637.289413 -0.021926 
2459639.003541 -0.032093 
2459640.717668 -0.045289 
2459642.431796 -0.055030 
2459644.145924 -0.055063 
2459645.860052 -0.042336 
2459647.574180 -0.018800 
2459649.288308 0.008897 
2459651.002436 0.031880 
2459652.716564 0.042643 
2459654.430692 0.038192 
2459656.144820 0.021273 
2459657.858948 -0.000881 
2459659.573076 -0.019668 
2459661.287204 -0.028610 
2459663.001332 -0.025617 
2459664.715459 -0.013087 
2459666.429587 0.003930 
2459668.143715 0.020323 
2459669.857843 0.032811 
2459671.571971 0.040271 
2459673.286099 0.042687 
2459675.000227 0.039786 
2459676.714355 0.030576 
2459678.428483 0.014323 
2459680.142611 -0.007665 
2459681.856739 -0.030858 
2459683.570867 -0.048256 
2459685.284995 -0.053346 
2459686.999123 -0.043964 
2459688.713250 -0.024821 
2459690.427378 -0.006686 
2459692.141506 -0.001833 
2459693.855634 -0.017534 
2459695.569762 -0.050911 
2459697.283890 -0.088298 
2459698.998018 -0.110281 
2459700.712146 -0.100617 
2459702.426274 -0.054862 
2459704.140402 0.015782 
2459705.854530 0.087890 
2459707.568658 0.135386 
2459709.282786 0.140948 
2459710.996914 0.103732 
2459712.711041 0.039633 
2459714.425169 -0.026031 
2459716.139297 -0.069668 
2459717.853425 -0.078847 
2459719.567553 -0.055594 
2459721.281681 -0.012615 
2459722.995809 0.034641 
2459724.709937 0.075198 
2459726.424065 0.105080 
2459728.138193 0.124558 
2459729.852321 0.133026 
2459731.566449 0.126051 
2459733.280577 0.097544 
2459734.994705 0.046262 
2459736.708832 -0.017815 
2459738.422960 -0.072689 
2459740.137088 -0.091908 
2459741.851216 -0.058088 
2459743.565344 0.024595 
2459745.279472 0.126970 
2459746.993600 0.204709 
2459748.707728 0.218570 
2459750.421856 0.155655 
2459752.135984 0.040146 
2459753.850112 -0.073800 
2459755.564240 -0.125558 
2459757.278368 -0.077479 
2459758.992496 0.064326 
2459760.706623 0.249163 
2459762.420751 0.402559 
2459764.134879 0.459378 
2459765.849007 0.393303 
2459767.563135 0.228319 
2459769.277263 0.026875 
2459770.991391 -0.138771 
2459772.705519 -0.217258 
2459774.419647 -0.195919 
2459776.133775 -0.098460 
2459777.847903 0.033457 
2459779.562031 0.162399 
2459781.276159 0.268213 
2459782.990287 0.346102 
2459784.704414 0.394296 
2459786.418542 0.402820 
2459788.132670 0.354014 
2459789.846798 0.236898 
2459791.560926 0.066623 
2459793.275054 -0.105879 
2459794.989182 -0.205473 
2459796.703310 -0.165123 
2459798.417438 0.035604 
2459800.131566 0.347671 
2459801.845694 0.662305 
2459803.559822 0.854388 
2459805.273950 0.841524 
2459806.988078 0.629421 
2459808.702205 0.317923 
2459810.416333 0.060271 
2459812.130461 -0.007728 
2459813.844589 0.165111 
2459815.558717 0.515935 
2459817.272845 0.892636 
2459818.986973 1.122305 
2459820.701101 1.090463 
2459822.415229 0.792523 
2459824.129357 0.333188 
2459825.843485 -0.123895 
2459827.557613 -0.429106 
2459829.271741 -0.505627 
2459830.985869 -0.367372 
2459832.699996 -0.093139 
2459834.414124 0.222429 
2459836.128252 0.510487 
2459837.842380 0.740330 
2459839.556508 0.901840 
2459841.270636 0.977845 
2459842.984764 0.932635 
2459844.698892 0.730929 
2459846.413020 0.378510 
2459848.127148 -0.043772 
2459849.841276 -0.383180 
2459851.555404 -0.467440 
2459853.269532 -0.188047 
2459854.983660 0.427783 
2459856.697787 1.200891 
2459858.411915 1.859823 
2459860.126043 2.156841 
2459861.840171 1.986945 
2459863.554299 1.448493 
2459865.268427 0.808733 
2459866.982555 0.384256 
2459868.696683 0.391161 
2459870.410811 0.838289 
2459872.124939 1.517947 
2459873.839067 2.100696 
2459875.553195 2.288537 
2459877.267323 1.951655 
2459878.981451 1.183196 
2459880.695578 0.249304 
2459882.409706 -0.535285 
2459884.123834 -0.940723 
2459885.837962 -0.900138 
2459887.552090 -0.502635 
2459889.266218 0.080819 
2459890.980346 0.687311 
2459892.694474 1.215550 
2459894.408602 1.621102 
2459896.122730 1.872531 
2459897.836858 1.913733 
2459899.550986 1.671868 
2459901.265114 1.115880 
2459902.979242 0.329320 
2459904.693369 -0.459416 
2459906.407497 -0.930198 
2459908.121625 -0.801489 
2459909.835753 0.019862 
2459911.549881 1.351636 
2459913.264009 2.773198 
2459914.978137 3.787503 
2459916.692265 4.040793 
2459918.406393 3.493791 
2459920.120521 2.453467 
2459921.834649 1.439745 
2459923.548777 0.944690 
2459925.262905 1.199180 
2459926.977033 2.061995 
2459928.691160 3.086957 
2459930.405288 3.735074 
2459932.119416 3.626823 
2459933.833544 2.712025 
2459935.547672 1.279905 
2459937.261800 -0.185318 
2459938.975928 -1.222111 
2459940.690056 -1.572127 
2459942.404184 -1.243348 
2459944.118312 -0.445331 
2459945.832440 0.545888 
2459947.546568 1.507165 
2459949.260696 2.310282 
2459950.974824 2.884034 
2459952.688951 3.149007 
2459954.403079 2.993972 
2459956.117207 2.329889 
2459957.831335 1.196165 
2459959.545463 -0.155770 
2459961.259591 -1.279804 
2459962.973719 -1.680988 
2459964.687847 -1.039257 
2459966.401975 0.599666 
2459968.116103 2.779218 
2459969.830231 4.782162 
2459971.544359 5.925339 
2459973.258487 5.865329 
2459974.972615 4.763190 
2459976.686742 3.217907 
2459978.400870 1.990944 
2459980.114998 1.650580 
2459981.829126 2.308042 
2459983.543254 3.573569 
2459985.257382 4.751158 
2459986.971510 5.172626 
2459988.685638 4.505948 
2459990.399766 2.892453 
2459992.113894 0.859483 
2459993.828022 -0.931247 
2459995.542150 -1.964425 
2459997.256278 -2.046407 
2459998.970406 -1.310408 
2460000.684533 -0.083094 
2460002.398661 1.288996 
2460004.112789 2.551961 
2460005.826917 3.551694 
2460007.541045 4.168814 
2460009.255173 4.262322 
2460010.969301 3.691391 
2460012.683429 2.421726 
2460014.397557 0.649929 
2460016.111685 -1.154472 
2460017.825813 -2.357549 
2460019.539941 -2.403727 
2460021.254069 -1.087284 
2460022.968197 1.291804 
2460024.682324 3.991330 
2460026.396452 6.108105 
2460028.110580 6.959630 
2460029.824708 6.386153 
2460031.538836 4.821363 
2460033.252964 3.089095 
2460034.967092 2.018751 
2460036.681220 2.063335 
2460038.395348 3.102953 
2460040.109476 4.523463 
2460041.823604 5.523445 
2460043.537732 5.493416 
2460045.251860 4.284304 
2460046.965988 2.247711 
2460048.680115 0.050017 
2460050.394243 -1.628959 
2460052.108371 -2.359364 
2460053.822499 -2.073054 
2460055.536627 -1.002898 
2460057.250755 0.480644 
2460058.964883 2.027250 
2460060.679011 3.379265 
2460062.393139 4.351332 
2460064.107267 4.775533 
2460065.821395 4.489067 
2460067.535523 3.402311 
2460069.249651 1.615193 
2460070.963779 -0.503496 
2460072.677906 -2.357797 
2460074.392034 -3.310285 
2460076.106162 -2.947022 
2460077.820290 -1.294575 
2460079.534418 1.134182 
2460081.248546 3.513833 
2460082.962674 5.038160 
2460084.676802 5.261751 
2460086.390930 4.288712 
2460088.105058 2.714279 
2460089.819186 1.343835 
2460091.533314 0.822187 
2460093.247442 1.348355 
2460094.961570 2.606483 
2460096.675697 3.935805 
2460098.389825 4.647927 
2460100.103953 4.335571 
2460101.818081 3.032570 
2460103.532209 1.167124 
2460105.246337 -0.647065 
2460106.960465 -1.867419 
2460108.674593 -2.207141 
2460110.388721 -1.682313 
2460112.102849 -0.533846 
2460113.816977 0.905871 
2460115.531105 2.322826 
2460117.245233 3.465791 
2460118.959361 4.137426 
2460120.673488 4.179448 
2460122.387616 3.494672 
2460124.101744 2.110043 
2460125.815872 0.239856 
2460127.530000 -1.710735 
2460129.244128 -3.239026 
2460130.958256 -3.917779 
2460132.672384 -3.576486 
2460134.386512 -2.398883 
2460136.100640 -0.874387 
2460137.814768 0.390973 
2460139.528896 0.926679 
2460141.243024 0.598428 
2460142.957152 -0.337968 
2460144.671279 -1.357342 
2460146.385407 -1.905745 
2460148.099535 -1.649656 
2460149.813663 -0.620326 
2460151.527791 0.808370 
2460153.241919 2.091116 
2460154.956047 2.747135 
2460156.670175 2.553418 
2460158.384303 1.615916 
2460160.098431 0.301329 
2460161.812559 -0.924938 
2460163.526687 -1.675001 
2460165.240815 -1.756371 
2460166.954943 -1.197767 
2460168.669070 -0.195724 
2460170.383198 0.974979 
2460172.097326 2.042032 
2460173.811454 2.783386 
2460175.525582 3.045136 
2460177.239710 2.748251 
2460178.953838 1.899741 
2460180.667966 0.607122 
2460182.382094 -0.921005 
2460184.096222 -2.407813 
2460185.810350 -3.579074 
2460187.524478 -4.252240 
2460189.238606 -4.405825 
2460190.952734 -4.191744 
2460192.666861 -3.875432 
2460194.380989 -3.722529 
2460196.095117 -3.879334 
2460197.809245 -4.301525 
2460199.523373 -4.766641 
2460201.237501 -4.968529 
2460202.951629 -4.654110 
2460204.665757 -3.742609 
2460206.379885 -2.374529 
2460208.094013 -0.868653 
2460209.808141 0.394392 
2460211.522269 1.112573 
2460213.236397 1.169325 
2460214.950525 0.666166 
2460216.664652 -0.126681 
2460218.378780 -0.876084 
2460220.092908 -1.303099 
2460221.807036 -1.267348 
2460223.521164 -0.793241 
2460225.235292 -0.038531 
2460226.949420 0.773147 
2460228.663548 1.425473 
2460230.377676 1.763312 
2460232.091804 1.715873 
2460233.805932 1.292070 
2460235.520060 0.559573 
2460237.234188 -0.380391 
2460238.948316 -1.415322 
2460240.662443 -2.439447 
2460242.376571 -3.368844 
2460244.090699 -4.153710 
2460245.804827 -4.784502 
2460247.518955 -5.286941 
2460249.233083 -5.703306 
2460250.947211 -6.063811 
2460252.661339 -6.358854 
2460254.375467 -6.526190 
2460256.089595 -6.463444 
2460257.803723 -6.066201 
2460259.517851 -5.279285 
2460261.231979 -4.139932 
2460262.946107 -2.791436 
2460264.660234 -1.455996 
2460266.374362 -0.372187 
2460268.088490 0.281373 
2460269.802618 0.446610 
2460271.516746 0.205804 
2460273.230874 -0.248693 
2460274.945002 -0.683799 
2460276.659130 -0.907036 
2460278.373258 -0.828305 
2460280.087386 -0.479573 
2460281.801514 0.011711 
2460283.515642 0.480410 
2460285.229770 0.786178 
2460286.943898 0.855081 
2460288.658025 0.687007 
2460290.372153 0.332327 
2460292.086281 -0.145500 
2460293.800409 -0.701007 
2460295.514537 -1.317716 
2460297.228665 -1.997769 
2460298.942793 -2.740226 
2460300.656921 -3.522483 
2460302.371049 -4.295312 
2460304.085177 -4.992752 
2460305.799305 -5.549439 
2460307.513433 -5.914814 
2460309.227561 -6.057445 
2460310.941689 -5.960464 
2460312.655816 -5.615623 
2460314.369944 -5.024386 
2460316.084072 -4.208922 
2460317.798200 -3.227338 
2460319.512328 -2.181458 
2460321.226456 -1.206409 
2460322.940584 -0.439605 
2460324.654712 0.021559 
2460326.368840 0.155532 
2460328.082968 0.028117 
2460329.797096 -0.228640 
2460331.511224 -0.463741 
2460333.225352 -0.561586 
2460334.939480 -0.480356 
2460336.653607 -0.258556 
2460338.367735 0.011322 
2460340.081863 0.227908 
2460341.795991 0.322901 
2460343.510119 0.281081 
2460345.224247 0.131857 
2460346.938375 -0.079533 
2460348.652503 -0.323519 
2460350.366631 -0.603049 
2460352.080759 -0.947682 
2460353.794887 -1.389774 
2460355.509015 -1.936980 
2460357.223143 -2.556465 
2460358.937271 -3.179034 
2460360.651398 -3.720308 
2460362.365526 -4.107418 
2460364.079654 -4.297996 
2460365.793782 -4.283924 
2460367.507910 -4.081545 
2460369.222038 -3.717294 
2460370.936166 -3.218879 
2460372.650294 -2.616864 
2460374.364422 -1.953402 
2460376.078550 -1.289076 
2460377.792678 -0.698996 
2460379.506806 -0.255631 
2460381.220934 -0.004510 
2460382.935062 0.055191 
2460384.649189 -0.026088 
2460386.363317 -0.165171 
2460388.077445 -0.276985 
2460389.791573 -0.305816 
2460391.505701 -0.242806 
2460393.219829 -0.122251 
2460394.933957 0.000238 
2460396.648085 0.075950 
2460398.362213 0.083466 
2460400.076341 0.032015 
2460401.790469 -0.051943 
2460403.504597 -0.145852 
2460405.218725 -0.247392 
2460406.932853 -0.376924 
2460408.646980 -0.565091 
2460410.361108 -0.832858 
2460412.075236 -1.175096 
2460413.789364 -1.556493 
2460415.503492 -1.921661 
2460417.217620 -2.213857 
2460418.931748 -2.392788 
2460420.645876 -2.443426 
2460422.360004 -2.373373 
2460424.074132 -2.202636 
2460425.788260 -1.953102 
2460427.502388 -1.643844 
2460429.216516 -1.293682 
2460430.930644 -0.927245 
2460432.644771 -0.578316 
2460434.358899 -0.285933 
2460436.073027 -0.083459 
2460437.787155 0.014252 
2460439.501283 0.018453 
2460441.215411 -0.036136 
2460442.929539 -0.104037 
2460444.643667 -0.146260 
2460446.357795 -0.144066 
2460448.071923 -0.102990 
2460449.786051 -0.045863 
2460451.500179 0.000881 
2460453.214307 0.020235 
2460454.928435 0.010576 
2460456.642562 -0.017652 
2460458.356690 -0.051592 
2460460.070818 -0.085836 
2460461.784946 -0.126756 
2460463.499074 -0.189043 
2460465.213202 -0.286668 
2460466.927330 -0.423513 
2460468.641458 -0.588822 
2460470.355586 -0.759734 
2460472.069714 -0.909285 
2460473.783842 -1.015507 
2460475.497970 -1.067183 
2460477.212098 -1.064102 
2460478.926226 -1.012934 
2460480.640353 -0.922055 
2460482.354481 -0.798681 
2460484.068609 -0.649676 
2460485.782737 -0.484666 
2460487.496865 -0.318489 
2460489.210993 -0.170295 
2460490.925121 -0.058774 
2460492.639249 0.004466 
2460494.353377 0.019881 
2460496.067505 0.000423 
2460497.781633 -0.033248 
2460499.495761 -0.060682 
2460501.209889 -0.069032 
2460502.924017 -0.056556 
2460504.638144 -0.030982 
2460506.352272 -0.004095 
2460508.066400 0.014373 
2460509.780528 0.020473 
2460511.494656 0.015954 
2460513.208784 0.005152 
2460514.922912 -0.008828 
2460516.637040 -0.026244 
2460518.351168 -0.050081 
2460520.065296 -0.083358 
2460521.779424 -0.126273 
2460523.493552 -0.175046 
2460525.207680 -0.223129 
2460526.921808 -0.263940 
2460528.635935 -0.293387 
2460530.350063 -0.310675 
2460532.064191 -0.317059 
2460533.778319 -0.313554 
2460535.492447 -0.299280 
2460537.206575 -0.271720 
2460538.920703 -0.228897 
2460540.634831 -0.172196 
2460542.348959 -0.107977 
2460544.063087 -0.046694 
2460545.777215 0.000410 
2460547.491343 0.025569 
2460549.205471 0.027619 
2460550.919599 0.012420 
2460552.633726 -0.009659 
2460554.347854 -0.027943 
2460556.061982 -0.035348 
2460557.776110 -0.030277 
2460559.490238 -0.015967 
2460561.204366 0.001965 
2460562.918494 0.018252 
2460564.632622 0.029630 
2460566.346750 0.034935 
2460568.060878 0.034138 
2460569.775006 0.027374 
2460571.489134 0.014774 
2460573.203262 -0.002827 
2460574.917390 -0.023017 
2460576.631517 -0.041685 
2460578.345645 -0.054158 
2460580.059773 -0.057215 
2460581.773901 -0.050900 
2460583.488029 -0.038966 
2460585.202157 -0.027423 
2460586.916285 -0.021739 
2460588.630413 -0.024061 
2460590.344541 -0.031961 
2460592.058669 -0.039478 
2460593.772797 -0.040048 
2460595.486925 -0.029885 
2460597.201053 -0.010106 
2460598.915181 0.013504 
2460600.629308 0.032984 
2460602.343436 0.041710 
2460604.057564 0.037231 
2460605.771692 0.022132 
2460607.485820 0.002645 
2460609.199948 -0.014135 
2460610.914076 -0.023023 
2460612.628204 -0.022272 
2460614.342332 -0.013412 
2460616.056460 0.000141 
2460617.770588 0.014732 
2460619.484716 0.027508 
2460621.198844 0.036552 
2460622.912972 0.040473 
2460624.627099 0.038129 
2460626.341227 0.028930 
2460628.055355 0.013631 
2460629.769483 -0.004990 
2460631.483611 -0.022290 
2460633.197739 -0.033057 
2460634.911867 -0.033563 
2460636.625995 -0.023405 
2460638.340123 -0.006103 
2460640.054251 0.012049 
2460641.768379 0.024515 
2460643.482507 0.027315 
2460645.196635 0.020745 
2460646.910763 0.009172 
2460648.624890 -0.001045 
2460650.339018 -0.004510 
2460652.053146 0.000764 
2460653.767274 0.012559 
2460655.481402 0.025608 
2460657.195530 0.034076 
2460658.909658 0.034138 
2460660.623786 0.025492 
2460662.337914 0.011226 
2460664.052042 -0.003716 
2460665.766170 -0.014614 
2460667.480298 -0.018619 
2460669.194426 -0.015362 
2460670.908554 -0.006508 
2460672.622681 0.005256 
2460674.336809 0.017178 
2460676.050937 0.026964 
2460677.765065 0.032845 
2460679.479193 0.033517 
2460681.193321 0.028252 
2460682.907449 0.017288 
2460684.621577 0.002227 
