# time Tc_folded Tref_folded value value_err offset model full_model val_compare val_compare_err residuals residuals_err jitter jitter_flag offset_flag subset_flag 
2455480.529186 0.000000 0.000000 6736.979894 0.971355 6749.102152 -10.774578 6738.327574 -12.122258 0.971355 -1.347680 0.971355 2.291785   1   1  -1 
2455480.532970 0.000000 0.000000 6736.094407 0.880169 6749.102152 -10.770851 6738.331301 -13.007745 0.880169 -2.236894 0.880169 2.291785   1   1  -1 
2455480.536778 0.000000 0.000000 6734.204715 0.930093 6749.102152 -10.767098 6738.335054 -14.897437 0.930093 -4.130339 0.930093 2.291785   1   1  -1 
2455482.554786 0.000000 0.000000 6741.458054 0.707811 6749.102152 -8.460181 6740.641971 -7.644098 0.707811 0.816083 0.707811 2.291785   1   1  -1 
2455484.542056 0.000000 0.000000 6740.946449 1.028638 6749.102152 -6.175006 6742.927147 -8.155703 1.028638 -1.980698 1.028638 2.291785   1   1  -1 
2455484.545828 0.000000 0.000000 6742.814201 1.065413 6749.102152 -6.171169 6742.930983 -6.287951 1.065413 -0.116782 1.065413 2.291785   1   1  -1 
2455484.549671 0.000000 0.000000 6740.893501 1.016694 6749.102152 -6.167262 6742.934890 -8.208651 1.016694 -2.041389 1.016694 2.291785   1   1  -1 
2455485.527184 0.000000 0.000000 6742.415408 0.864068 6749.102152 -5.273329 6743.828823 -6.686744 0.864068 -1.413415 0.864068 2.291785   1   1  -1 
2455485.532971 0.000000 0.000000 6742.960770 0.891412 6749.102152 -5.268678 6743.833474 -6.141382 0.891412 -0.872704 0.891412 2.291785   1   1  -1 
2455487.543214 0.000000 0.000000 6741.874138 0.808873 6749.102152 -4.170228 6744.931924 -7.228014 0.808873 -3.057786 0.808873 2.291785   1   1  -1 
2455487.548897 0.000000 0.000000 6742.782044 0.803534 6749.102152 -4.168611 6744.933541 -6.320108 0.803534 -2.151497 0.803534 2.291785   1   1  -1 
2455493.544252 0.000000 0.000000 6743.144504 0.793201 6749.102152 -5.508313 6743.593839 -5.957648 0.793201 -0.449335 0.793201 2.291785   1   1  -1 
2455493.550478 0.000000 0.000000 6741.566527 0.810440 6749.102152 -5.511038 6743.591114 -7.535625 0.810440 -2.024587 0.810440 2.291785   1   1  -1 
2455495.535877 0.000000 0.000000 6741.987547 0.802492 6749.102152 -6.336351 6742.765801 -7.114605 0.802492 -0.778254 0.802492 2.291785   1   1  -1 
2455495.541664 0.000000 0.000000 6742.530962 0.850836 6749.102152 -6.338600 6742.763553 -6.571190 0.850836 -0.232591 0.850836 2.291785   1   1  -1 
2455498.517820 0.000000 0.000000 6743.241742 1.327692 6749.102152 -7.428935 6741.673217 -5.860410 1.327692 1.568525 1.327692 2.291785   1   1  -1 
2455498.523445 0.000000 0.000000 6742.436859 1.200196 6749.102152 -7.431021 6741.671131 -6.665293 1.200196 0.765728 1.200196 2.291785   1   1  -1 
2455500.544007 0.000000 0.000000 6740.389314 0.683673 6749.102152 -8.252540 6740.849612 -8.712838 0.683673 -0.460298 0.683673 2.291785   1   1  -1 
2455500.549389 0.000000 0.000000 6739.327197 0.744348 6749.102152 -8.254975 6740.847177 -9.774955 0.744348 -1.519980 0.744348 2.291785   1   1  -1 
2455501.547102 0.000000 0.000000 6738.201800 0.605317 6749.102152 -8.732980 6740.369172 -10.900352 0.605317 -2.167372 0.605317 2.291785   1   1  -1 
2455501.552738 0.000000 0.000000 6736.954145 0.578445 6749.102152 -8.735830 6740.366322 -12.148007 0.578445 -3.412177 0.578445 2.291785   1   1  -1 
2455505.514789 0.000000 0.000000 6740.070490 0.688526 6749.102152 -10.961349 6738.140803 -9.031662 0.688526 1.929687 0.688526 2.291785   1   1  -1 
2455505.520425 0.000000 0.000000 6740.042201 0.681455 6749.102152 -10.964394 6738.137758 -9.059951 0.681455 1.904443 0.681455 2.291785   1   1  -1 
2455507.517142 0.000000 0.000000 6737.783175 0.529962 6749.102152 -11.853053 6737.249099 -11.318977 0.529962 0.534076 0.529962 2.291785   1   1  -1 
2455507.522824 0.000000 0.000000 6736.008881 0.540417 6749.102152 -11.854852 6737.247300 -13.093271 0.540417 -1.238419 0.540417 2.291785   1   1  -1 
2455509.518050 0.000000 0.000000 6739.147553 0.760523 6749.102152 -12.103302 6736.998850 -9.954599 0.760523 2.148703 0.760523 2.291785   1   1  -1 
2455509.523524 0.000000 0.000000 6739.453965 0.709529 6749.102152 -12.102776 6736.999376 -9.648187 0.709529 2.454589 0.709529 2.291785   1   1  -1 
2455511.516449 0.000000 0.000000 6736.700627 0.796997 6749.102152 -11.388523 6737.713629 -12.401525 0.796997 -1.013002 0.796997 2.291785   1   1  -1 
2455511.521935 0.000000 0.000000 6737.359679 0.793324 6749.102152 -11.385055 6737.717098 -11.742473 0.793324 -0.357419 0.793324 2.291785   1   1  -1 
2455513.504562 0.000000 0.000000 6739.969627 0.836669 6749.102152 -9.595657 6739.506495 -9.132525 0.836669 0.463132 0.836669 2.291785   1   1  -1 
2455513.510244 0.000000 0.000000 6739.379536 0.882170 6749.102152 -9.589077 6739.513075 -9.722616 0.882170 -0.133539 0.882170 2.291785   1   1  -1 
2455514.505835 0.000000 0.000000 6740.416095 0.671812 6749.102152 -8.327743 6740.774409 -8.686057 0.671812 -0.358314 0.671812 2.291785   1   1  -1 
2455514.511356 0.000000 0.000000 6741.219400 0.683432 6749.102152 -8.320199 6740.781953 -7.882752 0.683432 0.437447 0.683432 2.291785   1   1  -1 
2455519.503938 0.000000 0.000000 6751.476274 1.033370 6749.102152 -1.086148 6748.016004 2.374122 1.033370 3.460270 1.033370 2.291785   1   1  -1 
2455519.508811 0.000000 0.000000 6750.581276 0.996146 6749.102152 -1.080693 6748.021459 1.479124 0.996146 2.559817 0.996146 2.291785   1   1  -1 
2455523.508036 0.000000 0.000000 6747.670446 0.829835 6749.102152 0.313613 6749.415765 -1.431706 0.829835 -1.745319 0.829835 2.291785   1   1  -1 
2455523.513036 0.000000 0.000000 6746.377680 0.865769 6749.102152 0.311054 6749.413206 -2.724472 0.865769 -3.035526 0.865769 2.291785   1   1  -1 
2455524.521481 0.000000 0.000000 6745.252557 0.667948 6749.102152 -0.414561 6748.687591 -3.849595 0.667948 -3.435034 0.667948 2.291785   1   1  -1 
2455524.526446 0.000000 0.000000 6747.418629 0.678388 6749.102152 -0.419115 6748.683037 -1.683523 0.678388 -1.264408 0.678388 2.291785   1   1  -1 
2455653.900831 0.000000 0.000000 6744.853956 0.744608 6749.102152 -3.718002 6745.384150 -4.248196 0.744608 -0.530194 0.744608 2.291785   1   1  -1 
2455653.906410 0.000000 0.000000 6744.437562 0.736194 6749.102152 -3.718702 6745.383450 -4.664590 0.736194 -0.945888 0.736194 2.291785   1   1  -1 
2455654.900357 0.000000 0.000000 6743.527057 0.814117 6749.102152 -3.855586 6745.246566 -5.575095 0.814117 -1.719509 0.814117 2.291785   1   1  -1 
2455654.905936 0.000000 0.000000 6743.668193 0.731415 6749.102152 -3.856415 6745.245738 -5.433959 0.731415 -1.577545 0.731415 2.291785   1   1  -1 
2455657.909222 0.000000 0.000000 6743.719643 0.605709 6749.102152 -4.352323 6744.749829 -5.382509 0.605709 -1.030186 0.605709 2.291785   1   1  -1 
2455657.914813 0.000000 0.000000 6741.956807 0.631733 6749.102152 -4.353272 6744.748880 -7.145345 0.631733 -2.792073 0.631733 2.291785   1   1  -1 
2455659.907949 0.000000 0.000000 6742.173855 0.769486 6749.102152 -4.670057 6744.432095 -6.928297 0.769486 -2.258240 0.769486 2.291785   1   1  -1 
2455659.913540 0.000000 0.000000 6744.060561 0.803020 6749.102152 -4.670849 6744.431303 -5.041591 0.803020 -0.370742 0.803020 2.291785   1   1  -1 
2455660.901884 0.000000 0.000000 6745.219734 0.502349 6749.102152 -4.797389 6744.304763 -3.882418 0.502349 0.914971 0.502349 2.291785   1   1  -1 
2455662.902485 0.000000 0.000000 6741.723247 0.948916 6749.102152 -4.941094 6744.161058 -7.378905 0.948916 -2.437811 0.948916 2.291785   1   1  -1 
2455662.908180 0.000000 0.000000 6743.920904 0.909242 6749.102152 -4.941238 6744.160914 -5.181248 0.909242 -0.240010 0.909242 2.291785   1   1  -1 
2455663.839263 0.000000 0.000000 6740.006775 1.737212 6749.102152 -4.942246 6744.159906 -9.095377 1.737212 -4.153131 1.737212 2.291785   1   1  -1 
2455672.897729 0.000000 0.000000 6742.158654 0.653920 6749.102152 -4.990958 6744.111194 -6.943498 0.653920 -1.952540 0.653920 2.291785   1   1  -1 
2455672.902775 0.000000 0.000000 6743.643604 0.601277 6749.102152 -4.992855 6744.109297 -5.458548 0.601277 -0.465693 0.601277 2.291785   1   1  -1 
2455675.905453 0.000000 0.000000 6741.296177 0.422700 6749.102152 -6.499019 6742.603133 -7.805975 0.422700 -1.306956 0.422700 2.291785   1   1  -1 
2455679.879903 0.000000 0.000000 6740.439105 0.504578 6749.102152 -7.809135 6741.293017 -8.663047 0.504578 -0.853912 0.504578 2.291785   1   1  -1 
2455679.885123 0.000000 0.000000 6741.251299 0.513702 6749.102152 -7.808886 6741.293266 -7.850853 0.513702 -0.041967 0.513702 2.291785   1   1  -1 
2455712.893679 0.000000 0.000000 6743.439908 0.560355 6749.102152 -3.880073 6745.222079 -5.662244 0.560355 -1.782171 0.560355 2.291785   1   1  -1 
2455715.864679 0.000000 0.000000 6747.620719 1.363467 6749.102152 -3.194508 6745.907644 -1.481433 1.363467 1.713075 1.363467 2.291785   1   1  -1 
2455715.867376 0.000000 0.000000 6744.977745 1.418842 6749.102152 -3.194181 6745.907971 -4.124407 1.418842 -0.930226 1.418842 2.291785   1   1  -1 
2455715.869992 0.000000 0.000000 6742.248056 1.436778 6749.102152 -3.193865 6745.908287 -6.854096 1.436778 -3.660231 1.436778 2.291785   1   1  -1 
2455715.872747 0.000000 0.000000 6746.539265 1.484829 6749.102152 -3.193533 6745.908619 -2.562887 1.484829 0.630646 1.484829 2.291785   1   1  -1 
2455727.859452 0.000000 0.000000 6749.048938 1.056398 6749.102152 -2.146956 6746.955196 -0.053214 1.056398 2.093742 1.056398 2.291785   1   1  -1 
2455727.863145 0.000000 0.000000 6746.852638 1.033327 6749.102152 -2.146690 6746.955462 -2.249514 1.033327 -0.102824 1.033327 2.291785   1   1  -1 
2455727.866953 0.000000 0.000000 6748.121533 1.119485 6749.102152 -2.146417 6746.955735 -0.980619 1.119485 1.165798 1.119485 2.291785   1   1  -1 
2455735.809170 0.000000 0.000000 6744.754804 0.526032 6749.102152 -3.880051 6745.222101 -4.347348 0.526032 -0.467297 0.526032 2.291785   1   1  -1 
2455754.777241 0.000000 0.000000 6746.468927 1.091349 6749.102152 -2.972700 6746.129452 -2.633225 1.091349 0.339475 1.091349 2.291785   1   1  -1 
2455755.755721 0.000000 0.000000 6744.820061 0.768792 6749.102152 -3.521007 6745.581145 -4.282091 0.768792 -0.761084 0.768792 2.291785   1   1  -1 
2455769.736300 0.000000 0.000000 6741.910452 0.677532 6749.102152 -3.295955 6745.806197 -7.191700 0.677532 -3.895745 0.677532 2.291785   1   1  -1 
2455769.742075 0.000000 0.000000 6742.850451 0.770313 6749.102152 -3.293339 6745.808814 -6.251701 0.770313 -2.958363 0.770313 2.291785   1   1  -1 
2455776.628483 0.000000 0.000000 6750.213357 0.712348 6749.102152 -3.896479 6745.205673 1.111205 0.712348 5.007684 0.712348 2.291785   1   1  -1 
2455782.624998 0.000000 0.000000 6747.016802 0.761072 6749.102152 -2.756368 6746.345784 -2.085350 0.761072 0.671018 0.761072 2.291785   1   1  -1 
2455784.737667 0.000000 0.000000 6741.817184 0.545366 6749.102152 -1.732579 6747.369573 -7.284968 0.545366 -5.552389 0.545366 2.291785   1   1  -1 
2455801.526698 0.000000 0.000000 6751.852184 1.273141 6749.102152 -2.190231 6746.911921 2.750032 1.273141 4.940263 1.273141 2.291785   1   1  -1 
2455801.531628 0.000000 0.000000 6748.995510 1.177162 6749.102152 -2.191205 6746.910947 -0.106642 1.177162 2.084563 1.177162 2.291785   1   1  -1 
2455804.632333 0.000000 0.000000 6745.335970 1.120566 6749.102152 -2.867606 6746.234546 -3.766182 1.120566 -0.898576 1.120566 2.291785   1   1  -1 
2455804.637669 0.000000 0.000000 6747.868911 1.032150 6749.102152 -2.868846 6746.233306 -1.233241 1.032150 1.635605 1.032150 2.291785   1   1  -1 
2455807.626267 0.000000 0.000000 6743.760974 0.965710 6749.102152 -3.674986 6745.427166 -5.341178 0.965710 -1.666192 0.965710 2.291785   1   1  -1 
2455807.631162 0.000000 0.000000 6744.367308 0.886584 6749.102152 -3.676622 6745.425531 -4.734844 0.886584 -1.058223 0.886584 2.291785   1   1  -1 
2455810.581550 0.000000 0.000000 6749.536319 0.754194 6749.102152 -4.994042 6744.108110 0.434167 0.754194 5.428209 0.754194 2.291785   1   1  -1 
2455810.586723 0.000000 0.000000 6745.341822 0.797392 6749.102152 -4.996965 6744.105187 -3.760330 0.797392 1.236635 0.797392 2.291785   1   1  -1 
2455816.587002 0.000000 0.000000 6736.994306 0.959785 6749.102152 -8.094219 6741.007933 -12.107846 0.959785 -4.013627 0.959785 2.291785   1   1  -1 
2455816.590578 0.000000 0.000000 6737.632453 0.889883 6749.102152 -8.094651 6741.007501 -11.469699 0.889883 -3.375048 0.889883 2.291785   1   1  -1 
2455816.594154 0.000000 0.000000 6736.813114 0.876464 6749.102152 -8.095080 6741.007072 -12.289038 0.876464 -4.193958 0.876464 2.291785   1   1  -1 
2455834.622073 0.000000 0.000000 6741.622283 0.577372 6749.102152 -6.308802 6742.793350 -7.479869 0.577372 -1.171067 0.577372 2.291785   1   1  -1 
2455834.627593 0.000000 0.000000 6741.694550 0.576524 6749.102152 -6.308129 6742.794023 -7.407602 0.576524 -1.099473 0.576524 2.291785   1   1  -1 
2455836.585712 0.000000 0.000000 6742.623220 0.680522 6749.102152 -5.603794 6743.498358 -6.478932 0.680522 -0.875138 0.680522 2.291785   1   1  -1 
2455836.591440 0.000000 0.000000 6741.147612 0.679136 6749.102152 -5.600514 6743.501638 -7.954540 0.679136 -2.354026 0.679136 2.291785   1   1  -1 
2455839.585007 0.000000 0.000000 6748.405228 0.910132 6749.102152 -3.374575 6745.727577 -0.696924 0.910132 2.677651 0.910132 2.291785   1   1  -1 
2455839.590794 0.000000 0.000000 6747.617891 0.919769 6749.102152 -3.369916 6745.732236 -1.484261 0.919769 1.885655 0.919769 2.291785   1   1  -1 
2455842.549547 0.000000 0.000000 6752.493747 1.066299 6749.102152 -1.347210 6747.754942 3.391595 1.066299 4.738805 1.066299 2.291785   1   1  -1 
2455842.555033 0.000000 0.000000 6750.073896 0.873203 6749.102152 -1.344440 6747.757713 0.971744 0.873203 2.316183 0.873203 2.291785   1   1  -1 
2455845.575633 0.000000 0.000000 6749.336050 1.067738 6749.102152 -0.475253 6748.626899 0.233898 1.067738 0.709151 1.067738 2.291785   1   1  -1 
2455845.581258 0.000000 0.000000 6747.769866 0.922401 6749.102152 -0.474770 6748.627382 -1.332286 0.922401 -0.857516 0.922401 2.291785   1   1  -1 
2455870.498785 0.000000 0.000000 6742.487318 0.730627 6749.102152 -7.647400 6741.454752 -6.614834 0.730627 1.032566 0.730627 2.291785   1   1  -1 
2455870.504422 0.000000 0.000000 6741.521976 0.718479 6749.102152 -7.647885 6741.454267 -7.580176 0.718479 0.067709 0.718479 2.291785   1   1  -1 
2455874.532217 0.000000 0.000000 6744.629305 1.027595 6749.102152 -6.471788 6742.630364 -4.472847 1.027595 1.998941 1.027595 2.291785   1   1  -1 
2455874.537437 0.000000 0.000000 6744.608219 1.390676 6749.102152 -6.468361 6742.633791 -4.493933 1.390676 1.974428 1.390676 2.291785   1   1  -1 
2455878.549549 0.000000 0.000000 6743.133515 1.360956 6749.102152 -3.593931 6745.508221 -5.968637 1.360956 -2.374706 1.360956 2.291785   1   1  -1 
2455878.554965 0.000000 0.000000 6740.135198 1.321422 6749.102152 -3.590995 6745.511157 -8.966954 1.321422 -5.375959 1.321422 2.291785   1   1  -1 
2456020.892743 0.000000 0.000000 6745.146307 0.800504 6749.102152 -2.148944 6746.953208 -3.955845 0.800504 -1.806901 0.800504 2.291785   1   1  -1 
2456020.898160 0.000000 0.000000 6746.202855 0.781449 6749.102152 -2.151910 6746.950242 -2.899297 0.781449 -0.747387 0.781449 2.291785   1   1  -1 
2456022.889397 0.000000 0.000000 6744.288656 0.994688 6749.102152 -3.287289 6745.814863 -4.813496 0.994688 -1.526207 0.994688 2.291785   1   1  -1 
2456022.894884 0.000000 0.000000 6746.835284 1.113054 6749.102152 -3.290275 6745.811877 -2.266868 1.113054 1.023407 1.113054 2.291785   1   1  -1 
2456024.891353 0.000000 0.000000 6742.988987 0.857313 6749.102152 -4.130250 6744.971902 -6.113165 0.857313 -1.982915 0.857313 2.291785   1   1  -1 
2456024.897048 0.000000 0.000000 6744.748045 0.814076 6749.102152 -4.131710 6744.970442 -4.354107 0.814076 -0.222397 0.814076 2.291785   1   1  -1 
2456028.922257 0.000000 0.000000 6746.543190 0.690565 6749.102152 -3.560582 6745.541570 -2.558962 0.690565 1.001620 0.690565 2.291785   1   1  -1 
2456029.892891 0.000000 0.000000 6747.320493 1.086998 6749.102152 -3.105608 6745.996544 -1.781659 1.086998 1.323949 1.086998 2.291785   1   1  -1 
2456029.898354 0.000000 0.000000 6748.760240 1.038533 6749.102152 -3.103009 6745.999143 -0.341912 1.038533 2.761097 1.038533 2.291785   1   1  -1 
2456031.852968 0.000000 0.000000 6747.989211 0.817617 6749.102152 -2.292414 6746.809738 -1.112941 0.817617 1.179473 0.817617 2.291785   1   1  -1 
2456052.857065 0.000000 0.000000 6746.249978 0.812636 6749.102152 -5.014145 6744.088007 -2.852174 0.812636 2.161971 0.812636 2.291785   1   1  -1 
2456052.862482 0.000000 0.000000 6745.619923 0.787680 6749.102152 -5.016685 6744.085467 -3.482229 0.787680 1.534456 0.787680 2.291785   1   1  -1 
2456053.851639 0.000000 0.000000 6743.166273 0.874947 6749.102152 -5.275911 6743.826241 -5.935879 0.874947 -0.659968 0.874947 2.291785   1   1  -1 
2456053.857114 0.000000 0.000000 6741.264696 0.828685 6749.102152 -5.276164 6743.825988 -7.837456 0.828685 -2.561292 0.828685 2.291785   1   1  -1 
2456054.839916 0.000000 0.000000 6746.508998 0.533012 6749.102152 -5.104017 6743.998135 -2.593154 0.533012 2.510863 0.533012 2.291785   1   1  -1 
2456055.886865 0.000000 0.000000 6744.080866 0.509706 6749.102152 -4.465100 6744.637052 -5.021286 0.509706 -0.556186 0.509706 2.291785   1   1  -1 
2456056.818146 0.000000 0.000000 6747.963625 0.893302 6749.102152 -3.569543 6745.532610 -1.138527 0.893302 2.431015 0.893302 2.291785   1   1  -1 
2456056.823714 0.000000 0.000000 6744.469105 0.813986 6749.102152 -3.563459 6745.538693 -4.633047 0.813986 -1.069588 0.813986 2.291785   1   1  -1 
2456078.843392 0.000000 0.000000 6746.158961 0.647558 6749.102152 -0.693792 6748.408360 -2.943191 0.647558 -2.249399 0.647558 2.291785   1   1  -1 
2456078.849075 0.000000 0.000000 6745.719595 0.632973 6749.102152 -0.696039 6748.406113 -3.382557 0.632973 -2.686518 0.632973 2.291785   1   1  -1 
2456081.832748 0.000000 0.000000 6746.860997 0.796018 6749.102152 -1.217585 6747.884567 -2.241155 0.796018 -1.023570 0.796018 2.291785   1   1  -1 
2456081.838651 0.000000 0.000000 6746.160349 0.647447 6749.102152 -1.216888 6747.885264 -2.941803 0.647447 -1.724915 0.647447 2.291785   1   1  -1 
2456085.820521 0.000000 0.000000 6748.615188 0.878497 6749.102152 0.393671 6749.495823 -0.486964 0.878497 -0.880635 0.878497 2.291785   1   1  -1 
2456085.826250 0.000000 0.000000 6749.360613 0.917873 6749.102152 0.396341 6749.498493 0.258461 0.917873 -0.137880 0.917873 2.291785   1   1  -1 
2456088.742747 0.000000 0.000000 6753.524666 0.549399 6749.102152 0.981862 6750.084014 4.422514 0.549399 3.440652 0.549399 2.291785   1   1  -1 
2456092.900369 0.000000 0.000000 6751.383386 0.628826 6749.102152 -0.815590 6748.286562 2.281234 0.628826 3.096824 0.628826 2.291785   1   1  -1 
2456115.815540 0.000000 0.000000 6754.277043 0.776191 6749.102152 0.088349 6749.190501 5.174891 0.776191 5.086542 0.776191 2.291785   1   1  -1 
2456118.809984 0.000000 0.000000 6751.338923 0.512854 6749.102152 2.013068 6751.115220 2.236771 0.512854 0.223703 0.512854 2.291785   1   1  -1 
2456121.820367 0.000000 0.000000 6748.884407 1.411859 6749.102152 1.456805 6750.558957 -0.217745 1.411859 -1.674550 1.411859 2.291785   1   1  -1 
2456149.686124 0.000000 0.000000 6745.208573 0.845009 6749.102152 0.360416 6749.462568 -3.893579 0.845009 -4.253995 0.845009 2.291785   1   1  -1 
2456154.723489 0.000000 0.000000 6753.155186 0.865117 6749.102152 4.670224 6753.772376 4.053034 0.865117 -0.617190 0.865117 2.291785   1   1  -1 
2456154.728442 0.000000 0.000000 6756.664798 1.281739 6749.102152 4.678317 6753.780469 7.562646 1.281739 2.884329 1.281739 2.291785   1   1  -1 
2456166.527551 0.000000 0.000000 6750.235757 0.645517 6749.102152 -2.215249 6746.886903 1.133605 0.645517 3.348854 0.645517 2.291785   1   1  -1 
2456168.609469 0.000000 0.000000 6746.933111 0.971404 6749.102152 -2.919268 6746.182884 -2.169041 0.971404 0.750227 0.971404 2.291785   1   1  -1 
2456168.615105 0.000000 0.000000 6744.859936 0.857956 6749.102152 -2.918224 6746.183928 -4.242216 0.857956 -1.323992 0.857956 2.291785   1   1  -1 
2456171.510563 0.000000 0.000000 6746.779196 0.523911 6749.102152 -1.133771 6747.968381 -2.322956 0.523911 -1.189185 0.523911 2.291785   1   1  -1 
2456173.694840 0.000000 0.000000 6745.694408 0.870055 6749.102152 0.419301 6749.521453 -3.407744 0.870055 -3.827045 0.870055 2.291785   1   1  -1 
2456181.612869 0.000000 0.000000 6746.780093 0.609426 6749.102152 1.352571 6750.454723 -2.322059 0.609426 -3.674630 0.609426 2.291785   1   1  -1 
2456186.623747 0.000000 0.000000 6750.623304 0.538290 6749.102152 2.297663 6751.399815 1.521152 0.538290 -0.776511 0.538290 2.291785   1   1  -1 
2456189.666838 0.000000 0.000000 6748.504253 1.709832 6749.102152 1.266314 6750.368466 -0.597899 1.709832 -1.864213 1.709832 2.291785   1   1  -1 
2456190.592865 0.000000 0.000000 6750.871459 0.873280 6749.102152 0.971938 6750.074090 1.769307 0.873280 0.797369 0.873280 2.291785   1   1  -1 
2456190.598548 0.000000 0.000000 6750.369171 0.820368 6749.102152 0.970551 6750.072703 1.267019 0.820368 0.296468 0.820368 2.291785   1   1  -1 
2456195.586272 0.000000 0.000000 6749.872183 0.911842 6749.102152 3.107702 6752.209854 0.770031 0.911842 -2.337671 0.911842 2.291785   1   1  -1 
2456195.591793 0.000000 0.000000 6753.010576 0.913007 6749.102152 3.113222 6752.215374 3.908424 0.913007 0.795202 0.913007 2.291785   1   1  -1 
2456198.564091 0.000000 0.000000 6752.020828 1.186346 6749.102152 5.705024 6754.807176 2.918676 1.186346 -2.786348 1.186346 2.291785   1   1  -1 
2456198.569866 0.000000 0.000000 6752.133778 1.250845 6749.102152 5.708042 6754.810194 3.031626 1.250845 -2.676416 1.250845 2.291785   1   1  -1 
2456204.547188 0.000000 0.000000 6753.568624 0.781661 6749.102152 3.043874 6752.146026 4.466472 0.781661 1.422598 0.781661 2.291785   1   1  -1 
2456205.523197 0.000000 0.000000 6749.089385 0.447471 6749.102152 2.517929 6751.620081 -0.012767 0.447471 -2.530696 0.447471 2.291785   1   1  -1 
2456208.615737 0.000000 0.000000 6753.603897 0.942056 6749.102152 4.001281 6753.103433 4.501745 0.942056 0.500464 0.942056 2.291785   1   1  -1 
2456209.540800 0.000000 0.000000 6759.371118 1.053758 6749.102152 5.404333 6754.506485 10.268966 1.053758 4.864633 1.053758 2.291785   1   1  -1 
2456210.532155 0.000000 0.000000 6759.600350 0.864183 6749.102152 7.196090 6756.298242 10.498198 0.864183 3.302108 0.864183 2.291785   1   1  -1 
2456212.523498 0.000000 0.000000 6755.476387 0.479583 6749.102152 10.766071 6759.868223 6.374235 0.479583 -4.391836 0.479583 2.291785   1   1  -1 
2456217.523649 0.000000 0.000000 6753.855817 0.740951 6749.102152 10.390243 6759.492395 4.753665 0.740951 -5.636578 0.740951 2.291785   1   1  -1 
2456217.529482 0.000000 0.000000 6756.209522 0.723468 6749.102152 10.380192 6759.482344 7.107370 0.723468 -3.272822 0.723468 2.291785   1   1  -1 
2456218.587951 0.000000 0.000000 6761.087306 0.783291 6749.102152 8.328231 6757.430383 11.985154 0.783291 3.656923 0.783291 2.291785   1   1  -1 
2456219.500319 0.000000 0.000000 6756.194158 0.495656 6749.102152 6.333313 6755.435465 7.092006 0.495656 0.758693 0.495656 2.291785   1   1  -1 
2456220.491327 0.000000 0.000000 6755.982846 0.783227 6749.102152 4.152313 6753.254465 6.880694 0.783227 2.728381 0.783227 2.291785   1   1  -1 
2456220.514069 0.000000 0.000000 6755.832612 0.640640 6749.102152 4.103791 6753.205943 6.730460 0.640640 2.626669 0.640640 2.291785   1   1  -1 
2456409.867093 0.000000 0.000000 6759.457368 1.234666 6749.102152 9.179054 6758.281206 10.355216 1.234666 1.176162 1.234666 2.291785   1   1  -1 
2456409.872719 0.000000 0.000000 6760.777904 1.190406 6749.102152 9.176401 6758.278553 11.675752 1.190406 2.499351 1.190406 2.291785   1   1  -1 
2456416.824768 0.000000 0.000000 6754.823732 1.100783 6749.102152 4.943089 6754.045242 5.721580 1.100783 0.778490 1.100783 2.291785   1   1  -1 
2456416.828565 0.000000 0.000000 6752.557971 1.091725 6749.102152 4.942363 6754.044515 3.455819 1.091725 -1.486544 1.091725 2.291785   1   1  -1 
2456416.832443 0.000000 0.000000 6755.652557 1.133660 6749.102152 4.941623 6754.043775 6.550405 1.133660 1.608782 1.133660 2.291785   1   1  -1 
2456432.884915 0.000000 0.000000 6750.289458 0.787972 6749.102152 1.545426 6750.647578 1.187306 0.787972 -0.358120 0.787972 2.291785   1   1  -1 
2456432.890124 0.000000 0.000000 6749.887804 0.901606 6749.102152 1.547874 6750.650026 0.785652 0.901606 -0.762222 0.901606 2.291785   1   1  -1 
2456433.905268 0.000000 0.000000 6751.123745 1.477288 6749.102152 2.089732 6751.191884 2.021593 1.477288 -0.068139 1.477288 2.291785   1   1  -1 
2456433.910395 0.000000 0.000000 6755.515765 1.603077 6749.102152 2.092739 6751.194891 6.413613 1.603077 4.320874 1.603077 2.291785   1   1  -1 
2456434.892458 0.000000 0.000000 6749.944594 0.969582 6749.102152 2.697481 6751.799633 0.842442 0.969582 -1.855039 0.969582 2.291785   1   1  -1 
2456434.898129 0.000000 0.000000 6750.432478 0.937709 6749.102152 2.701080 6751.803232 1.330326 0.937709 -1.370754 0.937709 2.291785   1   1  -1 
2456437.889188 0.000000 0.000000 6752.992684 0.801579 6749.102152 4.442445 6753.544597 3.890532 0.801579 -0.551913 0.801579 2.291785   1   1  -1 
2456437.894720 0.000000 0.000000 6750.576482 0.735776 6749.102152 4.445043 6753.547195 1.474330 0.735776 -2.970713 0.735776 2.291785   1   1  -1 
2456438.860772 0.000000 0.000000 6752.460540 0.640814 6749.102152 4.849450 6753.951602 3.358388 0.640814 -1.491062 0.640814 2.291785   1   1  -1 
2456441.860316 0.000000 0.000000 6756.852144 0.846284 6749.102152 5.516969 6754.619121 7.749992 0.846284 2.233023 0.846284 2.291785   1   1  -1 
2456454.832361 0.000000 0.000000 6752.986609 0.709239 6749.102152 3.345385 6752.447537 3.884457 0.709239 0.539072 0.709239 2.291785   1   1  -1 
2456454.837894 0.000000 0.000000 6750.972291 0.711651 6749.102152 3.345333 6752.447485 1.870139 0.711651 -1.475194 0.711651 2.291785   1   1  -1 
2456467.823190 0.000000 0.000000 6754.822849 1.255655 6749.102152 3.559441 6752.661593 5.720697 1.255655 2.161256 1.255655 2.291785   1   1  -1 
2456467.826929 0.000000 0.000000 6751.728023 1.113375 6749.102152 3.557409 6752.659561 2.625871 1.113375 -0.931538 1.113375 2.291785   1   1  -1 
2456467.830702 0.000000 0.000000 6751.044367 1.185837 6749.102152 3.555359 6752.657511 1.942215 1.185837 -1.613144 1.185837 2.291785   1   1  -1 
2456473.860840 0.000000 0.000000 6750.322340 1.051321 6749.102152 2.342299 6751.444451 1.220188 1.051321 -1.122111 1.051321 2.291785   1   1  -1 
2456473.864821 0.000000 0.000000 6751.867851 1.016901 6749.102152 2.343049 6751.445201 2.765699 1.016901 0.422650 1.016901 2.291785   1   1  -1 
2456473.868595 0.000000 0.000000 6753.178042 1.098920 6749.102152 2.343760 6751.445912 4.075890 1.098920 1.732130 1.098920 2.291785   1   1  -1 
2456480.776552 0.000000 0.000000 6754.557282 0.996431 6749.102152 3.136007 6752.238159 5.455130 0.996431 2.319123 0.996431 2.291785   1   1  -1 
2456480.782281 0.000000 0.000000 6755.387313 0.925325 6749.102152 3.135132 6752.237285 6.285161 0.925325 3.150028 0.925325 2.291785   1   1  -1 
2456481.631506 0.000000 0.000000 6756.772221 1.240759 6749.102152 2.982246 6752.084398 7.670069 1.240759 4.687823 1.240759 2.291785   1   1  -1 
2456481.637189 0.000000 0.000000 6753.538508 1.259412 6749.102152 2.981088 6752.083240 4.436356 1.259412 1.455268 1.259412 2.291785   1   1  -1 
2456501.599929 0.000000 0.000000 6754.822030 0.631664 6749.102152 5.175366 6754.277518 5.719878 0.631664 0.544512 0.631664 2.291785   1   1  -1 
2456523.744316 0.000000 0.000000 6751.875856 0.567478 6749.102152 0.752246 6749.854398 2.773704 0.567478 2.021458 0.567478 2.291785   1   1  -1 
2456524.691276 0.000000 0.000000 6747.554595 0.703132 6749.102152 0.499882 6749.602034 -1.547557 0.703132 -2.047439 0.703132 2.291785   1   1  -1 
2456524.696693 0.000000 0.000000 6749.458315 0.716695 6749.102152 0.498651 6749.600803 0.356163 0.716695 -0.142488 0.716695 2.291785   1   1  -1 
2456525.743740 0.000000 0.000000 6754.356749 0.637734 6749.102152 0.312032 6749.414184 5.254597 0.637734 4.942565 0.637734 2.291785   1   1  -1 
2456569.534062 0.000000 0.000000 6756.517428 1.076929 6749.102152 3.358825 6752.460977 7.415276 1.076929 4.056451 1.076929 2.291785   1   1  -1 
2456585.564665 0.000000 0.000000 6750.921123 0.855663 6749.102152 -0.465762 6748.636390 1.818971 0.855663 2.284733 0.855663 2.291785   1   1  -1 
2456585.568473 0.000000 0.000000 6746.976103 0.828824 6749.102152 -0.465413 6748.636739 -2.126049 0.828824 -1.660636 0.828824 2.291785   1   1  -1 
2456585.572350 0.000000 0.000000 6750.112670 0.846101 6749.102152 -0.465057 6748.637095 1.010518 0.846101 1.475575 0.846101 2.291785   1   1  -1 
2456586.547688 0.000000 0.000000 6750.875948 0.928572 6749.102152 -0.343453 6748.758699 1.773796 0.928572 2.117249 0.928572 2.291785   1   1  -1 
2456586.551530 0.000000 0.000000 6750.104421 0.993006 6749.102152 -0.342842 6748.759310 1.002269 0.993006 1.345111 0.993006 2.291785   1   1  -1 
2456586.555442 0.000000 0.000000 6748.200881 1.030307 6749.102152 -0.342218 6748.759934 -0.901271 1.030307 -0.559053 1.030307 2.291785   1   1  -1 
2456590.510961 0.000000 0.000000 6753.078268 1.367518 6749.102152 0.900266 6750.002418 3.976116 1.367518 3.075850 1.367518 2.291785   1   1  -1 
2456590.514943 0.000000 0.000000 6747.110191 1.522789 6749.102152 0.902084 6750.004236 -1.991961 1.522789 -2.894045 1.522789 2.291785   1   1  -1 
2456590.518611 0.000000 0.000000 6747.510946 1.287716 6749.102152 0.903760 6750.005912 -1.591206 1.287716 -2.494966 1.287716 2.291785   1   1  -1 
2456765.917789 0.000000 0.000000 6752.196408 0.712210 6749.102152 -0.693032 6748.409120 3.094256 0.712210 3.787288 0.712210 2.291785   1   1  -1 
2456765.923021 0.000000 0.000000 6750.137503 0.718686 6749.102152 -0.694918 6748.407234 1.035351 0.718686 1.730269 0.718686 2.291785   1   1  -1 
2456789.854143 0.000000 0.000000 6754.654993 0.783119 6749.102152 4.664985 6753.767137 5.552841 0.783119 0.887856 0.783119 2.291785   1   1  -1 
2456789.859722 0.000000 0.000000 6754.125832 0.810184 6749.102152 4.669559 6753.771711 5.023680 0.810184 0.354121 0.810184 2.291785   1   1  -1 
2456806.890179 0.000000 0.000000 6753.452377 0.848654 6749.102152 0.813564 6749.915716 4.350225 0.848654 3.536661 0.848654 2.291785   1   1  -1 
2456829.893363 0.000000 0.000000 6751.251499 0.544726 6749.102152 -0.218291 6748.883861 2.149347 0.544726 2.367638 0.544726 2.291785   1   1  -1 
2456857.748704 0.000000 0.000000 6749.652990 0.916881 6749.102152 0.658867 6749.761019 0.550838 0.916881 -0.108029 0.916881 2.291785   1   1  -1 
2456857.754433 0.000000 0.000000 6750.982955 0.896024 6749.102152 0.656922 6749.759074 1.880803 0.896024 1.223881 0.896024 2.291785   1   1  -1 
2456866.784629 0.000000 0.000000 6748.725985 0.744866 6749.102152 -0.809582 6748.292570 -0.376167 0.744866 0.433415 0.744866 2.291785   1   1  -1 
2456896.727940 0.000000 0.000000 6755.871457 1.053796 6749.102152 3.602904 6752.705056 6.769305 1.053796 3.166401 1.053796 2.291785   1   1  -1 
2456896.733287 0.000000 0.000000 6755.155412 1.302275 6749.102152 3.603497 6752.705649 6.053260 1.302275 2.449763 1.302275 2.291785   1   1  -1 
2457146.919889 0.000000 0.000000 6757.076817 0.544417 6749.102152 4.677655 6753.779807 7.974665 0.544417 3.297010 0.544417 2.291785   1   1  -1 
2457176.844500 0.000000 0.000000 6764.693117 0.482556 6766.423720 -1.889386 6764.534334 -1.730603 0.482556 0.158783 0.482556 2.291785   1   2  -1 
2457180.950532 0.000000 0.000000 6764.602498 0.611496 6766.423720 -1.477859 6764.945861 -1.821222 0.611496 -0.343363 0.611496 2.291785   1   2  -1 
2457180.956053 0.000000 0.000000 6767.474385 0.642310 6766.423720 -1.477177 6764.946543 1.050665 0.642310 2.527842 0.642310 2.291785   1   2  -1 
2457307.523708 0.000000 0.000000 6769.474717 0.569213 6766.423720 3.142419 6769.566139 3.050997 0.569213 -0.091422 0.569213 2.291785   1   2  -1 
2457307.529113 0.000000 0.000000 6769.180290 0.591603 6766.423720 3.146150 6769.569870 2.756570 0.591603 -0.389580 0.591603 2.291785   1   2  -1 
2457879.840329 0.000000 0.000000 6766.798509 0.840815 6766.423720 -0.420943 6766.002777 0.374789 0.840815 0.795732 0.840815 2.291785   1   2  -1 
2457968.637355 0.000000 0.000000 6769.850407 0.766025 6766.423720 3.882439 6770.306158 3.426687 0.766025 -0.455751 0.766025 2.291785   1   2  -1 
2460042.883932 0.000000 0.000000 6638.543767 0.194366 6629.721461 5.647618 6635.369079 8.822306 0.194366 3.174688 0.194366 2.256774   0   0  -1 
2460042.889532 0.000000 0.000000 6639.362246 0.197675 6629.721461 5.647060 6635.368521 9.640785 0.197675 3.993725 0.197675 2.256774   0   0  -1 
2460043.870973 0.000000 0.000000 6635.676123 0.231538 6629.721461 5.346183 6635.067644 5.954662 0.231538 0.608479 0.231538 2.256774   0   0  -1 
2460043.876677 0.000000 0.000000 6635.144250 0.215486 6629.721461 5.343267 6635.064728 5.422789 0.215486 0.079522 0.215486 2.256774   0   0  -1 
2460044.793251 0.000000 0.000000 6636.194980 0.238014 6629.721461 4.711274 6634.432735 6.473519 0.238014 1.762245 0.238014 2.256774   0   0  -1 
2460044.798982 0.000000 0.000000 6635.616222 0.236508 6629.721461 4.706359 6634.427820 5.894761 0.236508 1.188402 0.236508 2.256774   0   0  -1 
2460045.773704 0.000000 0.000000 6630.485958 0.527086 6629.721461 3.724831 6633.446292 0.764497 0.527086 -2.960334 0.527086 2.256774   0   0  -1 
2460045.779649 0.000000 0.000000 6631.851550 0.356358 6629.721461 3.718068 6633.439529 2.130089 0.356358 -1.587979 0.356358 2.256774   0   0  -1 
2460046.786658 0.000000 0.000000 6633.843874 0.216596 6629.721461 2.481009 6632.202470 4.122413 0.216596 1.641404 0.216596 2.256774   0   0  -1 
2460046.792204 0.000000 0.000000 6634.866972 0.200898 6629.721461 2.473829 6632.195289 5.145511 0.200898 2.671683 0.200898 2.256774   0   0  -1 
2460047.789500 0.000000 0.000000 6633.186422 0.215835 6629.721461 1.166832 6630.888292 3.464961 0.215835 2.298130 0.215835 2.256774   0   0  -1 
2460047.795047 0.000000 0.000000 6633.209210 0.207999 6629.721461 1.159612 6630.881073 3.487749 0.207999 2.328137 0.207999 2.256774   0   0  -1 
2460048.783364 0.000000 0.000000 6629.609690 0.259180 6629.721461 -0.071710 6629.649750 -0.111771 0.259180 -0.040060 0.259180 2.256774   0   0  -1 
2460048.789012 0.000000 0.000000 6629.256972 0.241587 6629.721461 -0.078310 6629.643151 -0.464489 0.241587 -0.386179 0.241587 2.256774   0   0  -1 
2460049.801102 0.000000 0.000000 6631.039854 0.223882 6629.721461 -1.140787 6628.580673 1.318393 0.223882 2.459181 0.223882 2.256774   0   0  -1 
2460049.806533 0.000000 0.000000 6630.157588 0.237350 6629.721461 -1.145752 6628.575709 0.436127 0.237350 1.581879 0.237350 2.256774   0   0  -1 
2460050.776767 0.000000 0.000000 6629.430013 0.220926 6629.721461 -1.882346 6627.839114 -0.291448 0.220926 1.590899 0.220926 2.256774   0   0  -1 
2460050.782471 0.000000 0.000000 6629.926843 0.212336 6629.721461 -1.885743 6627.835718 0.205382 0.212336 2.091125 0.212336 2.256774   0   0  -1 
2460068.823617 0.000000 0.000000 6631.559544 0.250917 6629.721461 2.109383 6631.830844 1.838083 0.250917 -0.271300 0.250917 2.256774   0   0  -1 
2460068.829253 0.000000 0.000000 6629.646784 0.315822 6629.721461 2.103020 6631.824481 -0.074677 0.315822 -2.177697 0.315822 2.256774   0   0  -1 
2460073.775251 0.000000 0.000000 6625.088984 0.273036 6629.721461 -3.105268 6626.616193 -4.632477 0.273036 -1.527209 0.273036 2.256774   0   0  -1 
2460073.780774 0.000000 0.000000 6625.286948 0.249282 6629.721461 -3.107842 6626.613619 -4.434513 0.249282 -1.326671 0.249282 2.256774   0   0  -1 
2460076.728213 0.000000 0.000000 6628.562665 0.253446 6629.721461 -2.479097 6627.242364 -1.158796 0.253446 1.320301 0.253446 2.256774   0   0  -1 
2460076.733797 0.000000 0.000000 6628.366049 0.242470 6629.721461 -2.474154 6627.247307 -1.355412 0.242470 1.118742 0.242470 2.256774   0   0  -1 
2460077.755001 0.000000 0.000000 6624.903844 0.312506 6629.721461 -1.376310 6628.345151 -4.817617 0.312506 -3.441307 0.312506 2.256774   0   0  -1 
2460077.760768 0.000000 0.000000 6625.020045 0.301092 6629.721461 -1.369138 6628.352323 -4.701416 0.301092 -3.332278 0.301092 2.256774   0   0  -1 
2460078.818364 0.000000 0.000000 6630.516939 0.236131 6629.721461 0.074475 6629.795936 0.795478 0.236131 0.721003 0.236131 2.256774   0   0  -1 
2460078.823976 0.000000 0.000000 6630.804515 0.231515 6629.721461 0.082644 6629.804105 1.083054 0.231515 1.000410 0.231515 2.256774   0   0  -1 
2460079.846559 0.000000 0.000000 6632.273395 0.225727 6629.721461 1.597264 6631.318725 2.551934 0.225727 0.954670 0.225727 2.256774   0   0  -1 
2460079.852048 0.000000 0.000000 6631.927170 0.228638 6629.721461 1.605359 6631.326820 2.205709 0.228638 0.600350 0.228638 2.256774   0   0  -1 
2460080.730235 0.000000 0.000000 6632.645260 0.243529 6629.721461 2.851871 6632.573332 2.923799 0.243529 0.071928 0.243529 2.256774   0   0  -1 
2460080.735864 0.000000 0.000000 6633.292553 0.224766 6629.721461 2.859422 6632.580883 3.571092 0.224766 0.711670 0.224766 2.256774   0   0  -1 
2460082.755256 0.000000 0.000000 6630.390412 0.286786 6629.721461 4.918849 6634.640310 0.668951 0.286786 -4.249898 0.286786 2.256774   0   0  -1 
2460082.760842 0.000000 0.000000 6630.795800 0.259323 6629.721461 4.922318 6634.643778 1.074339 0.259323 -3.847978 0.259323 2.256774   0   0  -1 
2460086.748603 0.000000 0.000000 6635.114081 0.193185 6629.721461 3.983771 6633.705232 5.392620 0.193185 1.408849 0.193185 2.256774   0   0  -1 
2460086.754324 0.000000 0.000000 6634.108130 0.208316 6629.721461 3.978715 6633.700175 4.386669 0.208316 0.407955 0.208316 2.256774   0   0  -1 
2460199.601214 0.000000 0.000000 6622.205086 0.389251 6629.721461 -4.783835 6624.937626 -7.516375 0.389251 -2.732540 0.389251 2.256774   0   0  -1 
2460199.607025 0.000000 0.000000 6622.574384 0.381438 6629.721461 -4.785096 6624.936365 -7.147077 0.381438 -2.361981 0.381438 2.256774   0   0  -1 
2460201.515076 0.000000 0.000000 6625.332354 0.272613 6629.721461 -4.957327 6624.764134 -4.389107 0.272613 0.568220 0.272613 2.256774   0   0  -1 
2460201.520627 0.000000 0.000000 6624.542897 0.294212 6629.721461 -4.956956 6624.764505 -5.178564 0.294212 -0.221608 0.294212 2.256774   0   0  -1 
2460202.533617 0.000000 0.000000 6626.906002 0.232737 6629.721461 -4.786405 6624.935056 -2.815459 0.232737 1.970946 0.232737 2.256774   0   0  -1 
2460202.539273 0.000000 0.000000 6627.020676 0.220468 6629.721461 -4.784860 6624.936601 -2.700785 0.220468 2.084075 0.220468 2.256774   0   0  -1 
2460203.571018 0.000000 0.000000 6625.203535 0.337253 6629.721461 -4.391004 6625.330457 -4.517926 0.337253 -0.126922 0.337253 2.256774   0   0  -1 
2460203.577196 0.000000 0.000000 6625.477322 0.360328 6629.721461 -4.387983 6625.333477 -4.244139 0.360328 0.143845 0.360328 2.256774   0   0  -1 
2460204.530857 0.000000 0.000000 6628.752956 0.197030 6629.721461 -3.834069 6625.887392 -0.968505 0.197030 2.865564 0.197030 2.256774   0   0  -1 
2460204.536387 0.000000 0.000000 6627.522270 0.208547 6629.721461 -3.830379 6625.891082 -2.199191 0.208547 1.631188 0.208547 2.256774   0   0  -1 
2460205.516019 0.000000 0.000000 6628.249113 0.244280 6629.721461 -3.104274 6626.617187 -1.472348 0.244280 1.631926 0.244280 2.256774   0   0  -1 
2460205.521490 0.000000 0.000000 6628.705998 0.216530 6629.721461 -3.099866 6626.621595 -1.015463 0.216530 2.084403 0.216530 2.256774   0   0  -1 
2460206.534104 0.000000 0.000000 6627.482697 0.247014 6629.721461 -2.239045 6627.482416 -2.238764 0.247014 0.000281 0.247014 2.256774   0   0  -1 
2460206.539634 0.000000 0.000000 6629.267429 0.225863 6629.721461 -2.234169 6627.487292 -0.454032 0.225863 1.780137 0.225863 2.256774   0   0  -1 
2460208.612713 0.000000 0.000000 6630.363009 0.238171 6629.721461 -0.444269 6629.277192 0.641548 0.238171 1.085817 0.238171 2.256774   0   0  -1 
2460208.618030 0.000000 0.000000 6629.924431 0.245322 6629.721461 -0.440073 6629.281388 0.202970 0.245322 0.643043 0.245322 2.256774   0   0  -1 
2460209.504007 0.000000 0.000000 6623.939779 0.494812 6629.721461 0.203382 6629.924843 -5.781682 0.494812 -5.985064 0.494812 2.256774   0   0  -1 
2460209.509978 0.000000 0.000000 6626.528984 0.441044 6629.721461 0.207293 6629.928754 -3.192477 0.441044 -3.399770 0.441044 2.256774   0   0  -1 
2460210.587394 0.000000 0.000000 6629.731782 0.275366 6629.721461 0.800530 6630.521991 0.010321 0.275366 -0.790209 0.275366 2.256774   0   0  -1 
2460210.593026 0.000000 0.000000 6627.639495 0.295408 6629.721461 0.803000 6630.524460 -2.081966 0.295408 -2.884965 0.295408 2.256774   0   0  -1 
2460211.516295 0.000000 0.000000 6628.377092 0.380462 6629.721461 1.111216 6630.832677 -1.344369 0.380462 -2.455585 0.380462 2.256774   0   0  -1 
2460211.522268 0.000000 0.000000 6629.418252 0.306169 6629.721461 1.112573 6630.834034 -0.303209 0.306169 -1.415782 0.306169 2.256774   0   0  -1 
