# Tc_folded model 
-1.500000 1.168072 
-1.499000 1.174469 
-1.498000 1.180804 
-1.497000 1.187076 
-1.496000 1.193285 
-1.495000 1.199432 
-1.494000 1.205518 
-1.493000 1.211541 
-1.492000 1.217504 
-1.491000 1.223405 
-1.490000 1.229246 
-1.489000 1.235026 
-1.488000 1.240747 
-1.487000 1.246407 
-1.486000 1.252007 
-1.485000 1.257549 
-1.484000 1.263031 
-1.483000 1.268454 
-1.482000 1.273819 
-1.481000 1.279126 
-1.480000 1.284375 
-1.479000 1.289566 
-1.478000 1.294700 
-1.477000 1.299776 
-1.476000 1.304796 
-1.475000 1.309759 
-1.474000 1.314666 
-1.473000 1.319516 
-1.472000 1.324311 
-1.471000 1.329051 
-1.470000 1.333735 
-1.469000 1.338364 
-1.468000 1.342938 
-1.467000 1.347458 
-1.466000 1.351924 
-1.465000 1.356335 
-1.464000 1.360693 
-1.463000 1.364998 
-1.462000 1.369249 
-1.461000 1.373447 
-1.460000 1.377593 
-1.459000 1.381686 
-1.458000 1.385726 
-1.457000 1.389715 
-1.456000 1.393652 
-1.455000 1.397538 
-1.454000 1.401372 
-1.453000 1.405156 
-1.452000 1.408888 
-1.451000 1.412570 
-1.450000 1.416202 
-1.449000 1.419783 
-1.448000 1.423315 
-1.447000 1.426797 
-1.446000 1.430230 
-1.445000 1.433614 
-1.444000 1.436949 
-1.443000 1.440235 
-1.442000 1.443472 
-1.441000 1.446661 
-1.440000 1.449803 
-1.439000 1.452896 
-1.438000 1.455942 
-1.437000 1.458940 
-1.436000 1.461892 
-1.435000 1.464796 
-1.434000 1.467654 
-1.433000 1.470465 
-1.432000 1.473230 
-1.431000 1.475948 
-1.430000 1.478621 
-1.429000 1.481248 
-1.428000 1.483829 
-1.427000 1.486366 
-1.426000 1.488857 
-1.425000 1.491303 
-1.424000 1.493705 
-1.423000 1.496062 
-1.422000 1.498374 
-1.421000 1.500643 
-1.420000 1.502868 
-1.419000 1.505049 
-1.418000 1.507186 
-1.417000 1.509280 
-1.416000 1.511331 
-1.415000 1.513339 
-1.414000 1.515304 
-1.413000 1.517227 
-1.412000 1.519107 
-1.411000 1.520945 
-1.410000 1.522740 
-1.409000 1.524494 
-1.408000 1.526206 
-1.407000 1.527877 
-1.406000 1.529506 
-1.405000 1.531094 
-1.404000 1.532640 
-1.403000 1.534146 
-1.402000 1.535612 
-1.401000 1.537036 
-1.400000 1.538421 
-1.399000 1.539765 
-1.398000 1.541069 
-1.397000 1.542333 
-1.396000 1.543557 
-1.395000 1.544742 
-1.394000 1.545887 
-1.393000 1.546993 
-1.392000 1.548060 
-1.391000 1.549088 
-1.390000 1.550077 
-1.389000 1.551028 
-1.388000 1.551940 
-1.387000 1.552813 
-1.386000 1.553649 
-1.385000 1.554446 
-1.384000 1.555205 
-1.383000 1.555927 
-1.382000 1.556610 
-1.381000 1.557257 
-1.380000 1.557866 
-1.379000 1.558437 
-1.378000 1.558972 
-1.377000 1.559469 
-1.376000 1.559930 
-1.375000 1.560354 
-1.374000 1.560741 
-1.373000 1.561092 
-1.372000 1.561407 
-1.371000 1.561685 
-1.370000 1.561928 
-1.369000 1.562134 
-1.368000 1.562304 
-1.367000 1.562439 
-1.366000 1.562538 
-1.365000 1.562602 
-1.364000 1.562630 
-1.363000 1.562624 
-1.362000 1.562582 
-1.361000 1.562505 
-1.360000 1.562393 
-1.359000 1.562246 
-1.358000 1.562065 
-1.357000 1.561849 
-1.356000 1.561598 
-1.355000 1.561314 
-1.354000 1.560995 
-1.353000 1.560642 
-1.352000 1.560255 
-1.351000 1.559834 
-1.350000 1.559379 
-1.349000 1.558890 
-1.348000 1.558368 
-1.347000 1.557812 
-1.346000 1.557223 
-1.345000 1.556601 
-1.344000 1.555945 
-1.343000 1.555257 
-1.342000 1.554535 
-1.341000 1.553780 
-1.340000 1.552992 
-1.339000 1.552172 
-1.338000 1.551319 
-1.337000 1.550433 
-1.336000 1.549515 
-1.335000 1.548565 
-1.334000 1.547582 
-1.333000 1.546567 
-1.332000 1.545520 
-1.331000 1.544440 
-1.330000 1.543329 
-1.329000 1.542186 
-1.328000 1.541011 
-1.327000 1.539804 
-1.326000 1.538566 
-1.325000 1.537296 
-1.324000 1.535994 
-1.323000 1.534661 
-1.322000 1.533297 
-1.321000 1.531901 
-1.320000 1.530474 
-1.319000 1.529016 
-1.318000 1.527527 
-1.317000 1.526007 
-1.316000 1.524456 
-1.315000 1.522874 
-1.314000 1.521261 
-1.313000 1.519617 
-1.312000 1.517943 
-1.311000 1.516238 
-1.310000 1.514503 
-1.309000 1.512737 
-1.308000 1.510941 
-1.307000 1.509114 
-1.306000 1.507257 
-1.305000 1.505370 
-1.304000 1.503453 
-1.303000 1.501505 
-1.302000 1.499527 
-1.301000 1.497520 
-1.300000 1.495482 
-1.299000 1.493415 
-1.298000 1.491317 
-1.297000 1.489190 
-1.296000 1.487033 
-1.295000 1.484846 
-1.294000 1.482630 
-1.293000 1.480384 
-1.292000 1.478108 
-1.291000 1.475803 
-1.290000 1.473469 
-1.289000 1.471105 
-1.288000 1.468711 
-1.287000 1.466289 
-1.286000 1.463837 
-1.285000 1.461356 
-1.284000 1.458845 
-1.283000 1.456305 
-1.282000 1.453737 
-1.281000 1.451139 
-1.280000 1.448512 
-1.279000 1.445856 
-1.278000 1.443171 
-1.277000 1.440457 
-1.276000 1.437714 
-1.275000 1.434943 
-1.274000 1.432142 
-1.273000 1.429313 
-1.272000 1.426455 
-1.271000 1.423568 
-1.270000 1.420653 
-1.269000 1.417708 
-1.268000 1.414735 
-1.267000 1.411734 
-1.266000 1.408704 
-1.265000 1.405645 
-1.264000 1.402558 
-1.263000 1.399442 
-1.262000 1.396298 
-1.261000 1.393125 
-1.260000 1.389924 
-1.259000 1.386694 
-1.258000 1.383436 
-1.257000 1.380150 
-1.256000 1.376835 
-1.255000 1.373491 
-1.254000 1.370119 
-1.253000 1.366720 
-1.252000 1.363292 
-1.251000 1.359835 
-1.250000 1.356351 
-1.249000 1.352838 
-1.248000 1.349297 
-1.247000 1.345727 
-1.246000 1.342130 
-1.245000 1.338504 
-1.244000 1.334850 
-1.243000 1.331168 
-1.242000 1.327458 
-1.241000 1.323720 
-1.240000 1.319954 
-1.239000 1.316159 
-1.238000 1.312336 
-1.237000 1.308486 
-1.236000 1.304607 
-1.235000 1.300700 
-1.234000 1.296765 
-1.233000 1.292802 
-1.232000 1.288810 
-1.231000 1.284791 
-1.230000 1.280744 
-1.229000 1.276668 
-1.228000 1.272565 
-1.227000 1.268433 
-1.226000 1.264274 
-1.225000 1.260086 
-1.224000 1.255870 
-1.223000 1.251627 
-1.222000 1.247355 
-1.221000 1.243055 
-1.220000 1.238727 
-1.219000 1.234371 
-1.218000 1.229987 
-1.217000 1.225575 
-1.216000 1.221134 
-1.215000 1.216666 
-1.214000 1.212170 
-1.213000 1.207645 
-1.212000 1.203093 
-1.211000 1.198512 
-1.210000 1.193903 
-1.209000 1.189266 
-1.208000 1.184601 
-1.207000 1.179907 
-1.206000 1.175186 
-1.205000 1.170436 
-1.204000 1.165659 
-1.203000 1.160853 
-1.202000 1.156018 
-1.201000 1.151156 
-1.200000 1.146265 
-1.199000 1.141346 
-1.198000 1.136399 
-1.197000 1.131424 
-1.196000 1.126420 
-1.195000 1.121388 
-1.194000 1.116327 
-1.193000 1.111239 
-1.192000 1.106121 
-1.191000 1.100976 
-1.190000 1.095802 
-1.189000 1.090600 
-1.188000 1.085369 
-1.187000 1.080110 
-1.186000 1.074822 
-1.185000 1.069506 
-1.184000 1.064161 
-1.183000 1.058788 
-1.182000 1.053386 
-1.181000 1.047956 
-1.180000 1.042497 
-1.179000 1.037009 
-1.178000 1.031493 
-1.177000 1.025948 
-1.176000 1.020374 
-1.175000 1.014771 
-1.174000 1.009140 
-1.173000 1.003480 
-1.172000 0.997791 
-1.171000 0.992074 
-1.170000 0.986327 
-1.169000 0.980552 
-1.168000 0.974747 
-1.167000 0.968914 
-1.166000 0.963052 
-1.165000 0.957160 
-1.164000 0.951240 
-1.163000 0.945290 
-1.162000 0.939312 
-1.161000 0.933304 
-1.160000 0.927267 
-1.159000 0.921201 
-1.158000 0.915106 
-1.157000 0.908981 
-1.156000 0.902827 
-1.155000 0.896644 
-1.154000 0.890431 
-1.153000 0.884189 
-1.152000 0.877918 
-1.151000 0.871617 
-1.150000 0.865286 
-1.149000 0.858926 
-1.148000 0.852537 
-1.147000 0.846117 
-1.146000 0.839668 
-1.145000 0.833190 
-1.144000 0.826682 
-1.143000 0.820144 
-1.142000 0.813576 
-1.141000 0.806978 
-1.140000 0.800351 
-1.139000 0.793693 
-1.138000 0.787006 
-1.137000 0.780288 
-1.136000 0.773541 
-1.135000 0.766763 
-1.134000 0.759956 
-1.133000 0.753118 
-1.132000 0.746250 
-1.131000 0.739352 
-1.130000 0.732423 
-1.129000 0.725465 
-1.128000 0.718475 
-1.127000 0.711456 
-1.126000 0.704406 
-1.125000 0.697326 
-1.124000 0.690215 
-1.123000 0.683073 
-1.122000 0.675901 
-1.121000 0.668699 
-1.120000 0.661465 
-1.119000 0.654201 
-1.118000 0.646907 
-1.117000 0.639581 
-1.116000 0.632225 
-1.115000 0.624837 
-1.114000 0.617419 
-1.113000 0.609970 
-1.112000 0.602490 
-1.111000 0.594978 
-1.110000 0.587436 
-1.109000 0.579863 
-1.108000 0.572258 
-1.107000 0.564622 
-1.106000 0.556955 
-1.105000 0.549257 
-1.104000 0.541527 
-1.103000 0.533766 
-1.102000 0.525974 
-1.101000 0.518150 
-1.100000 0.510294 
-1.099000 0.502407 
-1.098000 0.494489 
-1.097000 0.486539 
-1.096000 0.478557 
-1.095000 0.470544 
-1.094000 0.462499 
-1.093000 0.454422 
-1.092000 0.446313 
-1.091000 0.438172 
-1.090000 0.430000 
-1.089000 0.421796 
-1.088000 0.413559 
-1.087000 0.405291 
-1.086000 0.396991 
-1.085000 0.388658 
-1.084000 0.380294 
-1.083000 0.371897 
-1.082000 0.363469 
-1.081000 0.355008 
-1.080000 0.346515 
-1.079000 0.337989 
-1.078000 0.329431 
-1.077000 0.320841 
-1.076000 0.312219 
-1.075000 0.303564 
-1.074000 0.294877 
-1.073000 0.286158 
-1.072000 0.277406 
-1.071000 0.268621 
-1.070000 0.259804 
-1.069000 0.250954 
-1.068000 0.242072 
-1.067000 0.233157 
-1.066000 0.224210 
-1.065000 0.215230 
-1.064000 0.206217 
-1.063000 0.197172 
-1.062000 0.188094 
-1.061000 0.178983 
-1.060000 0.169840 
-1.059000 0.160664 
-1.058000 0.151455 
-1.057000 0.142213 
-1.056000 0.132938 
-1.055000 0.123631 
-1.054000 0.114291 
-1.053000 0.104918 
-1.052000 0.095512 
-1.051000 0.086074 
-1.050000 0.076602 
-1.049000 0.067098 
-1.048000 0.057561 
-1.047000 0.047991 
-1.046000 0.038389 
-1.045000 0.028753 
-1.044000 0.019085 
-1.043000 0.009384 
-1.042000 -0.000350 
-1.041000 -0.010117 
-1.040000 -0.019917 
-1.039000 -0.029749 
-1.038000 -0.039614 
-1.037000 -0.049512 
-1.036000 -0.059442 
-1.035000 -0.069405 
-1.034000 -0.079401 
-1.033000 -0.089430 
-1.032000 -0.099491 
-1.031000 -0.109584 
-1.030000 -0.119710 
-1.029000 -0.129869 
-1.028000 -0.140060 
-1.027000 -0.150284 
-1.026000 -0.160540 
-1.025000 -0.170828 
-1.024000 -0.181148 
-1.023000 -0.191501 
-1.022000 -0.201886 
-1.021000 -0.212303 
-1.020000 -0.222752 
-1.019000 -0.233233 
-1.018000 -0.243746 
-1.017000 -0.254291 
-1.016000 -0.264868 
-1.015000 -0.275476 
-1.014000 -0.286117 
-1.013000 -0.296788 
-1.012000 -0.307491 
-1.011000 -0.318226 
-1.010000 -0.328991 
-1.009000 -0.339788 
-1.008000 -0.350616 
-1.007000 -0.361475 
-1.006000 -0.372365 
-1.005000 -0.383285 
-1.004000 -0.394237 
-1.003000 -0.405218 
-1.002000 -0.416230 
-1.001000 -0.427273 
-1.000000 -0.438345 
-0.999000 -0.449448 
-0.998000 -0.460580 
-0.997000 -0.471742 
-0.996000 -0.482934 
-0.995000 -0.494155 
-0.994000 -0.505405 
-0.993000 -0.516684 
-0.992000 -0.527992 
-0.991000 -0.539329 
-0.990000 -0.550694 
-0.989000 -0.562088 
-0.988000 -0.573510 
-0.987000 -0.584959 
-0.986000 -0.596437 
-0.985000 -0.607942 
-0.984000 -0.619474 
-0.983000 -0.631033 
-0.982000 -0.642620 
-0.981000 -0.654232 
-0.980000 -0.665872 
-0.979000 -0.677537 
-0.978000 -0.689228 
-0.977000 -0.700945 
-0.976000 -0.712687 
-0.975000 -0.724454 
-0.974000 -0.736245 
-0.973000 -0.748062 
-0.972000 -0.759902 
-0.971000 -0.771766 
-0.970000 -0.783654 
-0.969000 -0.795565 
-0.968000 -0.807499 
-0.967000 -0.819456 
-0.966000 -0.831434 
-0.965000 -0.843435 
-0.964000 -0.855457 
-0.963000 -0.867500 
-0.962000 -0.879564 
-0.961000 -0.891648 
-0.960000 -0.903752 
-0.959000 -0.915875 
-0.958000 -0.928018 
-0.957000 -0.940179 
-0.956000 -0.952359 
-0.955000 -0.964556 
-0.954000 -0.976771 
-0.953000 -0.989002 
-0.952000 -1.001250 
-0.951000 -1.013514 
-0.950000 -1.025793 
-0.949000 -1.038087 
-0.948000 -1.050395 
-0.947000 -1.062718 
-0.946000 -1.075053 
-0.945000 -1.087401 
-0.944000 -1.099762 
-0.943000 -1.112133 
-0.942000 -1.124516 
-0.941000 -1.136910 
-0.940000 -1.149313 
-0.939000 -1.161725 
-0.938000 -1.174145 
-0.937000 -1.186574 
-0.936000 -1.199010 
-0.935000 -1.211452 
-0.934000 -1.223900 
-0.933000 -1.236353 
-0.932000 -1.248810 
-0.931000 -1.261271 
-0.930000 -1.273735 
-0.929000 -1.286201 
-0.928000 -1.298669 
-0.927000 -1.311137 
-0.926000 -1.323605 
-0.925000 -1.336071 
-0.924000 -1.348536 
-0.923000 -1.360998 
-0.922000 -1.373457 
-0.921000 -1.385911 
-0.920000 -1.398359 
-0.919000 -1.410802 
-0.918000 -1.423237 
-0.917000 -1.435664 
-0.916000 -1.448081 
-0.915000 -1.460489 
-0.914000 -1.472886 
-0.913000 -1.485270 
-0.912000 -1.497641 
-0.911000 -1.509998 
-0.910000 -1.522340 
-0.909000 -1.534666 
-0.908000 -1.546974 
-0.907000 -1.559264 
-0.906000 -1.571534 
-0.905000 -1.583783 
-0.904000 -1.596010 
-0.903000 -1.608214 
-0.902000 -1.620394 
-0.901000 -1.632548 
-0.900000 -1.644675 
-0.899000 -1.656775 
-0.898000 -1.668844 
-0.897000 -1.680884 
-0.896000 -1.692891 
-0.895000 -1.704865 
-0.894000 -1.716805 
-0.893000 -1.728708 
-0.892000 -1.740574 
-0.891000 -1.752402 
-0.890000 -1.764189 
-0.889000 -1.775935 
-0.888000 -1.787637 
-0.887000 -1.799295 
-0.886000 -1.810907 
-0.885000 -1.822471 
-0.884000 -1.833987 
-0.883000 -1.845451 
-0.882000 -1.856864 
-0.881000 -1.868222 
-0.880000 -1.879525 
-0.879000 -1.890771 
-0.878000 -1.901959 
-0.877000 -1.913086 
-0.876000 -1.924151 
-0.875000 -1.935152 
-0.874000 -1.946088 
-0.873000 -1.956957 
-0.872000 -1.967757 
-0.871000 -1.978486 
-0.870000 -1.989143 
-0.869000 -1.999726 
-0.868000 -2.010232 
-0.867000 -2.020661 
-0.866000 -2.031010 
-0.865000 -2.041277 
-0.864000 -2.051461 
-0.863000 -2.061560 
-0.862000 -2.071571 
-0.861000 -2.081494 
-0.860000 -2.091325 
-0.859000 -2.101063 
-0.858000 -2.110706 
-0.857000 -2.120252 
-0.856000 -2.129700 
-0.855000 -2.139046 
-0.854000 -2.148290 
-0.853000 -2.157429 
-0.852000 -2.166460 
-0.851000 -2.175383 
-0.850000 -2.184195 
-0.849000 -2.192894 
-0.848000 -2.201477 
-0.847000 -2.209944 
-0.846000 -2.218291 
-0.845000 -2.226518 
-0.844000 -2.234620 
-0.843000 -2.242598 
-0.842000 -2.250448 
-0.841000 -2.258168 
-0.840000 -2.265757 
-0.839000 -2.273212 
-0.838000 -2.280531 
-0.837000 -2.287713 
-0.836000 -2.294754 
-0.835000 -2.301654 
-0.834000 -2.308409 
-0.833000 -2.315018 
-0.832000 -2.321479 
-0.831000 -2.327790 
-0.830000 -2.333949 
-0.829000 -2.339953 
-0.828000 -2.345801 
-0.827000 -2.351490 
-0.826000 -2.357019 
-0.825000 -2.362386 
-0.824000 -2.367588 
-0.823000 -2.372624 
-0.822000 -2.377492 
-0.821000 -2.382190 
-0.820000 -2.386716 
-0.819000 -2.391068 
-0.818000 -2.395244 
-0.817000 -2.399242 
-0.816000 -2.403061 
-0.815000 -2.406699 
-0.814000 -2.410154 
-0.813000 -2.413424 
-0.812000 -2.416507 
-0.811000 -2.419403 
-0.810000 -2.422108 
-0.809000 -2.424622 
-0.808000 -2.426944 
-0.807000 -2.429070 
-0.806000 -2.431001 
-0.805000 -2.432734 
-0.804000 -2.434268 
-0.803000 -2.435602 
-0.802000 -2.436734 
-0.801000 -2.437663 
-0.800000 -2.438387 
-0.799000 -2.438906 
-0.798000 -2.439218 
-0.797000 -2.439323 
-0.796000 -2.439218 
-0.795000 -2.438903 
-0.794000 -2.438377 
-0.793000 -2.437639 
-0.792000 -2.436688 
-0.791000 -2.435523 
-0.790000 -2.434144 
-0.789000 -2.432549 
-0.788000 -2.430739 
-0.787000 -2.428711 
-0.786000 -2.426467 
-0.785000 -2.424004 
-0.784000 -2.421323 
-0.783000 -2.418424 
-0.782000 -2.415306 
-0.781000 -2.411968 
-0.780000 -2.408411 
-0.779000 -2.404634 
-0.778000 -2.400638 
-0.777000 -2.396421 
-0.776000 -2.391985 
-0.775000 -2.387329 
-0.774000 -2.382453 
-0.773000 -2.377358 
-0.772000 -2.372044 
-0.771000 -2.366511 
-0.770000 -2.360760 
-0.769000 -2.354791 
-0.768000 -2.348604 
-0.767000 -2.342200 
-0.766000 -2.335581 
-0.765000 -2.328745 
-0.764000 -2.321695 
-0.763000 -2.314431 
-0.762000 -2.306955 
-0.761000 -2.299266 
-0.760000 -2.291366 
-0.759000 -2.283256 
-0.758000 -2.274938 
-0.757000 -2.266412 
-0.756000 -2.257680 
-0.755000 -2.248741 
-0.754000 -2.239600 
-0.753000 -2.230257 
-0.752000 -2.220714 
-0.751000 -2.210971 
-0.750000 -2.201031 
-0.749000 -2.190896 
-0.748000 -2.180566 
-0.747000 -2.170045 
-0.746000 -2.159332 
-0.745000 -2.148432 
-0.744000 -2.137345 
-0.743000 -2.126073 
-0.742000 -2.114618 
-0.741000 -2.102984 
-0.740000 -2.091171 
-0.739000 -2.079181 
-0.738000 -2.067018 
-0.737000 -2.054683 
-0.736000 -2.042179 
-0.735000 -2.029508 
-0.734000 -2.016672 
-0.733000 -2.003674 
-0.732000 -1.990516 
-0.731000 -1.977200 
-0.730000 -1.963730 
-0.729000 -1.950108 
-0.728000 -1.936336 
-0.727000 -1.922416 
-0.726000 -1.908353 
-0.725000 -1.894147 
-0.724000 -1.879803 
-0.723000 -1.865321 
-0.722000 -1.850707 
-0.721000 -1.835961 
-0.720000 -1.821087 
-0.719000 -1.806088 
-0.718000 -1.790966 
-0.717000 -1.775724 
-0.716000 -1.760365 
-0.715000 -1.744892 
-0.714000 -1.729308 
-0.713000 -1.713615 
-0.712000 -1.697816 
-0.711000 -1.681915 
-0.710000 -1.665914 
-0.709000 -1.649815 
-0.708000 -1.633623 
-0.707000 -1.617339 
-0.706000 -1.600966 
-0.705000 -1.584508 
-0.704000 -1.567967 
-0.703000 -1.551346 
-0.702000 -1.534648 
-0.701000 -1.517876 
-0.700000 -1.501032 
-0.699000 -1.484120 
-0.698000 -1.467141 
-0.697000 -1.450100 
-0.696000 -1.432998 
-0.695000 -1.415839 
-0.694000 -1.398625 
-0.693000 -1.381359 
-0.692000 -1.364043 
-0.691000 -1.346681 
-0.690000 -1.329275 
-0.689000 -1.311827 
-0.688000 -1.294341 
-0.687000 -1.276818 
-0.686000 -1.259262 
-0.685000 -1.241675 
-0.684000 -1.224060 
-0.683000 -1.206418 
-0.682000 -1.188753 
-0.681000 -1.171067 
-0.680000 -1.153363 
-0.679000 -1.135642 
-0.678000 -1.117907 
-0.677000 -1.100161 
-0.676000 -1.082406 
-0.675000 -1.064644 
-0.674000 -1.046878 
-0.673000 -1.029109 
-0.672000 -1.011340 
-0.671000 -0.993573 
-0.670000 -0.975810 
-0.669000 -0.958053 
-0.668000 -0.940305 
-0.667000 -0.922567 
-0.666000 -0.904841 
-0.665000 -0.887130 
-0.664000 -0.869435 
-0.663000 -0.851758 
-0.662000 -0.834102 
-0.661000 -0.816467 
-0.660000 -0.798856 
-0.659000 -0.781271 
-0.658000 -0.763713 
-0.657000 -0.746184 
-0.656000 -0.728686 
-0.655000 -0.711220 
-0.654000 -0.693788 
-0.653000 -0.676392 
-0.652000 -0.659033 
-0.651000 -0.641712 
-0.650000 -0.624432 
-0.649000 -0.607193 
-0.648000 -0.589997 
-0.647000 -0.572846 
-0.646000 -0.555740 
-0.645000 -0.538682 
-0.644000 -0.521672 
-0.643000 -0.504712 
-0.642000 -0.487803 
-0.641000 -0.470946 
-0.640000 -0.454142 
-0.639000 -0.437393 
-0.638000 -0.420699 
-0.637000 -0.404062 
-0.636000 -0.387483 
-0.635000 -0.370963 
-0.634000 -0.354502 
-0.633000 -0.338103 
-0.632000 -0.321765 
-0.631000 -0.305489 
-0.630000 -0.289278 
-0.629000 -0.273130 
-0.628000 -0.257048 
-0.627000 -0.241032 
-0.626000 -0.225083 
-0.625000 -0.209202 
-0.624000 -0.193389 
-0.623000 -0.177645 
-0.622000 -0.161971 
-0.621000 -0.146367 
-0.620000 -0.130835 
-0.619000 -0.115374 
-0.618000 -0.099985 
-0.617000 -0.084670 
-0.616000 -0.069428 
-0.615000 -0.054259 
-0.614000 -0.039166 
-0.613000 -0.024147 
-0.612000 -0.009204 
-0.611000 0.005664 
-0.610000 0.020455 
-0.609000 0.035169 
-0.608000 0.049806 
-0.607000 0.064366 
-0.606000 0.078848 
-0.605000 0.093251 
-0.604000 0.107577 
-0.603000 0.121823 
-0.602000 0.135990 
-0.601000 0.150078 
-0.600000 0.164087 
-0.599000 0.178015 
-0.598000 0.191864 
-0.597000 0.205632 
-0.596000 0.219320 
-0.595000 0.232928 
-0.594000 0.246454 
-0.593000 0.259900 
-0.592000 0.273265 
-0.591000 0.286549 
-0.590000 0.299751 
-0.589000 0.312872 
-0.588000 0.325912 
-0.587000 0.338871 
-0.586000 0.351748 
-0.585000 0.364543 
-0.584000 0.377257 
-0.583000 0.389889 
-0.582000 0.402440 
-0.581000 0.414909 
-0.580000 0.427297 
-0.579000 0.439603 
-0.578000 0.451828 
-0.577000 0.463971 
-0.576000 0.476033 
-0.575000 0.488013 
-0.574000 0.499913 
-0.573000 0.511731 
-0.572000 0.523468 
-0.571000 0.535124 
-0.570000 0.546699 
-0.569000 0.558194 
-0.568000 0.569608 
-0.567000 0.580941 
-0.566000 0.592194 
-0.565000 0.603367 
-0.564000 0.614460 
-0.563000 0.625473 
-0.562000 0.636406 
-0.561000 0.647260 
-0.560000 0.658034 
-0.559000 0.668729 
-0.558000 0.679345 
-0.557000 0.689882 
-0.556000 0.700340 
-0.555000 0.710720 
-0.554000 0.721022 
-0.553000 0.731246 
-0.552000 0.741392 
-0.551000 0.751460 
-0.550000 0.761451 
-0.549000 0.771365 
-0.548000 0.781202 
-0.547000 0.790962 
-0.546000 0.800646 
-0.545000 0.810253 
-0.544000 0.819785 
-0.543000 0.829241 
-0.542000 0.838621 
-0.541000 0.847926 
-0.540000 0.857157 
-0.539000 0.866312 
-0.538000 0.875393 
-0.537000 0.884400 
-0.536000 0.893334 
-0.535000 0.902193 
-0.534000 0.910979 
-0.533000 0.919692 
-0.532000 0.928332 
-0.531000 0.936900 
-0.530000 0.945395 
-0.529000 0.953819 
-0.528000 0.962171 
-0.527000 0.970451 
-0.526000 0.978660 
-0.525000 0.986798 
-0.524000 0.994866 
-0.523000 1.002863 
-0.522000 1.010791 
-0.521000 1.018648 
-0.520000 1.026437 
-0.519000 1.034156 
-0.518000 1.041806 
-0.517000 1.049388 
-0.516000 1.056902 
-0.515000 1.064347 
-0.514000 1.071725 
-0.513000 1.079035 
-0.512000 1.086279 
-0.511000 1.093455 
-0.510000 1.100565 
-0.509000 1.107609 
-0.508000 1.114587 
-0.507000 1.121499 
-0.506000 1.128346 
-0.505000 1.135128 
-0.504000 1.141845 
-0.503000 1.148498 
-0.502000 1.155086 
-0.501000 1.161611 
-0.500000 1.168072 
-0.499000 1.174469 
-0.498000 1.180804 
-0.497000 1.187076 
-0.496000 1.193285 
-0.495000 1.199432 
-0.494000 1.205518 
-0.493000 1.211541 
-0.492000 1.217504 
-0.491000 1.223405 
-0.490000 1.229246 
-0.489000 1.235026 
-0.488000 1.240747 
-0.487000 1.246407 
-0.486000 1.252007 
-0.485000 1.257549 
-0.484000 1.263031 
-0.483000 1.268454 
-0.482000 1.273819 
-0.481000 1.279126 
-0.480000 1.284375 
-0.479000 1.289566 
-0.478000 1.294700 
-0.477000 1.299776 
-0.476000 1.304796 
-0.475000 1.309759 
-0.474000 1.314666 
-0.473000 1.319516 
-0.472000 1.324311 
-0.471000 1.329051 
-0.470000 1.333735 
-0.469000 1.338364 
-0.468000 1.342938 
-0.467000 1.347458 
-0.466000 1.351924 
-0.465000 1.356335 
-0.464000 1.360693 
-0.463000 1.364998 
-0.462000 1.369249 
-0.461000 1.373447 
-0.460000 1.377593 
-0.459000 1.381686 
-0.458000 1.385726 
-0.457000 1.389715 
-0.456000 1.393652 
-0.455000 1.397538 
-0.454000 1.401372 
-0.453000 1.405156 
-0.452000 1.408888 
-0.451000 1.412570 
-0.450000 1.416202 
-0.449000 1.419783 
-0.448000 1.423315 
-0.447000 1.426797 
-0.446000 1.430230 
-0.445000 1.433614 
-0.444000 1.436949 
-0.443000 1.440235 
-0.442000 1.443472 
-0.441000 1.446661 
-0.440000 1.449803 
-0.439000 1.452896 
-0.438000 1.455942 
-0.437000 1.458940 
-0.436000 1.461892 
-0.435000 1.464796 
-0.434000 1.467654 
-0.433000 1.470465 
-0.432000 1.473230 
-0.431000 1.475948 
-0.430000 1.478621 
-0.429000 1.481248 
-0.428000 1.483829 
-0.427000 1.486366 
-0.426000 1.488857 
-0.425000 1.491303 
-0.424000 1.493705 
-0.423000 1.496062 
-0.422000 1.498374 
-0.421000 1.500643 
-0.420000 1.502868 
-0.419000 1.505049 
-0.418000 1.507186 
-0.417000 1.509280 
-0.416000 1.511331 
-0.415000 1.513339 
-0.414000 1.515304 
-0.413000 1.517227 
-0.412000 1.519107 
-0.411000 1.520945 
-0.410000 1.522740 
-0.409000 1.524494 
-0.408000 1.526206 
-0.407000 1.527877 
-0.406000 1.529506 
-0.405000 1.531094 
-0.404000 1.532640 
-0.403000 1.534146 
-0.402000 1.535612 
-0.401000 1.537036 
-0.400000 1.538421 
-0.399000 1.539765 
-0.398000 1.541069 
-0.397000 1.542333 
-0.396000 1.543557 
-0.395000 1.544742 
-0.394000 1.545887 
-0.393000 1.546993 
-0.392000 1.548060 
-0.391000 1.549088 
-0.390000 1.550077 
-0.389000 1.551028 
-0.388000 1.551940 
-0.387000 1.552813 
-0.386000 1.553649 
-0.385000 1.554446 
-0.384000 1.555205 
-0.383000 1.555927 
-0.382000 1.556610 
-0.381000 1.557257 
-0.380000 1.557866 
-0.379000 1.558437 
-0.378000 1.558972 
-0.377000 1.559469 
-0.376000 1.559930 
-0.375000 1.560354 
-0.374000 1.560741 
-0.373000 1.561092 
-0.372000 1.561407 
-0.371000 1.561685 
-0.370000 1.561928 
-0.369000 1.562134 
-0.368000 1.562304 
-0.367000 1.562439 
-0.366000 1.562538 
-0.365000 1.562602 
-0.364000 1.562630 
-0.363000 1.562624 
-0.362000 1.562582 
-0.361000 1.562505 
-0.360000 1.562393 
-0.359000 1.562246 
-0.358000 1.562065 
-0.357000 1.561849 
-0.356000 1.561598 
-0.355000 1.561314 
-0.354000 1.560995 
-0.353000 1.560642 
-0.352000 1.560255 
-0.351000 1.559834 
-0.350000 1.559379 
-0.349000 1.558890 
-0.348000 1.558368 
-0.347000 1.557812 
-0.346000 1.557223 
-0.345000 1.556601 
-0.344000 1.555945 
-0.343000 1.555257 
-0.342000 1.554535 
-0.341000 1.553780 
-0.340000 1.552992 
-0.339000 1.552172 
-0.338000 1.551319 
-0.337000 1.550433 
-0.336000 1.549515 
-0.335000 1.548565 
-0.334000 1.547582 
-0.333000 1.546567 
-0.332000 1.545520 
-0.331000 1.544440 
-0.330000 1.543329 
-0.329000 1.542186 
-0.328000 1.541011 
-0.327000 1.539804 
-0.326000 1.538566 
-0.325000 1.537296 
-0.324000 1.535994 
-0.323000 1.534661 
-0.322000 1.533297 
-0.321000 1.531901 
-0.320000 1.530474 
-0.319000 1.529016 
-0.318000 1.527527 
-0.317000 1.526007 
-0.316000 1.524456 
-0.315000 1.522874 
-0.314000 1.521261 
-0.313000 1.519617 
-0.312000 1.517943 
-0.311000 1.516238 
-0.310000 1.514503 
-0.309000 1.512737 
-0.308000 1.510941 
-0.307000 1.509114 
-0.306000 1.507257 
-0.305000 1.505370 
-0.304000 1.503453 
-0.303000 1.501505 
-0.302000 1.499527 
-0.301000 1.497520 
-0.300000 1.495482 
-0.299000 1.493415 
-0.298000 1.491317 
-0.297000 1.489190 
-0.296000 1.487033 
-0.295000 1.484846 
-0.294000 1.482630 
-0.293000 1.480384 
-0.292000 1.478108 
-0.291000 1.475803 
-0.290000 1.473469 
-0.289000 1.471105 
-0.288000 1.468711 
-0.287000 1.466289 
-0.286000 1.463837 
-0.285000 1.461356 
-0.284000 1.458845 
-0.283000 1.456305 
-0.282000 1.453737 
-0.281000 1.451139 
-0.280000 1.448512 
-0.279000 1.445856 
-0.278000 1.443171 
-0.277000 1.440457 
-0.276000 1.437714 
-0.275000 1.434943 
-0.274000 1.432142 
-0.273000 1.429313 
-0.272000 1.426455 
-0.271000 1.423568 
-0.270000 1.420653 
-0.269000 1.417708 
-0.268000 1.414735 
-0.267000 1.411734 
-0.266000 1.408704 
-0.265000 1.405645 
-0.264000 1.402558 
-0.263000 1.399442 
-0.262000 1.396298 
-0.261000 1.393125 
-0.260000 1.389924 
-0.259000 1.386694 
-0.258000 1.383436 
-0.257000 1.380150 
-0.256000 1.376835 
-0.255000 1.373491 
-0.254000 1.370119 
-0.253000 1.366720 
-0.252000 1.363292 
-0.251000 1.359835 
-0.250000 1.356351 
-0.249000 1.352838 
-0.248000 1.349297 
-0.247000 1.345727 
-0.246000 1.342130 
-0.245000 1.338504 
-0.244000 1.334850 
-0.243000 1.331168 
-0.242000 1.327458 
-0.241000 1.323720 
-0.240000 1.319954 
-0.239000 1.316159 
-0.238000 1.312336 
-0.237000 1.308486 
-0.236000 1.304607 
-0.235000 1.300700 
-0.234000 1.296765 
-0.233000 1.292802 
-0.232000 1.288810 
-0.231000 1.284791 
-0.230000 1.280744 
-0.229000 1.276668 
-0.228000 1.272565 
-0.227000 1.268433 
-0.226000 1.264274 
-0.225000 1.260086 
-0.224000 1.255870 
-0.223000 1.251627 
-0.222000 1.247355 
-0.221000 1.243055 
-0.220000 1.238727 
-0.219000 1.234371 
-0.218000 1.229987 
-0.217000 1.225575 
-0.216000 1.221134 
-0.215000 1.216666 
-0.214000 1.212170 
-0.213000 1.207645 
-0.212000 1.203093 
-0.211000 1.198512 
-0.210000 1.193903 
-0.209000 1.189266 
-0.208000 1.184601 
-0.207000 1.179907 
-0.206000 1.175186 
-0.205000 1.170436 
-0.204000 1.165659 
-0.203000 1.160853 
-0.202000 1.156018 
-0.201000 1.151156 
-0.200000 1.146265 
-0.199000 1.141346 
-0.198000 1.136399 
-0.197000 1.131424 
-0.196000 1.126420 
-0.195000 1.121388 
-0.194000 1.116327 
-0.193000 1.111239 
-0.192000 1.106121 
-0.191000 1.100976 
-0.190000 1.095802 
-0.189000 1.090600 
-0.188000 1.085369 
-0.187000 1.080110 
-0.186000 1.074822 
-0.185000 1.069506 
-0.184000 1.064161 
-0.183000 1.058788 
-0.182000 1.053386 
-0.181000 1.047956 
-0.180000 1.042497 
-0.179000 1.037009 
-0.178000 1.031493 
-0.177000 1.025948 
-0.176000 1.020374 
-0.175000 1.014771 
-0.174000 1.009140 
-0.173000 1.003480 
-0.172000 0.997791 
-0.171000 0.992074 
-0.170000 0.986327 
-0.169000 0.980552 
-0.168000 0.974747 
-0.167000 0.968914 
-0.166000 0.963052 
-0.165000 0.957160 
-0.164000 0.951240 
-0.163000 0.945290 
-0.162000 0.939312 
-0.161000 0.933304 
-0.160000 0.927267 
-0.159000 0.921201 
-0.158000 0.915106 
-0.157000 0.908981 
-0.156000 0.902827 
-0.155000 0.896644 
-0.154000 0.890431 
-0.153000 0.884189 
-0.152000 0.877918 
-0.151000 0.871617 
-0.150000 0.865286 
-0.149000 0.858926 
-0.148000 0.852537 
-0.147000 0.846117 
-0.146000 0.839668 
-0.145000 0.833190 
-0.144000 0.826682 
-0.143000 0.820144 
-0.142000 0.813576 
-0.141000 0.806978 
-0.140000 0.800351 
-0.139000 0.793693 
-0.138000 0.787006 
-0.137000 0.780288 
-0.136000 0.773541 
-0.135000 0.766763 
-0.134000 0.759956 
-0.133000 0.753118 
-0.132000 0.746250 
-0.131000 0.739352 
-0.130000 0.732423 
-0.129000 0.725465 
-0.128000 0.718475 
-0.127000 0.711456 
-0.126000 0.704406 
-0.125000 0.697326 
-0.124000 0.690215 
-0.123000 0.683073 
-0.122000 0.675901 
-0.121000 0.668699 
-0.120000 0.661465 
-0.119000 0.654201 
-0.118000 0.646907 
-0.117000 0.639581 
-0.116000 0.632225 
-0.115000 0.624837 
-0.114000 0.617419 
-0.113000 0.609970 
-0.112000 0.602490 
-0.111000 0.594978 
-0.110000 0.587436 
-0.109000 0.579863 
-0.108000 0.572258 
-0.107000 0.564622 
-0.106000 0.556955 
-0.105000 0.549257 
-0.104000 0.541527 
-0.103000 0.533766 
-0.102000 0.525974 
-0.101000 0.518150 
-0.100000 0.510294 
-0.099000 0.502407 
-0.098000 0.494489 
-0.097000 0.486539 
-0.096000 0.478557 
-0.095000 0.470544 
-0.094000 0.462499 
-0.093000 0.454422 
-0.092000 0.446313 
-0.091000 0.438172 
-0.090000 0.430000 
-0.089000 0.421796 
-0.088000 0.413559 
-0.087000 0.405291 
-0.086000 0.396991 
-0.085000 0.388658 
-0.084000 0.380294 
-0.083000 0.371897 
-0.082000 0.363469 
-0.081000 0.355008 
-0.080000 0.346515 
-0.079000 0.337989 
-0.078000 0.329431 
-0.077000 0.320841 
-0.076000 0.312219 
-0.075000 0.303564 
-0.074000 0.294877 
-0.073000 0.286158 
-0.072000 0.277406 
-0.071000 0.268621 
-0.070000 0.259804 
-0.069000 0.250954 
-0.068000 0.242072 
-0.067000 0.233157 
-0.066000 0.224210 
-0.065000 0.215230 
-0.064000 0.206217 
-0.063000 0.197172 
-0.062000 0.188094 
-0.061000 0.178983 
-0.060000 0.169840 
-0.059000 0.160664 
-0.058000 0.151455 
-0.057000 0.142213 
-0.056000 0.132938 
-0.055000 0.123631 
-0.054000 0.114291 
-0.053000 0.104918 
-0.052000 0.095512 
-0.051000 0.086074 
-0.050000 0.076602 
-0.049000 0.067098 
-0.048000 0.057561 
-0.047000 0.047991 
-0.046000 0.038389 
-0.045000 0.028753 
-0.044000 0.019085 
-0.043000 0.009384 
-0.042000 -0.000350 
-0.041000 -0.010117 
-0.040000 -0.019917 
-0.039000 -0.029749 
-0.038000 -0.039614 
-0.037000 -0.049512 
-0.036000 -0.059442 
-0.035000 -0.069405 
-0.034000 -0.079401 
-0.033000 -0.089430 
-0.032000 -0.099491 
-0.031000 -0.109584 
-0.030000 -0.119710 
-0.029000 -0.129869 
-0.028000 -0.140060 
-0.027000 -0.150284 
-0.026000 -0.160540 
-0.025000 -0.170828 
-0.024000 -0.181148 
-0.023000 -0.191501 
-0.022000 -0.201886 
-0.021000 -0.212303 
-0.020000 -0.222752 
-0.019000 -0.233233 
-0.018000 -0.243746 
-0.017000 -0.254291 
-0.016000 -0.264868 
-0.015000 -0.275476 
-0.014000 -0.286117 
-0.013000 -0.296788 
-0.012000 -0.307491 
-0.011000 -0.318226 
-0.010000 -0.328991 
-0.009000 -0.339788 
-0.008000 -0.350616 
-0.007000 -0.361475 
-0.006000 -0.372365 
-0.005000 -0.383285 
-0.004000 -0.394237 
-0.003000 -0.405218 
-0.002000 -0.416230 
-0.001000 -0.427273 
-0.000000 -0.438345 
0.001000 -0.449448 
0.002000 -0.460580 
0.003000 -0.471742 
0.004000 -0.482934 
0.005000 -0.494155 
0.006000 -0.505405 
0.007000 -0.516684 
0.008000 -0.527992 
0.009000 -0.539329 
0.010000 -0.550694 
0.011000 -0.562088 
0.012000 -0.573510 
0.013000 -0.584959 
0.014000 -0.596437 
0.015000 -0.607942 
0.016000 -0.619474 
0.017000 -0.631033 
0.018000 -0.642620 
0.019000 -0.654232 
0.020000 -0.665872 
0.021000 -0.677537 
0.022000 -0.689228 
0.023000 -0.700945 
0.024000 -0.712687 
0.025000 -0.724454 
0.026000 -0.736245 
0.027000 -0.748062 
0.028000 -0.759902 
0.029000 -0.771766 
0.030000 -0.783654 
0.031000 -0.795565 
0.032000 -0.807499 
0.033000 -0.819456 
0.034000 -0.831434 
0.035000 -0.843435 
0.036000 -0.855457 
0.037000 -0.867500 
0.038000 -0.879564 
0.039000 -0.891648 
0.040000 -0.903752 
0.041000 -0.915875 
0.042000 -0.928018 
0.043000 -0.940179 
0.044000 -0.952359 
0.045000 -0.964556 
0.046000 -0.976771 
0.047000 -0.989002 
0.048000 -1.001250 
0.049000 -1.013514 
0.050000 -1.025793 
0.051000 -1.038087 
0.052000 -1.050395 
0.053000 -1.062718 
0.054000 -1.075053 
0.055000 -1.087401 
0.056000 -1.099762 
0.057000 -1.112133 
0.058000 -1.124516 
0.059000 -1.136910 
0.060000 -1.149313 
0.061000 -1.161725 
0.062000 -1.174145 
0.063000 -1.186574 
0.064000 -1.199010 
0.065000 -1.211452 
0.066000 -1.223900 
0.067000 -1.236353 
0.068000 -1.248810 
0.069000 -1.261271 
0.070000 -1.273735 
0.071000 -1.286201 
0.072000 -1.298669 
0.073000 -1.311137 
0.074000 -1.323605 
0.075000 -1.336071 
0.076000 -1.348536 
0.077000 -1.360998 
0.078000 -1.373457 
0.079000 -1.385911 
0.080000 -1.398359 
0.081000 -1.410802 
0.082000 -1.423237 
0.083000 -1.435664 
0.084000 -1.448081 
0.085000 -1.460489 
0.086000 -1.472886 
0.087000 -1.485270 
0.088000 -1.497641 
0.089000 -1.509998 
0.090000 -1.522340 
0.091000 -1.534666 
0.092000 -1.546974 
0.093000 -1.559264 
0.094000 -1.571534 
0.095000 -1.583783 
0.096000 -1.596010 
0.097000 -1.608214 
0.098000 -1.620394 
0.099000 -1.632548 
0.100000 -1.644675 
0.101000 -1.656775 
0.102000 -1.668844 
0.103000 -1.680884 
0.104000 -1.692891 
0.105000 -1.704865 
0.106000 -1.716805 
0.107000 -1.728708 
0.108000 -1.740574 
0.109000 -1.752402 
0.110000 -1.764189 
0.111000 -1.775935 
0.112000 -1.787637 
0.113000 -1.799295 
0.114000 -1.810907 
0.115000 -1.822471 
0.116000 -1.833987 
0.117000 -1.845451 
0.118000 -1.856864 
0.119000 -1.868222 
0.120000 -1.879525 
0.121000 -1.890771 
0.122000 -1.901959 
0.123000 -1.913086 
0.124000 -1.924151 
0.125000 -1.935152 
0.126000 -1.946088 
0.127000 -1.956957 
0.128000 -1.967757 
0.129000 -1.978486 
0.130000 -1.989143 
0.131000 -1.999726 
0.132000 -2.010232 
0.133000 -2.020661 
0.134000 -2.031010 
0.135000 -2.041277 
0.136000 -2.051461 
0.137000 -2.061560 
0.138000 -2.071571 
0.139000 -2.081494 
0.140000 -2.091325 
0.141000 -2.101063 
0.142000 -2.110706 
0.143000 -2.120252 
0.144000 -2.129700 
0.145000 -2.139046 
0.146000 -2.148290 
0.147000 -2.157429 
0.148000 -2.166460 
0.149000 -2.175383 
0.150000 -2.184195 
0.151000 -2.192894 
0.152000 -2.201477 
0.153000 -2.209944 
0.154000 -2.218291 
0.155000 -2.226518 
0.156000 -2.234620 
0.157000 -2.242598 
0.158000 -2.250448 
0.159000 -2.258168 
0.160000 -2.265757 
0.161000 -2.273212 
0.162000 -2.280531 
0.163000 -2.287713 
0.164000 -2.294754 
0.165000 -2.301654 
0.166000 -2.308409 
0.167000 -2.315018 
0.168000 -2.321479 
0.169000 -2.327790 
0.170000 -2.333949 
0.171000 -2.339953 
0.172000 -2.345801 
0.173000 -2.351490 
0.174000 -2.357019 
0.175000 -2.362386 
0.176000 -2.367588 
0.177000 -2.372624 
0.178000 -2.377492 
0.179000 -2.382190 
0.180000 -2.386716 
0.181000 -2.391068 
0.182000 -2.395244 
0.183000 -2.399242 
0.184000 -2.403061 
0.185000 -2.406699 
0.186000 -2.410154 
0.187000 -2.413424 
0.188000 -2.416507 
0.189000 -2.419403 
0.190000 -2.422108 
0.191000 -2.424622 
0.192000 -2.426944 
0.193000 -2.429070 
0.194000 -2.431001 
0.195000 -2.432734 
0.196000 -2.434268 
0.197000 -2.435602 
0.198000 -2.436734 
0.199000 -2.437663 
0.200000 -2.438387 
0.201000 -2.438906 
0.202000 -2.439218 
0.203000 -2.439323 
0.204000 -2.439218 
0.205000 -2.438903 
0.206000 -2.438377 
0.207000 -2.437639 
0.208000 -2.436688 
0.209000 -2.435523 
0.210000 -2.434144 
0.211000 -2.432549 
0.212000 -2.430739 
0.213000 -2.428711 
0.214000 -2.426467 
0.215000 -2.424004 
0.216000 -2.421323 
0.217000 -2.418424 
0.218000 -2.415306 
0.219000 -2.411968 
0.220000 -2.408411 
0.221000 -2.404634 
0.222000 -2.400638 
0.223000 -2.396421 
0.224000 -2.391985 
0.225000 -2.387329 
0.226000 -2.382453 
0.227000 -2.377358 
0.228000 -2.372044 
0.229000 -2.366511 
0.230000 -2.360760 
0.231000 -2.354791 
0.232000 -2.348604 
0.233000 -2.342200 
0.234000 -2.335581 
0.235000 -2.328745 
0.236000 -2.321695 
0.237000 -2.314431 
0.238000 -2.306955 
0.239000 -2.299266 
0.240000 -2.291366 
0.241000 -2.283256 
0.242000 -2.274938 
0.243000 -2.266412 
0.244000 -2.257680 
0.245000 -2.248741 
0.246000 -2.239600 
0.247000 -2.230257 
0.248000 -2.220714 
0.249000 -2.210971 
0.250000 -2.201031 
0.251000 -2.190896 
0.252000 -2.180566 
0.253000 -2.170045 
0.254000 -2.159332 
0.255000 -2.148432 
0.256000 -2.137345 
0.257000 -2.126073 
0.258000 -2.114618 
0.259000 -2.102984 
0.260000 -2.091171 
0.261000 -2.079181 
0.262000 -2.067018 
0.263000 -2.054683 
0.264000 -2.042179 
0.265000 -2.029508 
0.266000 -2.016672 
0.267000 -2.003674 
0.268000 -1.990516 
0.269000 -1.977200 
0.270000 -1.963730 
0.271000 -1.950108 
0.272000 -1.936336 
0.273000 -1.922416 
0.274000 -1.908353 
0.275000 -1.894147 
0.276000 -1.879803 
0.277000 -1.865321 
0.278000 -1.850707 
0.279000 -1.835961 
0.280000 -1.821087 
0.281000 -1.806088 
0.282000 -1.790966 
0.283000 -1.775724 
0.284000 -1.760365 
0.285000 -1.744892 
0.286000 -1.729308 
0.287000 -1.713615 
0.288000 -1.697816 
0.289000 -1.681915 
0.290000 -1.665914 
0.291000 -1.649815 
0.292000 -1.633623 
0.293000 -1.617339 
0.294000 -1.600966 
0.295000 -1.584508 
0.296000 -1.567967 
0.297000 -1.551346 
0.298000 -1.534648 
0.299000 -1.517876 
0.300000 -1.501032 
0.301000 -1.484120 
0.302000 -1.467141 
0.303000 -1.450100 
0.304000 -1.432998 
0.305000 -1.415839 
0.306000 -1.398625 
0.307000 -1.381359 
0.308000 -1.364043 
0.309000 -1.346681 
0.310000 -1.329275 
0.311000 -1.311827 
0.312000 -1.294341 
0.313000 -1.276818 
0.314000 -1.259262 
0.315000 -1.241675 
0.316000 -1.224060 
0.317000 -1.206418 
0.318000 -1.188753 
0.319000 -1.171067 
0.320000 -1.153363 
0.321000 -1.135642 
0.322000 -1.117907 
0.323000 -1.100161 
0.324000 -1.082406 
0.325000 -1.064644 
0.326000 -1.046878 
0.327000 -1.029109 
0.328000 -1.011340 
0.329000 -0.993573 
0.330000 -0.975810 
0.331000 -0.958053 
0.332000 -0.940305 
0.333000 -0.922567 
0.334000 -0.904841 
0.335000 -0.887130 
0.336000 -0.869435 
0.337000 -0.851758 
0.338000 -0.834102 
0.339000 -0.816467 
0.340000 -0.798856 
0.341000 -0.781271 
0.342000 -0.763713 
0.343000 -0.746184 
0.344000 -0.728686 
0.345000 -0.711220 
0.346000 -0.693788 
0.347000 -0.676392 
0.348000 -0.659033 
0.349000 -0.641712 
0.350000 -0.624432 
0.351000 -0.607193 
0.352000 -0.589997 
0.353000 -0.572846 
0.354000 -0.555740 
0.355000 -0.538682 
0.356000 -0.521672 
0.357000 -0.504712 
0.358000 -0.487803 
0.359000 -0.470946 
0.360000 -0.454142 
0.361000 -0.437393 
0.362000 -0.420699 
0.363000 -0.404062 
0.364000 -0.387483 
0.365000 -0.370963 
0.366000 -0.354502 
0.367000 -0.338103 
0.368000 -0.321765 
0.369000 -0.305489 
0.370000 -0.289278 
0.371000 -0.273130 
0.372000 -0.257048 
0.373000 -0.241032 
0.374000 -0.225083 
0.375000 -0.209202 
0.376000 -0.193389 
0.377000 -0.177645 
0.378000 -0.161971 
0.379000 -0.146367 
0.380000 -0.130835 
0.381000 -0.115374 
0.382000 -0.099985 
0.383000 -0.084670 
0.384000 -0.069428 
0.385000 -0.054259 
0.386000 -0.039166 
0.387000 -0.024147 
0.388000 -0.009204 
0.389000 0.005664 
0.390000 0.020455 
0.391000 0.035169 
0.392000 0.049806 
0.393000 0.064366 
0.394000 0.078848 
0.395000 0.093251 
0.396000 0.107577 
0.397000 0.121823 
0.398000 0.135990 
0.399000 0.150078 
0.400000 0.164087 
0.401000 0.178015 
0.402000 0.191864 
0.403000 0.205632 
0.404000 0.219320 
0.405000 0.232928 
0.406000 0.246454 
0.407000 0.259900 
0.408000 0.273265 
0.409000 0.286549 
0.410000 0.299751 
0.411000 0.312872 
0.412000 0.325912 
0.413000 0.338871 
0.414000 0.351748 
0.415000 0.364543 
0.416000 0.377257 
0.417000 0.389889 
0.418000 0.402440 
0.419000 0.414909 
0.420000 0.427297 
0.421000 0.439603 
0.422000 0.451828 
0.423000 0.463971 
0.424000 0.476033 
0.425000 0.488013 
0.426000 0.499913 
0.427000 0.511731 
0.428000 0.523468 
0.429000 0.535124 
0.430000 0.546699 
0.431000 0.558194 
0.432000 0.569608 
0.433000 0.580941 
0.434000 0.592194 
0.435000 0.603367 
0.436000 0.614460 
0.437000 0.625473 
0.438000 0.636406 
0.439000 0.647260 
0.440000 0.658034 
0.441000 0.668729 
0.442000 0.679345 
0.443000 0.689882 
0.444000 0.700340 
0.445000 0.710720 
0.446000 0.721022 
0.447000 0.731246 
0.448000 0.741392 
0.449000 0.751460 
0.450000 0.761451 
0.451000 0.771365 
0.452000 0.781202 
0.453000 0.790962 
0.454000 0.800646 
0.455000 0.810253 
0.456000 0.819785 
0.457000 0.829241 
0.458000 0.838621 
0.459000 0.847926 
0.460000 0.857157 
0.461000 0.866312 
0.462000 0.875393 
0.463000 0.884400 
0.464000 0.893334 
0.465000 0.902193 
0.466000 0.910979 
0.467000 0.919692 
0.468000 0.928332 
0.469000 0.936900 
0.470000 0.945395 
0.471000 0.953819 
0.472000 0.962171 
0.473000 0.970451 
0.474000 0.978660 
0.475000 0.986798 
0.476000 0.994866 
0.477000 1.002863 
0.478000 1.010791 
0.479000 1.018648 
0.480000 1.026437 
0.481000 1.034156 
0.482000 1.041806 
0.483000 1.049388 
0.484000 1.056902 
0.485000 1.064347 
0.486000 1.071725 
0.487000 1.079035 
0.488000 1.086279 
0.489000 1.093455 
0.490000 1.100565 
0.491000 1.107609 
0.492000 1.114587 
0.493000 1.121499 
0.494000 1.128346 
0.495000 1.135128 
0.496000 1.141845 
0.497000 1.148498 
0.498000 1.155086 
0.499000 1.161611 
0.500000 1.168072 
0.501000 1.174469 
0.502000 1.180804 
0.503000 1.187076 
0.504000 1.193285 
0.505000 1.199432 
0.506000 1.205518 
0.507000 1.211541 
0.508000 1.217504 
0.509000 1.223405 
0.510000 1.229246 
0.511000 1.235026 
0.512000 1.240747 
0.513000 1.246407 
0.514000 1.252007 
0.515000 1.257549 
0.516000 1.263031 
0.517000 1.268454 
0.518000 1.273819 
0.519000 1.279126 
0.520000 1.284375 
0.521000 1.289566 
0.522000 1.294700 
0.523000 1.299776 
0.524000 1.304796 
0.525000 1.309759 
0.526000 1.314666 
0.527000 1.319516 
0.528000 1.324311 
0.529000 1.329051 
0.530000 1.333735 
0.531000 1.338364 
0.532000 1.342938 
0.533000 1.347458 
0.534000 1.351924 
0.535000 1.356335 
0.536000 1.360693 
0.537000 1.364998 
0.538000 1.369249 
0.539000 1.373447 
0.540000 1.377593 
0.541000 1.381686 
0.542000 1.385726 
0.543000 1.389715 
0.544000 1.393652 
0.545000 1.397538 
0.546000 1.401372 
0.547000 1.405156 
0.548000 1.408888 
0.549000 1.412570 
0.550000 1.416202 
0.551000 1.419783 
0.552000 1.423315 
0.553000 1.426797 
0.554000 1.430230 
0.555000 1.433614 
0.556000 1.436949 
0.557000 1.440235 
0.558000 1.443472 
0.559000 1.446661 
0.560000 1.449803 
0.561000 1.452896 
0.562000 1.455942 
0.563000 1.458940 
0.564000 1.461892 
0.565000 1.464796 
0.566000 1.467654 
0.567000 1.470465 
0.568000 1.473230 
0.569000 1.475948 
0.570000 1.478621 
0.571000 1.481248 
0.572000 1.483829 
0.573000 1.486366 
0.574000 1.488857 
0.575000 1.491303 
0.576000 1.493705 
0.577000 1.496062 
0.578000 1.498374 
0.579000 1.500643 
0.580000 1.502868 
0.581000 1.505049 
0.582000 1.507186 
0.583000 1.509280 
0.584000 1.511331 
0.585000 1.513339 
0.586000 1.515304 
0.587000 1.517227 
0.588000 1.519107 
0.589000 1.520945 
0.590000 1.522740 
0.591000 1.524494 
0.592000 1.526206 
0.593000 1.527877 
0.594000 1.529506 
0.595000 1.531094 
0.596000 1.532640 
0.597000 1.534146 
0.598000 1.535612 
0.599000 1.537036 
0.600000 1.538421 
0.601000 1.539765 
0.602000 1.541069 
0.603000 1.542333 
0.604000 1.543557 
0.605000 1.544742 
0.606000 1.545887 
0.607000 1.546993 
0.608000 1.548060 
0.609000 1.549088 
0.610000 1.550077 
0.611000 1.551028 
0.612000 1.551940 
0.613000 1.552813 
0.614000 1.553649 
0.615000 1.554446 
0.616000 1.555205 
0.617000 1.555927 
0.618000 1.556610 
0.619000 1.557257 
0.620000 1.557866 
0.621000 1.558437 
0.622000 1.558972 
0.623000 1.559469 
0.624000 1.559930 
0.625000 1.560354 
0.626000 1.560741 
0.627000 1.561092 
0.628000 1.561407 
0.629000 1.561685 
0.630000 1.561928 
0.631000 1.562134 
0.632000 1.562304 
0.633000 1.562439 
0.634000 1.562538 
0.635000 1.562602 
0.636000 1.562630 
0.637000 1.562624 
0.638000 1.562582 
0.639000 1.562505 
0.640000 1.562393 
0.641000 1.562246 
0.642000 1.562065 
0.643000 1.561849 
0.644000 1.561598 
0.645000 1.561314 
0.646000 1.560995 
0.647000 1.560642 
0.648000 1.560255 
0.649000 1.559834 
0.650000 1.559379 
0.651000 1.558890 
0.652000 1.558368 
0.653000 1.557812 
0.654000 1.557223 
0.655000 1.556601 
0.656000 1.555945 
0.657000 1.555257 
0.658000 1.554535 
0.659000 1.553780 
0.660000 1.552992 
0.661000 1.552172 
0.662000 1.551319 
0.663000 1.550433 
0.664000 1.549515 
0.665000 1.548565 
0.666000 1.547582 
0.667000 1.546567 
0.668000 1.545520 
0.669000 1.544440 
0.670000 1.543329 
0.671000 1.542186 
0.672000 1.541011 
0.673000 1.539804 
0.674000 1.538566 
0.675000 1.537296 
0.676000 1.535994 
0.677000 1.534661 
0.678000 1.533297 
0.679000 1.531901 
0.680000 1.530474 
0.681000 1.529016 
0.682000 1.527527 
0.683000 1.526007 
0.684000 1.524456 
0.685000 1.522874 
0.686000 1.521261 
0.687000 1.519617 
0.688000 1.517943 
0.689000 1.516238 
0.690000 1.514503 
0.691000 1.512737 
0.692000 1.510941 
0.693000 1.509114 
0.694000 1.507257 
0.695000 1.505370 
0.696000 1.503453 
0.697000 1.501505 
0.698000 1.499527 
0.699000 1.497520 
0.700000 1.495482 
0.701000 1.493415 
0.702000 1.491317 
0.703000 1.489190 
0.704000 1.487033 
0.705000 1.484846 
0.706000 1.482630 
0.707000 1.480384 
0.708000 1.478108 
0.709000 1.475803 
0.710000 1.473469 
0.711000 1.471105 
0.712000 1.468711 
0.713000 1.466289 
0.714000 1.463837 
0.715000 1.461356 
0.716000 1.458845 
0.717000 1.456305 
0.718000 1.453737 
0.719000 1.451139 
0.720000 1.448512 
0.721000 1.445856 
0.722000 1.443171 
0.723000 1.440457 
0.724000 1.437714 
0.725000 1.434943 
0.726000 1.432142 
0.727000 1.429313 
0.728000 1.426455 
0.729000 1.423568 
0.730000 1.420653 
0.731000 1.417708 
0.732000 1.414735 
0.733000 1.411734 
0.734000 1.408704 
0.735000 1.405645 
0.736000 1.402558 
0.737000 1.399442 
0.738000 1.396298 
0.739000 1.393125 
0.740000 1.389924 
0.741000 1.386694 
0.742000 1.383436 
0.743000 1.380150 
0.744000 1.376835 
0.745000 1.373491 
0.746000 1.370119 
0.747000 1.366720 
0.748000 1.363292 
0.749000 1.359835 
0.750000 1.356351 
0.751000 1.352838 
0.752000 1.349297 
0.753000 1.345727 
0.754000 1.342130 
0.755000 1.338504 
0.756000 1.334850 
0.757000 1.331168 
0.758000 1.327458 
0.759000 1.323720 
0.760000 1.319954 
0.761000 1.316159 
0.762000 1.312336 
0.763000 1.308486 
0.764000 1.304607 
0.765000 1.300700 
0.766000 1.296765 
0.767000 1.292802 
0.768000 1.288810 
0.769000 1.284791 
0.770000 1.280744 
0.771000 1.276668 
0.772000 1.272565 
0.773000 1.268433 
0.774000 1.264274 
0.775000 1.260086 
0.776000 1.255870 
0.777000 1.251627 
0.778000 1.247355 
0.779000 1.243055 
0.780000 1.238727 
0.781000 1.234371 
0.782000 1.229987 
0.783000 1.225575 
0.784000 1.221134 
0.785000 1.216666 
0.786000 1.212170 
0.787000 1.207645 
0.788000 1.203093 
0.789000 1.198512 
0.790000 1.193903 
0.791000 1.189266 
0.792000 1.184601 
0.793000 1.179907 
0.794000 1.175186 
0.795000 1.170436 
0.796000 1.165659 
0.797000 1.160853 
0.798000 1.156018 
0.799000 1.151156 
0.800000 1.146265 
0.801000 1.141346 
0.802000 1.136399 
0.803000 1.131424 
0.804000 1.126420 
0.805000 1.121388 
0.806000 1.116327 
0.807000 1.111239 
0.808000 1.106121 
0.809000 1.100976 
0.810000 1.095802 
0.811000 1.090600 
0.812000 1.085369 
0.813000 1.080110 
0.814000 1.074822 
0.815000 1.069506 
0.816000 1.064161 
0.817000 1.058788 
0.818000 1.053386 
0.819000 1.047956 
0.820000 1.042497 
0.821000 1.037009 
0.822000 1.031493 
0.823000 1.025948 
0.824000 1.020374 
0.825000 1.014771 
0.826000 1.009140 
0.827000 1.003480 
0.828000 0.997791 
0.829000 0.992074 
0.830000 0.986327 
0.831000 0.980552 
0.832000 0.974747 
0.833000 0.968914 
0.834000 0.963052 
0.835000 0.957160 
0.836000 0.951240 
0.837000 0.945290 
0.838000 0.939312 
0.839000 0.933304 
0.840000 0.927267 
0.841000 0.921201 
0.842000 0.915106 
0.843000 0.908981 
0.844000 0.902827 
0.845000 0.896644 
0.846000 0.890431 
0.847000 0.884189 
0.848000 0.877918 
0.849000 0.871617 
0.850000 0.865286 
0.851000 0.858926 
0.852000 0.852537 
0.853000 0.846117 
0.854000 0.839668 
0.855000 0.833190 
0.856000 0.826682 
0.857000 0.820144 
0.858000 0.813576 
0.859000 0.806978 
0.860000 0.800351 
0.861000 0.793693 
0.862000 0.787006 
0.863000 0.780288 
0.864000 0.773541 
0.865000 0.766763 
0.866000 0.759956 
0.867000 0.753118 
0.868000 0.746250 
0.869000 0.739352 
0.870000 0.732423 
0.871000 0.725465 
0.872000 0.718475 
0.873000 0.711456 
0.874000 0.704406 
0.875000 0.697326 
0.876000 0.690215 
0.877000 0.683073 
0.878000 0.675901 
0.879000 0.668699 
0.880000 0.661465 
0.881000 0.654201 
0.882000 0.646907 
0.883000 0.639581 
0.884000 0.632225 
0.885000 0.624837 
0.886000 0.617419 
0.887000 0.609970 
0.888000 0.602490 
0.889000 0.594978 
0.890000 0.587436 
0.891000 0.579863 
0.892000 0.572258 
0.893000 0.564622 
0.894000 0.556955 
0.895000 0.549257 
0.896000 0.541527 
0.897000 0.533766 
0.898000 0.525974 
0.899000 0.518150 
0.900000 0.510294 
0.901000 0.502407 
0.902000 0.494489 
0.903000 0.486539 
0.904000 0.478557 
0.905000 0.470544 
0.906000 0.462499 
0.907000 0.454422 
0.908000 0.446313 
0.909000 0.438172 
0.910000 0.430000 
0.911000 0.421796 
0.912000 0.413559 
0.913000 0.405291 
0.914000 0.396991 
0.915000 0.388658 
0.916000 0.380294 
0.917000 0.371897 
0.918000 0.363469 
0.919000 0.355008 
0.920000 0.346515 
0.921000 0.337989 
0.922000 0.329431 
0.923000 0.320841 
0.924000 0.312219 
0.925000 0.303564 
0.926000 0.294877 
0.927000 0.286158 
0.928000 0.277406 
0.929000 0.268621 
0.930000 0.259804 
0.931000 0.250954 
0.932000 0.242072 
0.933000 0.233157 
0.934000 0.224210 
0.935000 0.215230 
0.936000 0.206217 
0.937000 0.197172 
0.938000 0.188094 
0.939000 0.178983 
0.940000 0.169840 
0.941000 0.160664 
0.942000 0.151455 
0.943000 0.142213 
0.944000 0.132938 
0.945000 0.123631 
0.946000 0.114291 
0.947000 0.104918 
0.948000 0.095512 
0.949000 0.086074 
0.950000 0.076602 
0.951000 0.067098 
0.952000 0.057561 
0.953000 0.047991 
0.954000 0.038389 
0.955000 0.028753 
0.956000 0.019085 
0.957000 0.009384 
0.958000 -0.000350 
0.959000 -0.010117 
0.960000 -0.019917 
0.961000 -0.029749 
0.962000 -0.039614 
0.963000 -0.049512 
0.964000 -0.059442 
0.965000 -0.069405 
0.966000 -0.079401 
0.967000 -0.089430 
0.968000 -0.099491 
0.969000 -0.109584 
0.970000 -0.119710 
0.971000 -0.129869 
0.972000 -0.140060 
0.973000 -0.150284 
0.974000 -0.160540 
0.975000 -0.170828 
0.976000 -0.181148 
0.977000 -0.191501 
0.978000 -0.201886 
0.979000 -0.212303 
0.980000 -0.222752 
0.981000 -0.233233 
0.982000 -0.243746 
0.983000 -0.254291 
0.984000 -0.264868 
0.985000 -0.275476 
0.986000 -0.286117 
0.987000 -0.296788 
0.988000 -0.307491 
0.989000 -0.318226 
0.990000 -0.328991 
0.991000 -0.339788 
0.992000 -0.350616 
0.993000 -0.361475 
0.994000 -0.372365 
0.995000 -0.383285 
0.996000 -0.394237 
0.997000 -0.405218 
0.998000 -0.416230 
0.999000 -0.427273 
1.000000 -0.438345 
1.001000 -0.449448 
1.002000 -0.460580 
1.003000 -0.471742 
1.004000 -0.482934 
1.005000 -0.494155 
1.006000 -0.505405 
1.007000 -0.516684 
1.008000 -0.527992 
1.009000 -0.539329 
1.010000 -0.550694 
1.011000 -0.562088 
1.012000 -0.573510 
1.013000 -0.584959 
1.014000 -0.596437 
1.015000 -0.607942 
1.016000 -0.619474 
1.017000 -0.631033 
1.018000 -0.642620 
1.019000 -0.654232 
1.020000 -0.665872 
1.021000 -0.677537 
1.022000 -0.689228 
1.023000 -0.700945 
1.024000 -0.712687 
1.025000 -0.724454 
1.026000 -0.736245 
1.027000 -0.748062 
1.028000 -0.759902 
1.029000 -0.771766 
1.030000 -0.783654 
1.031000 -0.795565 
1.032000 -0.807499 
1.033000 -0.819456 
1.034000 -0.831434 
1.035000 -0.843435 
1.036000 -0.855457 
1.037000 -0.867500 
1.038000 -0.879564 
1.039000 -0.891648 
1.040000 -0.903752 
1.041000 -0.915875 
1.042000 -0.928018 
1.043000 -0.940179 
1.044000 -0.952359 
1.045000 -0.964556 
1.046000 -0.976771 
1.047000 -0.989002 
1.048000 -1.001250 
1.049000 -1.013514 
1.050000 -1.025793 
1.051000 -1.038087 
1.052000 -1.050395 
1.053000 -1.062718 
1.054000 -1.075053 
1.055000 -1.087401 
1.056000 -1.099762 
1.057000 -1.112133 
1.058000 -1.124516 
1.059000 -1.136910 
1.060000 -1.149313 
1.061000 -1.161725 
1.062000 -1.174145 
1.063000 -1.186574 
1.064000 -1.199010 
1.065000 -1.211452 
1.066000 -1.223900 
1.067000 -1.236353 
1.068000 -1.248810 
1.069000 -1.261271 
1.070000 -1.273735 
1.071000 -1.286201 
1.072000 -1.298669 
1.073000 -1.311137 
1.074000 -1.323605 
1.075000 -1.336071 
1.076000 -1.348536 
1.077000 -1.360998 
1.078000 -1.373457 
1.079000 -1.385911 
1.080000 -1.398359 
1.081000 -1.410802 
1.082000 -1.423237 
1.083000 -1.435664 
1.084000 -1.448081 
1.085000 -1.460489 
1.086000 -1.472886 
1.087000 -1.485270 
1.088000 -1.497641 
1.089000 -1.509998 
1.090000 -1.522340 
1.091000 -1.534666 
1.092000 -1.546974 
1.093000 -1.559264 
1.094000 -1.571534 
1.095000 -1.583783 
1.096000 -1.596010 
1.097000 -1.608214 
1.098000 -1.620394 
1.099000 -1.632548 
1.100000 -1.644675 
1.101000 -1.656775 
1.102000 -1.668844 
1.103000 -1.680884 
1.104000 -1.692891 
1.105000 -1.704865 
1.106000 -1.716805 
1.107000 -1.728708 
1.108000 -1.740574 
1.109000 -1.752402 
1.110000 -1.764189 
1.111000 -1.775935 
1.112000 -1.787637 
1.113000 -1.799295 
1.114000 -1.810907 
1.115000 -1.822471 
1.116000 -1.833987 
1.117000 -1.845451 
1.118000 -1.856864 
1.119000 -1.868222 
1.120000 -1.879525 
1.121000 -1.890771 
1.122000 -1.901959 
1.123000 -1.913086 
1.124000 -1.924151 
1.125000 -1.935152 
1.126000 -1.946088 
1.127000 -1.956957 
1.128000 -1.967757 
1.129000 -1.978486 
1.130000 -1.989143 
1.131000 -1.999726 
1.132000 -2.010232 
1.133000 -2.020661 
1.134000 -2.031010 
1.135000 -2.041277 
1.136000 -2.051461 
1.137000 -2.061560 
1.138000 -2.071571 
1.139000 -2.081494 
1.140000 -2.091325 
1.141000 -2.101063 
1.142000 -2.110706 
1.143000 -2.120252 
1.144000 -2.129700 
1.145000 -2.139046 
1.146000 -2.148290 
1.147000 -2.157429 
1.148000 -2.166460 
1.149000 -2.175383 
1.150000 -2.184195 
1.151000 -2.192894 
1.152000 -2.201477 
1.153000 -2.209944 
1.154000 -2.218291 
1.155000 -2.226518 
1.156000 -2.234620 
1.157000 -2.242598 
1.158000 -2.250448 
1.159000 -2.258168 
1.160000 -2.265757 
1.161000 -2.273212 
1.162000 -2.280531 
1.163000 -2.287713 
1.164000 -2.294754 
1.165000 -2.301654 
1.166000 -2.308409 
1.167000 -2.315018 
1.168000 -2.321479 
1.169000 -2.327790 
1.170000 -2.333949 
1.171000 -2.339953 
1.172000 -2.345801 
1.173000 -2.351490 
1.174000 -2.357019 
1.175000 -2.362386 
1.176000 -2.367588 
1.177000 -2.372624 
1.178000 -2.377492 
1.179000 -2.382190 
1.180000 -2.386716 
1.181000 -2.391068 
1.182000 -2.395244 
1.183000 -2.399242 
1.184000 -2.403061 
1.185000 -2.406699 
1.186000 -2.410154 
1.187000 -2.413424 
1.188000 -2.416507 
1.189000 -2.419403 
1.190000 -2.422108 
1.191000 -2.424622 
1.192000 -2.426944 
1.193000 -2.429070 
1.194000 -2.431001 
1.195000 -2.432734 
1.196000 -2.434268 
1.197000 -2.435602 
1.198000 -2.436734 
1.199000 -2.437663 
1.200000 -2.438387 
1.201000 -2.438906 
1.202000 -2.439218 
1.203000 -2.439323 
1.204000 -2.439218 
1.205000 -2.438903 
1.206000 -2.438377 
1.207000 -2.437639 
1.208000 -2.436688 
1.209000 -2.435523 
1.210000 -2.434144 
1.211000 -2.432549 
1.212000 -2.430739 
1.213000 -2.428711 
1.214000 -2.426467 
1.215000 -2.424004 
1.216000 -2.421323 
1.217000 -2.418424 
1.218000 -2.415306 
1.219000 -2.411968 
1.220000 -2.408411 
1.221000 -2.404634 
1.222000 -2.400638 
1.223000 -2.396421 
1.224000 -2.391985 
1.225000 -2.387329 
1.226000 -2.382453 
1.227000 -2.377358 
1.228000 -2.372044 
1.229000 -2.366511 
1.230000 -2.360760 
1.231000 -2.354791 
1.232000 -2.348604 
1.233000 -2.342200 
1.234000 -2.335581 
1.235000 -2.328745 
1.236000 -2.321695 
1.237000 -2.314431 
1.238000 -2.306955 
1.239000 -2.299266 
1.240000 -2.291366 
1.241000 -2.283256 
1.242000 -2.274938 
1.243000 -2.266412 
1.244000 -2.257680 
1.245000 -2.248741 
1.246000 -2.239600 
1.247000 -2.230257 
1.248000 -2.220714 
1.249000 -2.210971 
1.250000 -2.201031 
1.251000 -2.190896 
1.252000 -2.180566 
1.253000 -2.170045 
1.254000 -2.159332 
1.255000 -2.148432 
1.256000 -2.137345 
1.257000 -2.126073 
1.258000 -2.114618 
1.259000 -2.102984 
1.260000 -2.091171 
1.261000 -2.079181 
1.262000 -2.067018 
1.263000 -2.054683 
1.264000 -2.042179 
1.265000 -2.029508 
1.266000 -2.016672 
1.267000 -2.003674 
1.268000 -1.990516 
1.269000 -1.977200 
1.270000 -1.963730 
1.271000 -1.950108 
1.272000 -1.936336 
1.273000 -1.922416 
1.274000 -1.908353 
1.275000 -1.894147 
1.276000 -1.879803 
1.277000 -1.865321 
1.278000 -1.850707 
1.279000 -1.835961 
1.280000 -1.821087 
1.281000 -1.806088 
1.282000 -1.790966 
1.283000 -1.775724 
1.284000 -1.760365 
1.285000 -1.744892 
1.286000 -1.729308 
1.287000 -1.713615 
1.288000 -1.697816 
1.289000 -1.681915 
1.290000 -1.665914 
1.291000 -1.649815 
1.292000 -1.633623 
1.293000 -1.617339 
1.294000 -1.600966 
1.295000 -1.584508 
1.296000 -1.567967 
1.297000 -1.551346 
1.298000 -1.534648 
1.299000 -1.517876 
1.300000 -1.501032 
1.301000 -1.484120 
1.302000 -1.467141 
1.303000 -1.450100 
1.304000 -1.432998 
1.305000 -1.415839 
1.306000 -1.398625 
1.307000 -1.381359 
1.308000 -1.364043 
1.309000 -1.346681 
1.310000 -1.329275 
1.311000 -1.311827 
1.312000 -1.294341 
1.313000 -1.276818 
1.314000 -1.259262 
1.315000 -1.241675 
1.316000 -1.224060 
1.317000 -1.206418 
1.318000 -1.188753 
1.319000 -1.171067 
1.320000 -1.153363 
1.321000 -1.135642 
1.322000 -1.117907 
1.323000 -1.100161 
1.324000 -1.082406 
1.325000 -1.064644 
1.326000 -1.046878 
1.327000 -1.029109 
1.328000 -1.011340 
1.329000 -0.993573 
1.330000 -0.975810 
1.331000 -0.958053 
1.332000 -0.940305 
1.333000 -0.922567 
1.334000 -0.904841 
1.335000 -0.887130 
1.336000 -0.869435 
1.337000 -0.851758 
1.338000 -0.834102 
1.339000 -0.816467 
1.340000 -0.798856 
1.341000 -0.781271 
1.342000 -0.763713 
1.343000 -0.746184 
1.344000 -0.728686 
1.345000 -0.711220 
1.346000 -0.693788 
1.347000 -0.676392 
1.348000 -0.659033 
1.349000 -0.641712 
1.350000 -0.624432 
1.351000 -0.607193 
1.352000 -0.589997 
1.353000 -0.572846 
1.354000 -0.555740 
1.355000 -0.538682 
1.356000 -0.521672 
1.357000 -0.504712 
1.358000 -0.487803 
1.359000 -0.470946 
1.360000 -0.454142 
1.361000 -0.437393 
1.362000 -0.420699 
1.363000 -0.404062 
1.364000 -0.387483 
1.365000 -0.370963 
1.366000 -0.354502 
1.367000 -0.338103 
1.368000 -0.321765 
1.369000 -0.305489 
1.370000 -0.289278 
1.371000 -0.273130 
1.372000 -0.257048 
1.373000 -0.241032 
1.374000 -0.225083 
1.375000 -0.209202 
1.376000 -0.193389 
1.377000 -0.177645 
1.378000 -0.161971 
1.379000 -0.146367 
1.380000 -0.130835 
1.381000 -0.115374 
1.382000 -0.099985 
1.383000 -0.084670 
1.384000 -0.069428 
1.385000 -0.054259 
1.386000 -0.039166 
1.387000 -0.024147 
1.388000 -0.009204 
1.389000 0.005664 
1.390000 0.020455 
1.391000 0.035169 
1.392000 0.049806 
1.393000 0.064366 
1.394000 0.078848 
1.395000 0.093251 
1.396000 0.107577 
1.397000 0.121823 
1.398000 0.135990 
1.399000 0.150078 
1.400000 0.164087 
1.401000 0.178015 
1.402000 0.191864 
1.403000 0.205632 
1.404000 0.219320 
1.405000 0.232928 
1.406000 0.246454 
1.407000 0.259900 
1.408000 0.273265 
1.409000 0.286549 
1.410000 0.299751 
1.411000 0.312872 
1.412000 0.325912 
1.413000 0.338871 
1.414000 0.351748 
1.415000 0.364543 
1.416000 0.377257 
1.417000 0.389889 
1.418000 0.402440 
1.419000 0.414909 
1.420000 0.427297 
1.421000 0.439603 
1.422000 0.451828 
1.423000 0.463971 
1.424000 0.476033 
1.425000 0.488013 
1.426000 0.499913 
1.427000 0.511731 
1.428000 0.523468 
1.429000 0.535124 
1.430000 0.546699 
1.431000 0.558194 
1.432000 0.569608 
1.433000 0.580941 
1.434000 0.592194 
1.435000 0.603367 
1.436000 0.614460 
1.437000 0.625473 
1.438000 0.636406 
1.439000 0.647260 
1.440000 0.658034 
1.441000 0.668729 
1.442000 0.679345 
1.443000 0.689882 
1.444000 0.700340 
1.445000 0.710720 
1.446000 0.721022 
1.447000 0.731246 
1.448000 0.741392 
1.449000 0.751460 
1.450000 0.761451 
1.451000 0.771365 
1.452000 0.781202 
1.453000 0.790962 
1.454000 0.800646 
1.455000 0.810253 
1.456000 0.819785 
1.457000 0.829241 
1.458000 0.838621 
1.459000 0.847926 
1.460000 0.857157 
1.461000 0.866312 
1.462000 0.875393 
1.463000 0.884400 
1.464000 0.893334 
1.465000 0.902193 
1.466000 0.910979 
1.467000 0.919692 
1.468000 0.928332 
1.469000 0.936900 
1.470000 0.945395 
1.471000 0.953819 
1.472000 0.962171 
1.473000 0.970451 
1.474000 0.978660 
1.475000 0.986798 
1.476000 0.994866 
1.477000 1.002863 
1.478000 1.010791 
1.479000 1.018648 
1.480000 1.026437 
1.481000 1.034156 
1.482000 1.041806 
1.483000 1.049388 
1.484000 1.056902 
1.485000 1.064347 
1.486000 1.071725 
1.487000 1.079035 
1.488000 1.086279 
1.489000 1.093455 
1.490000 1.100565 
1.491000 1.107609 
1.492000 1.114587 
1.493000 1.121499 
1.494000 1.128346 
1.495000 1.135128 
1.496000 1.141845 
1.497000 1.148498 
1.498000 1.155086 
1.499000 1.161611 
