# time Tc_folded Tref_folded value value_err offset model full_model val_compare val_compare_err residuals residuals_err jitter jitter_flag offset_flag subset_flag 
2455480.529186 -47.382055 0.444038 -10482.960657 0.485677 -10476.172469 1.486554 -10480.518576 -0.955526 0.485677 -2.442081 0.485677 1.240239   1   1  -1 
2455480.532970 -47.378271 0.444048 -10481.678693 0.440084 -10476.172469 1.486609 -10480.517417 0.325333 0.440084 -1.161276 0.440084 1.240239   1   1  -1 
2455480.536778 -47.374463 0.444057 -10480.431449 0.465046 -10476.172469 1.486665 -10480.516242 1.571457 0.465046 0.084793 0.465046 1.240239   1   1  -1 
2455482.554786 -45.356455 0.449171 -10476.128743 0.353905 -10476.172469 1.513899 -10478.546713 3.931869 0.353905 2.417970 0.353905 1.240239   1   1  -1 
2455484.542056 -43.369185 0.454207 -10475.755433 0.514319 -10476.172469 1.536168 -10475.624159 1.404894 0.514319 -0.131274 0.514319 1.240239   1   1  -1 
2455484.545828 -43.365413 0.454216 -10473.332240 0.532707 -10476.172469 1.536205 -10475.619753 3.823718 0.532707 2.287513 0.532707 1.240239   1   1  -1 
2455484.549671 -43.361570 0.454226 -10474.438386 0.508347 -10476.172469 1.536243 -10475.615269 2.713127 0.508347 1.176883 0.508347 1.240239   1   1  -1 
2455485.527184 -42.384057 0.456703 -10473.605978 0.432034 -10476.172469 1.545296 -10474.700718 2.640037 0.432034 1.094740 0.432034 1.240239   1   1  -1 
2455485.532971 -42.378270 0.456718 -10471.997247 0.445706 -10476.172469 1.545346 -10474.696657 4.244756 0.445706 2.699410 0.445706 1.240239   1   1  -1 
2455487.543214 -40.368027 0.461812 -10473.844627 0.404437 -10476.172469 1.559534 -10474.173299 1.888206 0.404437 0.328672 0.404437 1.240239   1   1  -1 
2455487.548897 -40.362344 0.461826 -10473.904015 0.401767 -10476.172469 1.559565 -10474.174106 1.829656 0.401767 0.270091 0.401767 1.240239   1   1  -1 
2455493.544252 -34.366989 0.477019 -10479.814585 0.396600 -10476.172469 1.559692 -10479.576614 1.321721 0.396600 -0.237971 0.396600 1.240239   1   1  -1 
2455493.550478 -34.360763 0.477035 -10480.900282 0.405220 -10476.172469 1.559655 -10479.584362 0.243735 0.405220 -1.315920 0.405220 1.240239   1   1  -1 
2455495.535877 -32.375364 0.482066 -10480.826331 0.401246 -10476.172469 1.543574 -10481.371544 2.088787 0.401246 0.545213 0.401246 1.240239   1   1  -1 
2455495.541664 -32.369577 0.482080 -10480.647538 0.425418 -10476.172469 1.543515 -10481.373596 2.269573 0.425418 0.726058 0.425418 1.240239   1   1  -1 
2455498.517820 -29.393421 0.489622 -10479.650410 0.663846 -10476.172469 1.502883 -10480.380315 2.232788 0.663846 0.729905 0.663846 1.240239   1   1  -1 
2455498.523445 -29.387796 0.489636 -10478.978096 0.600098 -10476.172469 1.502787 -10480.377570 2.902261 0.600098 1.399474 0.600098 1.240239   1   1  -1 
2455500.544007 -27.367234 0.494757 -10479.588979 0.341836 -10476.172469 1.463733 -10479.757753 1.632508 0.341836 0.168774 0.341836 1.240239   1   1  -1 
2455500.549389 -27.361852 0.494770 -10479.646223 0.372174 -10476.172469 1.463617 -10479.756930 1.574324 0.372174 0.110707 0.372174 1.240239   1   1  -1 
2455501.547102 -26.364139 0.497298 -10479.228913 0.302659 -10476.172469 1.440959 -10479.655874 1.867921 0.302659 0.426961 0.302659 1.240239   1   1  -1 
2455501.552738 -26.358503 0.497313 -10480.110772 0.289222 -10476.172469 1.440825 -10479.655574 0.985628 0.289222 -0.455198 0.289222 1.240239   1   1  -1 
2455505.514789 -22.396452 0.507353 -10479.788974 0.344263 -10476.172469 1.330079 -10480.397885 1.938989 0.344263 0.608911 0.344263 1.240239   1   1  -1 
2455505.520425 -22.390816 0.507367 -10479.398339 0.340728 -10476.172469 1.329899 -10480.400541 2.332101 0.340728 1.002202 0.340728 1.240239   1   1  -1 
2455507.517142 -20.394099 0.512427 -10482.165859 0.264981 -10476.172469 1.262858 -10481.510356 0.607355 0.264981 -0.655503 0.264981 1.240239   1   1  -1 
2455507.522824 -20.388417 0.512441 -10483.868821 0.270208 -10476.172469 1.262658 -10481.513554 -1.092609 0.270208 -2.355267 0.270208 1.240239   1   1  -1 
2455509.518050 -18.393191 0.517497 -10482.136940 0.380261 -10476.172469 1.189386 -10482.045933 1.098378 0.380261 -0.091007 0.380261 1.240239   1   1  -1 
2455509.523524 -18.387717 0.517511 -10481.842165 0.354765 -10476.172469 1.189177 -10482.044592 1.391604 0.354765 0.202427 0.354765 1.240239   1   1  -1 
2455511.516449 -16.394792 0.522561 -10481.051242 0.398498 -10476.172469 1.110861 -10480.179545 0.239164 0.398498 -0.871697 0.398498 1.240239   1   1  -1 
2455511.521935 -16.389306 0.522575 -10481.318563 0.396662 -10476.172469 1.110639 -10480.171610 -0.036314 0.396662 -1.146953 0.396662 1.240239   1   1  -1 
2455513.504562 -14.406679 0.527599 -10476.804338 0.418335 -10476.172469 1.028842 -10477.355004 1.579508 0.418335 0.550666 0.418335 1.240239   1   1  -1 
2455513.510244 -14.400997 0.527614 -10476.668251 0.441085 -10476.172469 1.028603 -10477.347962 1.708314 0.441085 0.679711 0.441085 1.240239   1   1  -1 
2455514.505835 -13.405406 0.530137 -10478.206203 0.335906 -10476.172469 0.986447 -10476.242709 -0.977047 0.335906 -1.963494 0.335906 1.240239   1   1  -1 
2455514.511356 -13.399885 0.530150 -10477.524806 0.341716 -10476.172469 0.986211 -10476.237281 -0.301314 0.341716 -1.287525 0.341716 1.240239   1   1  -1 
2455519.503938 -8.407303 0.542802 -10474.517329 0.516685 -10476.172469 0.769784 -10474.265477 0.517932 0.516685 -0.251852 0.516685 1.240239   1   1  -1 
2455519.508811 -8.402430 0.542814 -10473.971305 0.498073 -10476.172469 0.769572 -10474.266726 1.064993 0.498073 0.295421 0.498073 1.240239   1   1  -1 
2455523.508036 -4.403205 0.552949 -10476.567096 0.414917 -10476.172469 0.597824 -10477.154648 1.185376 0.414917 0.587552 0.414917 1.240239   1   1  -1 
2455523.513036 -4.398205 0.552961 -10476.426565 0.432885 -10476.172469 0.597613 -10477.158487 1.329536 0.432885 0.731922 0.432885 1.240239   1   1  -1 
2455524.521481 -3.389760 0.555517 -10476.409103 0.333974 -10476.172469 0.555415 -10477.723365 1.869677 0.333974 1.314262 0.333974 1.240239   1   1  -1 
2455524.526446 -3.384795 0.555529 -10475.818731 0.339194 -10476.172469 0.555208 -10477.725009 2.461486 0.339194 1.906278 0.339194 1.240239   1   1  -1 
2455653.900831 125.989590 0.883370 -10479.122782 0.372304 -10476.172469 -0.693957 -10478.949307 -0.867432 0.372304 -0.173475 0.372304 1.240239   1   1  -1 
2455653.906410 125.995169 0.883384 -10477.502514 0.368097 -10476.172469 -0.693945 -10478.945393 0.748935 0.368097 1.442879 0.368097 1.240239   1   1  -1 
2455654.900357 126.989116 0.885903 -10477.529507 0.407058 -10476.172469 -0.691737 -10478.152309 -0.068935 0.407058 0.622802 0.407058 1.240239   1   1  -1 
2455654.905936 126.994695 0.885917 -10476.951630 0.365708 -10476.172469 -0.691725 -10478.147772 0.504417 0.365708 1.196142 0.365708 1.240239   1   1  -1 
2455657.909222 129.997981 0.893528 -10477.608535 0.302855 -10476.172469 -0.684730 -10477.039163 -1.254102 0.302855 -0.569372 0.302855 1.240239   1   1  -1 
2455657.914813 130.003572 0.893542 -10478.050098 0.315866 -10476.172469 -0.684717 -10477.039892 -1.694923 0.315866 -1.010206 0.315866 1.240239   1   1  -1 
2455659.907949 131.996708 0.898592 -10477.046490 0.384743 -10476.172469 -0.679811 -10477.803789 0.077488 0.384743 0.757299 0.384743 1.240239   1   1  -1 
2455659.913540 132.002299 0.898607 -10478.198534 0.401510 -10476.172469 -0.679797 -10477.807152 -1.071179 0.401510 -0.391382 0.401510 1.240239   1   1  -1 
2455660.901884 132.990643 0.901111 -10478.330760 0.251174 -10476.172469 -0.677288 -10478.488967 -0.519082 0.251174 0.158207 0.251174 1.240239   1   1  -1 
2455662.902485 134.991244 0.906181 -10478.461597 0.474458 -10476.172469 -0.672057 -10480.310329 1.176675 0.474458 1.848732 0.474458 1.240239   1   1  -1 
2455662.908180 134.996939 0.906195 -10479.019990 0.454621 -10476.172469 -0.672042 -10480.316172 0.624140 0.454621 1.296182 0.454621 1.240239   1   1  -1 
2455663.839263 135.928022 0.908555 -10481.021871 0.868606 -10476.172469 -0.669538 -10481.299786 -0.391623 0.868606 0.277915 0.868606 1.240239   1   1  -1 
2455672.897729 144.986488 0.931509 -10477.289791 0.326960 -10476.172469 -0.642965 -10478.389993 0.457237 0.326960 1.100202 0.326960 1.240239   1   1  -1 
2455672.902775 144.991534 0.931522 -10477.128218 0.300639 -10476.172469 -0.642949 -10478.388320 0.617153 0.300639 1.260102 0.300639 1.240239   1   1  -1 
2455675.905453 147.994212 0.939131 -10479.983143 0.211350 -10476.172469 -0.633279 -10478.672182 -1.944240 0.211350 -1.310961 0.211350 1.240239   1   1  -1 
2455679.879903 151.968662 0.949202 -10481.249420 0.252289 -10476.172469 -0.619838 -10481.056984 -0.812274 0.252289 -0.192436 0.252289 1.240239   1   1  -1 
2455679.885123 151.973882 0.949216 -10482.070814 0.256851 -10476.172469 -0.619820 -10481.059046 -1.631588 0.256851 -1.011768 0.256851 1.240239   1   1  -1 
2455712.893679 184.982438 0.032861 -10477.596372 0.280177 -10476.172469 -0.480556 -10476.804799 -1.272128 0.280177 -0.791573 0.280177 1.240239   1   1  -1 
2455715.864679 187.953438 0.040389 -10473.715742 0.681733 -10476.172469 -0.465564 -10475.049703 0.868398 0.681733 1.333961 0.681733 1.240239   1   1  -1 
2455715.867376 187.956135 0.040396 -10473.898980 0.709421 -10476.172469 -0.465550 -10475.049524 0.684994 0.709421 1.150544 0.709421 1.240239   1   1  -1 
2455715.869992 187.958751 0.040403 -10473.445162 0.718389 -10476.172469 -0.465536 -10475.049351 1.138653 0.718389 1.604189 0.718389 1.240239   1   1  -1 
2455715.872747 187.961506 0.040410 -10473.903696 0.742414 -10476.172469 -0.465522 -10475.049172 0.679954 0.742414 1.145476 0.742414 1.240239   1   1  -1 
2455727.859452 -194.677301 0.070785 -10475.357665 0.528199 -10476.172469 -0.400610 -10476.959858 1.201584 0.528199 1.602193 0.528199 1.240239   1   1  -1 
2455727.863145 -194.673608 0.070794 -10476.960737 0.516663 -10476.172469 -0.400589 -10476.958464 -0.402861 0.516663 -0.002273 0.516663 1.240239   1   1  -1 
2455727.866953 -194.669800 0.070804 -10477.060026 0.559742 -10476.172469 -0.400567 -10476.957033 -0.503560 0.559742 -0.102993 0.559742 1.240239   1   1  -1 
2455735.809170 -186.727583 0.090930 -10480.718295 0.263016 -10476.172469 -0.353425 -10481.852297 0.780577 0.263016 1.134002 0.263016 1.240239   1   1  -1 
2455754.777241 -167.759512 0.138996 -10475.455016 0.545675 -10476.172469 -0.225836 -10477.297314 1.616462 0.545675 1.842298 0.545675 1.240239   1   1  -1 
2455755.755721 -166.781032 0.141475 -10477.021535 0.384396 -10476.172469 -0.218621 -10476.744460 -0.495696 0.384396 -0.277075 0.384396 1.240239   1   1  -1 
2455769.736300 -152.800453 0.176903 -10478.718338 0.338766 -10476.172469 -0.107745 -10480.174513 1.348430 0.338766 1.456175 0.338766 1.240239   1   1  -1 
2455769.742075 -152.794678 0.176917 -10479.209949 0.385157 -10476.172469 -0.107696 -10480.166873 0.849227 0.385157 0.956924 0.385157 1.240239   1   1  -1 
2455776.628483 -145.908270 0.194368 -10477.854877 0.356174 -10476.172469 -0.047180 -10477.204273 -0.697785 0.356174 -0.650604 0.356174 1.240239   1   1  -1 
2455782.624998 -139.911755 0.209563 -10477.234320 0.380536 -10476.172469 0.009110 -10477.273782 0.048572 0.380536 0.039462 0.380536 1.240239   1   1  -1 
2455784.737667 -137.799086 0.214917 -10473.119634 0.272683 -10476.172469 0.029799 -10474.708214 1.618379 0.272683 1.588580 0.272683 1.240239   1   1  -1 
2455801.526698 -121.010055 0.257461 -10477.714254 0.636570 -10476.172469 0.212282 -10477.790733 0.288761 0.636570 0.076479 0.636570 1.240239   1   1  -1 
2455801.531628 -121.005125 0.257474 -10478.348482 0.588581 -10476.172469 0.212341 -10477.791995 -0.344146 0.588581 -0.556487 0.588581 1.240239   1   1  -1 
2455804.632333 -117.904420 0.265331 -10479.889141 0.560283 -10476.172469 0.249981 -10478.685017 -0.954143 0.560283 -1.204124 0.560283 1.240239   1   1  -1 
2455804.637669 -117.899084 0.265345 -10479.356651 0.516075 -10476.172469 0.250047 -10478.686397 -0.420208 0.516075 -0.670254 0.516075 1.240239   1   1  -1 
2455807.626267 -114.910486 0.272918 -10477.952953 0.482855 -10476.172469 0.287634 -10479.591481 1.926161 0.482855 1.638528 0.482855 1.240239   1   1  -1 
2455807.631162 -114.905591 0.272930 -10477.762393 0.443292 -10476.172469 0.287696 -10479.593260 2.118563 0.443292 1.830867 0.443292 1.240239   1   1  -1 
2455810.581550 -111.955203 0.280407 -10481.002505 0.377097 -10476.172469 0.326122 -10479.614236 -1.062146 0.377097 -1.388269 0.377097 1.240239   1   1  -1 
2455810.586723 -111.950030 0.280420 -10480.282556 0.398696 -10476.172469 0.326191 -10479.610783 -0.345582 0.398696 -0.671773 0.398696 1.240239   1   1  -1 
2455816.587002 -105.949751 0.295625 -10476.284284 0.479893 -10476.172469 0.408628 -10476.729256 0.853601 0.479893 0.444972 0.479893 1.240239   1   1  -1 
2455816.590578 -105.946175 0.295634 -10475.380232 0.444942 -10476.172469 0.408679 -10476.729759 1.758206 0.444942 1.349527 0.444942 1.240239   1   1  -1 
2455816.594154 -105.942599 0.295643 -10476.257023 0.438232 -10476.172469 0.408730 -10476.730262 0.881969 0.438232 0.473239 0.438232 1.240239   1   1  -1 
2455834.622073 -87.914680 0.341326 -10480.909706 0.288686 -10476.172469 0.695420 -10480.904843 0.690557 0.288686 -0.004863 0.288686 1.240239   1   1  -1 
2455834.627593 -87.909160 0.341340 -10481.704100 0.288262 -10476.172469 0.695517 -10480.909374 -0.099209 0.288262 -0.794726 0.288262 1.240239   1   1  -1 
2455836.585712 -85.951041 0.346302 -10482.497452 0.340261 -10476.172469 0.730491 -10482.094085 0.327124 0.340261 -0.403367 0.340261 1.240239   1   1  -1 
2455836.591440 -85.945313 0.346317 -10483.216344 0.339568 -10476.172469 0.730594 -10482.095761 -0.389988 0.339568 -1.120583 0.339568 1.240239   1   1  -1 
2455839.585007 -82.951746 0.353903 -10480.984122 0.455066 -10476.172469 0.785560 -10480.022316 -0.176246 0.455066 -0.961806 0.455066 1.240239   1   1  -1 
2455839.590794 -82.945959 0.353917 -10480.862232 0.459884 -10476.172469 0.785668 -10480.012067 -0.064497 0.459884 -0.850165 0.459884 1.240239   1   1  -1 
2455842.549547 -79.987206 0.361415 -10475.984718 0.533150 -10476.172469 0.841744 -10474.835074 -0.307901 0.533150 -1.149644 0.533150 1.240239   1   1  -1 
2455842.555033 -79.981720 0.361429 -10475.769563 0.436601 -10476.172469 0.841849 -10474.828257 -0.099457 0.436601 -0.941306 0.436601 1.240239   1   1  -1 
2455845.575633 -76.961120 0.369083 -10472.970844 0.533869 -10476.172469 0.900819 -10472.992688 0.922663 0.533869 0.021844 0.533869 1.240239   1   1  -1 
2455845.581258 -76.955495 0.369098 -10473.156417 0.461200 -10476.172469 0.900930 -10472.992302 0.736815 0.461200 -0.164115 0.461200 1.240239   1   1  -1 
2455870.498785 -52.037968 0.432240 -10481.818484 0.365314 -10476.172469 1.409965 -10480.323125 -0.085394 0.365314 -1.495359 0.365314 1.240239   1   1  -1 
2455870.504422 -52.032331 0.432254 -10481.151885 0.359240 -10476.172469 1.410067 -10480.318394 0.576576 0.359240 -0.833491 0.359240 1.240239   1   1  -1 
2455874.532217 -48.004536 0.442461 -10477.728868 0.513797 -10476.172469 1.477328 -10477.322691 1.071150 0.513797 -0.406177 0.513797 1.240239   1   1  -1 
2455874.537437 -47.999316 0.442474 -10475.674380 0.695338 -10476.172469 1.477406 -10477.319532 3.122559 0.695338 1.645152 0.695338 1.240239   1   1  -1 
2455878.549549 -43.987204 0.452641 -10474.975638 0.680478 -10476.172469 1.529772 -10476.374356 2.928490 0.680478 1.398718 0.680478 1.240239   1   1  -1 
2455878.554965 -43.981788 0.452654 -10473.200640 0.660711 -10476.172469 1.529830 -10476.375386 4.704576 0.660711 3.174746 0.660711 1.240239   1   1  -1 
2456020.892743 98.355990 0.813345 -10474.892081 0.400252 -10476.172469 -0.730770 -10476.907482 1.284630 0.400252 2.015401 0.400252 1.240239   1   1  -1 
2456020.898160 98.361407 0.813359 -10474.995167 0.390725 -10476.172469 -0.730768 -10476.913127 1.187192 0.390725 1.917960 0.390725 1.240239   1   1  -1 
2456022.889397 100.352644 0.818405 -10478.871489 0.497344 -10476.172469 -0.729928 -10479.006808 -0.594610 0.497344 0.135319 0.497344 1.240239   1   1  -1 
2456022.894884 100.358131 0.818419 -10479.815426 0.556527 -10476.172469 -0.729926 -10479.011821 -1.533530 0.556527 -0.803605 0.556527 1.240239   1   1  -1 
2456024.891353 102.354600 0.823478 -10480.979281 0.428656 -10476.172469 -0.728761 -10479.748032 -1.960009 0.428656 -1.231249 0.428656 1.240239   1   1  -1 
2456024.897048 102.360295 0.823492 -10480.604419 0.407038 -10476.172469 -0.728757 -10479.746193 -1.586983 0.407038 -0.858226 0.407038 1.240239   1   1  -1 
2456028.922257 106.385504 0.833692 -10477.908590 0.345283 -10476.172469 -0.725474 -10476.924372 -1.709692 0.345283 -0.984218 0.345283 1.240239   1   1  -1 
2456029.892891 107.356138 0.836152 -10478.166891 0.543499 -10476.172469 -0.724504 -10476.737135 -2.154260 0.543499 -1.429756 0.543499 1.240239   1   1  -1 
2456029.898354 107.361601 0.836166 -10478.569496 0.519266 -10476.172469 -0.724498 -10476.736869 -2.557125 0.519266 -1.832627 0.519266 1.240239   1   1  -1 
2456031.852968 109.316215 0.841119 -10477.024746 0.408809 -10476.172469 -0.722340 -10477.179176 -0.567910 0.408809 0.154430 0.408809 1.240239   1   1  -1 
2456052.857065 130.320312 0.894344 -10480.793021 0.406318 -10476.172469 -0.683951 -10479.973079 -1.503893 0.406318 -0.819942 0.406318 1.240239   1   1  -1 
2456052.862482 130.325729 0.894358 -10480.156970 0.393840 -10476.172469 -0.683938 -10479.973213 -0.867695 0.393840 -0.183757 0.393840 1.240239   1   1  -1 
2456053.851639 131.314886 0.896865 -10480.816786 0.437473 -10476.172469 -0.681513 -10479.579767 -1.918532 0.437473 -1.237019 0.437473 1.240239   1   1  -1 
2456053.857114 131.320361 0.896879 -10476.986852 0.414343 -10476.172469 -0.681499 -10479.575415 1.907064 0.414343 2.588563 0.414343 1.240239   1   1  -1 
2456054.839916 132.303163 0.899369 -10479.578072 0.266506 -10476.172469 -0.679039 -10478.529244 -1.727866 0.266506 -1.048828 0.266506 1.240239   1   1  -1 
2456055.886865 133.350112 0.902022 -10478.308216 0.254853 -10476.172469 -0.676363 -10477.184953 -1.799626 0.254853 -1.123263 0.254853 1.240239   1   1  -1 
2456056.818146 134.281393 0.904382 -10476.145121 0.446651 -10476.172469 -0.673936 -10476.100929 -0.718128 0.446651 -0.044192 0.446651 1.240239   1   1  -1 
2456056.823714 134.286961 0.904396 -10476.399813 0.406993 -10476.172469 -0.673921 -10476.095050 -0.978684 0.406993 -0.304763 0.406993 1.240239   1   1  -1 
2456078.843392 156.306639 0.960195 -10475.070920 0.323779 -10476.172469 -0.604345 -10477.890667 2.215402 0.323779 2.819747 0.323779 1.240239   1   1  -1 
2456078.849075 156.312322 0.960209 -10475.406297 0.316487 -10476.172469 -0.604324 -10477.893593 1.882971 0.316487 2.487296 0.316487 1.240239   1   1  -1 
2456081.832748 159.295995 0.967770 -10477.091748 0.398009 -10476.172469 -0.593174 -10478.222569 0.537647 0.398009 1.130821 0.398009 1.240239   1   1  -1 
2456081.838651 159.301898 0.967785 -10477.350415 0.323723 -10476.172469 -0.593152 -10478.218326 0.274759 0.323723 0.867911 0.323723 1.240239   1   1  -1 
2456085.820521 163.283768 0.977875 -10474.269371 0.439249 -10476.172469 -0.577648 -10473.662826 -1.184193 0.439249 -0.606545 0.439249 1.240239   1   1  -1 
2456085.826250 163.289497 0.977890 -10473.694203 0.458936 -10476.172469 -0.577625 -10473.658834 -0.612994 0.458936 -0.035369 0.458936 1.240239   1   1  -1 
2456088.742747 166.205994 0.985280 -10472.336592 0.274700 -10476.172469 -0.565818 -10473.302604 0.400194 0.274700 0.966012 0.274700 1.240239   1   1  -1 
2456092.900369 170.363616 0.995816 -10477.981567 0.314413 -10476.172469 -0.548327 -10476.927990 -1.601904 0.314413 -1.053577 0.314413 1.240239   1   1  -1 
2456115.815540 193.278787 0.053884 -10474.774807 0.388096 -10476.172469 -0.437618 -10473.641322 -1.571103 0.388096 -1.133485 0.388096 1.240239   1   1  -1 
2456118.809984 196.273231 0.061472 -10471.978956 0.256427 -10476.172469 -0.421284 -10473.122402 0.722162 0.256427 1.143446 0.256427 1.240239   1   1  -1 
2456121.820367 -195.341899 0.069101 -10475.055286 0.705930 -10476.172469 -0.404400 -10475.379728 -0.079958 0.705930 0.324442 0.705930 1.240239   1   1  -1 
2456149.686124 -167.476142 0.139714 -10478.886301 0.422505 -10476.172469 -0.223753 -10475.522722 -3.587332 0.422505 -3.363579 0.422505 1.240239   1   1  -1 
2456154.723489 -162.438777 0.152479 -10473.222066 0.432559 -10476.172469 -0.185777 -10473.093720 -0.314123 0.432559 -0.128346 0.432559 1.240239   1   1  -1 
2456154.728442 -162.433824 0.152491 -10472.383548 0.640869 -10476.172469 -0.185739 -10473.084530 0.515243 0.640869 0.700982 0.640869 1.240239   1   1  -1 
2456166.527551 -150.634715 0.182391 -10482.638275 0.322758 -10476.172469 -0.089166 -10480.079413 -2.648028 0.322758 -2.558862 0.322758 1.240239   1   1  -1 
2456168.609469 -148.552797 0.187667 -10483.235121 0.485702 -10476.172469 -0.070920 -10480.218488 -3.087553 0.485702 -3.016633 0.485702 1.240239   1   1  -1 
2456168.615105 -148.547161 0.187681 -10482.078140 0.428978 -10476.172469 -0.070870 -10480.214293 -1.934717 0.428978 -1.863847 0.428978 1.240239   1   1  -1 
2456171.510563 -145.651703 0.195018 -10477.310953 0.261955 -10476.172469 -0.044843 -10477.684236 0.328440 0.261955 0.373283 0.261955 1.240239   1   1  -1 
2456173.694840 -143.467426 0.200553 -10472.314153 0.435027 -10476.172469 -0.024690 -10476.727288 4.388445 0.435027 4.413135 0.435027 1.240239   1   1  -1 
2456181.612869 -135.549397 0.220618 -10475.571527 0.304713 -10476.172469 0.052348 -10476.647806 1.128627 0.304713 1.076279 0.304713 1.240239   1   1  -1 
2456186.623747 -130.538519 0.233316 -10470.871523 0.269145 -10476.172469 0.104585 -10471.848236 1.081297 0.269145 0.976713 0.269145 1.240239   1   1  -1 
2456189.666838 -127.495428 0.241027 -10471.752751 0.854916 -10476.172469 0.137738 -10472.760095 1.145082 0.854916 1.007344 0.854916 1.240239   1   1  -1 
2456190.592865 -126.569401 0.243374 -10474.982002 0.436640 -10476.172469 0.148051 -10473.372272 -1.461679 0.436640 -1.609730 0.436640 1.240239   1   1  -1 
2456190.598548 -126.563718 0.243388 -10475.915820 0.410184 -10476.172469 0.148115 -10473.376217 -2.391488 0.410184 -2.539603 0.410184 1.240239   1   1  -1 
2456195.586272 -121.575994 0.256027 -10476.324229 0.455921 -10476.172469 0.205556 -10475.683669 -0.435004 0.455921 -0.640560 0.455921 1.240239   1   1  -1 
2456195.591793 -121.570473 0.256041 -10476.833989 0.456503 -10476.172469 0.205621 -10475.681741 -0.946626 0.456503 -1.152248 0.456503 1.240239   1   1  -1 
2456198.564091 -118.598175 0.263573 -10469.851121 0.593173 -10476.172469 0.241442 -10472.858598 3.248919 0.593173 3.007477 0.593173 1.240239   1   1  -1 
2456198.569866 -118.592400 0.263588 -10469.520142 0.625422 -10476.172469 0.241512 -10472.853438 3.574809 0.625422 3.333296 0.625422 1.240239   1   1  -1 
2456204.547188 -112.615078 0.278734 -10474.005151 0.390830 -10476.172469 0.317411 -10475.551350 1.863610 0.390830 1.546199 0.390830 1.240239   1   1  -1 
2456205.523197 -111.639069 0.281208 -10476.331744 0.223735 -10476.172469 0.330319 -10476.534181 0.532756 0.223735 0.202437 0.223735 1.240239   1   1  -1 
2456208.615737 -108.546529 0.289044 -10479.274458 0.471028 -10476.172469 0.372224 -10477.460753 -1.441481 0.471028 -1.813705 0.471028 1.240239   1   1  -1 
2456209.540800 -107.621466 0.291388 -10475.726000 0.526879 -10476.172469 0.385062 -10476.685410 1.344472 0.526879 0.959410 0.526879 1.240239   1   1  -1 
2456210.532155 -106.630111 0.293901 -10475.727704 0.432092 -10476.172469 0.398980 -10475.110558 -0.218165 0.432092 -0.617146 0.432092 1.240239   1   1  -1 
2456212.523498 -104.638768 0.298947 -10470.032065 0.239792 -10476.172469 0.427443 -10470.521911 0.917290 0.239792 0.489846 0.239792 1.240239   1   1  -1 
2456217.523649 -99.638617 0.311617 -10469.768240 0.370476 -10476.172469 0.502003 -10467.900753 -1.365484 0.370476 -1.867487 0.370476 1.240239   1   1  -1 
2456217.529482 -99.632784 0.311632 -10468.041405 0.361734 -10476.172469 0.502092 -10467.906794 0.367481 0.361734 -0.134611 0.361734 1.240239   1   1  -1 
2456218.587951 -98.574315 0.314314 -10468.491163 0.391645 -10476.172469 0.518463 -10469.220068 1.247368 0.391645 0.728905 0.391645 1.240239   1   1  -1 
2456219.500319 -97.661947 0.316626 -10469.245686 0.247828 -10476.172469 0.532743 -10470.611115 1.898172 0.247828 1.365429 0.247828 1.240239   1   1  -1 
2456220.491327 -96.670939 0.319138 -10472.137625 0.391613 -10476.172469 0.548433 -10472.256777 0.667585 0.391613 0.119152 0.391613 1.240239   1   1  -1 
2456220.514069 -96.648197 0.319195 -10472.572915 0.320320 -10476.172469 0.548795 -10472.295109 0.270989 0.320320 -0.277806 0.320320 1.240239   1   1  -1 
2456409.867093 92.704827 0.799025 -10475.673600 0.617333 -10476.172469 -0.731293 -10476.764572 0.359680 0.617333 1.090972 0.617333 1.240239   1   1  -1 
2456409.872719 92.710453 0.799039 -10476.137178 0.595203 -10476.172469 -0.731293 -10476.765069 -0.103403 0.595203 0.627891 0.595203 1.240239   1   1  -1 
2456416.824768 99.662502 0.816656 -10472.302186 0.550392 -10476.172469 -0.730256 -10472.165697 -0.866745 0.550392 -0.136489 0.550392 1.240239   1   1  -1 
2456416.828565 99.666299 0.816666 -10470.986675 0.545862 -10476.172469 -0.730255 -10472.165309 0.448379 0.545862 1.178634 0.545862 1.240239   1   1  -1 
2456416.832443 99.670177 0.816675 -10471.882453 0.566830 -10476.172469 -0.730253 -10472.164915 -0.447791 0.566830 0.282462 0.566830 1.240239   1   1  -1 
2456432.884915 115.722649 0.857353 -10474.962361 0.393986 -10476.172469 -0.713461 -10474.627787 -1.048035 0.393986 -0.334574 0.393986 1.240239   1   1  -1 
2456432.890124 115.727858 0.857366 -10475.372110 0.450803 -10476.172469 -0.713453 -10474.630002 -1.455561 0.450803 -0.742108 0.450803 1.240239   1   1  -1 
2456433.905268 116.743002 0.859939 -10472.852948 0.738644 -10476.172469 -0.711803 -10475.119215 1.554464 0.738644 2.266267 0.738644 1.240239   1   1  -1 
2456433.910395 116.748129 0.859952 -10474.512391 0.801539 -10476.172469 -0.711795 -10475.121988 -0.102197 0.801539 0.609597 0.801539 1.240239   1   1  -1 
2456434.892458 117.730192 0.862440 -10475.434897 0.484791 -10476.172469 -0.710138 -10475.712355 -0.432681 0.484791 0.277458 0.484791 1.240239   1   1  -1 
2456434.898129 117.735863 0.862455 -10474.106533 0.468854 -10476.172469 -0.710128 -10475.716104 0.899442 0.468854 1.609571 0.468854 1.240239   1   1  -1 
2456437.889188 120.726922 0.870034 -10477.501611 0.400790 -10476.172469 -0.704724 -10477.833238 -0.373097 0.400790 0.331627 0.400790 1.240239   1   1  -1 
2456437.894720 120.732454 0.870048 -10477.202903 0.367888 -10476.172469 -0.704714 -10477.835949 -0.071667 0.367888 0.633046 0.367888 1.240239   1   1  -1 
2456438.860772 121.698506 0.872496 -10477.416873 0.320407 -10476.172469 -0.702855 -10478.067611 -0.052118 0.320407 0.650738 0.320407 1.240239   1   1  -1 
2456441.860316 124.698050 0.880097 -10477.889690 0.423142 -10476.172469 -0.696744 -10476.029320 -2.557113 0.423142 -1.860370 0.423142 1.240239   1   1  -1 
2456454.832361 137.670095 0.912969 -10475.281861 0.354619 -10476.172469 -0.664737 -10474.530125 -1.416473 0.354619 -0.751736 0.354619 1.240239   1   1  -1 
2456454.837894 137.675628 0.912983 -10474.118452 0.355826 -10476.172469 -0.664722 -10474.523860 -0.259314 0.355826 0.405408 0.355826 1.240239   1   1  -1 
2456467.823190 150.660924 0.945888 -10478.702475 0.627828 -10476.172469 -0.624341 -10476.988818 -2.337998 0.627828 -1.713657 0.627828 1.240239   1   1  -1 
2456467.826929 150.664663 0.945898 -10477.017285 0.556688 -10476.172469 -0.624328 -10476.989056 -0.652557 0.556688 -0.028229 0.556688 1.240239   1   1  -1 
2456467.830702 150.668436 0.945908 -10477.517838 0.592918 -10476.172469 -0.624315 -10476.989287 -1.152866 0.592918 -0.528551 0.592918 1.240239   1   1  -1 
2456473.860840 156.698574 0.961188 -10476.447652 0.525661 -10476.172469 -0.602904 -10476.027525 -1.023031 0.525661 -0.420127 0.525661 1.240239   1   1  -1 
2456473.864821 156.702555 0.961198 -10476.577531 0.508451 -10476.172469 -0.602889 -10476.028723 -1.151697 0.508451 -0.548808 0.508451 1.240239   1   1  -1 
2456473.868595 156.706329 0.961208 -10477.152422 0.549460 -10476.172469 -0.602875 -10476.029860 -1.725437 0.549460 -1.122562 0.549460 1.240239   1   1  -1 
2456480.776552 163.614286 0.978713 -10477.791088 0.498216 -10476.172469 -0.576329 -10477.961593 -0.405824 0.498216 0.170505 0.498216 1.240239   1   1  -1 
2456480.782281 163.620015 0.978727 -10479.026503 0.462663 -10476.172469 -0.576306 -10477.961034 -1.641776 0.462663 -1.065469 0.462663 1.240239   1   1  -1 
2456481.631506 164.469240 0.980879 -10479.243238 0.620379 -10476.172469 -0.572895 -10477.698964 -2.117169 0.620379 -1.544274 0.620379 1.240239   1   1  -1 
2456481.637189 164.474923 0.980894 -10479.719427 0.629706 -10476.172469 -0.572872 -10477.695857 -2.596443 0.629706 -2.023570 0.629706 1.240239   1   1  -1 
2456501.599929 184.437663 0.031480 -10471.824389 0.315832 -10476.172469 -0.483259 -10472.444934 0.137286 0.315832 0.620545 0.315832 1.240239   1   1  -1 
2456523.744316 -188.043462 0.087595 -10476.503679 0.283739 -10476.172469 -0.361475 -10476.667337 -0.197817 0.283739 0.163658 0.283739 1.240239   1   1  -1 
2456524.691276 -187.096502 0.089995 -10475.914483 0.351566 -10476.172469 -0.355692 -10476.795531 0.525356 0.351566 0.881048 0.351566 1.240239   1   1  -1 
2456524.696693 -187.091085 0.090009 -10476.491657 0.358347 -10476.172469 -0.355659 -10476.794552 -0.052763 0.358347 0.302895 0.358347 1.240239   1   1  -1 
2456525.743740 -186.044038 0.092662 -10476.578898 0.318867 -10476.172469 -0.349205 -10476.246404 -0.681699 0.318867 -0.332494 0.318867 1.240239   1   1  -1 
2456569.534062 -142.253716 0.203629 -10476.206904 0.538465 -10476.172469 -0.013293 -10475.175279 -1.044918 0.538465 -1.031625 0.538465 1.240239   1   1  -1 
2456585.564665 -126.223113 0.244251 -10473.765867 0.427831 -10476.172469 0.151935 -10474.420575 0.806643 0.427831 0.654708 0.427831 1.240239   1   1  -1 
2456585.568473 -126.219305 0.244261 -10475.180778 0.414412 -10476.172469 0.151978 -10474.416934 -0.611866 0.414412 -0.763844 0.414412 1.240239   1   1  -1 
2456585.572350 -126.215428 0.244270 -10474.743998 0.423051 -10476.172469 0.152022 -10474.413233 -0.178744 0.423051 -0.330765 0.423051 1.240239   1   1  -1 
2456586.547688 -125.240090 0.246742 -10474.360620 0.464286 -10476.172469 0.163044 -10473.651495 -0.546081 0.464286 -0.709125 0.464286 1.240239   1   1  -1 
2456586.551530 -125.236248 0.246752 -10474.580572 0.496503 -10476.172469 0.163088 -10473.649125 -0.768359 0.496503 -0.931447 0.496503 1.240239   1   1  -1 
2456586.555442 -125.232336 0.246762 -10475.256026 0.515154 -10476.172469 0.163132 -10473.646717 -1.446177 0.515154 -1.609309 0.515154 1.240239   1   1  -1 
2456590.510961 -121.276817 0.256785 -10473.364197 0.683759 -10476.172469 0.209106 -10473.033374 -0.121717 0.683759 -0.330823 0.683759 1.240239   1   1  -1 
2456590.514943 -121.272835 0.256795 -10471.788641 0.761395 -10476.172469 0.209153 -10473.034162 1.454675 0.761395 1.245521 0.761395 1.240239   1   1  -1 
2456590.518611 -121.269167 0.256805 -10472.177822 0.643858 -10476.172469 0.209197 -10473.034891 1.066266 0.643858 0.857069 0.643858 1.240239   1   1  -1 
2456765.917789 54.130011 0.701274 -10478.736988 0.356105 -10476.172469 -0.627264 -10477.756074 -1.608179 0.356105 -0.980914 0.356105 1.240239   1   1  -1 
2456765.923021 54.135243 0.701288 -10479.356033 0.359343 -10476.172469 -0.627297 -10477.761008 -2.222323 0.359343 -1.595025 0.359343 1.240239   1   1  -1 
2456789.854143 78.066365 0.761930 -10471.510093 0.391560 -10476.172469 -0.717620 -10471.947434 -0.280279 0.391560 0.437341 0.391560 1.240239   1   1  -1 
2456789.859722 78.071944 0.761945 -10471.639643 0.405092 -10476.172469 -0.717630 -10471.946452 -0.410820 0.405092 0.306809 0.405092 1.240239   1   1  -1 
2456806.890179 95.102401 0.805101 -10477.728101 0.424327 -10476.172469 -0.731419 -10477.573395 -0.886125 0.424327 -0.154706 0.424327 1.240239   1   1  -1 
2456829.893363 118.105585 0.863392 -10474.769093 0.272363 -10476.172469 -0.709489 -10473.864321 -1.614262 0.272363 -0.904772 0.272363 1.240239   1   1  -1 
2456857.748704 145.960926 0.933978 -10473.725387 0.458440 -10476.172469 -0.639873 -10473.809889 -0.555371 0.458440 0.084502 0.458440 1.240239   1   1  -1 
2456857.754433 145.966655 0.933993 -10473.163228 0.448012 -10476.172469 -0.639855 -10473.807779 0.004696 0.448012 0.644551 0.448012 1.240239   1   1  -1 
2456866.784629 154.996851 0.956876 -10479.134302 0.372433 -10476.172469 -0.609113 -10478.110503 -1.632912 0.372433 -1.023799 0.372433 1.240239   1   1  -1 
2456896.727940 184.940162 0.032754 -10476.588857 0.526898 -10476.172469 -0.480766 -10475.183187 -1.886435 0.526898 -1.405670 0.526898 1.240239   1   1  -1 
2456896.733287 184.945509 0.032767 -10476.057196 0.651138 -10476.172469 -0.480739 -10475.180023 -1.357912 0.651138 -0.877173 0.651138 1.240239   1   1  -1 
2457146.919889 40.506599 0.666752 -10475.918297 0.272209 -10476.172469 -0.514434 -10474.913552 -1.519179 0.272209 -1.004745 0.272209 1.240239   1   1  -1 
2457176.844500 70.431210 0.742583 -10464.313000 0.241278 -10462.820511 -0.699789 -10464.348662 -0.664128 0.241278 0.035662 0.241278 1.240239   1   2  -1 
2457180.950532 74.537242 0.752987 -10468.297390 0.305748 -10462.820511 -0.710432 -10468.256178 -0.751644 0.305748 -0.041212 0.305748 1.240239   1   2  -1 
2457180.956053 74.542763 0.753001 -10469.641714 0.321155 -10462.820511 -0.710444 -10468.259790 -2.092368 0.321155 -1.381924 0.321155 1.240239   1   2  -1 
2457307.523708 -193.515094 0.073730 -10460.965808 0.284606 -10462.820511 -0.393925 -10461.609599 0.249867 0.284606 0.643791 0.284606 1.240239   1   2  -1 
2457307.529113 -193.509689 0.073744 -10461.174528 0.295801 -10462.820511 -0.393893 -10461.612878 0.044456 0.295801 0.438350 0.295801 1.240239   1   2  -1 
2457879.840329 -15.823985 0.524008 -10463.101417 0.420408 -10462.820511 1.087657 -10462.453556 0.439796 0.420408 -0.647861 0.420408 1.240239   1   2  -1 
2457968.637355 72.973041 0.749024 -10461.424457 0.383012 -10462.820511 -0.706680 -10462.129648 -0.001489 0.383012 0.705191 0.383012 1.240239   1   2  -1 
2460042.883932 174.092056 0.005264 -10467.619651 0.097183 -10467.587978 -0.531963 -10467.427189 -0.724425 0.097183 -0.192462 0.097183 0.771945   0   0  -1 
2460042.889532 174.097656 0.005278 -10467.826807 0.098837 -10467.587978 -0.531938 -10467.423781 -0.934965 0.098837 -0.403026 0.098837 0.771945   0   0  -1 
2460043.870973 175.079097 0.007765 -10467.810891 0.115769 -10467.587978 -0.527529 -10467.005971 -1.332449 0.115769 -0.804920 0.115769 0.771945   0   0  -1 
2460043.876677 175.084801 0.007780 -10467.827764 0.107743 -10467.587978 -0.527504 -10467.004680 -1.350588 0.107743 -0.823084 0.107743 0.771945   0   0  -1 
2460044.793251 176.001375 0.010102 -10466.216747 0.119007 -10467.587978 -0.523346 -10466.962094 0.222001 0.119007 0.745347 0.119007 0.771945   0   0  -1 
2460044.798982 176.007106 0.010117 -10466.355629 0.118254 -10467.587978 -0.523320 -10466.962772 0.083823 0.118254 0.607143 0.118254 0.771945   0   0  -1 
2460045.773704 176.981828 0.012587 -10468.947680 0.263543 -10467.587978 -0.518857 -10467.205773 -2.260763 0.263543 -1.741907 0.263543 0.771945   0   0  -1 
2460045.779649 176.987773 0.012602 -10468.728031 0.178179 -10467.587978 -0.518829 -10467.207888 -2.038973 0.178179 -1.520143 0.178179 0.771945   0   0  -1 
2460046.786658 177.994782 0.015154 -10466.718679 0.108298 -10467.587978 -0.514172 -10467.629548 0.396697 0.108298 0.910869 0.108298 0.771945   0   0  -1 
2460046.792204 178.000328 0.015168 -10467.571100 0.100449 -10467.587978 -0.514146 -10467.632110 -0.453136 0.100449 0.061010 0.100449 0.771945   0   0  -1 
2460047.789500 178.997624 0.017695 -10468.079684 0.107918 -10467.587978 -0.509487 -10468.107420 -0.481751 0.107918 0.027736 0.107918 0.771945   0   0  -1 
2460047.795047 179.003171 0.017709 -10468.412170 0.104000 -10467.587978 -0.509461 -10468.110095 -0.811537 0.104000 -0.302075 0.104000 0.771945   0   0  -1 
2460048.783364 179.991488 0.020214 -10468.577566 0.129590 -10467.587978 -0.504799 -10468.582129 -0.500235 0.129590 0.004563 0.129590 0.771945   0   0  -1 
2460048.789012 179.997136 0.020228 -10468.027070 0.120793 -10467.587978 -0.504772 -10468.584789 0.052948 0.120793 0.557719 0.120793 0.771945   0   0  -1 
2460049.801102 181.009226 0.022793 -10468.921797 0.111941 -10467.587978 -0.499950 -10469.053138 -0.368609 0.111941 0.131341 0.111941 0.771945   0   0  -1 
2460049.806533 181.014657 0.022806 -10469.044553 0.118675 -10467.587978 -0.499924 -10469.055605 -0.488872 0.118675 0.011052 0.118675 0.771945   0   0  -1 
2460050.776767 181.984891 0.025265 -10470.880979 0.110463 -10467.587978 -0.495256 -10469.486457 -1.889778 0.110463 -1.394522 0.110463 0.771945   0   0  -1 
2460050.782471 181.990595 0.025279 -10470.587932 0.106168 -10467.587978 -0.495229 -10469.488919 -1.594242 0.106168 -1.099013 0.106168 0.771945   0   0  -1 
2460068.823617 -194.593771 0.070996 -10467.442048 0.125458 -10467.587978 -0.400132 -10468.651834 0.809654 0.125458 1.209786 0.125458 0.771945   0   0  -1 
2460068.829253 -194.588135 0.071011 -10468.177705 0.157911 -10467.587978 -0.400099 -10468.656226 0.078421 0.157911 0.478521 0.157911 0.771945   0   0  -1 
2460073.775251 -189.642137 0.083544 -10468.691416 0.136518 -10467.587978 -0.371125 -10469.131020 0.068479 0.136518 0.439604 0.136518 0.771945   0   0  -1 
2460073.780774 -189.636614 0.083558 -10468.532442 0.124641 -10467.587978 -0.371092 -10469.132237 0.228703 0.124641 0.599795 0.124641 0.771945   0   0  -1 
2460076.728213 -186.689175 0.091027 -10468.677012 0.126723 -10467.587978 -0.353189 -10469.787856 0.757656 0.126723 1.110844 0.126723 0.771945   0   0  -1 
2460076.733797 -186.683591 0.091041 -10468.420636 0.121235 -10467.587978 -0.353155 -10469.788564 1.014774 0.121235 1.367928 0.121235 0.771945   0   0  -1 
2460077.755001 -185.662387 0.093629 -10469.796842 0.156253 -10467.587978 -0.346838 -10469.859561 -0.284119 0.156253 0.062719 0.156253 0.771945   0   0  -1 
2460077.760768 -185.656620 0.093644 -10469.832216 0.150546 -10467.587978 -0.346802 -10469.859624 -0.319394 0.150546 0.027408 0.150546 0.771945   0   0  -1 
2460078.818364 -184.599024 0.096324 -10470.121344 0.118065 -10467.587978 -0.340197 -10469.808777 -0.652763 0.118065 -0.312567 0.118065 0.771945   0   0  -1 
2460078.823976 -184.593412 0.096338 -10470.631326 0.115757 -10467.587978 -0.340161 -10469.808193 -1.163294 0.115757 -0.823133 0.115757 0.771945   0   0  -1 
2460079.846559 -183.570829 0.098929 -10469.784428 0.112864 -10467.587978 -0.333713 -10469.655284 -0.462857 0.112864 -0.129144 0.112864 0.771945   0   0  -1 
2460079.852048 -183.565340 0.098943 -10469.613740 0.114319 -10467.587978 -0.333678 -10469.654243 -0.293176 0.114319 0.040503 0.114319 0.771945   0   0  -1 
2460080.730235 -182.687153 0.101168 -10469.772583 0.121764 -10467.587978 -0.328092 -10469.462974 -0.637700 0.121764 -0.309609 0.121764 0.771945   0   0  -1 
2460080.735864 -182.681524 0.101183 -10469.610615 0.112383 -10467.587978 -0.328056 -10469.461595 -0.477076 0.112383 -0.149020 0.112383 0.771945   0   0  -1 
2460082.755256 -180.662132 0.106300 -10469.121371 0.143393 -10467.587978 -0.315036 -10468.709587 -0.726821 0.143393 -0.411784 0.143393 0.771945   0   0  -1 
2460082.760842 -180.656546 0.106314 -10468.518798 0.129661 -10467.587978 -0.315000 -10468.706203 -0.127595 0.129661 0.187405 0.129661 0.771945   0   0  -1 
2460086.748603 -176.668785 0.116419 -10463.771857 0.096592 -10467.587978 -0.288565 -10464.672419 0.611997 0.096592 0.900562 0.096592 0.771945   0   0  -1 
2460086.754324 -176.663064 0.116434 -10464.310069 0.104158 -10467.587978 -0.288526 -10464.668785 0.070190 0.104158 0.358716 0.104158 0.771945   0   0  -1 
2460199.601214 -63.816174 0.402393 -10467.857782 0.194625 -10467.587978 1.172607 -10468.314978 1.629803 0.194625 0.457196 0.194625 0.771945   0   0  -1 
2460199.607025 -63.810363 0.402408 -10469.302924 0.190719 -10467.587978 1.172730 -10468.310074 0.179880 0.190719 -0.992850 0.190719 0.771945   0   0  -1 
2460201.515076 -61.902312 0.407243 -10466.554990 0.136306 -10467.587978 1.212979 -10466.926474 1.584463 0.136306 0.371484 0.136306 0.771945   0   0  -1 
2460201.520627 -61.896761 0.407257 -10466.389365 0.147106 -10467.587978 1.213096 -10466.923662 1.747393 0.147106 0.534297 0.147106 0.771945   0   0  -1 
2460202.533617 -60.883771 0.409824 -10465.659465 0.116368 -10467.587978 1.234360 -10466.538482 2.113376 0.116368 0.879017 0.116368 0.771945   0   0  -1 
2460202.539273 -60.878115 0.409838 -10465.508485 0.110234 -10467.587978 1.234478 -10466.536994 2.262987 0.110234 1.028509 0.110234 0.771945   0   0  -1 
2460203.571018 -59.846370 0.412453 -10465.844882 0.168626 -10467.587978 1.256013 -10466.367663 1.778793 0.168626 0.522781 0.168626 0.771945   0   0  -1 
2460203.577196 -59.840192 0.412469 -10465.648256 0.180164 -10467.587978 1.256141 -10466.367203 1.975088 0.180164 0.718947 0.180164 0.771945   0   0  -1 
2460204.530857 -58.886531 0.414885 -10467.427115 0.098515 -10467.587978 1.275899 -10466.363779 0.212563 0.098515 -1.063336 0.098515 0.771945   0   0  -1 
2460204.536387 -58.881001 0.414899 -10466.800940 0.104273 -10467.587978 1.276013 -10466.364131 0.839204 0.104273 -0.436809 0.104273 0.771945   0   0  -1 
2460205.516019 -57.901369 0.417382 -10468.149301 0.122140 -10467.587978 1.296123 -10466.491170 -0.362009 0.122140 -1.658131 0.122140 0.771945   0   0  -1 
2460205.521490 -57.895898 0.417395 -10467.759986 0.108265 -10467.587978 1.296234 -10466.492242 0.028491 0.108265 -1.267744 0.108265 0.771945   0   0  -1 
2460206.534104 -56.883284 0.419961 -10467.984215 0.123507 -10467.587978 1.316777 -10466.764136 0.096698 0.123507 -1.220079 0.123507 0.771945   0   0  -1 
2460206.539634 -56.877754 0.419975 -10467.395836 0.112931 -10467.587978 1.316889 -10466.766038 0.687091 0.112931 -0.629798 0.112931 0.771945   0   0  -1 
2460208.612713 -54.804675 0.425229 -10467.863703 0.119086 -10467.587978 1.357958 -10467.827250 1.321505 0.119086 -0.036453 0.119086 0.771945   0   0  -1 
2460208.618030 -54.799358 0.425242 -10468.124237 0.122661 -10467.587978 1.358061 -10467.830850 1.064673 0.122661 -0.293387 0.122661 0.771945   0   0  -1 
2460209.504007 -53.913381 0.427487 -10468.350357 0.247406 -10467.587978 1.375112 -10468.475855 1.500610 0.247406 0.125498 0.247406 0.771945   0   0  -1 
2460209.509978 -53.907410 0.427502 -10468.742438 0.220522 -10467.587978 1.375225 -10468.480419 1.113206 0.220522 -0.262019 0.220522 0.771945   0   0  -1 
2460210.587394 -52.829994 0.430233 -10468.232795 0.137683 -10467.587978 1.395469 -10469.282670 2.445345 0.137683 1.049875 0.137683 0.771945   0   0  -1 
2460210.593026 -52.824362 0.430247 -10467.916827 0.147704 -10467.587978 1.395574 -10469.286467 2.765214 0.147704 1.369640 0.147704 0.771945   0   0  -1 
2460211.516295 -51.901093 0.432587 -10469.090653 0.190231 -10467.587978 1.412434 -10469.759908 2.081689 0.190231 0.669255 0.190231 0.771945   0   0  -1 
2460211.522268 -51.895120 0.432602 -10468.782398 0.153085 -10467.587978 1.412542 -10469.761699 2.391843 0.153085 0.979301 0.153085 0.771945   0   0  -1 
