# time model 
2455007.429878 0.000013 
2455009.144006 0.000015 
2455010.858134 0.000014 
2455012.572262 0.000009 
2455014.286390 0.000004 
2455016.000517 0.000003 
2455017.714645 0.000000 
2455019.428773 -0.000009 
2455021.142901 -0.000024 
2455022.857029 -0.000032 
2455024.571157 -0.000019 
2455026.285285 0.000009 
2455027.999413 0.000034 
2455029.713541 0.000045 
2455031.427669 0.000038 
2455033.141797 0.000023 
2455034.855925 0.000015 
2455036.570053 0.000012 
2455038.284181 -0.000009 
2455039.998308 -0.000053 
2455041.712436 -0.000101 
2455043.426564 -0.000113 
2455045.140692 -0.000065 
2455046.854820 0.000010 
2455048.568948 0.000064 
2455050.283076 0.000078 
2455051.997204 0.000052 
2455053.711332 0.000023 
2455055.425460 0.000018 
2455057.139588 -0.000001 
2455058.853716 -0.000073 
2455060.567844 -0.000183 
2455062.281972 -0.000272 
2455063.996099 -0.000258 
2455065.710227 -0.000136 
2455067.424355 0.000001 
2455069.138483 0.000076 
2455070.852611 0.000069 
2455072.566739 0.000014 
2455074.280867 -0.000013 
2455075.994995 -0.000013 
2455077.709123 -0.000081 
2455079.423251 -0.000240 
2455081.137379 -0.000425 
2455082.851507 -0.000527 
2455084.565635 -0.000439 
2455086.279763 -0.000224 
2455087.993890 -0.000054 
2455089.708018 -0.000000 
2455091.422146 -0.000046 
2455093.136274 -0.000113 
2455094.850402 -0.000111 
2455096.564530 -0.000125 
2455098.278658 -0.000269 
2455099.992786 -0.000495 
2455101.706914 -0.000703 
2455103.421042 -0.000763 
2455105.135170 -0.000584 
2455106.849298 -0.000338 
2455108.563426 -0.000224 
2455110.277554 -0.000230 
2455111.991681 -0.000297 
2455113.705809 -0.000328 
2455115.419937 -0.000288 
2455117.134065 -0.000333 
2455118.848193 -0.000498 
2455120.562321 -0.000671 
2455122.276449 -0.000820 
2455123.990577 -0.000814 
2455125.704705 -0.000619 
2455127.418833 -0.000498 
2455129.132961 -0.000522 
2455130.847089 -0.000566 
2455132.561217 -0.000601 
2455134.275345 -0.000568 
2455135.989472 -0.000504 
2455137.703600 -0.000527 
2455139.417728 -0.000537 
2455141.131856 -0.000527 
2455142.845984 -0.000576 
2455144.560112 -0.000534 
2455146.274240 -0.000469 
2455147.988368 -0.000588 
2455149.702496 -0.000724 
2455151.416624 -0.000757 
2455153.130752 -0.000755 
2455154.844880 -0.000685 
2455156.559008 -0.000598 
2455158.273136 -0.000486 
2455159.987263 -0.000269 
2455161.701391 -0.000112 
2455163.415519 -0.000014 
2455165.129647 0.000135 
2455166.843775 0.000100 
2455168.557903 -0.000139 
2455170.272031 -0.000320 
2455171.986159 -0.000445 
2455173.700287 -0.000498 
2455175.414415 -0.000450 
2455177.128543 -0.000431 
2455178.842671 -0.000444 
2455180.556799 -0.000455 
2455182.270927 -0.000258 
2455183.985054 0.000461 
2455185.699182 0.001313 
2455187.413310 0.001699 
2455189.127438 0.001583 
2455190.841566 0.001069 
2455192.555694 0.000524 
2455194.269822 0.000354 
2455195.983950 0.000130 
2455197.698078 -0.000758 
2455199.412206 -0.002294 
2455201.126334 -0.003486 
2455202.840462 -0.002622 
2455204.554590 0.000348 
2455206.268718 0.003378 
2455207.982845 0.004970 
2455209.696973 0.004607 
2455211.411101 0.002880 
2455213.125229 0.001777 
2455214.839357 0.001472 
2455216.553485 -0.000302 
2455218.267613 -0.004712 
2455219.981741 -0.010313 
2455221.695869 -0.012861 
2455223.409997 -0.008742 
2455225.124125 -0.000509 
2455226.838253 0.006358 
2455228.552381 0.008928 
2455230.266509 0.006708 
2455231.980636 0.003097 
2455233.694764 0.002121 
2455235.408892 0.000833 
2455237.123020 -0.005961 
2455238.837148 -0.017906 
2455240.551276 -0.029210 
2455242.265404 -0.030532 
2455243.979532 -0.018550 
2455245.693660 -0.002496 
2455247.407788 0.007688 
2455249.121916 0.008806 
2455250.836044 0.003010 
2455252.550172 -0.001234 
2455254.264300 -0.001117 
2455255.978427 -0.006515 
2455257.692555 -0.022751 
2455259.406683 -0.043941 
2455261.120811 -0.058606 
2455262.834939 -0.053320 
2455264.549067 -0.030272 
2455266.263195 -0.008724 
2455267.977323 0.000106 
2455269.691451 -0.003237 
2455271.405579 -0.011440 
2455273.119707 -0.012873 
2455274.833835 -0.012552 
2455276.547963 -0.025818 
2455278.262091 -0.050533 
2455279.976218 -0.075645 
2455281.690346 -0.087432 
2455283.404474 -0.072008 
2455285.118602 -0.043009 
2455286.832730 -0.026286 
2455288.546858 -0.024664 
2455290.260986 -0.031512 
2455291.975114 -0.036984 
2455293.689242 -0.033105 
2455295.403370 -0.035035 
2455297.117498 -0.052207 
2455298.831626 -0.072516 
2455300.545754 -0.090863 
2455302.259881 -0.095291 
2455303.974009 -0.075530 
2455305.688137 -0.057490 
2455307.402265 -0.057811 
2455309.116393 -0.062885 
2455310.830521 -0.067410 
2455312.544649 -0.065790 
2455314.258777 -0.057843 
2455315.972905 -0.058788 
2455317.687033 -0.061772 
2455319.401161 -0.060360 
2455321.115289 -0.065718 
2455322.829417 -0.064057 
2455324.543545 -0.054235 
2455326.257672 -0.063373 
2455327.971800 -0.080533 
2455329.685928 -0.085973 
2455331.400056 -0.086590 
2455333.114184 -0.080227 
2455334.828312 -0.069993 
2455336.542440 -0.059253 
2455338.256568 -0.036388 
2455339.970696 -0.015815 
2455341.684824 -0.005652 
2455343.398952 0.010746 
2455345.113080 0.012865 
2455346.827208 -0.012377 
2455348.541336 -0.035271 
2455350.255463 -0.049626 
2455351.969591 -0.057945 
2455353.683719 -0.053660 
2455355.397847 -0.049658 
2455357.111975 -0.049792 
2455358.826103 -0.050097 
2455360.540231 -0.035818 
2455362.254359 0.032386 
2455363.968487 0.130500 
2455365.682615 0.185096 
2455367.396743 0.181541 
2455369.110871 0.131599 
2455370.824999 0.066261 
2455372.539127 0.039324 
2455374.253254 0.022985 
2455375.967382 -0.057325 
2455377.681510 -0.216647 
2455379.395638 -0.371490 
2455381.109766 -0.332167 
2455382.823894 -0.033646 
2455384.538022 0.321842 
2455386.252150 0.538687 
2455387.966278 0.543435 
2455389.680406 0.365076 
2455391.394534 0.212583 
2455393.108662 0.176972 
2455394.822790 0.032093 
2455396.536918 -0.403055 
2455398.251045 -1.031367 
2455399.965173 -1.433309 
2455401.679301 -1.125979 
2455403.393429 -0.243441 
2455405.107557 0.596980 
2455406.821685 0.998341 
2455408.535813 0.845274 
2455410.249941 0.420112 
2455411.964069 0.246112 
2455413.678197 0.166329 
2455415.392325 -0.449390 
2455417.106453 -1.708930 
2455418.820581 -3.076768 
2455420.534709 -3.531850 
2455422.248836 -2.440214 
2455423.962964 -0.608874 
2455425.677092 0.727800 
2455427.391220 1.068571 
2455429.105348 0.512954 
2455430.819476 -0.082463 
2455432.533604 -0.110298 
2455434.247732 -0.495110 
2455435.961860 -2.102915 
2455437.675988 -4.472456 
2455439.390116 -6.419109 
2455441.104244 -6.353585 
2455442.818372 -4.001827 
2455444.532500 -1.357448 
2455446.246627 -0.035862 
2455447.960755 -0.165043 
2455449.674883 -1.102511 
2455451.389011 -1.472992 
2455453.103139 -1.317858 
2455454.817267 -2.448816 
2455456.531395 -5.097219 
2455458.245523 -8.049022 
2455459.959651 -9.870551 
2455461.673779 -8.753586 
2455463.387907 -5.485358 
2455465.102035 -3.162538 
2455466.816163 -2.678967 
2455468.530291 -3.322031 
2455470.244418 -4.113335 
2455471.958546 -3.839329 
2455473.672674 -3.737985 
2455475.386802 -5.433177 
2455477.100930 -7.792761 
2455478.815058 -9.992967 
2455480.529186 -11.017849 
2455482.243314 -9.194255 
2455483.957442 -6.761741 
2455485.671570 -6.415817 
2455487.385698 -6.976670 
2455489.099826 -7.525259 
2455490.813954 -7.576484 
2455492.528082 -6.684247 
2455494.242209 -6.546559 
2455495.956337 -7.038939 
2455497.670465 -6.908521 
2455499.384593 -7.398201 
2455501.098721 -7.582321 
2455502.812849 -6.434691 
2455504.526977 -6.971434 
2455506.241105 -9.051648 
2455507.955233 -9.929004 
2455509.669361 -10.031055 
2455511.383489 -9.458437 
2455513.097617 -8.206316 
2455514.811745 -6.942982 
2455516.525873 -4.241546 
2455518.240000 -1.202771 
2455519.954128 -0.354067 
2455521.668256 -0.239704 
2455523.382384 -1.317389 
2455525.096512 -5.138489 
2455526.810640 -8.309540 
2455528.524768 -9.109540 
2455530.238896 -9.148203 
2455531.953024 -8.330350 
2455533.667152 -6.675014 
2455535.381280 -3.642166 
2455537.095408 1.235875 
2455538.809536 4.808089 
2455540.523664 5.657804 
2455542.237791 4.923096 
2455543.951919 1.488307 
2455545.666047 -3.306943 
2455547.380175 -5.793043 
2455549.094303 -6.373947 
2455550.808431 -6.336669 
2455552.522559 -5.362743 
2455554.236687 -3.326185 
2455555.950815 0.442259 
2455557.664943 4.824992 
2455559.379071 7.125525 
2455561.093199 7.251979 
2455562.807327 5.380621 
2455564.521455 1.369622 
2455566.235582 -2.107319 
2455567.949710 -3.370544 
2455569.663838 -3.652160 
2455571.377966 -3.380860 
2455573.092094 -2.326824 
2455574.806222 -0.355131 
2455576.520350 2.638901 
2455578.234478 5.255550 
2455579.948606 6.200763 
2455581.662734 5.532565 
2455583.376862 3.151896 
2455585.090990 0.103306 
2455586.805118 -1.564543 
2455588.519246 -1.886110 
2455590.233373 -1.818532 
2455591.947501 -1.321605 
2455593.661629 -0.416907 
2455595.375757 0.891632 
2455597.089885 2.562801 
2455598.804013 3.745510 
2455600.518141 3.761154 
2455602.232269 2.458002 
2455603.946397 0.198808 
2455605.660525 -1.491933 
2455607.374653 -1.735015 
2455609.088781 -1.445625 
2455610.802909 -1.132845 
2455612.517037 -0.655363 
2455614.231164 -0.267182 
2455615.945292 0.227868 
2455617.659420 1.006200 
2455619.373548 1.364688 
2455621.087676 0.704998 
2455622.801804 -1.004355 
2455624.515932 -2.789440 
2455626.230060 -3.129403 
2455627.944188 -2.371050 
2455629.658316 -1.888341 
2455631.372444 -1.702249 
2455633.086572 -1.703586 
2455634.800700 -1.967748 
2455636.514828 -1.890040 
2455638.228955 -1.572443 
2455639.943083 -1.759842 
2455641.657211 -2.780835 
2455643.371339 -4.438137 
2455645.085467 -5.229513 
2455646.799595 -4.219720 
2455648.513723 -3.100955 
2455650.227851 -3.075783 
2455651.941979 -3.555948 
2455653.656107 -4.230843 
2455655.370235 -4.723655 
2455657.084363 -4.795623 
2455658.798491 -4.939495 
2455660.512619 -5.262741 
2455662.226746 -5.956881 
2455663.940874 -6.719293 
2455665.655002 -5.962415 
2455667.369130 -4.136860 
2455669.083258 -3.619627 
2455670.797386 -4.585229 
2455672.511514 -5.682845 
2455674.225642 -6.291327 
2455675.939770 -6.574523 
2455677.653898 -7.087861 
2455679.368026 -7.490948 
2455681.082154 -7.265395 
2455682.796282 -7.034845 
2455684.510410 -6.383822 
2455686.224537 -4.438152 
2455687.938665 -2.933669 
2455689.652793 -3.615345 
2455691.366921 -5.144719 
2455693.081049 -5.656731 
2455694.795177 -5.481048 
2455696.509305 -6.001712 
2455698.223433 -7.059372 
2455699.937561 -7.246505 
2455701.651689 -6.538003 
2455703.365817 -5.670900 
2455705.079945 -4.125798 
2455706.794073 -2.132342 
2455708.508201 -1.818881 
2455710.222328 -3.412049 
2455711.936456 -4.285356 
2455713.650584 -3.638939 
2455715.364712 -3.476209 
2455717.078840 -4.516106 
2455718.792968 -5.431213 
2455720.507096 -5.413875 
2455722.221224 -4.840306 
2455723.935352 -3.922302 
2455725.649480 -2.363129 
2455727.363608 -1.282805 
2455729.077736 -2.293039 
2455730.791864 -3.677147 
2455732.505992 -3.187466 
2455734.220119 -2.358857 
2455735.934247 -2.701264 
2455737.648375 -3.372559 
2455739.362503 -3.851002 
2455741.076631 -4.084184 
2455742.790759 -4.036511 
2455744.504887 -3.538963 
2455746.219015 -2.575833 
2455747.933143 -2.759192 
2455749.647271 -4.119336 
2455751.361399 -3.902275 
2455753.075527 -2.522220 
2455754.789655 -2.306577 
2455756.503783 -2.653135 
2455758.217910 -2.917326 
2455759.932038 -3.395452 
2455761.646166 -3.882701 
2455763.360294 -4.394475 
2455765.074422 -4.287681 
2455766.788550 -3.953115 
2455768.502678 -4.799782 
2455770.216806 -4.878146 
2455771.930934 -3.067315 
2455773.645062 -2.354141 
2455775.359190 -3.231052 
2455777.073318 -3.861809 
2455778.787446 -3.969452 
2455780.501574 -3.681721 
2455782.215701 -3.886972 
2455783.929829 -4.547891 
2455785.643957 -4.349111 
2455787.358085 -4.546021 
2455789.072213 -5.095738 
2455790.786341 -3.646430 
2455792.500469 -2.376239 
2455794.214597 -3.880391 
2455795.928725 -5.957091 
2455797.642853 -6.369540 
2455799.356981 -4.733125 
2455801.071109 -2.734210 
2455802.785237 -2.563559 
2455804.499365 -2.848520 
2455806.213492 -2.951437 
2455807.927620 -4.195409 
2455809.641748 -4.385895 
2455811.355876 -3.030897 
2455813.070004 -3.853539 
2455814.784132 -6.649418 
2455816.498260 -7.973751 
2455818.212388 -6.242718 
2455819.926516 -2.474599 
2455821.640644 0.039495 
2455823.354772 0.305929 
2455825.068900 -0.157520 
2455826.783028 -2.149030 
2455828.497156 -4.797147 
2455830.211283 -4.965704 
2455831.925411 -4.367040 
2455833.639539 -5.683523 
2455835.353667 -6.927707 
2455837.067795 -5.905685 
2455838.781923 -2.864289 
2455840.496051 0.418506 
2455842.210179 2.090979 
2455843.924307 2.126270 
2455845.638435 0.192768 
2455847.352563 -3.943471 
2455849.066691 -6.811637 
2455850.780819 -6.225918 
2455852.494947 -5.141426 
2455854.209074 -5.087964 
2455855.923202 -4.460455 
2455857.637330 -3.103170 
2455859.351458 -1.673268 
2455861.065586 -0.065811 
2455862.779714 1.247909 
2455864.493842 0.848873 
2455866.207970 -2.425978 
2455867.922098 -6.727405 
2455869.636226 -7.923556 
2455871.350354 -5.859050 
2455873.064482 -4.001502 
2455874.778610 -3.120324 
2455876.492738 -2.609940 
2455878.206865 -3.088878 
2455879.920993 -3.443700 
2455881.635121 -2.141316 
2455883.349249 -0.712067 
2455885.063377 -1.575686 
2455886.777505 -4.769492 
2455888.491633 -7.279249 
2455890.205761 -6.377481 
2455891.919889 -3.754158 
2455893.634017 -2.174300 
2455895.348145 -1.693199 
2455897.062273 -2.455572 
2455898.776401 -4.211844 
2455900.490529 -4.503327 
2455902.204656 -2.860874 
2455903.918784 -1.817429 
2455905.632912 -2.840608 
2455907.347040 -4.843727 
2455909.061168 -5.334338 
2455910.775296 -3.543642 
2455912.489424 -1.615329 
2455914.203552 -0.889490 
2455915.917680 -1.211221 
2455917.631808 -2.728633 
2455919.345936 -4.156283 
2455921.060064 -3.725495 
2455922.774192 -2.395041 
2455924.488320 -1.991498 
2455926.202447 -2.709079 
2455927.916575 -3.423446 
2455929.630703 -2.801857 
2455931.344831 -1.230714 
2455933.058959 -0.282600 
2455934.773087 -0.316013 
2455936.487215 -1.132393 
2455938.201343 -2.432354 
2455939.915471 -3.007452 
2455941.629599 -2.483857 
2455943.343727 -1.913408 
2455945.057855 -1.857088 
2455946.771983 -2.116057 
2455948.486111 -2.025722 
2455950.200238 -1.000917 
2455951.914366 0.130467 
2455953.628494 0.303106 
2455955.342622 -0.247113 
2455957.056750 -1.071186 
2455958.770878 -1.816726 
2455960.485006 -2.059027 
2455962.199134 -2.054747 
2455963.913262 -2.074785 
2455965.627390 -2.031227 
2455967.341518 -1.969949 
2455969.055646 -1.344217 
2455970.769774 0.015704 
2455972.483902 0.692938 
2455974.198029 0.141578 
2455975.912157 -0.610946 
2455977.626285 -1.175607 
2455979.340413 -1.681176 
2455981.054541 -2.204787 
2455982.768669 -2.781635 
2455984.482797 -2.953704 
2455986.196925 -2.781271 
2455987.911053 -2.425711 
2455989.625181 -1.090359 
2455991.339309 0.392362 
2455993.053437 0.162727 
2455994.767565 -0.899635 
2455996.481693 -1.376613 
2455998.195820 -1.739001 
2455999.909948 -2.423768 
2456001.624076 -3.415472 
2456003.338204 -4.193811 
2456005.052332 -4.129816 
2456006.766460 -3.760508 
2456008.480588 -2.837724 
2456010.194716 -1.001941 
2456011.908844 -0.470967 
2456013.622972 -1.769365 
2456015.337100 -2.415336 
2456017.051228 -2.262697 
2456018.765356 -2.667176 
2456020.479484 -3.653817 
2456022.193611 -4.829212 
2456023.907739 -5.279685 
2456025.621867 -4.785723 
2456027.335995 -4.009751 
2456029.050123 -2.599278 
2456030.764251 -1.682450 
2456032.478379 -2.914726 
2456034.192507 -3.986417 
2456035.906635 -3.203387 
2456037.620763 -2.673599 
2456039.334891 -3.313905 
2456041.049019 -4.399867 
2456042.763147 -5.303720 
2456044.477275 -5.117809 
2456046.191402 -4.037183 
2456047.905530 -2.750190 
2456049.619658 -1.964379 
2456051.333786 -3.085860 
2456053.047914 -4.694709 
2456054.762042 -3.871752 
2456056.476170 -2.131472 
2456058.190298 -2.038688 
2456059.904426 -2.964273 
2456061.618554 -3.966693 
2456063.332682 -4.388196 
2456065.046810 -3.429286 
2456066.760938 -1.615926 
2456068.475066 -0.353076 
2456070.189193 -1.012809 
2456071.903321 -2.893855 
2456073.617449 -2.874530 
2456075.331577 -0.797328 
2456077.045705 0.163352 
2456078.759833 -0.619546 
2456080.473961 -1.733244 
2456082.188089 -2.610775 
2456083.902217 -2.465166 
2456085.616345 -0.827063 
2456087.330473 1.040351 
2456089.044601 1.292262 
2456090.758729 -0.129055 
2456092.472857 -0.712410 
2456094.186984 0.853419 
2456095.901112 2.265937 
2456097.615240 1.860348 
2456099.329368 0.642261 
2456101.043496 -0.521077 
2456102.757624 -1.157557 
2456104.471752 -0.560875 
2456106.185880 0.816057 
2456107.900008 1.394123 
2456109.614136 0.668672 
2456111.328264 0.391538 
2456113.042392 1.917319 
2456114.756520 3.601814 
2456116.470648 3.631533 
2456118.184775 2.530749 
2456119.898903 1.147583 
2456121.613031 -0.037710 
2456123.327159 -0.297387 
2456125.041287 0.154723 
2456126.755415 0.121591 
2456128.469543 -0.694941 
2456130.183671 -0.700863 
2456131.897799 1.432517 
2456133.611927 3.934783 
2456135.326055 4.499166 
2456137.040183 3.665196 
2456138.754311 2.333955 
2456140.468439 0.636953 
2456142.182566 -0.260412 
2456143.896694 -0.088389 
2456145.610822 -0.484243 
2456147.324950 -1.944848 
2456149.039078 -2.625738 
2456150.753206 -0.687459 
2456152.467334 2.482318 
2456154.181462 3.815294 
2456155.895590 3.531979 
2456157.609718 3.043223 
2456159.323846 1.524787 
2456161.037974 -0.200465 
2456162.752102 -0.145674 
2456164.466230 0.129558 
2456166.180357 -1.277278 
2456167.894485 -2.732277 
2456169.608613 -1.842792 
2456171.322741 0.864867 
2456173.036869 2.442372 
2456174.750997 2.564061 
2456176.465125 3.373900 
2456178.179253 3.462511 
2456179.893381 1.367142 
2456181.607509 0.352836 
2456183.321637 1.255022 
2456185.035765 0.868004 
2456186.749893 -0.541254 
2456188.464021 -0.032279 
2456190.178148 2.396721 
2456191.892276 3.935881 
2456193.606404 3.771812 
2456195.320532 4.721519 
2456197.034660 6.588589 
2456198.748788 5.454238 
2456200.462916 2.779322 
2456202.177044 2.581511 
2456203.891172 2.948706 
2456205.605300 1.947524 
2456207.319428 2.446312 
2456209.033556 5.503944 
2456210.747684 7.894133 
2456212.461812 7.603461 
2456214.175939 7.323033 
2456215.890067 9.242843 
2456217.604195 9.800088 
2456219.318323 6.829639 
2456221.032451 4.413724 
2456222.746579 4.141022 
2456224.460707 3.425124 
2456226.174835 3.222046 
2456227.888963 5.908968 
2456229.603091 9.326060 
2456231.317219 10.033024 
2456233.031347 8.950246 
2456234.745475 9.439444 
2456236.459603 10.729084 
2456238.173730 9.251619 
2456239.887858 6.044087 
2456241.601986 4.404547 
2456243.316114 3.675957 
2456245.030242 2.920246 
2456246.744370 4.033999 
2456248.458498 7.034750 
2456250.172626 8.876796 
2456251.886754 8.343271 
2456253.600882 7.721842 
2456255.315010 8.414606 
2456257.029138 8.342323 
2456258.743266 6.227823 
2456260.457394 4.084440 
2456262.171521 3.070326 
2456263.885649 2.321778 
2456265.599777 2.242640 
2456267.313905 3.753639 
2456269.028033 5.601596 
2456270.742161 5.996698 
2456272.456289 5.387324 
2456274.170417 5.312847 
2456275.884545 5.552355 
2456277.598673 4.786753 
2456279.312801 3.280334 
2456281.026929 2.209700 
2456282.741057 1.609053 
2456284.455185 1.239508 
2456286.169312 1.595821 
2456287.883440 2.643953 
2456289.597568 3.372620 
2456291.311696 3.284445 
2456293.025824 3.012162 
2456294.739952 3.029203 
2456296.454080 2.878589 
2456298.168208 2.219970 
2456299.882336 1.482355 
2456301.596464 1.018929 
2456303.310592 0.748570 
2456305.024720 0.733051 
2456306.738848 1.146151 
2456308.452976 1.759534 
2456310.167103 2.086703 
2456311.881231 2.008210 
2456313.595359 1.843968 
2456315.309487 1.747657 
2456317.023615 1.530492 
2456318.737743 1.152096 
2456320.451871 0.812330 
2456322.165999 0.627025 
2456323.880127 0.618858 
2456325.594255 0.860992 
2456327.308383 1.427906 
2456329.022511 2.118066 
2456330.736639 2.419931 
2456332.450767 2.195740 
2456334.164894 1.902826 
2456335.879022 1.753899 
2456337.593150 1.532002 
2456339.307278 1.203638 
2456341.021406 0.959549 
2456342.735534 0.955046 
2456344.449662 1.241566 
2456346.163790 1.903805 
2456347.877918 3.026911 
2456349.592046 4.006389 
2456351.306174 3.966635 
2456353.020302 3.302247 
2456354.734430 2.938443 
2456356.448558 2.747160 
2456358.162685 2.330558 
2456359.876813 1.860458 
2456361.590941 1.688432 
2456363.305069 2.009887 
2456365.019197 2.765261 
2456366.733325 4.111871 
2456368.447453 5.876594 
2456370.161581 6.547229 
2456371.875709 5.577085 
2456373.589837 4.637712 
2456375.303965 4.404918 
2456377.018093 3.991166 
2456378.732221 3.255151 
2456380.446349 2.740757 
2456382.160476 2.951369 
2456383.874604 3.839459 
2456385.588732 5.062651 
2456387.302860 6.945690 
2456389.016988 8.517421 
2456390.731116 7.784933 
2456392.445244 6.020302 
2456394.159372 5.504606 
2456395.873500 5.376690 
2456397.587628 4.601142 
2456399.301756 3.771327 
2456401.015884 3.690855 
2456402.730012 4.737622 
2456404.444140 5.990516 
2456406.158267 7.081752 
2456407.872395 8.529966 
2456409.586523 8.437685 
2456411.300651 6.155599 
2456413.014779 4.925514 
2456414.728907 5.278830 
2456416.443035 4.995842 
2456418.157163 4.137255 
2456419.871291 3.802276 
2456421.585419 4.817367 
2456423.299547 6.607163 
2456425.013675 7.221458 
2456426.727803 7.236104 
2456428.441931 7.126856 
2456430.156058 5.094985 
2456431.870186 2.997050 
2456433.584314 3.430739 
2456435.298442 4.181284 
2456437.012570 3.746314 
2456438.726698 3.331215 
2456440.440826 4.030798 
2456442.154954 6.223897 
2456443.869082 7.641614 
2456445.583210 6.754638 
2456447.297338 5.666472 
2456449.011466 4.277673 
2456450.725594 1.957566 
2456452.439722 1.564108 
2456454.153849 3.026963 
2456455.867977 3.509544 
2456457.582105 3.148664 
2456459.296233 3.307428 
2456461.010361 4.971746 
2456462.724489 7.226249 
2456464.438617 7.110917 
2456466.152745 5.354279 
2456467.866873 4.244649 
2456469.581001 2.707279 
2456471.295129 1.398123 
2456473.009257 2.276561 
2456474.723385 3.559148 
2456476.437513 3.647039 
2456478.151640 3.429166 
2456479.865768 4.038851 
2456481.579896 5.772964 
2456483.294024 6.573560 
2456485.008152 5.352287 
2456486.722280 4.483142 
2456488.436408 4.211739 
2456490.150536 3.138315 
2456491.864664 2.727367 
2456493.578792 3.581150 
2456495.292920 4.050299 
2456497.007048 3.832763 
2456498.721176 3.718567 
2456500.435304 4.186428 
2456502.149431 4.551808 
2456503.863559 3.891954 
2456505.577687 3.661262 
2456507.291815 4.801154 
2456509.005943 5.274525 
2456510.720071 4.563405 
2456512.434199 4.215297 
2456514.148327 4.203320 
2456515.862455 3.850590 
2456517.576583 3.350893 
2456519.290711 2.950288 
2456521.004839 2.398253 
2456522.718967 1.469452 
2456524.433095 1.412374 
2456526.147222 3.458596 
2456527.861350 5.831081 
2456529.575478 6.342029 
2456531.289606 5.605674 
2456533.003734 4.783602 
2456534.717862 3.917398 
2456536.431990 3.031381 
2456538.146118 2.258628 
2456539.860246 1.354434 
2456541.574374 0.119117 
2456543.288502 -0.497720 
2456545.002630 1.032985 
2456546.716758 4.072945 
2456548.430886 6.092532 
2456550.145013 6.190238 
2456551.859141 5.360777 
2456553.573269 4.241687 
2456555.287397 3.012962 
2456557.001525 1.980747 
2456558.715653 1.095275 
2456560.429781 0.022014 
2456562.143909 -0.935286 
2456563.858037 -0.650791 
2456565.572165 1.309511 
2456567.286293 3.508147 
2456569.000421 4.412293 
2456570.714549 4.274385 
2456572.428677 3.779651 
2456574.142804 2.888671 
2456575.856932 1.822516 
2456577.571060 0.983214 
2456579.285188 0.221271 
2456580.999316 -0.562567 
2456582.713444 -0.968950 
2456584.427572 -0.528565 
2456586.141700 0.519731 
2456587.855828 1.198332 
2456589.569956 1.342203 
2456591.284084 1.652597 
2456592.998212 1.877005 
2456594.712340 1.449513 
2456596.426468 0.795852 
2456598.140595 0.277247 
2456599.854723 -0.201180 
2456601.568851 -0.592651 
2456603.282979 -0.828018 
2456604.997107 -0.853539 
2456606.711235 -0.866098 
2456608.425363 -1.039072 
2456610.139491 -0.747911 
2456611.853619 0.174237 
2456613.567747 0.712100 
2456615.281875 0.538865 
2456616.996003 0.223993 
2456618.710131 -0.034262 
2456620.424259 -0.240303 
2456622.138386 -0.447805 
2456623.852514 -0.779645 
2456625.566642 -1.181317 
2456627.280770 -1.631675 
2456628.994898 -1.790835 
2456630.709026 -1.130857 
2456632.423154 -0.170280 
2456634.137282 0.211709 
2456635.851410 0.138170 
2456637.565538 0.015675 
2456639.279666 -0.074556 
2456640.993794 -0.140447 
2456642.707922 -0.327792 
2456644.422050 -0.686103 
2456646.136177 -1.110823 
2456647.850305 -1.465105 
2456649.564433 -1.351806 
2456651.278561 -0.682922 
2456652.992689 -0.091777 
2456654.706817 0.065579 
2456656.420945 0.035040 
2456658.135073 0.001137 
2456659.849201 -0.005127 
2456661.563329 -0.034087 
2456663.277457 -0.173824 
2456664.991585 -0.385143 
2456666.705713 -0.617411 
2456668.419841 -0.744773 
2456670.133968 -0.538921 
2456671.848096 -0.135384 
2456673.562224 0.092295 
2456675.276352 0.109121 
2456676.990480 0.082931 
2456678.704608 0.082420 
2456680.418736 0.108401 
2456682.132864 0.128803 
2456683.846992 0.147861 
2456685.561120 0.166002 
2456687.275248 0.126908 
2456688.989376 0.117496 
2456690.703504 0.262406 
2456692.417631 0.413190 
2456694.131759 0.396239 
2456695.845887 0.294209 
2456697.560015 0.232670 
2456699.274143 0.235765 
2456700.988271 0.303923 
2456702.702399 0.460357 
2456704.416527 0.711810 
2456706.130655 0.932124 
2456707.844783 1.005263 
2456709.558911 1.071232 
2456711.273039 1.204231 
2456712.987167 1.165646 
2456714.701295 0.881551 
2456716.415422 0.596504 
2456718.129550 0.456712 
2456719.843678 0.460533 
2456721.557806 0.628344 
2456723.271934 0.984790 
2456724.986062 1.458506 
2456726.700190 1.829081 
2456728.414318 2.055113 
2456730.128446 2.360419 
2456731.842574 2.557335 
2456733.556702 2.190264 
2456735.270830 1.463920 
2456736.984958 0.912767 
2456738.699086 0.672925 
2456740.413213 0.707893 
2456742.127341 0.994393 
2456743.841469 1.495029 
2456745.555597 2.129763 
2456747.269725 2.718303 
2456748.983853 3.363626 
2456750.697981 4.122770 
2456752.412109 4.212032 
2456754.126237 3.168056 
2456755.840365 1.845740 
2456757.554493 1.029356 
2456759.268621 0.736097 
2456760.982749 0.809018 
2456762.696877 1.061487 
2456764.411004 1.537804 
2456766.125132 2.358344 
2456767.839260 3.415688 
2456769.553388 4.789164 
2456771.267516 5.931354 
2456772.981644 5.445156 
2456774.695772 3.464463 
2456776.409900 1.655462 
2456778.124028 0.762673 
2456779.838156 0.533304 
2456781.552284 0.505708 
2456783.266412 0.440525 
2456784.980540 0.852134 
2456786.694668 2.016433 
2456788.408795 3.696171 
2456790.122923 5.733441 
2456791.837051 6.767697 
2456793.551179 5.312286 
2456795.265307 2.634199 
2456796.979435 0.848325 
2456798.693563 0.267204 
2456800.407691 0.171257 
2456802.121819 -0.212311 
2456803.835947 -0.655233 
2456805.550075 -0.169021 
2456807.264203 1.205623 
2456808.978331 3.215156 
2456810.692459 5.475276 
2456812.406586 5.905967 
2456814.120714 3.663302 
2456815.834842 1.112825 
2456817.548970 0.091155 
2456819.263098 0.128966 
2456820.977226 -0.029379 
2456822.691354 -0.923486 
2456824.405482 -1.533992 
2456826.119610 -1.051697 
2456827.833738 0.225625 
2456829.547866 2.386880 
2456831.261994 4.415128 
2456832.976122 4.011696 
2456834.690250 1.712664 
2456836.404377 0.290383 
2456838.118505 0.474324 
2456839.832633 0.849971 
2456841.546761 0.189049 
2456843.260889 -1.060052 
2456844.975017 -1.526141 
2456846.689145 -0.969377 
2456848.403273 0.356008 
2456850.117401 2.325935 
2456851.831529 3.400241 
2456853.545657 2.426460 
2456855.259785 1.170730 
2456856.973913 1.438634 
2456858.688041 2.322559 
2456860.402168 2.124919 
2456862.116296 0.749300 
2456863.830424 -0.445410 
2456865.544552 -0.524201 
2456867.258680 0.210728 
2456868.972808 1.378534 
2456870.686936 2.534638 
2456872.401064 2.733969 
2456874.115192 2.294591 
2456875.829320 2.793952 
2456877.543448 4.078351 
2456879.257576 4.318140 
2456880.971704 2.967824 
2456882.685832 1.259448 
2456884.399959 0.452823 
2456886.114087 0.690661 
2456887.828215 1.344120 
2456889.542343 2.002666 
2456891.256471 2.454688 
2456892.970599 2.678393 
2456894.684727 3.450842 
2456896.398855 5.006288 
2456898.112983 5.792609 
2456899.827111 4.721797 
2456901.541239 2.776945 
2456903.255367 1.376664 
2456904.969495 1.012022 
2456906.683623 1.308529 
2456908.397750 1.658846 
2456910.111878 1.899589 
2456911.826006 2.184423 
2456913.540134 2.881260 
2456915.254262 4.288574 
2456916.968390 5.495048 
2456918.682518 5.132217 
2456920.396646 3.480722 
2456922.110774 1.903037 
2456923.824902 1.113887 
2456925.539030 1.037440 
2456927.253158 1.224227 
2456928.967286 1.334484 
2456930.681414 1.446600 
2456932.395541 1.819474 
2456934.109669 2.705227 
2456935.823797 3.812788 
2456937.537925 4.107906 
2456939.252053 3.190165 
2456940.966181 1.897886 
2456942.680309 1.033651 
2456944.394437 0.719641 
2456946.108565 0.742764 
2456947.822693 0.819084 
2456949.536821 0.856814 
2456951.250949 0.979042 
2456952.965077 1.355430 
2456954.679205 2.004391 
2456956.393332 2.468930 
2456958.107460 2.223281 
2456959.821588 1.470001 
2456961.535716 0.800467 
2456963.249844 0.458361 
2456964.963972 0.375099 
2456966.678100 0.407050 
2456968.392228 0.445665 
2456970.106356 0.488032 
2456971.820484 0.594113 
2456973.534612 0.831393 
2456975.248740 1.114307 
2456976.962868 1.160184 
2456978.676996 0.873760 
2456980.391123 0.498146 
2456982.105251 0.253484 
2456983.819379 0.159077 
2456985.533507 0.153703 
2456987.247635 0.182901 
2456988.961763 0.220346 
2456990.675891 0.254548 
2456992.390019 0.299809 
2456994.104147 0.379554 
2456995.818275 0.433975 
2456997.532403 0.374823 
2456999.246531 0.232471 
2457000.960659 0.107866 
2457002.674787 0.047497 
2457004.388914 0.036621 
2457006.103042 0.051837 
2457007.817170 0.086096 
2457009.531298 0.121608 
2457011.245426 0.129859 
2457012.959554 0.120502 
2457014.673682 0.117571 
2457016.387810 0.108613 
2457018.101938 0.076432 
2457019.816066 0.032932 
2457021.530194 0.002061 
2457023.244322 -0.005925 
2457024.958450 0.006702 
2457026.672578 0.050924 
2457028.386705 0.121177 
2457030.100833 0.158710 
2457031.814961 0.131333 
2457033.529089 0.083013 
2457035.243217 0.054012 
2457036.957345 0.040169 
2457038.671473 0.023911 
2457040.385601 0.000877 
2457042.099729 -0.015117 
2457043.813857 -0.009807 
2457045.527985 0.059609 
2457047.242113 0.235242 
2457048.956241 0.408834 
2457050.670369 0.415531 
2457052.384496 0.289634 
2457054.098624 0.170733 
2457055.812752 0.101637 
2457057.526880 0.059596 
2457059.241008 0.017575 
2457060.955136 -0.020447 
2457062.669264 -0.029708 
2457064.383392 0.045045 
2457066.097520 0.361111 
2457067.811648 0.875251 
2457069.525776 1.140235 
2457071.239904 0.937675 
2457072.954032 0.573510 
2457074.668160 0.304660 
2457076.382287 0.139570 
2457078.096415 0.027894 
2457079.810543 -0.063283 
2457081.524671 -0.091690 
2457083.238799 -0.016156 
2457084.952927 0.359113 
2457086.667055 1.297898 
2457088.381183 2.260157 
2457090.095311 2.311240 
2457091.809439 1.586972 
2457093.523567 0.845931 
2457095.237695 0.350507 
2457096.951823 0.043299 
2457098.665951 -0.170071 
2457100.380078 -0.272307 
2457102.094206 -0.163964 
2457103.808334 0.216928 
2457105.522462 1.333395 
2457107.236590 3.179853 
2457108.950718 4.209116 
2457110.664846 3.474338 
2457112.378974 2.025925 
2457114.093102 0.884418 
2457115.807230 0.152066 
2457117.521358 -0.310569 
2457119.235486 -0.600614 
2457120.949614 -0.525788 
2457122.663742 -0.039590 
2457124.377869 0.989796 
2457126.091997 3.180091 
2457127.806125 5.528172 
2457129.520253 5.727393 
2457131.234381 3.886152 
2457132.948509 1.887058 
2457134.662637 0.492782 
2457136.376765 -0.390604 
2457138.090893 -0.968179 
2457139.805021 -1.131065 
2457141.519149 -0.552486 
2457143.233277 0.518587 
2457144.947405 2.341409 
2457146.661533 5.142887 
2457148.375660 6.785987 
2457150.089788 5.594879 
2457151.803916 3.113107 
2457153.518044 1.069051 
2457155.232172 -0.297732 
2457156.946300 -1.185740 
2457158.660428 -1.698007 
2457160.374556 -1.352149 
2457162.088684 -0.114280 
2457163.802812 1.388589 
2457165.516940 3.478959 
2457167.231068 5.655935 
2457168.945196 5.800521 
2457170.659324 3.837187 
2457172.373451 1.626285 
2457174.087579 0.001428 
2457175.801707 -1.086535 
2457177.515835 -1.815942 
2457179.229963 -1.940312 
2457180.944091 -0.928928 
2457182.658219 0.583829 
2457184.372347 1.956899 
2457186.086475 3.504559 
2457187.800603 4.399243 
2457189.514731 3.572983 
2457191.228859 1.866663 
2457192.942987 0.384983 
2457194.657115 -0.672382 
2457196.371242 -1.395009 
2457198.085370 -1.804503 
2457199.799498 -1.409546 
2457201.513626 -0.161962 
2457203.227754 0.995513 
2457204.941882 1.849236 
2457206.656010 2.602065 
2457208.370138 2.607652 
2457210.084266 1.715497 
2457211.798394 0.656190 
2457213.512522 -0.179669 
2457215.226650 -0.768201 
2457216.940778 -1.168489 
2457218.654906 -1.221885 
2457220.369033 -0.583065 
2457222.083161 0.360841 
2457223.797289 0.988200 
2457225.511417 1.432072 
2457227.225545 1.710820 
2457228.939673 1.473230 
2457230.653801 0.862176 
2457232.367929 0.256615 
2457234.082057 -0.200267 
2457235.796185 -0.506213 
2457237.510313 -0.671435 
2457239.224441 -0.510423 
2457240.938569 0.032022 
2457242.652697 0.575288 
2457244.366824 0.960603 
2457246.080952 1.337745 
2457247.795080 1.521582 
2457249.509208 1.273649 
2457251.223336 0.774885 
2457252.937464 0.318402 
2457254.651592 0.016645 
2457256.365720 -0.152991 
2457258.079848 -0.180736 
2457259.793976 0.020772 
2457261.508104 0.392116 
2457263.222232 0.802893 
2457264.936360 1.318015 
2457266.650488 1.860576 
2457268.364615 2.003173 
2457270.078743 1.582346 
2457271.792871 0.961055 
2457273.506999 0.493916 
2457275.221127 0.237157 
2457276.935255 0.132019 
2457278.649383 0.163589 
2457280.363511 0.352293 
2457282.077639 0.700763 
2457283.791767 1.271887 
2457285.505895 2.078832 
2457287.220023 2.691892 
2457288.934151 2.555059 
2457290.648279 1.802378 
2457292.362406 1.041737 
2457294.076534 0.572841 
2457295.790662 0.351302 
2457297.504790 0.289057 
2457299.218918 0.352596 
2457300.933046 0.574360 
2457302.647174 1.036389 
2457304.361302 1.832553 
2457306.075430 2.742326 
2457307.789558 3.082750 
2457309.503686 2.521161 
2457311.217814 1.583738 
2457312.931942 0.872396 
2457314.646070 0.493990 
2457316.360197 0.338111 
2457318.074325 0.316599 
2457319.788453 0.414930 
2457321.502581 0.689349 
2457323.216709 1.233403 
2457324.930837 2.041030 
2457326.644965 2.682571 
2457328.359093 2.580382 
2457330.073221 1.827528 
2457331.787349 1.043022 
2457333.501477 0.557572 
2457335.215605 0.326414 
2457336.929733 0.245426 
2457338.643861 0.259947 
2457340.357988 0.381328 
2457342.072116 0.658486 
2457343.786244 1.143705 
2457345.500372 1.712936 
2457347.214500 1.945695 
2457348.928628 1.604264 
2457350.642756 1.000716 
2457352.356884 0.532208 
2457354.071012 0.280851 
2457355.785140 0.172053 
2457357.499268 0.144090 
2457359.213396 0.179145 
2457360.927524 0.291511 
2457362.641652 0.507301 
2457364.355779 0.827887 
2457366.069907 1.094818 
2457367.784035 1.066275 
2457369.498163 0.758791 
2457371.212291 0.424962 
2457372.926419 0.214343 
2457374.640547 0.112214 
2457376.354675 0.072433 
2457378.068803 0.071079 
2457379.782931 0.106829 
2457381.497059 0.184037 
2457383.211187 0.310811 
2457384.925315 0.461560 
2457386.639443 0.528698 
2457388.353570 0.439822 
2457390.067698 0.272640 
2457391.781826 0.139040 
2457393.495954 0.066268 
2457395.210082 0.033509 
2457396.924210 0.023097 
2457398.638338 0.030057 
2457400.352466 0.053721 
2457402.066594 0.092430 
2457403.780722 0.145993 
2457405.494850 0.191611 
2457407.208978 0.187440 
2457408.923106 0.133171 
2457410.637234 0.072489 
2457412.351361 0.033412 
2457414.065489 0.014075 
2457415.779617 0.005912 
2457417.493745 0.005093 
2457419.207873 0.011268 
2457420.922001 0.022187 
2457422.636129 0.036259 
2457424.350257 0.052144 
2457426.064385 0.059741 
2457427.778513 0.050223 
2457429.492641 0.031126 
2457431.206769 0.015168 
2457432.920897 0.006126 
2457434.635025 0.001832 
2457436.349152 0.000359 
2457438.063280 0.001588 
2457439.777408 0.005196 
2457441.491536 0.009899 
2457443.205664 0.015807 
2457444.919792 0.021973 
2457446.633920 0.023727 
2457448.348048 0.018901 
2457450.062176 0.011507 
2457451.776304 0.005878 
2457453.490432 0.002792 
2457455.204560 0.001440 
2457456.918688 0.001401 
2457458.632816 0.002782 
2457460.346943 0.005584 
2457462.061071 0.010144 
2457463.775199 0.016929 
2457465.489327 0.023071 
2457467.203455 0.023301 
2457468.917583 0.017344 
2457470.631711 0.010313 
2457472.345839 0.005654 
2457474.059967 0.003341 
2457475.774095 0.002560 
2457477.488223 0.002903 
2457479.202351 0.004550 
2457480.916479 0.008101 
2457482.630607 0.014455 
2457484.344734 0.022593 
2457486.058862 0.027077 
2457487.772990 0.023621 
2457489.487118 0.015546 
2457491.201246 0.008695 
2457492.915374 0.004843 
2457494.629502 0.003157 
2457496.343630 0.002778 
2457498.057758 0.003433 
2457499.771886 0.005507 
2457501.486014 0.009740 
2457503.200142 0.016478 
2457504.914270 0.022868 
2457506.628398 0.023514 
2457508.342525 0.017677 
2457510.056653 0.010451 
2457511.770781 0.005609 
2457513.484909 0.003194 
2457515.199037 0.002272 
2457516.913165 0.002260 
2457518.627293 0.003150 
2457520.341421 0.005297 
2457522.055549 0.009172 
2457523.769677 0.014226 
2457525.483805 0.017186 
2457527.197933 0.015148 
2457528.912061 0.009970 
2457530.626189 0.005452 
2457532.340316 0.002874 
2457534.054444 0.001695 
2457535.768572 0.001329 
2457537.482700 0.001544 
2457539.196828 0.002419 
2457540.910956 0.004124 
2457542.625084 0.006779 
2457544.339212 0.009392 
2457546.053340 0.009783 
2457547.767468 0.007451 
2457549.481596 0.004414 
2457551.195724 0.002315 
2457552.909852 0.001217 
2457554.623980 0.000742 
2457556.338107 0.000664 
2457558.052235 0.000939 
2457559.766363 0.001576 
2457561.480491 0.002601 
2457563.194619 0.003907 
2457564.908747 0.004725 
2457566.622875 0.004243 
2457568.337003 0.002878 
2457570.051131 0.001639 
2457571.765259 0.000874 
2457573.479387 0.000459 
2457575.193515 0.000301 
2457576.907643 0.000369 
2457578.621771 0.000641 
2457580.335898 0.001025 
2457582.050026 0.001419 
2457583.764154 0.001734 
2457585.478282 0.001760 
2457587.192410 0.001422 
2457588.906538 0.000983 
2457590.620666 0.000646 
2457592.334794 0.000393 
2457594.048922 0.000255 
2457595.763050 0.000312 
2457597.477178 0.000595 
2457599.191306 0.001001 
2457600.905434 0.001162 
2457602.619562 0.000880 
2457604.333689 0.000514 
2457606.047817 0.000386 
2457607.761945 0.000408 
2457609.476073 0.000443 
2457611.190201 0.000415 
2457612.904329 0.000363 
2457614.618457 0.000492 
2457616.332585 0.000964 
2457618.046713 0.001808 
2457619.760841 0.002474 
2457621.474969 0.001969 
2457623.189097 0.000573 
2457624.903225 -0.000281 
2457626.617353 -0.000224 
2457628.331480 0.000101 
2457630.045608 0.000347 
2457631.759736 0.000477 
2457633.473864 0.000712 
2457635.187992 0.001403 
2457636.902120 0.002802 
2457638.616248 0.004616 
2457640.330376 0.004971 
2457642.044504 0.002578 
2457643.758632 -0.000292 
2457645.472760 -0.001141 
2457647.186888 -0.000605 
2457648.901016 0.000041 
2457650.615144 0.000501 
2457652.329271 0.000879 
2457654.043399 0.001681 
2457655.757527 0.003426 
2457657.471655 0.006361 
2457659.185783 0.008798 
2457660.899911 0.007062 
2457662.614039 0.001705 
2457664.328167 -0.001881 
2457666.042295 -0.001826 
2457667.756423 -0.000530 
2457669.470551 0.000559 
2457671.184679 0.001213 
2457672.898807 0.001864 
2457674.612935 0.003461 
2457676.327062 0.006677 
2457678.041190 0.011004 
2457679.755318 0.012165 
2457681.469446 0.006563 
2457683.183574 -0.000724 
2457684.897702 -0.002996 
2457686.611830 -0.001247 
2457688.325958 0.001034 
2457690.040086 0.002446 
2457691.754214 0.002775 
2457693.468342 0.003363 
2457695.182470 0.005649 
2457696.896598 0.010003 
2457698.610726 0.013947 
2457700.324853 0.011628 
2457702.038981 0.003279 
2457703.753109 -0.002417 
2457705.467237 -0.001554 
2457707.181365 0.002240 
2457708.895493 0.005457 
2457710.609621 0.006107 
2457712.323749 0.004840 
2457714.037877 0.004688 
2457715.752005 0.007098 
2457717.466133 0.011179 
2457719.180261 0.012685 
2457720.894389 0.007653 
2457722.608517 0.000804 
2457724.322644 -0.000402 
2457726.036772 0.004047 
2457727.750900 0.010050 
2457729.465028 0.013080 
2457731.179156 0.010669 
2457732.893284 0.006628 
2457734.607412 0.005764 
2457736.321540 0.008463 
2457738.035668 0.012262 
2457739.749796 0.012163 
2457741.463924 0.006604 
2457743.178052 0.002408 
2457744.892180 0.005255 
2457746.606308 0.013600 
2457748.320435 0.021572 
2457750.034563 0.021854 
2457751.748691 0.014834 
2457753.462819 0.009917 
2457755.176947 0.012541 
2457756.891075 0.021743 
2457758.605203 0.030755 
2457760.319331 0.026970 
2457762.033459 0.011516 
2457763.747587 0.002937 
2457765.461715 0.009746 
2457767.175843 0.023831 
2457768.889971 0.032710 
2457770.604099 0.028976 
2457772.318226 0.021875 
2457774.032354 0.026861 
2457775.746482 0.049905 
2457777.460610 0.085628 
2457779.174738 0.100266 
2457780.888866 0.061651 
2457782.602994 0.005600 
2457784.317122 -0.011914 
2457786.031250 0.005838 
2457787.745378 0.028742 
2457789.459506 0.039273 
2457791.173634 0.038227 
2457792.887762 0.048942 
2457794.601890 0.092599 
2457796.316017 0.177627 
2457798.030145 0.261885 
2457799.744273 0.232042 
2457801.458401 0.077237 
2457803.172529 -0.044934 
2457804.886657 -0.052230 
2457806.600785 -0.009808 
2457808.314913 0.027419 
2457810.029041 0.047703 
2457811.743169 0.069993 
2457813.457297 0.134859 
2457815.171425 0.273622 
2457816.885553 0.477391 
2457818.599681 0.569544 
2457820.313808 0.350293 
2457822.027936 -0.000849 
2457823.742064 -0.151279 
2457825.456192 -0.104133 
2457827.170320 -0.021466 
2457828.884448 0.040663 
2457830.598576 0.084733 
2457832.312704 0.161248 
2457834.026832 0.332299 
2457835.740960 0.639028 
2457837.455088 0.957419 
2457839.169216 0.875857 
2457840.883344 0.303092 
2457842.597472 -0.192467 
2457844.311599 -0.255130 
2457846.025727 -0.109792 
2457847.739855 0.029550 
2457849.453983 0.118030 
2457851.168111 0.186054 
2457852.882239 0.338759 
2457854.596367 0.661675 
2457856.310495 1.149267 
2457858.024623 1.407000 
2457859.738751 0.911737 
2457861.452879 0.035562 
2457863.167007 -0.364044 
2457864.881135 -0.219520 
2457866.595263 0.052265 
2457868.309390 0.244597 
2457870.023518 0.304818 
2457871.737646 0.352169 
2457873.451774 0.566495 
2457875.165902 1.020182 
2457876.880030 1.529404 
2457878.594158 1.450510 
2457880.308286 0.568877 
2457882.022414 -0.224023 
2457883.736542 -0.263198 
2457885.450670 0.141774 
2457887.164798 0.546907 
2457888.878926 0.693220 
2457890.593054 0.573445 
2457892.307181 0.511396 
2457894.021309 0.727352 
2457895.735437 1.176625 
2457897.449565 1.458045 
2457899.163693 1.022594 
2457900.877821 0.195419 
2457902.591949 -0.103823 
2457904.306077 0.306308 
2457906.020205 0.992290 
2457907.734333 1.445068 
2457909.448461 1.285683 
2457911.162589 0.801289 
2457912.876717 0.580028 
2457914.590845 0.738842 
2457916.304972 1.041219 
2457918.019100 1.047949 
2457919.733228 0.579657 
2457921.447356 0.219256 
2457923.161484 0.511695 
2457924.875612 1.372594 
2457926.589740 2.309078 
2457928.303868 2.503533 
2457930.017996 1.724507 
2457931.732124 0.852311 
2457933.446252 0.541915 
2457935.160380 0.627852 
2457936.874508 0.764775 
2457938.588636 0.672610 
2457940.302763 0.476536 
2457942.016891 0.665237 
2457943.731019 1.474539 
2457945.445147 2.740825 
2457947.159275 3.621863 
2457948.873403 3.112512 
2457950.587531 1.689987 
2457952.301659 0.698452 
2457954.015787 0.435109 
2457955.729915 0.475081 
2457957.444043 0.533780 
2457959.158171 0.519672 
2457960.872299 0.660837 
2457962.586427 1.255838 
2457964.300554 2.417693 
2457966.014682 3.751155 
2457967.728810 4.029560 
2457969.442938 2.741753 
2457971.157066 1.179716 
2457972.871194 0.445346 
2457974.585322 0.306331 
2457976.299450 0.340288 
2457978.013578 0.397138 
2457979.727706 0.501169 
2457981.441834 0.848781 
2457983.155962 1.606315 
2457984.870090 2.767066 
2457986.584218 3.621655 
2457988.298345 3.136814 
2457990.012473 1.676763 
2457991.726601 0.587490 
2457993.440729 0.235795 
2457995.154857 0.197292 
2457996.868985 0.238338 
2457998.583113 0.305510 
2458000.297241 0.465988 
2458002.011369 0.842146 
2458003.725497 1.518417 
2458005.439625 2.321383 
2458007.153753 2.524730 
2458008.867881 1.743339 
2458010.582009 0.731107 
2458012.296136 0.226340 
2458014.010264 0.117170 
2458015.724392 0.123728 
2458017.438520 0.159928 
2458019.152648 0.219362 
2458020.866776 0.363321 
2458022.580904 0.653843 
2458024.295032 1.102435 
2458026.009160 1.457492 
2458027.723288 1.291823 
2458029.437416 0.701460 
2458031.151544 0.233810 
2458032.865672 0.077173 
2458034.579800 0.060534 
2458036.293927 0.075762 
2458038.008055 0.095855 
2458039.722183 0.133672 
2458041.436311 0.226633 
2458043.150439 0.398138 
2458044.864567 0.609684 
2458046.578695 0.676608 
2458048.292823 0.478580 
2458050.006951 0.201544 
2458051.721079 0.057641 
2458053.435207 0.028962 
2458055.149335 0.034016 
2458056.863463 0.042334 
2458058.577591 0.046967 
2458060.291718 0.063544 
2458062.005846 0.108964 
2458063.719974 0.183938 
2458065.434102 0.246894 
2458067.148230 0.223772 
2458068.862358 0.123800 
2458070.576486 0.041074 
2458072.290614 0.014300 
2458074.004742 0.014778 
2458075.718870 0.019747 
2458077.432998 0.019960 
2458079.147126 0.016963 
2458080.861254 0.021888 
2458082.575382 0.039620 
2458084.289509 0.063741 
2458086.003637 0.073757 
2458087.717765 0.054687 
2458089.431893 0.024624 
2458091.146021 0.008568 
2458092.860149 0.006763 
2458094.574277 0.009649 
2458096.288405 0.011090 
2458098.002533 0.008101 
2458099.716661 0.005093 
2458101.430789 0.008087 
2458103.144917 0.017255 
2458104.859045 0.027527 
2458106.573172 0.029625 
2458108.287300 0.020373 
2458110.001428 0.009432 
2458111.715556 0.004909 
2458113.429684 0.005235 
2458115.143812 0.006680 
2458116.857940 0.006408 
2458118.572068 0.004535 
2458120.286196 0.005218 
2458122.000324 0.011232 
2458123.714452 0.021894 
2458125.428580 0.031140 
2458127.142708 0.029275 
2458128.856836 0.017368 
2458130.570963 0.007289 
2458132.285091 0.003962 
2458133.999219 0.004049 
2458135.713347 0.004670 
2458137.427475 0.004591 
2458139.141603 0.005268 
2458140.855731 0.009510 
2458142.569859 0.018718 
2458144.283987 0.030827 
2458145.998115 0.036086 
2458147.712243 0.027110 
2458149.426371 0.012722 
2458151.140499 0.004659 
2458152.854627 0.002759 
2458154.568754 0.002906 
2458156.282882 0.003408 
2458157.997010 0.004111 
2458159.711138 0.006577 
2458161.425266 0.012416 
2458163.139394 0.022147 
2458164.853522 0.031116 
2458166.567650 0.029594 
2458168.281778 0.017525 
2458169.995906 0.006564 
2458171.710034 0.002377 
2458173.424162 0.001730 
2458175.138290 0.002012 
2458176.852418 0.002548 
2458178.566545 0.003700 
2458180.280673 0.006557 
2458181.994801 0.011975 
2458183.708929 0.019245 
2458185.423057 0.022728 
2458187.137185 0.017352 
2458188.851313 0.008056 
2458190.565441 0.002537 
2458192.279569 0.001105 
2458193.993697 0.001052 
2458195.707825 0.001343 
2458197.421953 0.001797 
2458199.136081 0.002869 
2458200.850209 0.005143 
2458202.564336 0.008908 
2458204.278464 0.012576 
2458205.992592 0.012224 
2458207.706720 0.007382 
2458209.420848 0.002691 
2458211.134976 0.000817 
2458212.849104 0.000531 
2458214.563232 0.000637 
2458216.277360 0.000812 
2458217.991488 0.001090 
2458219.705616 0.001796 
2458221.419744 0.003176 
2458223.133872 0.005084 
2458224.848000 0.006110 
2458226.562127 0.004781 
2458228.276255 0.002246 
2458229.990383 0.000668 
2458231.704511 0.000270 
2458233.418639 0.000286 
2458235.132767 0.000365 
2458236.846895 0.000408 
2458238.561023 0.000520 
2458240.275151 0.000868 
2458241.989279 0.001498 
2458243.703407 0.002141 
2458245.417535 0.002127 
2458247.131663 0.001311 
2458248.845791 0.000478 
2458250.559918 0.000147 
2458252.274046 0.000123 
2458253.988174 0.000168 
2458255.702302 0.000182 
2458257.416430 0.000155 
2458259.130558 0.000179 
2458260.844686 0.000315 
2458262.558814 0.000531 
2458264.272942 0.000665 
2458265.987070 0.000544 
2458267.701198 0.000271 
2458269.415326 0.000093 
2458271.129454 0.000057 
2458272.843582 0.000080 
2458274.557709 0.000099 
2458276.271837 0.000080 
2458277.985965 0.000048 
2458279.700093 0.000061 
2458281.414221 0.000133 
2458283.128349 0.000228 
2458284.842477 0.000267 
2458286.556605 0.000201 
2458288.270733 0.000099 
2458289.984861 0.000047 
2458291.698989 0.000044 
2458293.413117 0.000057 
2458295.127245 0.000059 
2458296.841373 0.000043 
2458298.555500 0.000041 
2458300.269628 0.000083 
2458301.983756 0.000170 
2458303.697884 0.000261 
2458305.412012 0.000269 
2458307.126140 0.000175 
2458308.840268 0.000077 
2458310.554396 0.000037 
2458312.268524 0.000035 
2458313.982652 0.000041 
2458315.696780 0.000041 
2458317.410908 0.000043 
2458319.125036 0.000072 
2458320.839164 0.000144 
2458322.553291 0.000250 
2458324.267419 0.000317 
2458325.981547 0.000262 
2458327.695675 0.000135 
2458329.409803 0.000050 
2458331.123931 0.000025 
2458332.838059 0.000025 
2458334.552187 0.000029 
2458336.266315 0.000034 
2458337.980443 0.000051 
2458339.694571 0.000096 
2458341.408699 0.000175 
2458343.122827 0.000263 
2458344.836955 0.000273 
2458346.551082 0.000179 
2458348.265210 0.000073 
2458349.979338 0.000025 
2458351.693466 0.000015 
2458353.407594 0.000017 
2458355.121722 0.000021 
2458356.835850 0.000030 
2458358.549978 0.000051 
2458360.264106 0.000094 
2458361.978234 0.000157 
2458363.692362 0.000201 
2458365.406490 0.000169 
2458367.120618 0.000087 
2458368.834746 0.000029 
2458370.548873 0.000011 
2458372.263001 0.000009 
2458373.977129 0.000011 
2458375.691257 0.000015 
2458377.405385 0.000023 
2458379.119513 0.000040 
2458380.833641 0.000071 
2458382.547769 0.000107 
2458384.261897 0.000113 
2458385.976025 0.000076 
2458387.690153 0.000031 
2458389.404281 0.000009 
2458391.118409 0.000005 
2458392.832537 0.000005 
2458394.546664 0.000007 
2458396.260792 0.000009 
2458397.974920 0.000014 
2458399.689048 0.000025 
2458401.403176 0.000042 
2458403.117304 0.000054 
2458404.831432 0.000047 
2458406.545560 0.000024 
2458408.259688 0.000008 
2458409.973816 0.000003 
2458411.687944 0.000002 
2458413.402072 0.000003 
2458415.116200 0.000004 
2458416.830328 0.000004 
2458418.544455 0.000007 
2458420.258583 0.000012 
2458421.972711 0.000018 
2458423.686839 0.000020 
2458425.400967 0.000014 
2458427.115095 0.000005 
2458428.829223 0.000002 
2458430.543351 0.000001 
2458432.257479 0.000001 
2458433.971607 0.000002 
2458435.685735 0.000001 
2458437.399863 0.000001 
2458439.113991 0.000003 
2458440.828119 0.000004 
2458442.542246 0.000006 
2458444.256374 0.000005 
2458445.970502 0.000003 
2458447.684630 0.000001 
2458449.398758 0.000001 
2458451.112886 0.000001 
2458452.827014 0.000001 
2458454.541142 0.000001 
2458456.255270 0.000000 
2458457.969398 0.000000 
2458459.683526 0.000001 
2458461.397654 0.000002 
2458463.111782 0.000002 
2458464.825910 0.000002 
2458466.540037 0.000001 
2458468.254165 0.000000 
2458469.968293 0.000000 
2458471.682421 0.000000 
2458473.396549 0.000001 
2458475.110677 0.000000 
2458476.824805 0.000000 
2458478.538933 0.000001 
2458480.253061 0.000001 
2458481.967189 0.000002 
2458483.681317 0.000002 
2458485.395445 0.000002 
2458487.109573 0.000001 
2458488.823701 0.000000 
2458490.537828 0.000000 
2458492.251956 0.000000 
2458493.966084 0.000000 
2458495.680212 0.000000 
2458497.394340 0.000001 
2458499.108468 0.000001 
2458500.822596 0.000002 
2458502.536724 0.000003 
2458504.250852 0.000002 
2458505.964980 0.000001 
2458507.679108 0.000001 
2458509.393236 0.000000 
2458511.107364 0.000000 
2458512.821492 0.000000 
2458514.535619 0.000000 
2458516.249747 0.000000 
2458517.963875 0.000001 
2458519.678003 0.000001 
2458521.392131 0.000002 
2458523.106259 0.000002 
2458524.820387 0.000002 
2458526.534515 0.000001 
2458528.248643 0.000000 
2458529.962771 0.000000 
2458531.676899 0.000000 
2458533.391027 0.000000 
2458535.105155 0.000000 
2458536.819283 0.000000 
2458538.533410 0.000001 
2458540.247538 0.000001 
2458541.961666 0.000002 
2458543.675794 0.000002 
2458545.389922 0.000001 
2458547.104050 0.000000 
2458548.818178 0.000000 
2458550.532306 0.000000 
2458552.246434 0.000000 
2458553.960562 0.000000 
2458555.674690 0.000000 
2458557.388818 0.000000 
2458559.102946 0.000001 
2458560.817074 0.000001 
2458562.531201 0.000001 
2458564.245329 0.000001 
2458565.959457 0.000000 
2458567.673585 0.000000 
2458569.387713 0.000000 
2458571.101841 0.000000 
2458572.815969 0.000000 
2458574.530097 0.000000 
2458576.244225 0.000000 
2458577.958353 0.000000 
2458579.672481 0.000000 
2458581.386609 0.000000 
2458583.100737 0.000000 
2458584.814865 0.000000 
2458586.528992 0.000000 
2458588.243120 0.000000 
2458589.957248 0.000000 
2458591.671376 0.000000 
2458593.385504 0.000000 
2458595.099632 0.000000 
2458596.813760 0.000000 
2458598.527888 0.000000 
2458600.242016 0.000000 
2458601.956144 0.000000 
2458603.670272 0.000000 
2458605.384400 0.000000 
2458607.098528 0.000000 
2458608.812656 0.000000 
2458610.526783 0.000000 
2458612.240911 0.000000 
2458613.955039 0.000000 
2458615.669167 0.000000 
2458617.383295 0.000000 
2458619.097423 0.000000 
2458620.811551 0.000000 
2458622.525679 0.000000 
2458624.239807 0.000000 
2458625.953935 0.000000 
2458627.668063 0.000000 
2458629.382191 0.000000 
2458631.096319 0.000000 
2458632.810447 0.000000 
2458634.524574 0.000000 
2458636.238702 0.000000 
2458637.952830 0.000000 
2458639.666958 0.000000 
2458641.381086 0.000000 
2458643.095214 0.000000 
2458644.809342 0.000000 
2458646.523470 0.000000 
2458648.237598 0.000000 
2458649.951726 0.000000 
2458651.665854 0.000000 
2458653.379982 0.000000 
2458655.094110 0.000000 
2458656.808238 0.000000 
2458658.522365 0.000000 
2458660.236493 0.000000 
2458661.950621 0.000000 
2458663.664749 0.000000 
2458665.378877 0.000000 
2458667.093005 0.000000 
2458668.807133 0.000000 
2458670.521261 0.000000 
2458672.235389 0.000000 
2458673.949517 0.000000 
2458675.663645 0.000000 
2458677.377773 0.000000 
2458679.091901 0.000000 
2458680.806029 0.000000 
2458682.520156 0.000000 
2458684.234284 0.000000 
2458685.948412 0.000000 
2458687.662540 0.000000 
2458689.376668 0.000000 
2458691.090796 0.000000 
2458692.804924 0.000000 
2458694.519052 0.000000 
2458696.233180 0.000000 
2458697.947308 0.000000 
2458699.661436 0.000000 
2458701.375564 0.000000 
2458703.089692 0.000000 
2458704.803820 0.000000 
2458706.517947 0.000000 
2458708.232075 0.000000 
2458709.946203 0.000000 
2458711.660331 0.000000 
2458713.374459 0.000000 
2458715.088587 0.000000 
2458716.802715 0.000000 
2458718.516843 0.000000 
2458720.230971 0.000000 
2458721.945099 0.000000 
2458723.659227 0.000000 
2458725.373355 0.000000 
2458727.087483 0.000000 
2458728.801611 0.000000 
2458730.515738 0.000000 
2458732.229866 0.000000 
2458733.943994 0.000000 
2458735.658122 0.000000 
2458737.372250 0.000000 
2458739.086378 0.000000 
2458740.800506 0.000000 
2458742.514634 0.000000 
2458744.228762 0.000000 
2458745.942890 0.000000 
2458747.657018 0.000000 
2458749.371146 0.000000 
2458751.085274 0.000000 
2458752.799402 0.000000 
2458754.513529 0.000000 
2458756.227657 0.000000 
2458757.941785 0.000000 
2458759.655913 0.000000 
2458761.370041 0.000000 
2458763.084169 0.000000 
2458764.798297 0.000000 
2458766.512425 0.000000 
2458768.226553 0.000000 
2458769.940681 0.000000 
2458771.654809 0.000000 
2458773.368937 0.000000 
2458775.083065 0.000000 
2458776.797193 0.000000 
2458778.511320 0.000000 
2458780.225448 0.000000 
2458781.939576 0.000000 
2458783.653704 0.000000 
2458785.367832 0.000000 
2458787.081960 0.000000 
2458788.796088 0.000000 
2458790.510216 0.000000 
2458792.224344 0.000000 
2458793.938472 0.000000 
2458795.652600 0.000000 
2458797.366728 0.000000 
2458799.080856 0.000000 
2458800.794984 0.000000 
2458802.509111 0.000000 
2458804.223239 0.000000 
2458805.937367 0.000000 
2458807.651495 0.000000 
2458809.365623 0.000000 
2458811.079751 0.000000 
2458812.793879 0.000000 
2458814.508007 0.000000 
2458816.222135 0.000000 
2458817.936263 0.000000 
2458819.650391 0.000000 
2458821.364519 0.000000 
2458823.078647 0.000000 
2458824.792775 0.000000 
2458826.506902 0.000000 
2458828.221030 0.000000 
2458829.935158 0.000000 
2458831.649286 0.000000 
2458833.363414 0.000000 
2458835.077542 0.000000 
2458836.791670 0.000000 
2458838.505798 0.000000 
2458840.219926 0.000000 
2458841.934054 0.000000 
2458843.648182 0.000000 
2458845.362310 0.000000 
2458847.076438 0.000000 
2458848.790566 0.000000 
2458850.504693 0.000000 
2458852.218821 0.000000 
2458853.932949 0.000000 
2458855.647077 0.000000 
2458857.361205 0.000000 
2458859.075333 0.000000 
2458860.789461 0.000000 
2458862.503589 0.000000 
2458864.217717 0.000000 
2458865.931845 0.000000 
2458867.645973 0.000000 
2458869.360101 0.000000 
2458871.074229 0.000000 
2458872.788357 0.000000 
2458874.502484 0.000000 
2458876.216612 0.000000 
2458877.930740 0.000000 
2458879.644868 0.000000 
2458881.358996 0.000000 
2458883.073124 0.000000 
2458884.787252 0.000000 
2458886.501380 0.000000 
2458888.215508 0.000000 
2458889.929636 0.000000 
2458891.643764 0.000000 
2458893.357892 0.000000 
2458895.072020 0.000000 
2458896.786148 0.000000 
2458898.500275 0.000000 
2458900.214403 0.000000 
2458901.928531 0.000000 
2458903.642659 0.000000 
2458905.356787 0.000000 
2458907.070915 0.000000 
2458908.785043 0.000000 
2458910.499171 0.000000 
2458912.213299 0.000000 
2458913.927427 0.000000 
2458915.641555 0.000000 
2458917.355683 0.000000 
2458919.069811 0.000000 
2458920.783939 0.000000 
2458922.498066 0.000000 
2458924.212194 0.000000 
2458925.926322 0.000000 
2458927.640450 0.000000 
2458929.354578 0.000000 
2458931.068706 0.000000 
2458932.782834 0.000000 
2458934.496962 0.000000 
2458936.211090 0.000000 
2458937.925218 0.000000 
2458939.639346 0.000000 
2458941.353474 0.000000 
2458943.067602 0.000000 
2458944.781730 0.000000 
2458946.495857 0.000000 
2458948.209985 0.000000 
2458949.924113 0.000000 
2458951.638241 0.000000 
2458953.352369 0.000000 
2458955.066497 0.000000 
2458956.780625 0.000000 
2458958.494753 0.000000 
2458960.208881 0.000000 
2458961.923009 0.000000 
2458963.637137 0.000000 
2458965.351265 0.000000 
2458967.065393 0.000000 
2458968.779521 0.000000 
2458970.493648 0.000000 
2458972.207776 0.000000 
2458973.921904 0.000000 
2458975.636032 0.000000 
2458977.350160 0.000000 
2458979.064288 0.000000 
2458980.778416 0.000000 
2458982.492544 0.000000 
2458984.206672 -0.000000 
2458985.920800 -0.000000 
2458987.634928 0.000000 
2458989.349056 0.000000 
2458991.063184 0.000000 
2458992.777312 0.000000 
2458994.491439 0.000000 
2458996.205567 0.000000 
2458997.919695 0.000000 
2458999.633823 0.000000 
2459001.347951 0.000000 
2459003.062079 -0.000000 
2459004.776207 -0.000000 
2459006.490335 -0.000000 
2459008.204463 0.000000 
2459009.918591 0.000000 
2459011.632719 0.000000 
2459013.346847 0.000000 
2459015.060975 0.000000 
2459016.775103 0.000000 
2459018.489230 0.000000 
2459020.203358 0.000000 
2459021.917486 0.000000 
2459023.631614 -0.000000 
2459025.345742 0.000000 
2459027.059870 0.000000 
2459028.773998 0.000000 
2459030.488126 0.000000 
2459032.202254 0.000000 
2459033.916382 0.000000 
2459035.630510 0.000000 
2459037.344638 0.000000 
2459039.058766 0.000000 
2459040.772894 0.000000 
2459042.487021 0.000000 
2459044.201149 0.000000 
2459045.915277 0.000000 
2459047.629405 0.000000 
2459049.343533 0.000000 
2459051.057661 0.000000 
2459052.771789 0.000000 
2459054.485917 0.000000 
2459056.200045 0.000000 
2459057.914173 0.000000 
2459059.628301 0.000000 
2459061.342429 0.000000 
2459063.056557 0.000000 
2459064.770685 0.000000 
2459066.484812 0.000000 
2459068.198940 0.000000 
2459069.913068 0.000000 
2459071.627196 0.000000 
2459073.341324 0.000000 
2459075.055452 0.000000 
2459076.769580 0.000000 
2459078.483708 0.000000 
2459080.197836 0.000000 
2459081.911964 0.000000 
2459083.626092 0.000000 
2459085.340220 0.000000 
2459087.054348 0.000000 
2459088.768476 0.000000 
2459090.482603 0.000000 
2459092.196731 0.000000 
2459093.910859 0.000000 
2459095.624987 0.000000 
2459097.339115 0.000000 
2459099.053243 0.000000 
2459100.767371 0.000000 
2459102.481499 0.000000 
2459104.195627 0.000000 
2459105.909755 0.000000 
2459107.623883 0.000000 
2459109.338011 0.000000 
2459111.052139 0.000000 
2459112.766267 0.000000 
2459114.480394 0.000000 
2459116.194522 0.000000 
2459117.908650 0.000000 
2459119.622778 0.000000 
2459121.336906 -0.000000 
2459123.051034 -0.000000 
2459124.765162 0.000000 
2459126.479290 0.000000 
2459128.193418 0.000000 
2459129.907546 0.000000 
2459131.621674 0.000000 
2459133.335802 0.000000 
2459135.049930 0.000000 
2459136.764058 0.000000 
2459138.478185 0.000000 
2459140.192313 -0.000000 
2459141.906441 -0.000000 
2459143.620569 -0.000000 
2459145.334697 0.000000 
2459147.048825 0.000000 
2459148.762953 0.000000 
2459150.477081 0.000000 
2459152.191209 0.000000 
2459153.905337 0.000000 
2459155.619465 0.000000 
2459157.333593 0.000000 
2459159.047721 -0.000000 
2459160.761849 -0.000000 
2459162.475976 -0.000000 
2459164.190104 -0.000000 
2459165.904232 0.000000 
2459167.618360 0.000000 
2459169.332488 0.000000 
2459171.046616 0.000000 
2459172.760744 0.000000 
2459174.474872 0.000000 
2459176.189000 0.000000 
2459177.903128 -0.000000 
2459179.617256 -0.000000 
2459181.331384 -0.000000 
2459183.045512 -0.000000 
2459184.759640 -0.000000 
2459186.473767 0.000000 
2459188.187895 0.000000 
2459189.902023 0.000000 
2459191.616151 0.000000 
2459193.330279 0.000000 
2459195.044407 0.000000 
2459196.758535 0.000000 
2459198.472663 -0.000000 
2459200.186791 -0.000000 
2459201.900919 -0.000000 
2459203.615047 -0.000000 
2459205.329175 0.000000 
2459207.043303 0.000000 
2459208.757431 0.000000 
2459210.471558 0.000000 
2459212.185686 0.000000 
2459213.899814 0.000000 
2459215.613942 0.000000 
2459217.328070 0.000000 
2459219.042198 0.000000 
2459220.756326 0.000000 
2459222.470454 0.000000 
2459224.184582 0.000000 
2459225.898710 0.000000 
2459227.612838 0.000000 
2459229.326966 0.000000 
2459231.041094 0.000000 
2459232.755222 0.000000 
2459234.469349 0.000000 
2459236.183477 0.000000 
2459237.897605 0.000000 
2459239.611733 0.000000 
2459241.325861 0.000000 
2459243.039989 0.000000 
2459244.754117 0.000000 
2459246.468245 0.000000 
2459248.182373 0.000000 
2459249.896501 0.000000 
2459251.610629 0.000000 
2459253.324757 0.000000 
2459255.038885 0.000000 
2459256.753013 0.000000 
2459258.467140 0.000000 
2459260.181268 0.000000 
2459261.895396 0.000000 
2459263.609524 0.000000 
2459265.323652 0.000000 
2459267.037780 0.000000 
2459268.751908 0.000000 
2459270.466036 0.000000 
2459272.180164 0.000000 
2459273.894292 0.000000 
2459275.608420 0.000000 
2459277.322548 0.000000 
2459279.036676 0.000000 
2459280.750804 0.000000 
2459282.464931 0.000000 
2459284.179059 0.000000 
2459285.893187 0.000000 
2459287.607315 0.000000 
2459289.321443 0.000000 
2459291.035571 0.000000 
2459292.749699 0.000000 
2459294.463827 0.000000 
2459296.177955 0.000000 
2459297.892083 0.000000 
2459299.606211 0.000000 
2459301.320339 -0.000000 
2459303.034467 0.000000 
2459304.748595 0.000000 
2459306.462722 0.000000 
2459308.176850 0.000000 
2459309.890978 0.000000 
2459311.605106 0.000000 
2459313.319234 0.000000 
2459315.033362 0.000000 
2459316.747490 0.000000 
2459318.461618 -0.000000 
2459320.175746 -0.000000 
2459321.889874 -0.000000 
2459323.604002 0.000000 
2459325.318130 0.000000 
2459327.032258 0.000000 
2459328.746386 0.000000 
2459330.460513 0.000000 
2459332.174641 0.000000 
2459333.888769 0.000000 
2459335.602897 0.000000 
2459337.317025 -0.000000 
2459339.031153 -0.000000 
2459340.745281 -0.000000 
2459342.459409 -0.000000 
2459344.173537 0.000000 
2459345.887665 0.000000 
2459347.601793 0.000000 
2459349.315921 0.000000 
2459351.030049 0.000000 
2459352.744177 0.000000 
2459354.458304 0.000000 
2459356.172432 -0.000000 
2459357.886560 -0.000000 
2459359.600688 -0.000000 
2459361.314816 -0.000000 
2459363.028944 -0.000000 
2459364.743072 0.000000 
2459366.457200 0.000000 
2459368.171328 0.000000 
2459369.885456 0.000000 
2459371.599584 0.000000 
2459373.313712 0.000000 
2459375.027840 0.000000 
2459376.741968 -0.000000 
2459378.456095 -0.000000 
2459380.170223 -0.000000 
2459381.884351 -0.000000 
2459383.598479 0.000000 
2459385.312607 0.000000 
2459387.026735 0.000000 
2459388.740863 0.000000 
2459390.454991 0.000000 
2459392.169119 0.000000 
2459393.883247 0.000000 
2459395.597375 0.000000 
2459397.311503 0.000000 
2459399.025631 0.000000 
2459400.739759 0.000000 
2459402.453886 0.000000 
2459404.168014 0.000000 
2459405.882142 0.000000 
2459407.596270 0.000000 
2459409.310398 0.000000 
2459411.024526 0.000000 
2459412.738654 0.000000 
2459414.452782 0.000000 
2459416.166910 0.000000 
2459417.881038 0.000000 
2459419.595166 0.000000 
2459421.309294 0.000000 
2459423.023422 0.000000 
2459424.737550 0.000000 
2459426.451677 0.000001 
2459428.165805 0.000001 
2459429.879933 0.000001 
2459431.594061 0.000000 
2459433.308189 0.000000 
2459435.022317 0.000000 
2459436.736445 0.000000 
2459438.450573 0.000000 
2459440.164701 0.000000 
2459441.878829 0.000000 
2459443.592957 0.000001 
2459445.307085 0.000001 
2459447.021213 0.000002 
2459448.735341 0.000002 
2459450.449468 0.000001 
2459452.163596 0.000000 
2459453.877724 0.000000 
2459455.591852 0.000000 
2459457.305980 0.000000 
2459459.020108 0.000000 
2459460.734236 0.000000 
2459462.448364 0.000001 
2459464.162492 0.000001 
2459465.876620 0.000002 
2459467.590748 0.000003 
2459469.304876 0.000003 
2459471.019004 0.000001 
2459472.733132 0.000001 
2459474.447259 0.000000 
2459476.161387 0.000000 
2459477.875515 0.000000 
2459479.589643 -0.000000 
2459481.303771 -0.000000 
2459483.017899 0.000001 
2459484.732027 0.000003 
2459486.446155 0.000004 
2459488.160283 0.000004 
2459489.874411 0.000003 
2459491.588539 0.000002 
2459493.302667 0.000001 
2459495.016795 0.000000 
2459496.730923 -0.000000 
2459498.445050 -0.000001 
2459500.159178 -0.000001 
2459501.873306 -0.000000 
2459503.587434 0.000002 
2459505.301562 0.000004 
2459507.015690 0.000005 
2459508.729818 0.000005 
2459510.443946 0.000003 
2459512.158074 0.000002 
2459513.872202 0.000001 
2459515.586330 -0.000000 
2459517.300458 -0.000001 
2459519.014586 -0.000002 
2459520.728713 -0.000002 
2459522.442841 -0.000000 
2459524.156969 0.000002 
2459525.871097 0.000004 
2459527.585225 0.000005 
2459529.299353 0.000005 
2459531.013481 0.000004 
2459532.727609 0.000002 
2459534.441737 -0.000000 
2459536.155865 -0.000001 
2459537.869993 -0.000002 
2459539.584121 -0.000002 
2459541.298249 -0.000002 
2459543.012377 0.000000 
2459544.726504 0.000003 
2459546.440632 0.000004 
2459548.154760 0.000005 
2459549.868888 0.000005 
2459551.583016 0.000004 
2459553.297144 0.000002 
2459555.011272 0.000000 
2459556.725400 -0.000001 
2459558.439528 -0.000001 
2459560.153656 -0.000001 
2459561.867784 0.000001 
2459563.581912 0.000005 
2459565.296040 0.000008 
2459567.010168 0.000011 
2459568.724295 0.000011 
2459570.438423 0.000007 
2459572.152551 0.000004 
2459573.866679 0.000003 
2459575.580807 0.000003 
2459577.294935 0.000003 
2459579.009063 0.000003 
2459580.723191 0.000005 
2459582.437319 0.000012 
2459584.151447 0.000022 
2459585.865575 0.000033 
2459587.579703 0.000037 
2459589.293831 0.000024 
2459591.007959 0.000009 
2459592.722086 0.000007 
2459594.436214 0.000011 
2459596.150342 0.000011 
2459597.864470 0.000010 
2459599.578598 0.000011 
2459601.292726 0.000023 
2459603.006854 0.000044 
2459604.720982 0.000072 
2459606.435110 0.000097 
2459608.149238 0.000084 
2459609.863366 0.000038 
2459611.577494 0.000013 
2459613.291622 0.000020 
2459615.005750 0.000024 
2459616.719877 0.000021 
2459618.434005 0.000017 
2459620.148133 0.000025 
2459621.862261 0.000062 
2459623.576389 0.000119 
2459625.290517 0.000182 
2459627.004645 0.000207 
2459628.718773 0.000139 
2459630.432901 0.000050 
2459632.147029 0.000029 
2459633.861157 0.000038 
2459635.575285 0.000033 
2459637.289413 0.000021 
2459639.003541 0.000013 
2459640.717668 0.000048 
2459642.431796 0.000139 
2459644.145924 0.000254 
2459645.860052 0.000351 
2459647.574180 0.000329 
2459649.288308 0.000179 
2459651.002436 0.000068 
2459652.716564 0.000052 
2459654.430692 0.000041 
2459656.144820 0.000016 
2459657.858948 -0.000011 
2459659.573076 -0.000011 
2459661.287204 0.000085 
2459663.001332 0.000256 
2459664.715459 0.000427 
2459666.429587 0.000511 
2459668.143715 0.000405 
2459669.857843 0.000205 
2459671.571971 0.000095 
2459673.286099 0.000049 
2459675.000227 -0.000003 
2459676.714355 -0.000049 
2459678.428483 -0.000092 
2459680.142611 -0.000052 
2459681.856739 0.000134 
2459683.570867 0.000369 
2459685.284995 0.000542 
2459686.999123 0.000570 
2459688.713250 0.000423 
2459690.427378 0.000233 
2459692.141506 0.000094 
2459693.855634 -0.000017 
2459695.569762 -0.000099 
2459697.283890 -0.000163 
2459698.998018 -0.000198 
2459700.712146 -0.000083 
2459702.426274 0.000174 
2459704.140402 0.000401 
2459705.854530 0.000524 
2459707.568658 0.000543 
2459709.282786 0.000437 
2459710.996914 0.000240 
2459712.711041 0.000035 
2459714.425169 -0.000110 
2459716.139297 -0.000189 
2459717.853425 -0.000249 
2459719.567553 -0.000231 
2459721.281681 -0.000024 
2459722.995809 0.000254 
2459724.709937 0.000447 
2459726.424065 0.000579 
2459728.138193 0.000614 
2459729.852321 0.000458 
2459731.566449 0.000215 
2459733.280577 0.000027 
2459734.994705 -0.000073 
2459736.708832 -0.000120 
2459738.422960 -0.000129 
2459740.137088 0.000041 
2459741.851216 0.000421 
2459743.565344 0.000839 
2459745.279472 0.001216 
2459746.993600 0.001296 
2459748.707728 0.000886 
2459750.421856 0.000466 
2459752.135984 0.000372 
2459753.850112 0.000355 
2459755.564240 0.000327 
2459757.278368 0.000312 
2459758.992496 0.000494 
2459760.706623 0.001168 
2459762.420751 0.002184 
2459764.134879 0.003411 
2459765.849007 0.004149 
2459767.563135 0.003062 
2459769.277263 0.001201 
2459770.991391 0.000756 
2459772.705519 0.001162 
2459774.419647 0.001262 
2459776.133775 0.001186 
2459777.847903 0.001190 
2459779.562031 0.002156 
2459781.276159 0.004402 
2459782.990287 0.007409 
2459784.704414 0.010496 
2459786.418542 0.010214 
2459788.132670 0.005308 
2459789.846798 0.001669 
2459791.560926 0.002017 
2459793.275054 0.002697 
2459794.989182 0.002494 
2459796.703310 0.002026 
2459798.417438 0.002417 
2459800.131566 0.005917 
2459801.845694 0.011947 
2459803.559822 0.019113 
2459805.273950 0.023537 
2459806.988078 0.017961 
2459808.702205 0.007161 
2459810.416333 0.003189 
2459812.130461 0.004216 
2459813.844589 0.003940 
2459815.558717 0.002746 
2459817.272845 0.001501 
2459818.986973 0.004047 
2459820.701101 0.013297 
2459822.415229 0.025971 
2459824.129357 0.038025 
2459825.843485 0.039251 
2459827.557613 0.024054 
2459829.271741 0.009182 
2459830.985869 0.005923 
2459832.699996 0.005104 
2459834.414124 0.002508 
2459836.128252 -0.000529 
2459837.842380 -0.001897 
2459839.556508 0.006549 
2459841.270636 0.024813 
2459842.984764 0.044818 
2459844.698892 0.057619 
2459846.413020 0.050081 
2459848.127148 0.027418 
2459849.841276 0.012305 
2459851.555404 0.006636 
2459853.269532 0.000974 
2459854.983660 -0.004354 
2459856.697787 -0.009586 
2459858.411915 -0.008086 
2459860.126043 0.010021 
2459861.840171 0.036802 
2459863.554299 0.058777 
2459865.268427 0.066068 
2459866.982555 0.052616 
2459868.696683 0.030386 
2459870.410811 0.013556 
2459872.124939 0.000564 
2459873.839067 -0.009460 
2459875.553195 -0.016825 
2459877.267323 -0.022418 
2459878.981451 -0.013792 
2459880.695578 0.013558 
2459882.409706 0.041535 
2459884.123834 0.057930 
2459885.837962 0.062593 
2459887.552090 0.053289 
2459889.266218 0.032223 
2459890.980346 0.008444 
2459892.694474 -0.009807 
2459894.408602 -0.019955 
2459896.122730 -0.027177 
2459897.836858 -0.028328 
2459899.550986 -0.009246 
2459901.265114 0.022834 
2459902.979242 0.046918 
2459904.693369 0.062892 
2459906.407497 0.070351 
2459908.121625 0.057087 
2459909.835753 0.029895 
2459911.549881 0.006309 
2459913.264009 -0.007148 
2459914.978137 -0.013216 
2459916.692265 -0.016059 
2459918.406393 -0.002609 
2459920.120521 0.036692 
2459921.834649 0.083906 
2459923.548777 0.127933 
2459925.262905 0.147702 
2459926.977033 0.111756 
2459928.691160 0.059417 
2459930.405288 0.042004 
2459932.119416 0.039841 
2459933.833544 0.036371 
2459935.547672 0.034020 
2459937.261800 0.046217 
2459938.975928 0.110129 
2459940.690056 0.217934 
2459942.404184 0.351582 
2459944.118312 0.459436 
2459945.832440 0.383987 
2459947.546568 0.169702 
2459949.260696 0.081062 
2459950.974824 0.122069 
2459952.688951 0.141563 
2459954.403079 0.135336 
2459956.117207 0.128810 
2459957.831335 0.206155 
2459959.545463 0.433469 
2459961.259591 0.754472 
2459962.973719 1.118811 
2459964.687847 1.203342 
2459966.401975 0.724532 
2459968.116103 0.228894 
2459969.830231 0.201078 
2459971.544359 0.298856 
2459973.258487 0.289606 
2459974.972615 0.240539 
2459976.686742 0.242154 
2459978.400870 0.555910 
2459980.114998 1.191161 
2459981.829126 1.983763 
2459983.543254 2.619258 
2459985.257382 2.247447 
2459986.971510 1.023122 
2459988.685638 0.372297 
2459990.399766 0.453992 
2459992.113894 0.467745 
2459993.828022 0.345531 
2459995.542150 0.190207 
2459997.256278 0.339068 
2459998.970406 1.243040 
2460000.684533 2.626886 
2460002.398661 4.063906 
2460004.112789 4.575334 
2460005.826917 3.153708 
2460007.541045 1.268360 
2460009.255173 0.677513 
2460010.969301 0.623022 
2460012.683429 0.355677 
2460014.397557 0.025093 
2460016.111685 -0.232026 
2460017.825813 0.439730 
2460019.539941 2.348007 
2460021.254069 4.640182 
2460022.968197 6.383739 
2460024.682324 6.070712 
2460026.396452 3.632942 
2460028.110580 1.611487 
2460029.824708 0.868663 
2460031.538836 0.258311 
2460033.252964 -0.358912 
2460034.967092 -0.962105 
2460036.681220 -1.073948 
2460038.395348 0.594499 
2460040.109476 3.575161 
2460041.823604 6.280976 
2460043.537732 7.550533 
2460045.251860 6.455467 
2460046.965988 3.934185 
2460048.680115 1.871940 
2460050.394243 0.358623 
2460052.108371 -0.862569 
2460053.822499 -1.723694 
2460055.536627 -2.469935 
2460057.250755 -1.959144 
2460058.964883 0.823079 
2460060.679011 4.167469 
2460062.393139 6.306615 
2460064.107267 7.088163 
2460065.821395 6.346519 
2460067.535523 4.171114 
2460069.249651 1.459936 
2460070.963779 -0.809827 
2460072.677906 -2.145112 
2460074.392034 -3.035569 
2460076.106162 -3.526152 
2460077.820290 -2.084735 
2460079.534418 1.148609 
2460081.248546 3.686630 
2460082.962674 5.070381 
2460084.676802 6.258817 
2460086.390930 6.093276 
2460088.105058 3.612385 
2460089.819186 0.444671 
2460091.533314 -1.623795 
2460093.247442 -2.618897 
2460094.961570 -3.344209 
2460096.675697 -3.268973 
2460098.389825 -1.324405 
2460100.103953 1.130454 
2460101.818081 2.430794 
2460103.532209 3.711658 
2460105.246337 5.219022 
2460106.960465 4.720543 
2460108.674593 2.067942 
2460110.388721 -0.403204 
2460112.102849 -1.608938 
2460113.816977 -2.263694 
2460115.531105 -2.760036 
2460117.245233 -2.284945 
2460118.959361 -0.768440 
2460120.673488 0.357848 
2460122.387616 1.012825 
2460124.101744 2.334761 
2460125.815872 3.389689 
2460127.530000 2.546429 
2460129.244128 0.654911 
2460130.958256 -0.549568 
2460132.672384 -1.087047 
2460134.386512 -1.721620 
2460136.100640 -2.109102 
2460137.814768 -1.731282 
2460139.528896 -1.175178 
2460141.243024 -0.905256 
2460142.957152 -0.385407 
2460144.671279 0.632216 
2460146.385407 1.268815 
2460148.099535 0.805868 
2460149.813663 0.071093 
2460151.527791 -0.166617 
2460153.241919 -0.704265 
2460154.956047 -1.659620 
2460156.670175 -2.081566 
2460158.384303 -2.189296 
2460160.098431 -2.366296 
2460161.812559 -2.277220 
2460163.526687 -1.887833 
2460165.240815 -1.063081 
2460166.954943 -0.187436 
2460168.669070 0.028221 
2460170.383198 0.222219 
2460172.097326 0.210933 
2460173.811454 -1.024252 
2460175.525582 -2.271354 
2460177.239710 -2.759952 
2460178.953838 -3.336638 
2460180.667966 -3.608005 
2460182.382094 -3.471219 
2460184.096222 -3.151339 
2460185.810350 -1.927045 
2460187.524478 -0.630491 
2460189.238606 0.043532 
2460190.952734 0.673495 
2460192.666861 -0.020799 
2460194.380989 -2.014095 
2460196.095117 -3.061723 
2460197.809245 -3.569400 
2460199.523373 -4.161356 
2460201.237501 -4.121035 
2460202.951629 -4.013539 
2460204.665757 -3.345969 
2460206.379885 -1.634260 
2460208.094013 -0.399392 
2460209.808141 0.465513 
2460211.522269 0.768265 
2460213.236397 -0.941294 
2460214.950525 -2.792560 
2460216.664652 -3.252944 
2460218.378780 -3.651372 
2460220.092908 -3.825583 
2460221.807036 -3.621600 
2460223.521164 -3.452402 
2460225.235292 -2.323268 
2460226.949420 -0.835407 
2460228.663548 0.012505 
2460230.377676 0.727335 
2460232.091804 0.193822 
2460233.805932 -1.679768 
2460235.520060 -2.581734 
2460237.234188 -2.639918 
2460238.948316 -2.810441 
2460240.662443 -2.665547 
2460242.376571 -2.530312 
2460244.090699 -2.151934 
2460245.804827 -1.072659 
2460247.518955 -0.252509 
2460249.233083 0.278776 
2460250.947211 0.517623 
2460252.661339 -0.448499 
2460254.375467 -1.573913 
2460256.089595 -1.722331 
2460257.803723 -1.680426 
2460259.517851 -1.646868 
2460261.231979 -1.486346 
2460262.946107 -1.388775 
2460264.660234 -0.939687 
2460266.374362 -0.322149 
2460268.088490 0.008743 
2460269.802618 0.284995 
2460271.516746 0.120865 
2460273.230874 -0.608179 
2460274.945002 -0.967799 
2460276.659130 -0.884781 
2460278.373258 -0.832853 
2460280.087386 -0.743724 
2460281.801514 -0.669235 
2460283.515642 -0.557229 
2460285.229770 -0.263664 
2460286.943898 -0.048098 
2460288.658025 0.072112 
2460290.372153 0.139304 
2460292.086281 -0.096083 
2460293.800409 -0.397926 
2460295.514537 -0.421763 
2460297.228665 -0.352567 
2460298.942793 -0.309129 
2460300.656921 -0.258868 
2460302.371049 -0.226565 
2460304.085177 -0.141195 
2460305.799305 -0.034411 
2460307.513433 0.010074 
2460309.227561 0.046472 
2460310.941689 0.021973 
2460312.655816 -0.099438 
2460314.369944 -0.162170 
2460316.084072 -0.134811 
2460317.798200 -0.106941 
2460319.512328 -0.086435 
2460321.226456 -0.070761 
2460322.940584 -0.051731 
2460324.654712 -0.016363 
2460326.368840 0.003481 
2460328.082968 0.008870 
2460329.797096 0.013253 
2460331.511224 -0.010656 
2460333.225352 -0.044954 
2460334.939480 -0.049500 
2460336.653607 -0.040232 
2460338.367735 -0.035587 
2460340.081863 -0.031083 
2460341.795991 -0.026322 
2460343.510119 -0.016576 
2460345.224247 -0.004123 
2460346.938375 0.000640 
2460348.652503 0.003310 
2460350.366631 0.003447 
2460352.080759 -0.009438 
2460353.794887 -0.022933 
2460355.509015 -0.026304 
2460357.223143 -0.029571 
2460358.937271 -0.032259 
2460360.651398 -0.031003 
2460362.365526 -0.028828 
2460364.079654 -0.019575 
2460365.793782 -0.007211 
2460367.507910 -0.000717 
2460369.222038 0.005149 
2460370.936166 0.002424 
2460372.650294 -0.014396 
2460374.364422 -0.025890 
2460376.078550 -0.030153 
2460377.792678 -0.035784 
2460379.506806 -0.036498 
2460381.220934 -0.035363 
2460382.935062 -0.031529 
2460384.649189 -0.017513 
2460386.363317 -0.005153 
2460388.077445 0.002446 
2460389.791573 0.007485 
2460391.505701 -0.004092 
2460393.219829 -0.022274 
2460394.933957 -0.028177 
2460396.648085 -0.031256 
2460398.362213 -0.033872 
2460400.076341 -0.032159 
2460401.790469 -0.031135 
2460403.504597 -0.023321 
2460405.218725 -0.009600 
2460406.932853 -0.001270 
2460408.646980 0.005454 
2460410.361108 0.004158 
2460412.075236 -0.011510 
2460413.789364 -0.022204 
2460415.503492 -0.023132 
2460417.217620 -0.024655 
2460418.931748 -0.024021 
2460420.645876 -0.022526 
2460422.360004 -0.020346 
2460424.074132 -0.011602 
2460425.788260 -0.003329 
2460427.502388 0.001457 
2460429.216516 0.004880 
2460430.930644 -0.001481 
2460432.644771 -0.012568 
2460434.358899 -0.015423 
2460436.073027 -0.014854 
2460437.787155 -0.014842 
2460439.501283 -0.013433 
2460441.215411 -0.012631 
2460442.929539 -0.009515 
2460444.643667 -0.003808 
2460446.357795 -0.000434 
2460448.071923 0.002119 
2460449.786051 0.001958 
2460451.500179 -0.004059 
2460453.214307 -0.008430 
2460454.928435 -0.008063 
2460456.642562 -0.007496 
2460458.356690 -0.006836 
2460460.070818 -0.006060 
2460461.784946 -0.005332 
2460463.499074 -0.002937 
2460465.213202 -0.000702 
2460466.927330 0.000406 
2460468.641458 0.001288 
2460470.355586 -0.000215 
2460472.069714 -0.003170 
2460473.783842 -0.003879 
2460475.497970 -0.003249 
2460477.212098 -0.002857 
2460478.926226 -0.002398 
2460480.640353 -0.002105 
2460482.354481 -0.001482 
2460484.068609 -0.000467 
2460485.782737 0.000029 
2460487.496865 0.000355 
2460489.210993 0.000338 
2460490.925121 -0.000657 
2460492.639249 -0.001427 
2460494.353377 -0.001279 
2460496.067505 -0.001000 
2460497.781633 -0.000814 
2460499.495761 -0.000659 
2460501.209889 -0.000516 
2460502.924017 -0.000214 
2460504.638144 0.000013 
2460506.352272 0.000067 
2460508.066400 0.000124 
2460509.780528 -0.000028 
2460511.494656 -0.000356 
2460513.208784 -0.000455 
2460514.922912 -0.000373 
2460516.637040 -0.000323 
2460518.351168 -0.000284 
2460520.065296 -0.000242 
2460521.779424 -0.000168 
2460523.493552 -0.000054 
2460525.207680 0.000003 
2460526.921808 0.000023 
2460528.635935 0.000038 
2460530.350063 -0.000054 
2460532.064191 -0.000186 
2460533.778319 -0.000229 
2460535.492447 -0.000251 
2460537.206575 -0.000281 
2460538.920703 -0.000274 
2460540.634831 -0.000258 
2460542.348959 -0.000193 
2460544.063087 -0.000081 
2460545.777215 -0.000016 
2460547.491343 0.000035 
2460549.205471 0.000039 
2460550.919599 -0.000093 
2460552.633726 -0.000215 
2460554.347854 -0.000255 
2460556.061982 -0.000305 
2460557.776110 -0.000323 
2460559.490238 -0.000311 
2460561.204366 -0.000291 
2460562.918494 -0.000183 
2460564.632622 -0.000062 
2460566.346750 0.000007 
2460568.060878 0.000065 
2460569.775006 -0.000002 
2460571.489134 -0.000170 
2460573.203262 -0.000243 
2460574.917390 -0.000267 
2460576.631517 -0.000298 
2460578.345645 -0.000287 
2460580.059773 -0.000278 
2460581.773901 -0.000228 
2460583.488029 -0.000107 
2460585.202157 -0.000023 
2460586.916285 0.000037 
2460588.630413 0.000051 
2460590.344541 -0.000070 
2460592.058669 -0.000186 
2460593.772797 -0.000204 
2460595.486925 -0.000215 
2460597.201053 -0.000216 
2460598.915181 -0.000201 
2460600.629308 -0.000188 
2460602.343436 -0.000122 
2460604.057564 -0.000041 
2460605.771692 0.000004 
2460607.485820 0.000041 
2460609.199948 0.000007 
2460610.914076 -0.000095 
2460612.628204 -0.000137 
2460614.342332 -0.000132 
2460616.056460 -0.000133 
2460617.770588 -0.000122 
2460619.484716 -0.000114 
2460621.198844 -0.000094 
2460622.912972 -0.000044 
2460624.627099 -0.000009 
2460626.341227 0.000014 
2460628.055355 0.000022 
2460629.769483 -0.000023 
2460631.483611 -0.000071 
2460633.197739 -0.000074 
2460634.911867 -0.000067 
2460636.625995 -0.000063 
2460638.340123 -0.000055 
2460640.054251 -0.000050 
2460641.768379 -0.000032 
2460643.482507 -0.000009 
2460645.196635 0.000002 
2460646.910763 0.000011 
2460648.624890 0.000003 
2460650.339018 -0.000024 
2460652.053146 -0.000035 
2460653.767274 -0.000030 
2460655.481402 -0.000026 
2460657.195530 -0.000022 
2460658.909658 -0.000019 
2460660.623786 -0.000015 
2460662.337914 -0.000006 
2460664.052042 -0.000000 
2460665.766170 0.000003 
2460667.480298 0.000004 
2460669.194426 -0.000004 
2460670.908554 -0.000012 
2460672.622681 -0.000012 
2460674.336809 -0.000009 
2460676.050937 -0.000008 
2460677.765065 -0.000006 
2460679.479193 -0.000005 
2460681.193321 -0.000003 
2460682.907449 -0.000000 
2460684.621577 0.000001 
