# time model 
2455007.429878 0.000005 
2455009.102391 0.000003 
2455010.774904 0.000002 
2455012.447417 0.000005 
2455014.119930 0.000005 
2455015.792443 0.000003 
2455017.464956 0.000001 
2455019.137469 -0.000008 
2455020.809983 -0.000016 
2455022.482496 -0.000013 
2455024.155009 -0.000003 
2455025.827522 0.000008 
2455027.500035 0.000015 
2455029.172548 0.000012 
2455030.845061 0.000008 
2455032.517574 0.000013 
2455034.190087 0.000019 
2455035.862600 0.000014 
2455037.535114 0.000007 
2455039.207627 -0.000010 
2455040.880140 -0.000039 
2455042.552653 -0.000051 
2455044.225166 -0.000031 
2455045.897679 -0.000002 
2455047.570192 0.000024 
2455049.242705 0.000031 
2455050.915218 0.000017 
2455052.587731 0.000017 
2455054.260245 0.000036 
2455055.932758 0.000034 
2455057.605271 0.000018 
2455059.277784 0.000000 
2455060.950297 -0.000053 
2455062.622810 -0.000110 
2455064.295323 -0.000100 
2455065.967836 -0.000044 
2455067.640349 0.000008 
2455069.312862 0.000041 
2455070.985375 0.000032 
2455072.657889 0.000010 
2455074.330402 0.000036 
2455076.002915 0.000056 
2455077.675428 0.000031 
2455079.347941 0.000013 
2455081.020454 -0.000034 
2455082.692967 -0.000145 
2455084.365480 -0.000195 
2455086.037993 -0.000126 
2455087.710506 -0.000045 
2455089.383020 0.000012 
2455091.055533 0.000034 
2455092.728046 -0.000002 
2455094.400559 -0.000004 
2455096.073072 0.000044 
2455097.745585 0.000032 
2455099.418098 0.000001 
2455101.090611 -0.000004 
2455102.763124 -0.000105 
2455104.435637 -0.000241 
2455106.108151 -0.000216 
2455107.780664 -0.000112 
2455109.453177 -0.000057 
2455111.125690 -0.000019 
2455112.798203 -0.000027 
2455114.470716 -0.000068 
2455116.143229 -0.000037 
2455117.815742 -0.000013 
2455119.488255 -0.000050 
2455121.160768 -0.000026 
2455122.833281 -0.000024 
2455124.505795 -0.000160 
2455126.178308 -0.000221 
2455127.850821 -0.000130 
2455129.523334 -0.000092 
2455131.195847 -0.000105 
2455132.868360 -0.000092 
2455134.540873 -0.000122 
2455136.213386 -0.000145 
2455137.885899 -0.000119 
2455139.558412 -0.000136 
2455141.230926 -0.000115 
2455142.903439 -0.000008 
2455144.575952 -0.000014 
2455146.248465 -0.000094 
2455147.920978 -0.000050 
2455149.593491 -0.000012 
2455151.266004 -0.000088 
2455152.938517 -0.000125 
2455154.611030 -0.000126 
2455156.283543 -0.000171 
2455157.956057 -0.000187 
2455159.628570 -0.000185 
2455161.301083 -0.000174 
2455162.973596 -0.000059 
2455164.646109 0.000039 
2455166.318622 -0.000012 
2455167.991135 -0.000021 
2455169.663648 0.000067 
2455171.336161 0.000079 
2455173.008674 0.000071 
2455174.681188 0.000093 
2455176.353701 0.000016 
2455178.026214 -0.000051 
2455179.698727 0.000013 
2455181.371240 0.000048 
2455183.043753 0.000059 
2455184.716266 0.000068 
2455186.388779 -0.000186 
2455188.061292 -0.000539 
2455189.733805 -0.000475 
2455191.406318 -0.000060 
2455193.078832 0.000412 
2455194.751345 0.000796 
2455196.423858 0.000725 
2455198.096371 0.000400 
2455199.768884 0.000582 
2455201.441397 0.000933 
2455203.113910 0.000786 
2455204.786423 0.000468 
2455206.458936 -0.000280 
2455208.131449 -0.001862 
2455209.803963 -0.002761 
2455211.476476 -0.001840 
2455213.148989 -0.000081 
2455214.821502 0.001590 
2455216.494015 0.002278 
2455218.166528 0.001468 
2455219.839041 0.001197 
2455221.511554 0.002400 
2455223.184067 0.002633 
2455224.856580 0.001620 
2455226.529094 0.000426 
2455228.201607 -0.002843 
2455229.874120 -0.007029 
2455231.546633 -0.007136 
2455233.219146 -0.003383 
2455234.891659 0.000746 
2455236.564172 0.003727 
2455238.236685 0.003528 
2455239.909198 0.001621 
2455241.581711 0.003023 
2455243.254224 0.005197 
2455244.926738 0.003701 
2455246.599251 0.001741 
2455248.271764 -0.001690 
2455249.944277 -0.010360 
2455251.616790 -0.015870 
2455253.289303 -0.011458 
2455254.961816 -0.003850 
2455256.634329 0.002194 
2455258.306842 0.005037 
2455259.979355 0.002283 
2455261.651869 0.001096 
2455263.324382 0.005511 
2455264.996895 0.005869 
2455266.669408 0.002290 
2455268.341921 0.000539 
2455270.014434 -0.008324 
2455271.686947 -0.022317 
2455273.359460 -0.022964 
2455275.031973 -0.012377 
2455276.704486 -0.003980 
2455278.377000 0.001717 
2455280.049513 0.001879 
2455281.722026 -0.002760 
2455283.394539 -0.000173 
2455285.067052 0.004260 
2455286.739565 0.000460 
2455288.412078 -0.000775 
2455290.084591 -0.002394 
2455291.757104 -0.018087 
2455293.429617 -0.029201 
2455295.102130 -0.020503 
2455296.774644 -0.010722 
2455298.447157 -0.007135 
2455300.119670 -0.004067 
2455301.792183 -0.007279 
2455303.464696 -0.010280 
2455305.137209 -0.005504 
2455306.809722 -0.006091 
2455308.482235 -0.008480 
2455310.154748 -0.001773 
2455311.827261 -0.005039 
2455313.499775 -0.019880 
2455315.172288 -0.018975 
2455316.844801 -0.009463 
2455318.517314 -0.011367 
2455320.189827 -0.013668 
2455321.862340 -0.013057 
2455323.534853 -0.017503 
2455325.207366 -0.018471 
2455326.879879 -0.017165 
2455328.552392 -0.019067 
2455330.224906 -0.010407 
2455331.897419 0.002065 
2455333.569932 -0.001953 
2455335.242445 -0.005958 
2455336.914958 0.001925 
2455338.587471 0.000221 
2455340.259984 -0.009561 
2455341.932497 -0.010875 
2455343.605010 -0.013118 
2455345.277523 -0.019092 
2455346.950037 -0.019136 
2455348.622550 -0.018513 
2455350.295063 -0.013757 
2455351.967576 0.000413 
2455353.640089 0.002138 
2455355.312602 -0.009616 
2455356.985115 -0.005958 
2455358.657628 0.008144 
2455360.330141 0.016006 
2455362.002654 0.025555 
2455363.675167 0.025744 
2455365.347681 0.009138 
2455367.020194 0.008680 
2455368.692707 0.023967 
2455370.365220 0.024222 
2455372.037733 0.019782 
2455373.710246 0.000353 
2455375.382759 -0.064958 
2455377.055272 -0.114075 
2455378.727785 -0.079080 
2455380.400298 0.002912 
2455382.072812 0.088649 
2455383.745325 0.136607 
2455385.417838 0.099421 
2455387.090351 0.066764 
2455388.762864 0.124575 
2455390.435377 0.157246 
2455392.107890 0.111077 
2455393.780403 0.047910 
2455395.452916 -0.121725 
2455397.125429 -0.377134 
2455398.797943 -0.429392 
2455400.470456 -0.220421 
2455402.142969 0.054328 
2455403.815482 0.277001 
2455405.487995 0.300282 
2455407.160508 0.162287 
2455408.833021 0.212639 
2455410.505534 0.386028 
2455412.178047 0.329447 
2455413.850560 0.176602 
2455415.523073 -0.049993 
2455417.195587 -0.632836 
2455418.868100 -1.114864 
2455420.540613 -0.897098 
2455422.213126 -0.311352 
2455423.885639 0.220473 
2455425.558152 0.517461 
2455427.230665 0.345754 
2455428.903178 0.180623 
2455430.575691 0.506548 
2455432.248204 0.645951 
2455433.920718 0.353447 
2455435.593231 0.131075 
2455437.265744 -0.542570 
2455438.938257 -1.760046 
2455440.610770 -2.061270 
2455442.283283 -1.203506 
2455443.955796 -0.289588 
2455445.628309 0.372950 
2455447.300822 0.500442 
2455448.973335 0.059770 
2455450.645849 0.189191 
2455452.318362 0.720172 
2455453.990875 0.474351 
2455455.663388 0.136757 
2455457.335901 -0.134179 
2455459.008414 -1.625096 
2455460.680927 -3.037371 
2455462.353440 -2.449292 
2455464.025953 -1.167280 
2455465.698466 -0.387987 
2455467.370979 0.123398 
2455469.043493 -0.146243 
2455470.716006 -0.557370 
2455472.388519 0.006777 
2455474.061032 0.189302 
2455475.733545 -0.311748 
2455477.406058 -0.107110 
2455479.078571 -0.642743 
2455480.751084 -2.636171 
2455482.423597 -3.096236 
2455484.096110 -1.780602 
2455485.768624 -1.163331 
2455487.441137 -0.969110 
2455489.113650 -0.795147 
2455490.786163 -1.320999 
2455492.458676 -1.385447 
2455494.131189 -0.943887 
2455495.803702 -1.281189 
2455497.476215 -1.016162 
2455499.148728 -0.033508 
2455500.821241 -0.825146 
2455502.493755 -1.994567 
2455504.166268 -1.218926 
2455505.838781 -0.725668 
2455507.511294 -1.503086 
2455509.183807 -1.706069 
2455510.856320 -1.797157 
2455512.528833 -2.321397 
2455514.201346 -2.327217 
2455515.873859 -2.394937 
2455517.546372 -2.266657 
2455519.218885 -0.657012 
2455520.891399 0.556242 
2455522.563912 0.190924 
2455524.236425 0.464710 
2455525.908938 0.984279 
2455527.581451 -0.226674 
2455529.253964 -1.558181 
2455530.926477 -1.752788 
2455532.598990 -2.088429 
2455534.271503 -2.562103 
2455535.944016 -2.716969 
2455537.616530 -2.704536 
2455539.289043 -1.579849 
2455540.961556 0.367446 
2455542.634069 1.289221 
2455544.306582 1.636213 
2455545.979095 2.169151 
2455547.651608 1.447968 
2455549.324121 -0.307721 
2455550.996634 -1.165458 
2455552.669147 -1.344552 
2455554.341661 -1.751939 
2455556.014174 -2.071502 
2455557.686687 -2.151870 
2455559.359200 -1.717997 
2455561.031713 -0.406224 
2455562.704226 0.892156 
2455564.376739 1.560079 
2455566.049252 2.063530 
2455567.721765 1.974271 
2455569.394278 0.810502 
2455571.066792 -0.317138 
2455572.739305 -0.680086 
2455574.411818 -0.864519 
2455576.084331 -1.096672 
2455577.756844 -1.171802 
2455579.429357 -1.085645 
2455581.101870 -0.683184 
2455582.774383 0.040454 
2455584.446896 0.717489 
2455586.119409 1.203834 
2455587.791922 1.402117 
2455589.464436 1.023205 
2455591.136949 0.276428 
2455592.809462 -0.231610 
2455594.481975 -0.393850 
2455596.154488 -0.447367 
2455597.827001 -0.393281 
2455599.499514 -0.285290 
2455601.172027 -0.367116 
2455602.844540 -0.489757 
2455604.517053 -0.253513 
2455606.189567 0.199973 
2455607.862080 0.462884 
2455609.534593 0.503890 
2455611.207106 0.339613 
2455612.879619 -0.038372 
2455614.552132 -0.318163 
2455616.224645 -0.323431 
2455617.897158 -0.170194 
2455619.569671 0.093435 
2455621.242184 0.079343 
2455622.914698 -0.541399 
2455624.587211 -0.995168 
2455626.259724 -0.694376 
2455627.932237 -0.336521 
2455629.604750 -0.232783 
2455631.277263 -0.041200 
2455632.949776 -0.079684 
2455634.622289 -0.449405 
2455636.294802 -0.574093 
2455637.967315 -0.440369 
2455639.639828 -0.213034 
2455641.312342 0.028050 
2455642.984855 -0.405058 
2455644.657368 -1.311857 
2455646.329881 -1.375370 
2455648.002394 -0.845771 
2455649.674907 -0.748900 
2455651.347420 -0.629144 
2455653.019933 -0.337328 
2455654.692446 -0.568793 
2455656.364959 -0.898249 
2455658.037473 -0.870650 
2455659.709986 -0.887724 
2455661.382499 -0.789010 
2455663.055012 -0.707581 
2455664.727525 -1.271954 
2455666.400038 -1.601814 
2455668.072551 -1.026508 
2455669.745064 -0.776394 
2455671.417577 -1.029878 
2455673.090090 -0.810024 
2455674.762604 -0.623335 
2455676.435117 -0.913999 
2455678.107630 -1.055051 
2455679.780143 -1.258992 
2455681.452656 -1.661430 
2455683.125169 -1.571749 
2455684.797682 -1.330120 
2455686.470195 -1.304330 
2455688.142708 -0.810154 
2455689.815221 -0.348392 
2455691.487734 -0.810952 
2455693.160248 -1.186231 
2455694.832761 -0.816514 
2455696.505274 -0.596431 
2455698.177787 -0.725820 
2455699.850300 -1.009521 
2455701.522813 -1.675062 
2455703.195326 -2.073248 
2455704.867839 -1.601966 
2455706.540352 -0.950936 
2455708.212865 -0.424694 
2455709.885379 0.085143 
2455711.557892 -0.124601 
2455713.230405 -0.941534 
2455714.902918 -1.084619 
2455716.575431 -0.532007 
2455718.247944 -0.257366 
2455719.920457 -0.486263 
2455721.592970 -1.116328 
2455723.265483 -1.798028 
2455724.937996 -1.698191 
2455726.610510 -0.897581 
2455728.283023 -0.309121 
2455729.955536 -0.026615 
2455731.628049 0.067996 
2455733.300562 -0.403783 
2455734.973075 -0.977620 
2455736.645588 -0.747156 
2455738.318101 -0.126080 
2455739.990614 -0.045250 
2455741.663127 -0.564417 
2455743.335641 -1.241706 
2455745.008154 -1.475344 
2455746.680667 -0.974272 
2455748.353180 -0.453320 
2455750.025693 -0.492332 
2455751.698206 -0.607978 
2455753.370719 -0.641233 
2455755.043232 -0.907323 
2455756.715745 -0.873073 
2455758.388258 -0.159403 
2455760.060771 0.331374 
2455761.733285 -0.027535 
2455763.405798 -0.735844 
2455765.078311 -1.174208 
2455766.750824 -1.051606 
2455768.423337 -0.603992 
2455770.095850 -0.532641 
2455771.768363 -0.907931 
2455773.440876 -1.221883 
2455775.113389 -1.448567 
2455776.785902 -1.432883 
2455778.458416 -0.641850 
2455780.130929 0.355222 
2455781.803442 0.431230 
2455783.475955 -0.216029 
2455785.148468 -0.789139 
2455786.820981 -1.054029 
2455788.493494 -0.841730 
2455790.166007 -0.295057 
2455791.838520 -0.174089 
2455793.511033 -0.778743 
2455795.183547 -1.734724 
2455796.856060 -2.426069 
2455798.528573 -1.982316 
2455800.201086 -0.538572 
2455801.873599 0.363082 
2455803.546112 0.205760 
2455805.218625 -0.176713 
2455806.891138 -0.633073 
2455808.563651 -1.001896 
2455810.236164 -0.497086 
2455811.908677 0.338370 
2455813.581191 0.108612 
2455815.253704 -1.230836 
2455816.926217 -2.645220 
2455818.598730 -2.907199 
2455820.271243 -1.579767 
2455821.943756 -0.080660 
2455823.616269 0.387254 
2455825.288782 0.451421 
2455826.961295 0.207392 
2455828.633808 -0.720715 
2455830.306322 -1.031770 
2455831.978835 -0.125928 
2455833.651348 0.256855 
2455835.323861 -0.754144 
2455836.996374 -2.103393 
2455838.668887 -2.595281 
2455840.341400 -1.673587 
2455842.013913 -0.199526 
2455843.686426 0.503472 
2455845.358939 0.793305 
2455847.031453 0.913432 
2455848.703966 -0.139128 
2455850.376479 -1.446708 
2455852.048992 -1.118222 
2455853.721505 -0.185471 
2455855.394018 -0.474447 
2455857.066531 -1.503860 
2455858.739044 -2.038010 
2455860.411557 -1.497017 
2455862.084070 -0.264668 
2455863.756583 0.497227 
2455865.429097 0.761021 
2455867.101610 1.056268 
2455868.774123 0.352247 
2455870.446636 -1.416202 
2455872.119149 -1.980721 
2455873.791662 -0.944323 
2455875.464175 -0.370345 
2455877.136688 -0.901609 
2455878.809201 -1.532387 
2455880.481714 -1.464610 
2455882.154228 -0.611847 
2455883.826741 0.207559 
2455885.499254 0.494757 
2455887.171767 0.759605 
2455888.844280 0.567625 
2455890.516793 -0.834627 
2455892.189306 -2.005765 
2455893.861819 -1.516296 
2455895.534332 -0.532133 
2455897.206845 -0.422021 
2455898.879359 -0.903851 
2455900.551872 -1.206386 
2455902.224385 -0.892780 
2455903.896898 -0.221803 
2455905.569411 0.182203 
2455907.241924 0.401276 
2455908.914437 0.491881 
2455910.586950 -0.194699 
2455912.259463 -1.289509 
2455913.931976 -1.448855 
2455915.604490 -0.712763 
2455917.277003 -0.232601 
2455918.949516 -0.374540 
2455920.622029 -0.735245 
2455922.294542 -0.858642 
2455923.967055 -0.562645 
2455925.639568 -0.127064 
2455927.312081 0.193162 
2455928.984594 0.376879 
2455930.657107 0.162626 
2455932.329620 -0.491858 
2455934.002134 -0.896908 
2455935.674647 -0.639660 
2455937.347160 -0.205529 
2455939.019673 -0.110945 
2455940.692186 -0.348405 
2455942.364699 -0.662460 
2455944.037212 -0.770169 
2455945.709725 -0.499819 
2455947.382238 0.023094 
2455949.054751 0.419099 
2455950.727265 0.393275 
2455952.399778 0.032389 
2455954.072291 -0.306927 
2455955.744804 -0.357873 
2455957.417317 -0.166015 
2455959.089830 -0.026709 
2455960.762343 -0.152248 
2455962.434856 -0.499848 
2455964.107369 -0.903295 
2455965.779882 -0.989639 
2455967.452396 -0.393002 
2455969.124909 0.449504 
2455970.797422 0.685404 
2455972.469935 0.355168 
2455974.142448 0.058397 
2455975.814961 -0.074978 
2455977.487474 -0.098604 
2455979.159987 -0.025501 
2455980.832500 -0.083088 
2455982.505013 -0.399460 
2455984.177526 -0.928808 
2455985.850040 -1.425466 
2455987.522553 -1.130028 
2455989.195066 0.075234 
2455990.867579 0.864519 
2455992.540092 0.578634 
2455994.212605 0.142694 
2455995.885118 0.030397 
2455997.557631 -0.062428 
2455999.230144 -0.100612 
2456000.902657 -0.121304 
2456002.575171 -0.353924 
2456004.247684 -0.797268 
2456005.920197 -1.443985 
2456007.592710 -1.702512 
2456009.265223 -0.728265 
2456010.937736 0.529765 
2456012.610249 0.531639 
2456014.282762 -0.091064 
2456015.955275 -0.201964 
2456017.627788 -0.142393 
2456019.300302 -0.224699 
2456020.972815 -0.283637 
2456022.645328 -0.440062 
2456024.317841 -0.657575 
2456025.990354 -0.970597 
2456027.662867 -1.415429 
2456029.335380 -1.177847 
2456031.007893 -0.213313 
2456032.680406 -0.012884 
2456034.352919 -0.679162 
2456036.025432 -0.824229 
2456037.697946 -0.450509 
2456039.370459 -0.333682 
2456041.042972 -0.444728 
2456042.715485 -0.656634 
2456044.387998 -0.769255 
2456046.060511 -0.547127 
2456047.733024 -0.442705 
2456049.405537 -0.567343 
2456051.078050 -0.462917 
2456052.750563 -0.579317 
2456054.423077 -1.224921 
2456056.095590 -1.402693 
2456057.768103 -0.813629 
2456059.440616 -0.349234 
2456061.113129 -0.365939 
2456062.785642 -0.711497 
2456064.458155 -1.053987 
2456066.130668 -0.733639 
2456067.803181 0.085125 
2456069.475694 0.442988 
2456071.148208 0.191295 
2456072.820721 -0.303121 
2456074.493234 -0.906793 
2456076.165747 -1.139360 
2456077.838260 -0.689606 
2456079.510773 -0.139141 
2456081.183286 0.001869 
2456082.855799 -0.318569 
2456084.528312 -0.978794 
2456086.200825 -1.214591 
2456087.873339 -0.397990 
2456089.545852 0.634375 
2456091.218365 0.849720 
2456092.890878 0.481741 
2456094.563391 0.088604 
2456096.235904 -0.138051 
2456097.908417 -0.046724 
2456099.580930 0.235142 
2456101.253443 0.392165 
2456102.925956 0.291885 
2456104.598469 -0.300068 
2456106.270983 -1.188824 
2456107.943496 -1.288612 
2456109.616009 -0.343196 
2456111.288522 0.487293 
2456112.961035 0.749029 
2456114.633548 0.936709 
2456116.306061 0.955346 
2456117.978574 0.653012 
2456119.651087 0.467207 
2456121.323600 0.530011 
2456122.996114 0.640315 
2456124.668627 0.489968 
2456126.341140 -0.408696 
2456128.013653 -1.520092 
2456129.686166 -1.552948 
2456131.358679 -0.743429 
2456133.031192 -0.008804 
2456134.703705 0.899307 
2456136.376218 1.672019 
2456138.048731 1.262213 
2456139.721245 0.376521 
2456141.393758 0.260792 
2456143.066271 0.573298 
2456144.738784 0.746697 
2456146.411297 0.442563 
2456148.083810 -0.715300 
2456149.756323 -1.758099 
2456151.428836 -1.664072 
2456153.101349 -1.100147 
2456154.773862 -0.142817 
2456156.446375 1.425071 
2456158.118889 1.735966 
2456159.791402 0.303035 
2456161.463915 -0.326630 
2456163.136428 0.311425 
2456164.808941 0.529156 
2456166.481454 0.421363 
2456168.153967 0.213299 
2456169.826480 -0.627658 
2456171.498993 -1.289884 
2456173.171506 -1.314674 
2456174.844020 -0.988636 
2456176.516533 0.437782 
2456178.189046 1.806512 
2456179.861559 0.738830 
2456181.534072 -0.685472 
2456183.206585 0.081000 
2456184.879098 0.625781 
2456186.551611 -0.203693 
2456188.224124 -0.109327 
2456189.896637 0.560151 
2456191.569151 0.235433 
2456193.241664 -0.326065 
2456194.914177 -0.470882 
2456196.586690 0.269493 
2456198.259203 1.881200 
2456199.931716 1.793308 
2456201.604229 -0.101682 
2456203.276742 -0.056890 
2456204.949255 1.109145 
2456206.621768 -0.053782 
2456208.294281 -1.212800 
2456209.966795 0.190852 
2456211.639308 1.468234 
2456213.311821 1.160594 
2456214.984334 0.815069 
2456216.656847 1.199829 
2456218.329360 2.351249 
2456220.001873 2.860184 
2456221.674386 1.240744 
2456223.346899 0.054920 
2456225.019412 1.033013 
2456226.691926 0.773822 
2456228.364439 -1.226468 
2456230.036952 -0.996103 
2456231.709465 1.122679 
2456233.381978 1.870765 
2456235.054491 1.565735 
2456236.727004 1.759192 
2456238.399517 2.504182 
2456240.072030 3.078949 
2456241.744543 2.217590 
2456243.417057 0.590268 
2456245.089570 0.544558 
2456246.762083 1.007016 
2456248.434596 -0.288603 
2456250.107109 -1.281984 
2456251.779622 -0.001538 
2456253.452135 1.402861 
2456255.124648 1.514530 
2456256.797161 1.514093 
2456258.469674 1.980813 
2456260.142187 2.445258 
2456261.814701 2.195476 
2456263.487214 1.052284 
2456265.159727 0.339382 
2456266.832240 0.612231 
2456268.504753 0.312888 
2456270.177266 -0.664717 
2456271.849779 -0.540750 
2456273.522292 0.509829 
2456275.194805 0.984206 
2456276.867318 0.967025 
2456278.539832 1.167689 
2456280.212345 1.485591 
2456281.884858 1.516830 
2456283.557371 1.027676 
2456285.229884 0.405961 
2456286.902397 0.295346 
2456288.574910 0.333251 
2456290.247423 -0.073121 
2456291.919936 -0.346172 
2456293.592449 0.015927 
2456295.264963 0.419684 
2456296.937476 0.479963 
2456298.609989 0.512414 
2456300.282502 0.649975 
2456301.955015 0.735877 
2456303.627528 0.676257 
2456305.300041 0.493343 
2456306.972554 0.341181 
2456308.645067 0.288804 
2456310.317580 0.190954 
2456311.990094 0.054579 
2456313.662607 0.066642 
2456315.335120 0.173979 
2456317.007633 0.192485 
2456318.680146 0.155291 
2456320.352659 0.139527 
2456322.025172 0.135967 
2456323.697685 0.258367 
2456325.370198 0.553563 
2456327.042711 0.715237 
2456328.715224 0.560577 
2456330.387738 0.387764 
2456332.060251 0.403118 
2456333.732764 0.422630 
2456335.405277 0.323468 
2456337.077790 0.181595 
2456338.750303 0.061999 
2456340.422816 -0.052843 
2456342.095329 -0.207161 
2456343.767842 -0.142589 
2456345.440355 0.521428 
2456347.112869 1.297964 
2456348.785382 1.281833 
2456350.457895 0.783300 
2456352.130408 0.704578 
2456353.802921 0.884068 
2456355.475434 0.763562 
2456357.147947 0.451425 
2456358.820460 0.209322 
2456360.492973 0.016858 
2456362.165486 -0.273027 
2456363.838000 -0.456675 
2456365.510513 0.262417 
2456367.183026 1.754034 
2456368.855539 2.316500 
2456370.528052 1.498464 
2456372.200565 0.952743 
2456373.873078 1.234948 
2456375.545591 1.287602 
2456377.218104 0.875248 
2456378.890617 0.532435 
2456380.563130 0.325536 
2456382.235644 -0.028613 
2456383.908157 -0.514724 
2456385.580670 -0.142689 
2456387.253183 1.704533 
2456388.925696 3.110974 
2456390.598209 2.330736 
2456392.270722 1.096505 
2456393.943235 1.199581 
2456395.615748 1.528750 
2456397.288261 1.144124 
2456398.960775 0.765620 
2456400.633288 0.730273 
2456402.305801 0.524890 
2456403.978314 -0.159253 
2456405.650827 -0.373900 
2456407.323340 1.198000 
2456408.995853 3.113056 
2456410.668366 2.660955 
2456412.340879 0.937667 
2456414.013392 0.679678 
2456415.685906 1.208980 
2456417.358419 0.916511 
2456419.030932 0.507384 
2456420.703445 0.805902 
2456422.375958 1.140658 
2456424.048471 0.586544 
2456425.720984 -0.235261 
2456427.393497 0.584758 
2456429.066010 2.444713 
2456430.738523 2.248945 
2456432.411036 0.358313 
2456434.083550 -0.057365 
2456435.756063 0.700656 
2456437.428576 0.477925 
2456439.101089 -0.137184 
2456440.773602 0.278011 
2456442.446115 1.301619 
2456444.118628 1.405913 
2456445.791141 0.283624 
2456447.463654 0.097787 
2456449.136167 1.597992 
2456450.808681 1.743744 
2456452.481194 -0.143175 
2456454.153707 -0.645017 
2456455.826220 0.560519 
2456457.498733 0.677990 
2456459.171246 -0.222551 
2456460.843759 -0.249978 
2456462.516272 0.843402 
2456464.188785 1.732846 
2456465.861298 1.087102 
2456467.533812 0.114957 
2456469.206325 0.875713 
2456470.878838 1.481964 
2456472.551351 -0.123628 
2456474.223864 -1.092669 
2456475.896377 0.300028 
2456477.568890 1.226987 
2456479.241403 0.541630 
2456480.913916 0.002876 
2456482.586429 0.381439 
2456484.258943 1.228961 
2456485.931456 1.478911 
2456487.603969 0.741611 
2456489.276482 0.663249 
2456490.948995 1.308229 
2456492.621508 0.431933 
2456494.294021 -0.969434 
2456495.966534 -0.250764 
2456497.639047 1.189321 
2456499.311560 1.229087 
2456500.984073 0.705915 
2456502.656587 0.404671 
2456504.329100 0.315567 
2456506.001613 0.687573 
2456507.674126 0.996702 
2456509.346639 1.034159 
2456511.019152 1.327931 
2456512.691665 1.026465 
2456514.364178 -0.201301 
2456516.036691 -0.423303 
2456517.709204 0.674691 
2456519.381718 1.233120 
2456521.054231 0.977016 
2456522.726744 0.511840 
2456524.399257 -0.269535 
2456526.071770 -0.648474 
2456527.744283 0.112410 
2456529.416796 1.167100 
2456531.089309 1.675060 
2456532.761822 1.506588 
2456534.434335 0.658346 
2456536.106849 -0.022888 
2456537.779362 0.298382 
2456539.451875 0.834099 
2456541.124388 0.738643 
2456542.796901 0.338474 
2456544.469414 -0.271961 
2456546.141927 -1.045052 
2456547.814440 -0.946343 
2456549.486953 0.417826 
2456551.159466 1.735613 
2456552.831979 1.917370 
2456554.504493 1.263780 
2456556.177006 0.544719 
2456557.849519 0.303750 
2456559.522032 0.492328 
2456561.194545 0.441377 
2456562.867058 0.002502 
2456564.539571 -0.276306 
2456566.212084 -0.517328 
2456567.884597 -0.936504 
2456569.557110 -0.593239 
2456571.229624 0.779498 
2456572.902137 1.703832 
2456574.574650 1.451364 
2456576.247163 0.842437 
2456577.919676 0.451808 
2456579.592189 0.332371 
2456581.264702 0.280646 
2456582.937215 -0.123413 
2456584.609728 -0.450922 
2456586.282241 -0.148829 
2456587.954755 -0.128492 
2456589.627268 -0.726817 
2456591.299781 -0.543521 
2456592.972294 0.515239 
2456594.644807 0.990041 
2456596.317320 0.728076 
2456597.989833 0.440846 
2456599.662346 0.255976 
2456601.334859 0.173145 
2456603.007372 -0.037090 
2456604.679885 -0.434841 
2456606.352399 -0.247168 
2456608.024912 0.310027 
2456609.697425 -0.068684 
2456611.369938 -0.861230 
2456613.042451 -0.618153 
2456614.714964 0.135764 
2456616.387477 0.358986 
2456618.059990 0.266714 
2456619.732503 0.168702 
2456621.405016 0.087960 
2456623.077530 0.027452 
2456624.750043 -0.212863 
2456626.422556 -0.308981 
2456628.095069 0.163293 
2456629.767582 0.353384 
2456631.440095 -0.336899 
2456633.112608 -0.826460 
2456634.785121 -0.477613 
2456636.457634 -0.042729 
2456638.130147 0.066339 
2456639.802661 0.058869 
2456641.475174 0.026626 
2456643.147687 0.020478 
2456644.820200 -0.036953 
2456646.492713 -0.171645 
2456648.165226 -0.030837 
2456649.837739 0.276127 
2456651.510252 0.090062 
2456653.182765 -0.427701 
2456654.855278 -0.534545 
2456656.527792 -0.263146 
2456658.200305 -0.074449 
2456659.872818 -0.031694 
2456661.545331 -0.026378 
2456663.217844 -0.007126 
2456664.890357 0.020213 
2456666.562870 -0.016502 
2456668.235383 -0.025631 
2456669.907896 0.109113 
2456671.580409 0.152479 
2456673.252922 -0.071973 
2456674.925436 -0.275582 
2456676.597949 -0.232124 
2456678.270462 -0.115228 
2456679.942975 -0.084252 
2456681.615488 -0.081199 
2456683.288001 -0.045769 
2456684.960514 0.005225 
2456686.633027 0.051031 
2456688.305540 0.088154 
2456689.978053 0.119991 
2456691.650567 0.127782 
2456693.323080 0.063403 
2456694.995593 -0.045787 
2456696.668106 -0.082132 
2456698.340619 -0.055707 
2456700.013132 -0.093340 
2456701.685645 -0.146987 
2456703.358158 -0.108903 
2456705.030671 -0.055671 
2456706.703184 0.008429 
2456708.375698 0.180363 
2456710.048211 0.315169 
2456711.720724 0.265643 
2456713.393237 0.162256 
2456715.065750 0.089711 
2456716.738263 0.043752 
2456718.410776 0.043134 
2456720.083289 -0.045134 
2456721.755802 -0.214198 
2456723.428315 -0.210026 
2456725.100828 -0.136533 
2456726.773342 -0.141173 
2456728.445855 0.115020 
2456730.118368 0.568634 
2456731.790881 0.646381 
2456733.463394 0.411688 
2456735.135907 0.252806 
2456736.808420 0.158694 
2456738.480933 0.122116 
2456740.153446 0.044713 
2456741.825959 -0.236322 
2456743.498473 -0.348977 
2456745.170986 -0.211909 
2456746.843499 -0.298508 
2456748.516012 -0.181515 
2456750.188525 0.625678 
2456751.861038 1.166914 
2456753.533551 0.884909 
2456755.206064 0.519972 
2456756.878577 0.350539 
2456758.551090 0.218542 
2456760.223604 0.126432 
2456761.896117 -0.190295 
2456763.568630 -0.486349 
2456765.241143 -0.310213 
2456766.913656 -0.329562 
2456768.586169 -0.528814 
2456770.258682 0.305949 
2456771.931195 1.502266 
2456773.603708 1.476627 
2456775.276221 0.842371 
2456776.948734 0.581285 
2456778.621248 0.419331 
2456780.293761 0.219306 
2456781.966274 -0.127492 
2456783.638787 -0.586811 
2456785.311300 -0.495387 
2456786.983813 -0.294915 
2456788.656326 -0.632998 
2456790.328839 -0.143916 
2456792.001352 1.427024 
2456793.673865 1.899853 
2456795.346379 1.070994 
2456797.018892 0.635458 
2456798.691405 0.645760 
2456800.363918 0.438633 
2456802.036431 -0.044736 
2456803.708944 -0.667054 
2456805.381457 -0.749279 
2456807.053970 -0.374147 
2456808.726483 -0.570239 
2456810.398996 -0.446366 
2456812.071510 1.064084 
2456813.744023 1.983248 
2456815.416536 1.107881 
2456817.089049 0.350399 
2456818.761562 0.600834 
2456820.434075 0.752924 
2456822.106588 0.208608 
2456823.779101 -0.709859 
2456825.451614 -1.045232 
2456827.124127 -0.536483 
2456828.796640 -0.474465 
2456830.469154 -0.698585 
2456832.141667 0.426766 
2456833.814180 1.733881 
2456835.486693 1.136011 
2456837.159206 -0.004849 
2456838.831719 0.188803 
2456840.504232 0.883207 
2456842.176745 0.670419 
2456843.849258 -0.517351 
2456845.521771 -1.386651 
2456847.194285 -0.867915 
2456848.866798 -0.185874 
2456850.539311 -0.458105 
2456852.211824 -0.161538 
2456853.884337 1.113689 
2456855.556850 1.247327 
2456857.229363 0.162110 
2456858.901876 -0.071320 
2456860.574389 0.746782 
2456862.246902 1.078731 
2456863.919416 0.084729 
2456865.591929 -1.315054 
2456867.264442 -1.331948 
2456868.936955 -0.185595 
2456870.609468 0.143015 
2456872.281981 -0.191374 
2456873.954494 0.339302 
2456875.627007 1.059117 
2456877.299520 0.801592 
2456878.972033 0.405882 
2456880.644547 0.753916 
2456882.317060 1.206470 
2456883.989573 0.733453 
2456885.662086 -0.612693 
2456887.334599 -1.332984 
2456889.007112 -0.547411 
2456890.679625 0.344152 
2456892.352138 0.170359 
2456894.024651 -0.064467 
2456895.697164 0.454501 
2456897.369677 1.016736 
2456899.042191 1.123373 
2456900.714704 1.118948 
2456902.387217 1.205676 
2456904.059730 1.004682 
2456905.732243 0.146619 
2456907.404756 -0.767041 
2456909.077269 -0.691128 
2456910.749782 0.090970 
2456912.422295 0.353773 
2456914.094808 0.003539 
2456915.767322 -0.020428 
2456917.439835 0.572067 
2456919.112348 1.187175 
2456920.784861 1.347404 
2456922.457374 1.181407 
2456924.129887 0.934208 
2456925.802400 0.481434 
2456927.474913 -0.165774 
2456929.147426 -0.455420 
2456930.819939 -0.134715 
2456932.492453 0.225266 
2456934.164966 0.133277 
2456935.837479 -0.097158 
2456937.509992 0.098063 
2456939.182505 0.686763 
2456940.855018 1.094400 
2456942.527531 1.025685 
2456944.200044 0.743600 
2456945.872557 0.457953 
2456947.545070 0.120324 
2456949.217583 -0.149919 
2456950.890097 -0.137064 
2456952.562610 0.051857 
2456954.235123 0.111372 
2456955.907636 -0.020824 
2456957.580149 -0.062390 
2456959.252662 0.217144 
2456960.925175 0.597421 
2456962.597688 0.698385 
2456964.270201 0.525084 
2456965.942714 0.318666 
2456967.615228 0.149481 
2456969.287741 0.005265 
2456970.960254 -0.053178 
2456972.632767 -0.012899 
2456974.305280 0.035586 
2456975.977793 0.008041 
2456977.650306 -0.048017 
2456979.322819 0.019131 
2456980.995332 0.217631 
2456982.667845 0.347344 
2456984.340359 0.301822 
2456986.012872 0.186054 
2456987.685385 0.095711 
2456989.357898 0.032171 
2456991.030411 -0.006782 
2456992.702924 -0.014370 
2456994.375437 -0.003043 
2456996.047950 -0.002015 
2456997.720463 -0.022227 
2456999.392976 -0.016167 
2457001.065489 0.053048 
2457002.738003 0.124653 
2457004.410516 0.128642 
2457006.083029 0.086805 
2457007.755542 0.048148 
2457009.428055 0.021593 
2457011.100568 0.001152 
2457012.773081 -0.011609 
2457014.445594 -0.012472 
2457016.118107 -0.008116 
2457017.790620 -0.014279 
2457019.463134 -0.020222 
2457021.135647 0.002944 
2457022.808160 0.041999 
2457024.480673 0.056333 
2457026.153186 0.044226 
2457027.825699 0.030515 
2457029.498212 0.019961 
2457031.170725 0.005543 
2457032.843238 -0.009543 
2457034.515751 -0.015132 
2457036.188265 -0.008997 
2457037.860778 -0.010511 
2457039.533291 -0.033761 
2457041.205804 -0.040881 
2457042.878317 0.010795 
2457044.550830 0.080937 
2457046.223343 0.100912 
2457047.895856 0.077787 
2457049.568369 0.051016 
2457051.240882 0.024935 
2457052.913396 0.000329 
2457054.585909 -0.013148 
2457056.258422 -0.013838 
2457057.930935 -0.012569 
2457059.603448 -0.051592 
2457061.275961 -0.120452 
2457062.948474 -0.077203 
2457064.620987 0.124841 
2457066.293500 0.286085 
2457067.966013 0.270201 
2457069.638526 0.173084 
2457071.311040 0.086144 
2457072.983553 0.021517 
2457074.656066 -0.009637 
2457076.328579 -0.025119 
2457078.001092 -0.035518 
2457079.673605 -0.072385 
2457081.346118 -0.211134 
2457083.018631 -0.278153 
2457084.691144 0.034629 
2457086.363657 0.521606 
2457088.036171 0.681671 
2457089.708684 0.498933 
2457091.381197 0.261251 
2457093.053710 0.080062 
2457094.726223 -0.014350 
2457096.398736 -0.049074 
2457098.071249 -0.091067 
2457099.743762 -0.127496 
2457101.416275 -0.272353 
2457103.088788 -0.516796 
2457104.761302 -0.300838 
2457106.433815 0.553230 
2457108.106328 1.204852 
2457109.778841 1.107024 
2457111.451354 0.655360 
2457113.123867 0.245507 
2457114.796380 -0.013405 
2457116.468893 -0.103107 
2457118.141406 -0.174819 
2457119.813919 -0.253313 
2457121.486432 -0.338722 
2457123.158946 -0.642801 
2457124.831459 -0.736451 
2457126.503972 0.159680 
2457128.176485 1.436711 
2457129.848998 1.806612 
2457131.521511 1.278696 
2457133.194024 0.582013 
2457134.866537 0.051505 
2457136.539050 -0.188815 
2457138.211563 -0.280223 
2457139.884077 -0.421522 
2457141.556590 -0.491909 
2457143.229103 -0.650420 
2457144.901616 -0.941401 
2457146.574129 -0.451341 
2457148.246642 1.025254 
2457149.919155 2.054307 
2457151.591668 1.831575 
2457153.264181 1.010167 
2457154.936694 0.223245 
2457156.609208 -0.250607 
2457158.281721 -0.397473 
2457159.954234 -0.548913 
2457161.626747 -0.689625 
2457163.299260 -0.692390 
2457164.971773 -0.845647 
2457166.644286 -0.780989 
2457168.316799 0.242364 
2457169.989312 1.524154 
2457171.661825 1.836814 
2457173.334338 1.253093 
2457175.006852 0.437973 
2457176.679365 -0.202965 
2457178.351878 -0.460997 
2457180.024391 -0.573528 
2457181.696904 -0.755266 
2457183.369417 -0.765973 
2457185.041930 -0.693628 
2457186.714443 -0.704176 
2457188.386956 -0.276659 
2457190.059469 0.674727 
2457191.731983 1.277015 
2457193.404496 1.115000 
2457195.077009 0.549334 
2457196.749522 -0.044972 
2457198.422035 -0.387459 
2457200.094548 -0.488538 
2457201.767061 -0.621145 
2457203.439574 -0.695999 
2457205.112087 -0.565227 
2457206.784600 -0.463964 
2457208.457114 -0.337013 
2457210.129627 0.111570 
2457211.802140 0.607294 
2457213.474653 0.714007 
2457215.147166 0.469861 
2457216.819679 0.090588 
2457218.492192 -0.219356 
2457220.164705 -0.343769 
2457221.837218 -0.425745 
2457223.509731 -0.503339 
2457225.182245 -0.401539 
2457226.854758 -0.221800 
2457228.527271 -0.145646 
2457230.199784 -0.024944 
2457231.872297 0.203331 
2457233.544810 0.333399 
2457235.217323 0.283709 
2457236.889836 0.120154 
2457238.562349 -0.071097 
2457240.234862 -0.191779 
2457241.907375 -0.275708 
2457243.579889 -0.352025 
2457245.252402 -0.256476 
2457246.924915 -0.004934 
2457248.597428 0.127741 
2457250.269941 0.111420 
2457251.942454 0.118404 
2457253.614967 0.147647 
2457255.287480 0.136910 
2457256.959993 0.088126 
2457258.632506 0.004846 
2457260.305020 -0.075163 
2457261.977533 -0.166016 
2457263.650046 -0.290977 
2457265.322559 -0.239755 
2457266.995072 0.105553 
2457268.667585 0.402614 
2457270.340098 0.387379 
2457272.012611 0.245236 
2457273.685124 0.153783 
2457275.357637 0.098595 
2457277.030151 0.067518 
2457278.702664 0.035862 
2457280.375177 -0.008963 
2457282.047690 -0.077709 
2457283.720203 -0.238663 
2457285.392716 -0.316294 
2457287.065229 0.015976 
2457288.737742 0.532300 
2457290.410255 0.685387 
2457292.082768 0.481309 
2457293.755281 0.269761 
2457295.427795 0.147448 
2457297.100308 0.083317 
2457298.772821 0.057288 
2457300.445334 0.025830 
2457302.117847 -0.018198 
2457303.790360 -0.144794 
2457305.462873 -0.325028 
2457307.135386 -0.179367 
2457308.807899 0.388739 
2457310.480412 0.794526 
2457312.152926 0.690542 
2457313.825439 0.404781 
2457315.497952 0.218012 
2457317.170465 0.117080 
2457318.842978 0.073128 
2457320.515491 0.046482 
2457322.188004 0.011951 
2457323.860517 -0.053888 
2457325.533030 -0.212361 
2457327.205543 -0.261929 
2457328.878057 0.097930 
2457330.550570 0.591390 
2457332.223083 0.695869 
2457333.895596 0.465506 
2457335.568109 0.250560 
2457337.240622 0.135385 
2457338.913135 0.077143 
2457340.585648 0.051559 
2457342.258161 0.024741 
2457343.930674 -0.008108 
2457345.603187 -0.087627 
2457347.275701 -0.188703 
2457348.948214 -0.082157 
2457350.620727 0.263742 
2457352.293240 0.487097 
2457353.965753 0.405125 
2457355.638266 0.229502 
2457357.310779 0.122568 
2457358.983292 0.068306 
2457360.655805 0.043002 
2457362.328318 0.025985 
2457364.000832 0.005994 
2457365.673345 -0.023161 
2457367.345858 -0.082971 
2457369.018371 -0.095142 
2457370.690884 0.047720 
2457372.363397 0.230321 
2457374.035910 0.259876 
2457375.708423 0.168291 
2457377.380936 0.088796 
2457379.053449 0.049218 
2457380.725963 0.029371 
2457382.398476 0.019148 
2457384.070989 0.008229 
2457385.743502 -0.003428 
2457387.416015 -0.024004 
2457389.088528 -0.046982 
2457390.761041 -0.017813 
2457392.433554 0.066547 
2457394.106067 0.116949 
2457395.778580 0.094027 
2457397.451093 0.051706 
2457399.123607 0.027793 
2457400.796120 0.016443 
2457402.468633 0.010635 
2457404.141146 0.005987 
2457405.813659 0.000655 
2457407.486172 -0.005096 
2457409.158685 -0.014064 
2457410.831198 -0.014877 
2457412.503711 0.007318 
2457414.176224 0.033936 
2457415.848738 0.037085 
2457417.521251 0.023186 
2457419.193764 0.012087 
2457420.866277 0.007114 
2457422.538790 0.004600 
2457424.211303 0.002953 
2457425.883816 0.000971 
2457427.556329 -0.000973 
2457429.228842 -0.003179 
2457430.901355 -0.005337 
2457432.573869 -0.002675 
2457434.246382 0.005295 
2457435.918895 0.010327 
2457437.591408 0.008478 
2457439.263921 0.004726 
2457440.936434 0.002693 
2457442.608947 0.001734 
2457444.281460 0.001170 
2457445.953973 0.000619 
2457447.626486 -0.000095 
2457449.299000 -0.000807 
2457450.971513 -0.002028 
2457452.644026 -0.002822 
2457454.316539 -0.000547 
2457455.989052 0.003650 
2457457.661565 0.005353 
2457459.334078 0.003974 
2457461.006591 0.002286 
2457462.679104 0.001310 
2457464.351617 0.000757 
2457466.024130 0.000508 
2457467.696644 0.000216 
2457469.369157 -0.000163 
2457471.041670 -0.001039 
2457472.714183 -0.002635 
2457474.386696 -0.002229 
2457476.059209 0.002041 
2457477.731722 0.006107 
2457479.404235 0.006041 
2457481.076748 0.003776 
2457482.749261 0.002070 
2457484.421775 0.001095 
2457486.094288 0.000644 
2457487.766801 0.000429 
2457489.439314 0.000134 
2457491.111827 -0.000380 
2457492.784340 -0.001818 
2457494.456853 -0.002839 
2457496.129366 -0.000072 
2457497.801879 0.005047 
2457499.474392 0.007032 
2457501.146906 0.005151 
2457502.819419 0.002861 
2457504.491932 0.001527 
2457506.164445 0.000817 
2457507.836958 0.000537 
2457509.509471 0.000295 
2457511.181984 -0.000019 
2457512.854497 -0.000789 
2457514.527010 -0.002091 
2457516.199523 -0.001497 
2457517.872036 0.002264 
2457519.544550 0.005482 
2457521.217063 0.005119 
2457522.889576 0.003078 
2457524.562089 0.001642 
2457526.234602 0.000874 
2457527.907115 0.000519 
2457529.579628 0.000343 
2457531.252141 0.000121 
2457532.924654 -0.000201 
2457534.597167 -0.000961 
2457536.269681 -0.001408 
2457537.942194 0.000154 
2457539.614707 0.002785 
2457541.287220 0.003660 
2457542.959733 0.002590 
2457544.632246 0.001402 
2457546.304759 0.000750 
2457547.977272 0.000422 
2457549.649785 0.000292 
2457551.322298 0.000165 
2457552.994812 0.000002 
2457554.667325 -0.000285 
2457556.339838 -0.000705 
2457558.012351 -0.000457 
2457559.684864 0.000811 
2457561.357377 0.001824 
2457563.029890 0.001652 
2457564.702403 0.000981 
2457566.374916 0.000527 
2457568.047429 0.000287 
2457569.719942 0.000188 
2457571.392456 0.000144 
2457573.064969 0.000059 
2457574.737482 -0.000050 
2457576.409995 -0.000223 
2457578.082508 -0.000308 
2457579.755021 0.000033 
2457581.427534 0.000571 
2457583.100047 0.000743 
2457584.772560 0.000582 
2457586.445073 0.000402 
2457588.117587 0.000219 
2457589.790100 0.000062 
2457591.462613 0.000029 
2457593.135126 0.000027 
2457594.807639 -0.000013 
2457596.480152 -0.000062 
2457598.152665 -0.000121 
2457599.825178 -0.000102 
2457601.497691 0.000038 
2457603.170204 0.000159 
2457604.842718 0.000299 
2457606.515231 0.000512 
2457608.187744 0.000459 
2457609.860257 0.000049 
2457611.532770 -0.000230 
2457613.205283 -0.000196 
2457614.877796 -0.000122 
2457616.550309 -0.000090 
2457618.222822 -0.000080 
2457619.895335 -0.000116 
2457621.567849 -0.000135 
2457623.240362 -0.000138 
2457624.912875 0.000056 
2457626.585388 0.000720 
2457628.257901 0.001179 
2457629.930414 0.000546 
2457631.602927 -0.000478 
2457633.275440 -0.000751 
2457634.947953 -0.000502 
2457636.620466 -0.000298 
2457638.292979 -0.000168 
2457639.965493 -0.000160 
2457641.638006 -0.000233 
2457643.310519 -0.000301 
2457644.983032 -0.000237 
2457646.655545 0.000641 
2457648.328058 0.002034 
2457650.000571 0.001870 
2457651.673084 -0.000126 
2457653.345597 -0.001493 
2457655.018110 -0.001290 
2457656.690624 -0.000746 
2457658.363137 -0.000408 
2457660.035650 -0.000242 
2457661.708163 -0.000311 
2457663.380676 -0.000413 
2457665.053189 -0.000491 
2457666.725702 0.000126 
2457668.398215 0.002190 
2457670.070728 0.003445 
2457671.743241 0.001347 
2457673.415755 -0.001679 
2457675.088268 -0.002267 
2457676.760781 -0.001348 
2457678.433294 -0.000711 
2457680.105807 -0.000374 
2457681.778320 -0.000322 
2457683.450833 -0.000456 
2457685.123346 -0.000571 
2457686.795859 -0.000417 
2457688.468372 0.001307 
2457690.140885 0.003836 
2457691.813399 0.003170 
2457693.485912 -0.000643 
2457695.158425 -0.002628 
2457696.830938 -0.001642 
2457698.503451 -0.000607 
2457700.175964 -0.000328 
2457701.848477 -0.000234 
2457703.520990 -0.000356 
2457705.193503 -0.000483 
2457706.866016 -0.000551 
2457708.538530 0.000183 
2457710.211043 0.002492 
2457711.883556 0.003536 
2457713.556069 0.000826 
2457715.228582 -0.001842 
2457716.901095 -0.001002 
2457718.573608 0.000616 
2457720.246121 0.000611 
2457721.918634 0.000156 
2457723.591147 -0.000088 
2457725.263661 -0.000306 
2457726.936174 -0.000436 
2457728.608687 -0.000406 
2457730.281200 0.000728 
2457731.953713 0.002451 
2457733.626226 0.001724 
2457735.298739 -0.000612 
2457736.971252 -0.000021 
2457738.643765 0.002614 
2457740.316278 0.002884 
2457741.988791 0.001287 
2457743.661305 0.000309 
2457745.333818 -0.000195 
2457747.006331 -0.000617 
2457748.678844 -0.001059 
2457750.351357 -0.000753 
2457752.023870 0.002347 
2457753.696383 0.005390 
2457755.368896 0.003120 
2457757.041409 -0.000326 
2457758.713922 0.001391 
2457760.386436 0.003794 
2457762.058949 0.002325 
2457763.731462 0.000413 
2457765.403975 -0.000517 
2457767.076488 -0.001678 
2457768.749001 -0.003042 
2457770.421514 -0.004064 
2457772.094027 0.002207 
2457773.766540 0.017605 
2457775.439053 0.021862 
2457777.111567 0.004948 
2457778.784080 -0.009103 
2457780.456593 -0.006805 
2457782.129106 -0.002849 
2457783.801619 -0.002754 
2457785.474132 -0.002468 
2457787.146645 -0.004172 
2457788.819158 -0.007223 
2457790.491671 -0.011200 
2457792.164184 -0.005490 
2457793.836698 0.031969 
2457795.509211 0.070337 
2457797.181724 0.044989 
2457798.854237 -0.019038 
2457800.526750 -0.043669 
2457802.199263 -0.030265 
2457803.871776 -0.018231 
2457805.544289 -0.010732 
2457807.216802 -0.008785 
2457808.889315 -0.013938 
2457810.561828 -0.021139 
2457812.234342 -0.024342 
2457813.906855 0.025009 
2457815.579368 0.131530 
2457817.251881 0.152374 
2457818.924394 0.021438 
2457820.596907 -0.098913 
2457822.269420 -0.100938 
2457823.941933 -0.061394 
2457825.614446 -0.034864 
2457827.286959 -0.019036 
2457828.959473 -0.021771 
2457830.631986 -0.032081 
2457832.304499 -0.044998 
2457833.977012 -0.014553 
2457835.649525 0.146118 
2457837.322038 0.295039 
2457838.994551 0.170261 
2457840.667064 -0.105344 
2457842.339577 -0.207270 
2457844.012090 -0.143141 
2457845.684604 -0.079367 
2457847.357117 -0.041274 
2457849.029630 -0.028807 
2457850.702143 -0.040734 
2457852.374656 -0.056310 
2457854.047169 -0.058873 
2457855.719682 0.078966 
2457857.392195 0.354000 
2457859.064708 0.379810 
2457860.737221 0.019408 
2457862.409734 -0.270694 
2457864.082248 -0.238223 
2457865.754761 -0.121704 
2457867.427274 -0.063917 
2457869.099787 -0.034694 
2457870.772300 -0.039429 
2457872.444813 -0.055727 
2457874.117326 -0.071858 
2457875.789839 -0.014476 
2457877.462352 0.251636 
2457879.134865 0.465632 
2457880.807379 0.219294 
2457882.479892 -0.199849 
2457884.152405 -0.263404 
2457885.824918 -0.098020 
2457887.497431 -0.024719 
2457889.169944 -0.019011 
2457890.842457 -0.022101 
2457892.514970 -0.040807 
2457894.187483 -0.055235 
2457895.859996 -0.054041 
2457897.532510 0.081072 
2457899.205023 0.328392 
2457900.877536 0.294986 
2457902.550049 -0.054529 
2457904.222562 -0.172835 
2457905.895075 0.047645 
2457907.567588 0.166269 
2457909.240101 0.090947 
2457910.912614 0.023988 
2457912.585127 -0.008315 
2457914.257640 -0.029468 
2457915.930154 -0.039653 
2457917.602667 -0.015018 
2457919.275180 0.116200 
2457920.947693 0.184304 
2457922.620206 -0.001672 
2457924.292719 -0.083443 
2457925.965232 0.234499 
2457927.637745 0.505176 
2457929.310258 0.378278 
2457930.982771 0.147291 
2457932.655285 0.044089 
2457934.327798 0.002634 
2457936.000311 -0.014008 
2457937.672824 -0.022751 
2457939.345337 -0.006627 
2457941.017850 0.028645 
2457942.690363 -0.058012 
2457944.362876 -0.107671 
2457946.035389 0.271594 
2457947.707902 0.790235 
2457949.380416 0.793004 
2457951.052929 0.400680 
2457952.725442 0.130899 
2457954.397955 0.042268 
2457956.070468 0.007306 
2457957.742981 -0.002872 
2457959.415494 -0.024559 
2457961.088007 -0.047281 
2457962.760520 -0.106062 
2457964.433033 -0.171242 
2457966.105546 0.111443 
2457967.778060 0.755983 
2457969.450573 1.052660 
2457971.123086 0.704350 
2457972.795599 0.263725 
2457974.468112 0.081895 
2457976.140625 0.026482 
2457977.813138 0.008471 
2457979.485651 -0.004118 
2457981.158164 -0.041898 
2457982.830677 -0.091147 
2457984.503191 -0.159797 
2457986.175704 -0.059714 
2457987.848217 0.427944 
2457989.520730 0.905858 
2457991.193243 0.820293 
2457992.865756 0.389694 
2457994.538269 0.117941 
2457996.210782 0.038380 
2457997.883295 0.012092 
2457999.555808 0.006387 
2458001.228322 -0.013895 
2458002.900835 -0.049698 
2458004.573348 -0.094337 
2458006.245861 -0.100191 
2458007.918374 0.119279 
2458009.590887 0.511419 
2458011.263400 0.649991 
2458012.935913 0.411395 
2458014.608426 0.144108 
2458016.280939 0.040670 
2458017.953453 0.013266 
2458019.625966 0.005465 
2458021.298479 0.000623 
2458022.970992 -0.017388 
2458024.643505 -0.038561 
2458026.316018 -0.058903 
2458027.988531 -0.007744 
2458029.661044 0.183820 
2458031.333557 0.353412 
2458033.006070 0.304889 
2458034.678583 0.137588 
2458036.351097 0.037903 
2458038.023610 0.011108 
2458039.696123 0.003314 
2458041.368636 0.002053 
2458043.041149 -0.003058 
2458044.713662 -0.010948 
2458046.386175 -0.018908 
2458048.058688 -0.017865 
2458049.731201 0.036103 
2458051.403714 0.127927 
2458053.076228 0.154824 
2458054.748741 0.093533 
2458056.421254 0.030220 
2458058.093767 0.007283 
2458059.766280 0.001919 
2458061.438793 0.000583 
2458063.111306 -0.000044 
2458064.783819 -0.001946 
2458066.456332 -0.002542 
2458068.128845 -0.004114 
2458069.801359 0.001930 
2458071.473872 0.027993 
2458073.146385 0.050999 
2458074.818898 0.042289 
2458076.491411 0.017745 
2458078.163924 0.004115 
2458079.836437 0.000825 
2458081.508950 -0.000044 
2458083.181463 -0.000151 
2458084.853976 -0.000354 
2458086.526489 0.000438 
2458088.199003 0.001391 
2458089.871516 0.000489 
2458091.544029 0.002734 
2458093.216542 0.009990 
2458094.889055 0.012964 
2458096.561568 0.007925 
2458098.234081 0.002420 
2458099.906594 0.000466 
2458101.579107 -0.000034 
2458103.251620 -0.000196 
2458104.924134 -0.000252 
2458106.596647 0.000031 
2458108.269160 0.000952 
2458109.941673 0.000683 
2458111.614186 -0.000511 
2458113.286699 0.001351 
2458114.959212 0.005433 
2458116.631725 0.006151 
2458118.304238 0.003322 
2458119.976751 0.001073 
2458121.649265 0.000308 
2458123.321778 -0.000000 
2458124.994291 -0.000097 
2458126.666804 -0.000193 
2458128.339317 -0.000093 
2458130.011830 -0.000207 
2458131.684343 -0.001149 
2458133.356856 -0.000122 
2458135.029369 0.004745 
2458136.701882 0.008329 
2458138.374395 0.006431 
2458140.046909 0.002675 
2458141.719422 0.000842 
2458143.391935 0.000266 
2458145.064448 0.000051 
2458146.736961 -0.000044 
2458148.409474 -0.000308 
2458150.081987 -0.000626 
2458151.754500 -0.001329 
2458153.427013 -0.001127 
2458155.099526 0.002880 
2458156.772040 0.008205 
2458158.444553 0.008628 
2458160.117066 0.004637 
2458161.789579 0.001510 
2458163.462092 0.000488 
2458165.134605 0.000149 
2458166.807118 0.000065 
2458168.479631 -0.000112 
2458170.152144 -0.000474 
2458171.824657 -0.000957 
2458173.497171 -0.001307 
2458175.169684 0.000573 
2458176.842197 0.005091 
2458178.514710 0.007638 
2458180.187223 0.005489 
2458181.859736 0.002145 
2458183.532249 0.000620 
2458185.204762 0.000207 
2458186.877275 0.000073 
2458188.549788 0.000025 
2458190.222302 -0.000190 
2458191.894815 -0.000477 
2458193.567328 -0.000809 
2458195.239841 -0.000428 
2458196.912354 0.001896 
2458198.584867 0.004559 
2458200.257380 0.004497 
2458201.929893 0.002295 
2458203.602406 0.000690 
2458205.274919 0.000204 
2458206.947432 0.000064 
2458208.619946 0.000036 
2458210.292459 -0.000029 
2458211.964972 -0.000168 
2458213.637485 -0.000318 
2458215.309998 -0.000379 
2458216.982511 0.000315 
2458218.655024 0.001807 
2458220.327537 0.002546 
2458222.000050 0.001750 
2458223.672563 0.000643 
2458225.345077 0.000165 
2458227.017590 0.000049 
2458228.690103 0.000016 
2458230.362616 0.000007 
2458232.035129 -0.000037 
2458233.707642 -0.000079 
2458235.380155 -0.000126 
2458237.052668 -0.000040 
2458238.725181 0.000438 
2458240.397694 0.000964 
2458242.070208 0.000911 
2458243.742721 0.000439 
2458245.415234 0.000118 
2458247.087747 0.000028 
2458248.760260 0.000006 
2458250.432773 0.000002 
2458252.105286 -0.000005 
2458253.777799 -0.000010 
2458255.450312 -0.000007 
2458257.122825 -0.000015 
2458258.795338 0.000052 
2458260.467852 0.000223 
2458262.140365 0.000306 
2458263.812878 0.000202 
2458265.485391 0.000067 
2458267.157904 0.000013 
2458268.830417 0.000002 
2458270.502930 -0.000002 
2458272.175443 -0.000002 
2458273.847956 -0.000001 
2458275.520469 0.000010 
2458277.192983 0.000012 
2458278.865496 0.000003 
2458280.538009 0.000024 
2458282.210522 0.000069 
2458283.883035 0.000075 
2458285.555548 0.000038 
2458287.228061 0.000011 
2458288.900574 0.000002 
2458290.573087 -0.000001 
2458292.245600 -0.000002 
2458293.918114 -0.000002 
2458295.590627 0.000002 
2458297.263140 0.000006 
2458298.935653 -0.000002 
2458300.608166 -0.000005 
2458302.280679 0.000024 
2458303.953192 0.000057 
2458305.625705 0.000051 
2458307.298218 0.000023 
2458308.970731 0.000007 
2458310.643244 0.000002 
2458312.315758 -0.000000 
2458313.988271 -0.000001 
2458315.660784 -0.000002 
2458317.333297 -0.000002 
2458319.005810 -0.000007 
2458320.678323 -0.000012 
2458322.350836 0.000013 
2458324.023349 0.000061 
2458325.695862 0.000077 
2458327.368375 0.000047 
2458329.040889 0.000017 
2458330.713402 0.000005 
2458332.385915 0.000002 
2458334.058428 0.000000 
2458335.730941 -0.000001 
2458337.403454 -0.000004 
2458339.075967 -0.000008 
2458340.748480 -0.000013 
2458342.420993 -0.000002 
2458344.093506 0.000042 
2458345.766020 0.000077 
2458347.438533 0.000064 
2458349.111046 0.000028 
2458350.783559 0.000008 
2458352.456072 0.000003 
2458354.128585 0.000001 
2458355.801098 0.000000 
2458357.473611 -0.000002 
2458359.146124 -0.000005 
2458360.818637 -0.000009 
2458362.491151 -0.000008 
2458364.163664 0.000016 
2458365.836177 0.000051 
2458367.508690 0.000058 
2458369.181203 0.000033 
2458370.853716 0.000011 
2458372.526229 0.000003 
2458374.198742 0.000001 
2458375.871255 0.000000 
2458377.543768 -0.000000 
2458379.216281 -0.000002 
2458380.888795 -0.000004 
2458382.561308 -0.000006 
2458384.233821 0.000001 
2458385.906334 0.000022 
2458387.578847 0.000036 
2458389.251360 0.000028 
2458390.923873 0.000012 
2458392.596386 0.000003 
2458394.268899 0.000001 
2458395.941412 0.000000 
2458397.613926 0.000000 
2458399.286439 -0.000000 
2458400.958952 -0.000001 
2458402.631465 -0.000002 
2458404.303978 -0.000002 
2458405.976491 0.000005 
2458407.649004 0.000015 
2458409.321517 0.000017 
2458410.994030 0.000009 
2458412.666543 0.000003 
2458414.339057 0.000001 
2458416.011570 0.000000 
2458417.684083 0.000000 
2458419.356596 -0.000000 
2458421.029109 -0.000000 
2458422.701622 -0.000001 
2458424.374135 -0.000001 
2458426.046648 0.000001 
2458427.719161 0.000004 
2458429.391674 0.000006 
2458431.064187 0.000005 
2458432.736701 0.000002 
2458434.409214 0.000000 
2458436.081727 0.000000 
2458437.754240 0.000000 
2458439.426753 -0.000000 
2458441.099266 -0.000000 
2458442.771779 0.000000 
2458444.444292 0.000000 
2458446.116805 0.000000 
2458447.789318 0.000001 
2458449.461832 0.000002 
2458451.134345 0.000002 
2458452.806858 0.000001 
2458454.479371 0.000000 
2458456.151884 0.000000 
2458457.824397 -0.000000 
2458459.496910 -0.000000 
2458461.169423 -0.000000 
2458462.841936 0.000000 
2458464.514449 0.000000 
2458466.186963 0.000000 
2458467.859476 -0.000000 
2458469.531989 0.000000 
2458471.204502 0.000001 
2458472.877015 0.000000 
2458474.549528 0.000000 
2458476.222041 0.000000 
2458477.894554 0.000000 
2458479.567067 -0.000000 
2458481.239580 -0.000000 
2458482.912093 -0.000000 
2458484.584607 0.000000 
2458486.257120 0.000000 
2458487.929633 -0.000000 
2458489.602146 0.000000 
2458491.274659 0.000000 
2458492.947172 0.000001 
2458494.619685 0.000000 
2458496.292198 0.000000 
2458497.964711 0.000000 
2458499.637224 0.000000 
2458501.309738 0.000000 
2458502.982251 -0.000000 
2458504.654764 -0.000000 
2458506.327277 -0.000000 
2458507.999790 -0.000000 
2458509.672303 -0.000000 
2458511.344816 0.000000 
2458513.017329 0.000001 
2458514.689842 0.000001 
2458516.362355 0.000000 
2458518.034869 0.000000 
2458519.707382 0.000000 
2458521.379895 0.000000 
2458523.052408 0.000000 
2458524.724921 -0.000000 
2458526.397434 -0.000000 
2458528.069947 -0.000000 
2458529.742460 -0.000000 
2458531.414973 0.000000 
2458533.087486 0.000000 
2458534.759999 0.000001 
2458536.432513 0.000000 
2458538.105026 0.000000 
2458539.777539 0.000000 
2458541.450052 0.000000 
2458543.122565 0.000000 
2458544.795078 -0.000000 
2458546.467591 -0.000000 
2458548.140104 -0.000000 
2458549.812617 -0.000000 
2458551.485130 -0.000000 
2458553.157644 0.000000 
2458554.830157 0.000000 
2458556.502670 0.000000 
2458558.175183 0.000000 
2458559.847696 0.000000 
2458561.520209 0.000000 
2458563.192722 0.000000 
2458564.865235 0.000000 
2458566.537748 -0.000000 
2458568.210261 -0.000000 
2458569.882775 -0.000000 
2458571.555288 -0.000000 
2458573.227801 0.000000 
2458574.900314 0.000000 
2458576.572827 0.000000 
2458578.245340 0.000000 
2458579.917853 0.000000 
2458581.590366 0.000000 
2458583.262879 0.000000 
2458584.935392 0.000000 
2458586.607906 0.000000 
2458588.280419 -0.000000 
2458589.952932 -0.000000 
2458591.625445 -0.000000 
2458593.297958 -0.000000 
2458594.970471 0.000000 
2458596.642984 0.000000 
2458598.315497 0.000000 
2458599.988010 0.000000 
2458601.660523 0.000000 
2458603.333036 0.000000 
2458605.005550 0.000000 
2458606.678063 0.000000 
2458608.350576 -0.000000 
2458610.023089 -0.000000 
2458611.695602 -0.000000 
2458613.368115 -0.000000 
2458615.040628 0.000000 
2458616.713141 0.000000 
2458618.385654 0.000000 
2458620.058167 0.000000 
2458621.730681 0.000000 
2458623.403194 0.000000 
2458625.075707 0.000000 
2458626.748220 -0.000000 
2458628.420733 -0.000000 
2458630.093246 -0.000000 
2458631.765759 0.000000 
2458633.438272 0.000000 
2458635.110785 0.000000 
2458636.783298 0.000000 
2458638.455812 0.000000 
2458640.128325 0.000000 
2458641.800838 0.000000 
2458643.473351 0.000000 
2458645.145864 0.000000 
2458646.818377 -0.000000 
2458648.490890 -0.000000 
2458650.163403 -0.000000 
2458651.835916 0.000000 
2458653.508429 0.000000 
2458655.180942 0.000000 
2458656.853456 -0.000000 
2458658.525969 0.000000 
2458660.198482 0.000000 
2458661.870995 0.000000 
2458663.543508 0.000000 
2458665.216021 0.000000 
2458666.888534 0.000000 
2458668.561047 -0.000000 
2458670.233560 -0.000000 
2458671.906073 -0.000000 
2458673.578587 0.000000 
2458675.251100 -0.000000 
2458676.923613 -0.000000 
2458678.596126 0.000000 
2458680.268639 0.000000 
2458681.941152 0.000000 
2458683.613665 0.000000 
2458685.286178 0.000000 
2458686.958691 0.000000 
2458688.631204 0.000000 
2458690.303718 0.000000 
2458691.976231 -0.000000 
2458693.648744 -0.000000 
2458695.321257 -0.000000 
2458696.993770 -0.000000 
2458698.666283 0.000000 
2458700.338796 0.000000 
2458702.011309 0.000000 
2458703.683822 0.000000 
2458705.356335 0.000000 
2458707.028848 0.000000 
2458708.701362 0.000000 
2458710.373875 0.000000 
2458712.046388 0.000000 
2458713.718901 -0.000000 
2458715.391414 -0.000000 
2458717.063927 -0.000000 
2458718.736440 -0.000000 
2458720.408953 0.000000 
2458722.081466 0.000000 
2458723.753979 0.000000 
2458725.426493 0.000000 
2458727.099006 0.000000 
2458728.771519 0.000000 
2458730.444032 0.000000 
2458732.116545 0.000000 
2458733.789058 -0.000000 
2458735.461571 -0.000000 
2458737.134084 -0.000000 
2458738.806597 -0.000000 
2458740.479110 0.000000 
2458742.151624 0.000000 
2458743.824137 0.000000 
2458745.496650 0.000000 
2458747.169163 0.000000 
2458748.841676 0.000000 
2458750.514189 0.000000 
2458752.186702 0.000000 
2458753.859215 0.000000 
2458755.531728 -0.000000 
2458757.204241 -0.000000 
2458758.876755 -0.000000 
2458760.549268 -0.000000 
2458762.221781 0.000000 
2458763.894294 0.000000 
2458765.566807 0.000000 
2458767.239320 0.000000 
2458768.911833 0.000000 
2458770.584346 0.000000 
2458772.256859 0.000000 
2458773.929372 0.000000 
2458775.601885 -0.000000 
2458777.274399 -0.000000 
2458778.946912 -0.000000 
2458780.619425 -0.000000 
2458782.291938 0.000000 
2458783.964451 0.000000 
2458785.636964 0.000000 
2458787.309477 0.000000 
2458788.981990 0.000000 
2458790.654503 0.000000 
2458792.327016 0.000000 
2458793.999530 0.000000 
2458795.672043 0.000000 
2458797.344556 -0.000000 
2458799.017069 -0.000000 
2458800.689582 -0.000000 
2458802.362095 -0.000000 
2458804.034608 0.000000 
2458805.707121 0.000000 
2458807.379634 0.000000 
2458809.052147 0.000000 
2458810.724661 0.000000 
2458812.397174 0.000000 
2458814.069687 -0.000000 
2458815.742200 -0.000000 
2458817.414713 -0.000000 
2458819.087226 0.000000 
2458820.759739 0.000000 
2458822.432252 0.000000 
2458824.104765 0.000000 
2458825.777278 0.000000 
2458827.449791 0.000000 
2458829.122305 0.000000 
2458830.794818 0.000000 
2458832.467331 0.000000 
2458834.139844 0.000000 
2458835.812357 -0.000000 
2458837.484870 -0.000000 
2458839.157383 -0.000000 
2458840.829896 0.000000 
2458842.502409 0.000000 
2458844.174922 -0.000000 
2458845.847436 0.000000 
2458847.519949 0.000000 
2458849.192462 0.000000 
2458850.864975 0.000000 
2458852.537488 0.000000 
2458854.210001 0.000000 
2458855.882514 0.000000 
2458857.555027 -0.000000 
2458859.227540 -0.000000 
2458860.900053 -0.000000 
2458862.572567 -0.000000 
2458864.245080 -0.000000 
2458865.917593 -0.000000 
2458867.590106 0.000000 
2458869.262619 0.000000 
2458870.935132 0.000000 
2458872.607645 0.000000 
2458874.280158 0.000000 
2458875.952671 0.000000 
2458877.625184 0.000000 
2458879.297697 0.000000 
2458880.970211 -0.000000 
2458882.642724 -0.000000 
2458884.315237 -0.000000 
2458885.987750 -0.000000 
2458887.660263 0.000000 
2458889.332776 0.000000 
2458891.005289 0.000000 
2458892.677802 0.000000 
2458894.350315 0.000000 
2458896.022828 0.000000 
2458897.695342 0.000000 
2458899.367855 0.000000 
2458901.040368 -0.000000 
2458902.712881 -0.000000 
2458904.385394 -0.000000 
2458906.057907 -0.000000 
2458907.730420 -0.000000 
2458909.402933 0.000000 
2458911.075446 0.000000 
2458912.747959 0.000000 
2458914.420473 0.000000 
2458916.092986 0.000000 
2458917.765499 0.000000 
2458919.438012 0.000000 
2458921.110525 0.000000 
2458922.783038 -0.000000 
2458924.455551 -0.000000 
2458926.128064 -0.000000 
2458927.800577 -0.000000 
2458929.473090 0.000000 
2458931.145604 0.000000 
2458932.818117 0.000000 
2458934.490630 0.000000 
2458936.163143 0.000000 
2458937.835656 0.000000 
2458939.508169 0.000000 
2458941.180682 0.000000 
2458942.853195 -0.000000 
2458944.525708 -0.000000 
2458946.198221 -0.000000 
2458947.870734 -0.000000 
2458949.543248 0.000000 
2458951.215761 0.000000 
2458952.888274 0.000000 
2458954.560787 0.000000 
2458956.233300 0.000000 
2458957.905813 0.000000 
2458959.578326 0.000000 
2458961.250839 0.000000 
2458962.923352 0.000000 
2458964.595865 -0.000000 
2458966.268379 -0.000000 
2458967.940892 -0.000000 
2458969.613405 -0.000000 
2458971.285918 0.000000 
2458972.958431 0.000000 
2458974.630944 0.000000 
2458976.303457 0.000000 
2458977.975970 0.000000 
2458979.648483 0.000000 
2458981.320996 0.000000 
2458982.993510 0.000000 
2458984.666023 -0.000000 
2458986.338536 -0.000000 
2458988.011049 -0.000000 
2458989.683562 -0.000000 
2458991.356075 -0.000000 
2458993.028588 0.000000 
2458994.701101 0.000000 
2458996.373614 0.000000 
2458998.046127 0.000000 
2458999.718640 0.000000 
2459001.391154 0.000000 
2459003.063667 0.000000 
2459004.736180 0.000000 
2459006.408693 -0.000000 
2459008.081206 -0.000000 
2459009.753719 -0.000000 
2459011.426232 -0.000000 
2459013.098745 -0.000000 
2459014.771258 0.000000 
2459016.443771 0.000000 
2459018.116285 0.000000 
2459019.788798 0.000000 
2459021.461311 0.000000 
2459023.133824 0.000000 
2459024.806337 0.000000 
2459026.478850 0.000000 
2459028.151363 -0.000000 
2459029.823876 -0.000000 
2459031.496389 -0.000000 
2459033.168902 -0.000000 
2459034.841416 0.000000 
2459036.513929 0.000000 
2459038.186442 0.000000 
2459039.858955 0.000000 
2459041.531468 0.000000 
2459043.203981 0.000000 
2459044.876494 0.000000 
2459046.549007 0.000000 
2459048.221520 0.000000 
2459049.894033 -0.000000 
2459051.566546 -0.000000 
2459053.239060 -0.000000 
2459054.911573 -0.000000 
2459056.584086 0.000000 
2459058.256599 0.000000 
2459059.929112 0.000000 
2459061.601625 0.000000 
2459063.274138 0.000000 
2459064.946651 0.000000 
2459066.619164 0.000000 
2459068.291677 0.000000 
2459069.964191 -0.000000 
2459071.636704 -0.000000 
2459073.309217 -0.000000 
2459074.981730 -0.000000 
2459076.654243 0.000000 
2459078.326756 0.000000 
2459079.999269 0.000000 
2459081.671782 0.000000 
2459083.344295 0.000000 
2459085.016808 0.000000 
2459086.689322 0.000000 
2459088.361835 0.000000 
2459090.034348 -0.000000 
2459091.706861 -0.000000 
2459093.379374 -0.000000 
2459095.051887 -0.000000 
2459096.724400 -0.000000 
2459098.396913 0.000000 
2459100.069426 0.000000 
2459101.741939 0.000000 
2459103.414452 0.000000 
2459105.086966 0.000000 
2459106.759479 0.000000 
2459108.431992 0.000000 
2459110.104505 0.000000 
2459111.777018 -0.000000 
2459113.449531 -0.000000 
2459115.122044 -0.000000 
2459116.794557 -0.000000 
2459118.467070 0.000000 
2459120.139583 0.000000 
2459121.812097 0.000000 
2459123.484610 0.000000 
2459125.157123 0.000000 
2459126.829636 0.000000 
2459128.502149 0.000000 
2459130.174662 0.000000 
2459131.847175 -0.000000 
2459133.519688 -0.000000 
2459135.192201 -0.000000 
2459136.864714 -0.000000 
2459138.537228 -0.000000 
2459140.209741 0.000000 
2459141.882254 0.000000 
2459143.554767 0.000000 
2459145.227280 0.000000 
2459146.899793 0.000000 
2459148.572306 0.000000 
2459150.244819 0.000000 
2459151.917332 0.000000 
2459153.589845 -0.000000 
2459155.262359 -0.000000 
2459156.934872 -0.000000 
2459158.607385 -0.000000 
2459160.279898 0.000000 
2459161.952411 0.000000 
2459163.624924 0.000000 
2459165.297437 0.000000 
2459166.969950 0.000000 
2459168.642463 0.000000 
2459170.314976 0.000000 
2459171.987489 0.000000 
2459173.660003 -0.000000 
2459175.332516 -0.000000 
2459177.005029 -0.000000 
2459178.677542 -0.000000 
2459180.350055 -0.000000 
2459182.022568 0.000000 
2459183.695081 0.000000 
2459185.367594 0.000000 
2459187.040107 0.000000 
2459188.712620 0.000000 
2459190.385134 0.000000 
2459192.057647 0.000000 
2459193.730160 0.000000 
2459195.402673 -0.000000 
2459197.075186 -0.000000 
2459198.747699 -0.000000 
2459200.420212 -0.000000 
2459202.092725 -0.000000 
2459203.765238 0.000000 
2459205.437751 0.000000 
2459207.110265 0.000000 
2459208.782778 0.000000 
2459210.455291 0.000000 
2459212.127804 0.000000 
2459213.800317 0.000000 
2459215.472830 0.000000 
2459217.145343 -0.000000 
2459218.817856 -0.000000 
2459220.490369 -0.000000 
2459222.162882 -0.000000 
2459223.835395 0.000000 
2459225.507909 0.000000 
2459227.180422 0.000000 
2459228.852935 0.000000 
2459230.525448 0.000000 
2459232.197961 0.000000 
2459233.870474 0.000000 
2459235.542987 0.000000 
2459237.215500 -0.000000 
2459238.888013 -0.000000 
2459240.560526 -0.000000 
2459242.233040 -0.000000 
2459243.905553 -0.000000 
2459245.578066 0.000000 
2459247.250579 0.000000 
2459248.923092 0.000000 
2459250.595605 0.000000 
2459252.268118 0.000000 
2459253.940631 0.000000 
2459255.613144 0.000000 
2459257.285657 0.000000 
2459258.958171 -0.000000 
2459260.630684 -0.000000 
2459262.303197 -0.000000 
2459263.975710 -0.000000 
2459265.648223 0.000000 
2459267.320736 0.000000 
2459268.993249 0.000000 
2459270.665762 0.000000 
2459272.338275 0.000000 
2459274.010788 0.000000 
2459275.683301 0.000000 
2459277.355815 0.000000 
2459279.028328 -0.000000 
2459280.700841 -0.000000 
2459282.373354 -0.000000 
2459284.045867 -0.000000 
2459285.718380 -0.000000 
2459287.390893 0.000000 
2459289.063406 0.000000 
2459290.735919 0.000000 
2459292.408432 0.000000 
2459294.080946 0.000000 
2459295.753459 0.000000 
2459297.425972 0.000000 
2459299.098485 -0.000000 
2459300.770998 -0.000000 
2459302.443511 -0.000000 
2459304.116024 -0.000000 
2459305.788537 -0.000000 
2459307.461050 0.000000 
2459309.133563 0.000000 
2459310.806077 0.000000 
2459312.478590 0.000000 
2459314.151103 0.000000 
2459315.823616 0.000000 
2459317.496129 0.000000 
2459319.168642 0.000000 
2459320.841155 -0.000000 
2459322.513668 -0.000000 
2459324.186181 -0.000000 
2459325.858694 -0.000000 
2459327.531208 -0.000000 
2459329.203721 0.000000 
2459330.876234 0.000000 
2459332.548747 0.000000 
2459334.221260 0.000000 
2459335.893773 0.000000 
2459337.566286 0.000000 
2459339.238799 0.000000 
2459340.911312 -0.000000 
2459342.583825 -0.000000 
2459344.256338 -0.000000 
2459345.928852 -0.000000 
2459347.601365 -0.000000 
2459349.273878 0.000000 
2459350.946391 0.000000 
2459352.618904 0.000000 
2459354.291417 0.000000 
2459355.963930 0.000000 
2459357.636443 0.000000 
2459359.308956 0.000000 
2459360.981469 0.000000 
2459362.653983 -0.000000 
2459364.326496 -0.000000 
2459365.999009 -0.000000 
2459367.671522 -0.000000 
2459369.344035 -0.000000 
2459371.016548 0.000000 
2459372.689061 0.000000 
2459374.361574 0.000000 
2459376.034087 0.000000 
2459377.706600 0.000000 
2459379.379114 0.000000 
2459381.051627 0.000000 
2459382.724140 0.000000 
2459384.396653 -0.000000 
2459386.069166 -0.000000 
2459387.741679 -0.000000 
2459389.414192 -0.000000 
2459391.086705 0.000000 
2459392.759218 0.000000 
2459394.431731 0.000000 
2459396.104244 0.000000 
2459397.776758 0.000000 
2459399.449271 0.000000 
2459401.121784 0.000000 
2459402.794297 0.000000 
2459404.466810 -0.000000 
2459406.139323 -0.000000 
2459407.811836 -0.000000 
2459409.484349 -0.000000 
2459411.156862 -0.000000 
2459412.829375 0.000000 
2459414.501889 0.000000 
2459416.174402 0.000000 
2459417.846915 0.000000 
2459419.519428 0.000000 
2459421.191941 0.000000 
2459422.864454 0.000000 
2459424.536967 0.000000 
2459426.209480 -0.000000 
2459427.881993 -0.000000 
2459429.554506 -0.000000 
2459431.227020 -0.000000 
2459432.899533 0.000000 
2459434.572046 0.000000 
2459436.244559 0.000000 
2459437.917072 0.000000 
2459439.589585 0.000000 
2459441.262098 0.000000 
2459442.934611 0.000000 
2459444.607124 0.000000 
2459446.279637 -0.000000 
2459447.952150 -0.000000 
2459449.624664 -0.000000 
2459451.297177 -0.000000 
2459452.969690 -0.000000 
2459454.642203 0.000000 
2459456.314716 0.000000 
2459457.987229 0.000001 
2459459.659742 0.000001 
2459461.332255 0.000000 
2459463.004768 0.000000 
2459464.677281 0.000000 
2459466.349795 0.000000 
2459468.022308 -0.000000 
2459469.694821 -0.000000 
2459471.367334 -0.000001 
2459473.039847 -0.000000 
2459474.712360 0.000000 
2459476.384873 0.000000 
2459478.057386 0.000001 
2459479.729899 0.000001 
2459481.402412 0.000001 
2459483.074926 0.000001 
2459484.747439 0.000000 
2459486.419952 0.000000 
2459488.092465 -0.000000 
2459489.764978 -0.000000 
2459491.437491 -0.000001 
2459493.110004 -0.000001 
2459494.782517 -0.000000 
2459496.455030 0.000000 
2459498.127543 0.000000 
2459499.800057 0.000001 
2459501.472570 0.000002 
2459503.145083 0.000001 
2459504.817596 0.000001 
2459506.490109 0.000000 
2459508.162622 0.000000 
2459509.835135 -0.000000 
2459511.507648 -0.000001 
2459513.180161 -0.000001 
2459514.852674 -0.000001 
2459516.525187 0.000000 
2459518.197701 0.000000 
2459519.870214 0.000000 
2459521.542727 0.000001 
2459523.215240 0.000002 
2459524.887753 0.000001 
2459526.560266 0.000000 
2459528.232779 0.000000 
2459529.905292 -0.000000 
2459531.577805 -0.000001 
2459533.250318 -0.000001 
2459534.922832 -0.000001 
2459536.595345 -0.000000 
2459538.267858 0.000000 
2459539.940371 0.000000 
2459541.612884 0.000001 
2459543.285397 0.000002 
2459544.957910 0.000002 
2459546.630423 0.000001 
2459548.302936 0.000001 
2459549.975449 0.000000 
2459551.647963 -0.000000 
2459553.320476 -0.000001 
2459554.992989 -0.000001 
2459556.665502 -0.000001 
2459558.338015 -0.000000 
2459560.010528 0.000000 
2459561.683041 0.000001 
2459563.355554 0.000003 
2459565.028067 0.000003 
2459566.700580 0.000002 
2459568.373093 0.000002 
2459570.045607 0.000002 
2459571.718120 0.000000 
2459573.390633 -0.000001 
2459575.063146 -0.000002 
2459576.735659 -0.000003 
2459578.408172 -0.000001 
2459580.080685 0.000001 
2459581.753198 0.000003 
2459583.425711 0.000008 
2459585.098224 0.000010 
2459586.770738 0.000006 
2459588.443251 0.000006 
2459590.115764 0.000008 
2459591.788277 0.000003 
2459593.460790 -0.000002 
2459595.133303 -0.000004 
2459596.805816 -0.000008 
2459598.478329 -0.000007 
2459600.150842 0.000000 
2459601.823355 0.000005 
2459603.495869 0.000014 
2459605.168382 0.000027 
2459606.840895 0.000022 
2459608.513408 0.000013 
2459610.185921 0.000017 
2459611.858434 0.000014 
2459613.530947 -0.000000 
2459615.203460 -0.000009 
2459616.875973 -0.000017 
2459618.548486 -0.000022 
2459620.220999 -0.000008 
2459621.893513 0.000006 
2459623.566026 0.000018 
2459625.238539 0.000046 
2459626.911052 0.000058 
2459628.583565 0.000035 
2459630.256078 0.000027 
2459631.928591 0.000032 
2459633.601104 0.000011 
2459635.273617 -0.000012 
2459636.946130 -0.000027 
2459638.618644 -0.000046 
2459640.291157 -0.000034 
2459641.963670 0.000002 
2459643.636183 0.000017 
2459645.308696 0.000050 
2459646.981209 0.000100 
2459648.653722 0.000088 
2459650.326235 0.000048 
2459651.998748 0.000047 
2459653.671261 0.000035 
2459655.343775 -0.000006 
2459657.016288 -0.000034 
2459658.688801 -0.000067 
2459660.361314 -0.000078 
2459662.033827 -0.000024 
2459663.706340 0.000017 
2459665.378853 0.000034 
2459667.051366 0.000104 
2459668.723879 0.000152 
2459670.396392 0.000103 
2459672.068905 0.000059 
2459673.741419 0.000050 
2459675.413932 0.000014 
2459677.086445 -0.000030 
2459678.758958 -0.000072 
2459680.431471 -0.000115 
2459682.103984 -0.000077 
2459683.776497 0.000003 
2459685.449010 0.000020 
2459687.121523 0.000057 
2459688.794036 0.000157 
2459690.466550 0.000175 
2459692.139063 0.000098 
2459693.811576 0.000051 
2459695.484089 0.000026 
2459697.156602 -0.000012 
2459698.829115 -0.000057 
2459700.501628 -0.000117 
2459702.174141 -0.000126 
2459703.846654 -0.000039 
2459705.519167 0.000015 
2459707.191681 0.000008 
2459708.864194 0.000084 
2459710.536707 0.000190 
2459712.209220 0.000167 
2459713.881733 0.000076 
2459715.554246 0.000033 
2459717.226759 0.000010 
2459718.899272 -0.000028 
2459720.571785 -0.000087 
2459722.244298 -0.000139 
2459723.916812 -0.000099 
2459725.589325 -0.000008 
2459727.261838 0.000005 
2459728.934351 0.000032 
2459730.606864 0.000178 
2459732.279377 0.000250 
2459733.951890 0.000165 
2459735.624403 0.000108 
2459737.296916 0.000093 
2459738.969429 0.000018 
2459740.641942 -0.000061 
2459742.314456 -0.000138 
2459743.986969 -0.000195 
2459745.659482 -0.000102 
2459747.331995 0.000020 
2459749.004508 0.000088 
2459750.677021 0.000331 
2459752.349534 0.000555 
2459754.022047 0.000418 
2459755.694560 0.000315 
2459757.367073 0.000412 
2459759.039587 0.000239 
2459760.712100 -0.000065 
2459762.384613 -0.000210 
2459764.057126 -0.000427 
2459765.729639 -0.000450 
2459767.402152 -0.000072 
2459769.074665 0.000214 
2459770.747178 0.000694 
2459772.419691 0.001486 
2459774.092204 0.001409 
2459775.764718 0.000812 
2459777.437231 0.001023 
2459779.109744 0.001039 
2459780.782257 0.000148 
2459782.454770 -0.000440 
2459784.127283 -0.000894 
2459785.799796 -0.001392 
2459787.472309 -0.000729 
2459789.144822 0.000290 
2459790.817335 0.001011 
2459792.489848 0.002828 
2459794.162362 0.003996 
2459795.834875 0.002596 
2459797.507388 0.001860 
2459799.179901 0.002506 
2459800.852414 0.001298 
2459802.524927 -0.000607 
2459804.197440 -0.001595 
2459805.869953 -0.002994 
2459807.542466 -0.002799 
2459809.214979 -0.000273 
2459810.887493 0.001216 
2459812.560006 0.003436 
2459814.232519 0.007467 
2459815.905032 0.007259 
2459817.577545 0.003969 
2459819.250058 0.003947 
2459820.922571 0.003657 
2459822.595084 0.000216 
2459824.267597 -0.002294 
2459825.940110 -0.004687 
2459827.612624 -0.006450 
2459829.285137 -0.002942 
2459830.957650 0.001177 
2459832.630163 0.002903 
2459834.302676 0.008659 
2459835.975189 0.013608 
2459837.647702 0.009718 
2459839.320215 0.005656 
2459840.992728 0.005734 
2459842.665241 0.002581 
2459844.337754 -0.002115 
2459846.010268 -0.005644 
2459847.682781 -0.009993 
2459849.355294 -0.008377 
2459851.027807 -0.000643 
2459852.700320 0.002392 
2459854.372833 0.005795 
2459856.045346 0.015603 
2459857.717859 0.017950 
2459859.390372 0.010472 
2459861.062885 0.006492 
2459862.735399 0.004567 
2459864.407912 -0.000381 
2459866.080425 -0.005088 
2459867.752938 -0.011026 
2459869.425451 -0.013864 
2459871.097964 -0.005789 
2459872.770477 0.001768 
2459874.442990 0.002119 
2459876.115503 0.009414 
2459877.788016 0.020575 
2459879.460530 0.018460 
2459881.133043 0.009105 
2459882.805556 0.004502 
2459884.478069 0.001410 
2459886.150582 -0.002812 
2459887.823095 -0.008752 
2459889.495608 -0.015240 
2459891.168121 -0.012072 
2459892.840634 -0.001358 
2459894.513147 0.001101 
2459896.185661 0.001602 
2459897.858174 0.013987 
2459899.530687 0.023437 
2459901.203200 0.016531 
2459902.875713 0.007143 
2459904.548226 0.003996 
2459906.220739 0.000646 
2459907.893252 -0.004959 
2459909.565765 -0.012338 
2459911.238278 -0.016447 
2459912.910791 -0.008672 
2459914.583305 0.000530 
2459916.255818 0.001228 
2459917.928331 0.011590 
2459919.600844 0.031049 
2459921.273357 0.030826 
2459922.945870 0.019119 
2459924.618383 0.018523 
2459926.290896 0.013425 
2459927.963409 -0.001326 
2459929.635922 -0.011224 
2459931.308436 -0.022981 
2459932.980949 -0.026920 
2459934.653462 -0.008092 
2459936.325975 0.007384 
2459937.998488 0.026325 
2459939.671001 0.071402 
2459941.343514 0.084046 
2459943.016027 0.052120 
2459944.688540 0.054576 
2459946.361053 0.063937 
2459948.033567 0.019495 
2459949.706080 -0.019770 
2459951.378593 -0.042373 
2459953.051106 -0.076178 
2459954.723619 -0.053881 
2459956.396132 0.007861 
2459958.068645 0.049909 
2459959.741158 0.150757 
2459961.413671 0.245335 
2459963.086184 0.178894 
2459964.758697 0.117407 
2459966.431211 0.168015 
2459968.103724 0.115920 
2459969.776237 -0.019662 
2459971.448750 -0.085474 
2459973.121263 -0.170361 
2459974.793776 -0.197902 
2459976.466289 -0.048838 
2459978.138802 0.072284 
2459979.811315 0.210350 
2459981.483828 0.498495 
2459983.156342 0.540425 
2459984.828855 0.303030 
2459986.501368 0.290324 
2459988.173881 0.324588 
2459989.846394 0.075703 
2459991.518907 -0.139893 
2459993.191420 -0.292399 
2459994.863933 -0.467395 
2459996.536446 -0.288235 
2459998.208959 0.056565 
2459999.881473 0.217411 
2460001.553986 0.639132 
2460003.226499 1.096433 
2460004.899012 0.840958 
2460006.571525 0.480390 
2460008.244038 0.543085 
2460009.916551 0.339520 
2460011.589064 -0.114366 
2460013.261577 -0.400711 
2460014.934090 -0.763893 
2460016.606603 -0.786007 
2460018.279117 -0.161163 
2460019.951630 0.218544 
2460021.624143 0.511683 
2460023.296656 1.385456 
2460024.969169 1.698553 
2460026.641682 1.023664 
2460028.314195 0.686760 
2460029.986708 0.614536 
2460031.659221 0.092362 
2460033.331734 -0.411779 
2460035.004248 -0.917222 
2460036.676761 -1.338919 
2460038.349274 -0.744046 
2460040.021787 0.131688 
2460041.694300 0.303710 
2460043.366813 0.986560 
2460045.039326 2.136458 
2460046.711839 1.967941 
2460048.384352 1.037662 
2460050.056865 0.669562 
2460051.729379 0.323618 
2460053.401892 -0.239553 
2460055.074405 -0.818271 
2460056.746918 -1.554821 
2460058.419431 -1.459573 
2460060.091944 -0.281915 
2460061.764457 0.226305 
2460063.436970 0.279203 
2460065.109483 1.471198 
2460066.781996 2.495674 
2460068.454510 1.833399 
2460070.127023 0.797874 
2460071.799536 0.353978 
2460073.472049 0.005439 
2460075.144562 -0.486491 
2460076.817075 -1.258334 
2460078.489588 -1.733253 
2460080.162101 -0.909534 
2460081.834614 0.090764 
2460083.507127 -0.017127 
2460085.179640 0.328909 
2460086.852154 1.844297 
2460088.524667 2.385937 
2460090.197180 1.359426 
2460091.869693 0.434044 
2460093.542206 0.135032 
2460095.214719 -0.134735 
2460096.887232 -0.695618 
2460098.559745 -1.352212 
2460100.232258 -1.218981 
2460101.904771 -0.271933 
2460103.577285 0.024647 
2460105.249798 -0.224924 
2460106.922311 0.621358 
2460108.594824 1.896353 
2460110.267337 1.739575 
2460111.939850 0.702752 
2460113.612363 0.180591 
2460115.284876 0.035266 
2460116.957389 -0.278863 
2460118.629902 -0.769985 
2460120.302416 -1.037618 
2460121.974929 -0.625750 
2460123.647442 -0.087558 
2460125.319955 -0.206466 
2460126.992468 -0.122468 
2460128.664981 0.888211 
2460130.337494 1.484875 
2460132.010007 0.882632 
2460133.682520 0.225881 
2460135.355033 0.062358 
2460137.027546 -0.132114 
2460138.700060 -0.444243 
2460140.372573 -0.718520 
2460142.045086 -0.779288 
2460143.717599 -0.435913 
2460145.390112 -0.202968 
2460147.062625 -0.297090 
2460148.735138 0.162730 
2460150.407651 0.980978 
2460152.080164 0.878806 
2460153.752677 0.218662 
2460155.425191 0.014403 
2460157.097704 -0.108549 
2460158.770217 -0.415988 
2460160.442730 -0.593082 
2460162.115243 -0.802724 
2460163.787756 -0.850537 
2460165.460269 -0.483987 
2460167.132782 -0.336013 
2460168.805295 -0.205740 
2460170.477808 0.576582 
2460172.150322 0.931451 
2460173.822835 0.254139 
2460175.495348 -0.146245 
2460177.167861 -0.120185 
2460178.840374 -0.442218 
2460180.512887 -0.680657 
2460182.185400 -0.795153 
2460183.857913 -1.120023 
2460185.530426 -0.958474 
2460187.202939 -0.490786 
2460188.875452 -0.399383 
2460190.547966 0.173446 
2460192.220479 1.007554 
2460193.892992 0.565117 
2460195.565505 -0.280560 
2460197.238018 -0.266198 
2460198.910531 -0.361511 
2460200.583044 -0.741732 
2460202.255557 -0.787349 
2460203.928070 -1.064794 
2460205.600583 -1.271922 
2460207.273097 -0.760487 
2460208.945610 -0.457811 
2460210.618123 -0.214658 
2460212.290636 0.753309 
2460213.963149 0.956297 
2460215.635662 -0.075459 
2460217.308175 -0.475827 
2460218.980688 -0.301755 
2460220.653201 -0.578593 
2460222.325714 -0.718891 
2460223.998228 -0.772297 
2460225.670741 -1.111486 
2460227.343254 -0.917488 
2460229.015767 -0.446547 
2460230.688280 -0.349115 
2460232.360793 0.233523 
2460234.033306 0.915373 
2460235.705819 0.353471 
2460237.378332 -0.420809 
2460239.050845 -0.345067 
2460240.723358 -0.329686 
2460242.395872 -0.521941 
2460244.068385 -0.497492 
2460245.740898 -0.669254 
2460247.413411 -0.769733 
2460249.085924 -0.425554 
2460250.758437 -0.260471 
2460252.430950 -0.095554 
2460254.103463 0.481187 
2460255.775976 0.523310 
2460257.448489 -0.112527 
2460259.121003 -0.325090 
2460260.793516 -0.194661 
2460262.466029 -0.274247 
2460264.138542 -0.300313 
2460265.811055 -0.311010 
2460267.483568 -0.440189 
2460269.156081 -0.338517 
2460270.828594 -0.156742 
2460272.501107 -0.126392 
2460274.173620 0.109682 
2460275.846134 0.351187 
2460277.518647 0.112890 
2460279.191160 -0.174892 
2460280.863673 -0.141201 
2460282.536186 -0.111768 
2460284.208699 -0.147535 
2460285.881212 -0.130938 
2460287.553725 -0.175044 
2460289.226238 -0.190533 
2460290.898751 -0.095369 
2460292.571265 -0.060964 
2460294.243778 -0.017866 
2460295.916291 0.126562 
2460297.588804 0.126292 
2460299.261317 -0.031411 
2460300.933830 -0.081217 
2460302.606343 -0.047091 
2460304.278856 -0.052310 
2460305.951369 -0.051223 
2460307.623882 -0.052358 
2460309.296395 -0.071518 
2460310.968909 -0.049270 
2460312.641422 -0.021258 
2460314.313935 -0.018912 
2460315.986448 0.020080 
2460317.658961 0.056533 
2460319.331474 0.018416 
2460321.003987 -0.024849 
2460322.676500 -0.020614 
2460324.349013 -0.014086 
2460326.021526 -0.016191 
2460327.694040 -0.014506 
2460329.366553 -0.019412 
2460331.039066 -0.019523 
2460332.711579 -0.008945 
2460334.384092 -0.006232 
2460336.056605 -0.002160 
2460337.729118 0.013276 
2460339.401631 0.015185 
2460341.074144 0.000228 
2460342.746657 -0.006118 
2460344.419171 -0.003545 
2460346.091684 -0.004683 
2460347.764197 -0.006260 
2460349.436710 -0.007158 
2460351.109223 -0.009714 
2460352.781736 -0.008202 
2460354.454249 -0.004178 
2460356.126762 -0.003455 
2460357.799275 0.000756 
2460359.471788 0.008341 
2460361.144301 0.006349 
2460362.816815 -0.001123 
2460364.489328 -0.002048 
2460366.161841 -0.002175 
2460367.834354 -0.005488 
2460369.506867 -0.006497 
2460371.179380 -0.008299 
2460372.851893 -0.010707 
2460374.524406 -0.007271 
2460376.196919 -0.004014 
2460377.869432 -0.002773 
2460379.541946 0.004733 
2460381.214459 0.009161 
2460382.886972 0.001610 
2460384.559485 -0.003577 
2460386.231998 -0.002290 
2460387.904511 -0.004585 
2460389.577024 -0.006885 
2460391.249537 -0.007180 
2460392.922050 -0.010434 
2460394.594563 -0.009991 
2460396.267077 -0.005066 
2460397.939590 -0.003763 
2460399.612103 0.000587 
2460401.284616 0.008629 
2460402.957129 0.005561 
2460404.629642 -0.003152 
2460406.302155 -0.003619 
2460407.974668 -0.003009 
2460409.647181 -0.005560 
2460411.319694 -0.005701 
2460412.992207 -0.007129 
2460414.664721 -0.009153 
2460416.337234 -0.005832 
2460418.009747 -0.003156 
2460419.682260 -0.001950 
2460421.354773 0.004371 
2460423.027286 0.006943 
2460424.699799 0.000082 
2460426.372312 -0.003805 
2460428.044825 -0.002341 
2460429.717338 -0.003168 
2460431.389852 -0.004015 
2460433.062365 -0.003928 
2460434.734878 -0.005680 
2460436.407391 -0.005124 
2460438.079904 -0.002432 
2460439.752417 -0.001867 
2460441.424930 0.000603 
2460443.097443 0.004566 
2460444.769956 0.002479 
2460446.442469 -0.001995 
2460448.114983 -0.002104 
2460449.787496 -0.001489 
2460451.460009 -0.002185 
2460453.132522 -0.002043 
2460454.805035 -0.002524 
2460456.477548 -0.003122 
2460458.150061 -0.001827 
2460459.822574 -0.000994 
2460461.495087 -0.000578 
2460463.167600 0.001599 
2460464.840114 0.002275 
2460466.512627 -0.000098 
2460468.185140 -0.001338 
2460469.857653 -0.000815 
2460471.530166 -0.000865 
2460473.202679 -0.000961 
2460474.875192 -0.000904 
2460476.547705 -0.001286 
2460478.220218 -0.001070 
2460479.892731 -0.000465 
2460481.565244 -0.000387 
2460483.237758 0.000183 
2460484.910271 0.001019 
2460486.582784 0.000512 
2460488.255297 -0.000432 
2460489.927810 -0.000454 
2460491.600323 -0.000286 
2460493.272836 -0.000342 
2460494.945349 -0.000298 
2460496.617862 -0.000370 
2460498.290375 -0.000427 
2460499.962889 -0.000219 
2460501.635402 -0.000123 
2460503.307915 -0.000072 
2460504.980428 0.000234 
2460506.652941 0.000319 
2460508.325454 0.000007 
2460509.997967 -0.000159 
2460511.670480 -0.000097 
2460513.342993 -0.000088 
2460515.015506 -0.000096 
2460516.688020 -0.000097 
2460518.360533 -0.000132 
2460520.033046 -0.000106 
2460521.705559 -0.000047 
2460523.378072 -0.000042 
2460525.050585 0.000010 
2460526.723098 0.000105 
2460528.395611 0.000079 
2460530.068124 -0.000014 
2460531.740637 -0.000031 
2460533.413150 -0.000021 
2460535.085664 -0.000042 
2460536.758177 -0.000053 
2460538.430690 -0.000066 
2460540.103203 -0.000085 
2460541.775716 -0.000062 
2460543.448229 -0.000033 
2460545.120742 -0.000026 
2460546.793255 0.000027 
2460548.465768 0.000078 
2460550.138281 0.000032 
2460551.810795 -0.000021 
2460553.483308 -0.000016 
2460555.155821 -0.000030 
2460556.828334 -0.000057 
2460558.500847 -0.000061 
2460560.173360 -0.000086 
2460561.845873 -0.000093 
2460563.518386 -0.000052 
2460565.190899 -0.000035 
2460566.863412 -0.000009 
2460568.535926 0.000067 
2460570.208439 0.000066 
2460571.880952 -0.000013 
2460573.553465 -0.000032 
2460575.225978 -0.000023 
2460576.898491 -0.000050 
2460578.571004 -0.000059 
2460580.243517 -0.000068 
2460581.916030 -0.000094 
2460583.588543 -0.000070 
2460585.261056 -0.000035 
2460586.933570 -0.000027 
2460588.606083 0.000031 
2460590.278596 0.000077 
2460591.951109 0.000018 
2460593.623622 -0.000037 
2460595.296135 -0.000025 
2460596.968648 -0.000032 
2460598.641161 -0.000047 
2460600.313674 -0.000046 
2460601.986187 -0.000065 
2460603.658701 -0.000067 
2460605.331214 -0.000035 
2460607.003727 -0.000024 
2460608.676240 -0.000002 
2460610.348753 0.000050 
2460612.021266 0.000041 
2460613.693779 -0.000017 
2460615.366292 -0.000028 
2460617.038805 -0.000018 
2460618.711318 -0.000028 
2460620.383832 -0.000029 
2460622.056345 -0.000033 
2460623.728858 -0.000044 
2460625.401371 -0.000030 
2460627.073884 -0.000015 
2460628.746397 -0.000011 
2460630.418910 0.000016 
2460632.091423 0.000035 
2460633.763936 0.000005 
2460635.436449 -0.000019 
2460637.108963 -0.000013 
2460638.781476 -0.000012 
2460640.453989 -0.000016 
2460642.126502 -0.000014 
2460643.799015 -0.000020 
2460645.471528 -0.000020 
2460647.144041 -0.000009 
2460648.816554 -0.000007 
2460650.489067 0.000000 
2460652.161580 0.000015 
2460653.834093 0.000011 
2460655.506607 -0.000006 
2460657.179120 -0.000008 
2460658.851633 -0.000005 
2460660.524146 -0.000006 
2460662.196659 -0.000006 
2460663.869172 -0.000007 
2460665.541685 -0.000009 
2460667.214198 -0.000005 
2460668.886711 -0.000003 
2460670.559224 -0.000002 
2460672.231738 0.000003 
2460673.904251 0.000007 
2460675.576764 0.000001 
2460677.249277 -0.000003 
2460678.921790 -0.000002 
2460680.594303 -0.000002 
2460682.266816 -0.000002 
2460683.939329 -0.000002 
