# time Tc_folded Tref_folded value value_err offset model full_model val_compare val_compare_err residuals residuals_err jitter jitter_flag offset_flag subset_flag 
2455480.529186 0.000000 0.000000 -10482.960657 0.485677 -10476.190388 -4.609627 -10481.348402 -6.221883 0.485677 -1.612255 0.485677 1.596777   1   1  -1 
2455480.532970 0.000000 0.000000 -10481.678693 0.440084 -10476.190388 -4.609857 -10481.348686 -4.939864 0.440084 -0.330007 0.440084 1.596777   1   1  -1 
2455480.536778 0.000000 0.000000 -10480.431449 0.465046 -10476.190388 -4.610080 -10481.348955 -3.692574 0.465046 0.917506 0.465046 1.596777   1   1  -1 
2455482.554786 0.000000 0.000000 -10476.128743 0.353905 -10476.190388 -3.684240 -10478.841349 -0.971634 0.353905 2.712606 0.353905 1.596777   1   1  -1 
2455484.542056 0.000000 0.000000 -10475.755433 0.514319 -10476.190388 -2.582465 -10475.753158 -2.584740 0.514319 -0.002275 0.514319 1.596777   1   1  -1 
2455484.545828 0.000000 0.000000 -10473.332240 0.532707 -10476.190388 -2.581473 -10475.750287 -0.163426 0.532707 2.418047 0.532707 1.596777   1   1  -1 
2455484.549671 0.000000 0.000000 -10474.438386 0.508347 -10476.190388 -2.580468 -10475.747374 -1.271480 0.508347 1.308988 0.508347 1.596777   1   1  -1 
2455485.527184 0.000000 0.000000 -10473.605978 0.432034 -10476.190388 -2.429164 -10475.332497 -0.702645 0.432034 1.726519 0.432034 1.596777   1   1  -1 
2455485.532971 0.000000 0.000000 -10471.997247 0.445706 -10476.190388 -2.428707 -10475.331669 0.905715 0.445706 3.334422 0.445706 1.596777   1   1  -1 
2455487.543214 0.000000 0.000000 -10473.844627 0.404437 -10476.190388 -2.349332 -10475.717533 -0.476427 0.404437 1.872906 0.404437 1.596777   1   1  -1 
2455487.548897 0.000000 0.000000 -10473.904015 0.401767 -10476.190388 -2.349354 -10475.720147 -0.533222 0.401767 1.816132 0.401767 1.596777   1   1  -1 
2455493.544252 0.000000 0.000000 -10479.814585 0.396600 -10476.190388 -2.339825 -10480.302778 -1.851632 0.396600 0.488193 0.396600 1.596777   1   1  -1 
2455493.550478 0.000000 0.000000 -10480.900282 0.405220 -10476.190388 -2.339509 -10480.308692 -2.931099 0.405220 -0.591590 0.405220 1.596777   1   1  -1 
2455495.535877 0.000000 0.000000 -10480.826331 0.401246 -10476.190388 -2.397223 -10481.735278 -1.488275 0.401246 0.908947 0.401246 1.596777   1   1  -1 
2455495.541664 0.000000 0.000000 -10480.647538 0.425418 -10476.190388 -2.397157 -10481.735182 -1.309512 0.425418 1.087644 0.425418 1.596777   1   1  -1 
2455498.517820 0.000000 0.000000 -10479.650410 0.663846 -10476.190388 -2.125929 -10479.264344 -2.511994 0.663846 -0.386066 0.663846 1.596777   1   1  -1 
2455498.523445 0.000000 0.000000 -10478.978096 0.600098 -10476.190388 -2.126916 -10479.261949 -1.843063 0.600098 0.283853 0.600098 1.596777   1   1  -1 
2455500.544007 0.000000 0.000000 -10479.588979 0.341836 -10476.190388 -3.064782 -10479.535306 -3.118455 0.341836 -0.053673 0.341836 1.596777   1   1  -1 
2455500.549389 0.000000 0.000000 -10479.646223 0.372174 -10476.190388 -3.067630 -10479.537500 -3.176353 0.372174 -0.108723 0.372174 1.596777   1   1  -1 
2455501.547102 0.000000 0.000000 -10479.228913 0.302659 -10476.190388 -3.432571 -10479.847138 -2.814346 0.302659 0.618225 0.302659 1.596777   1   1  -1 
2455501.552738 0.000000 0.000000 -10480.110772 0.289222 -10476.190388 -3.433484 -10479.848066 -3.696190 0.289222 -0.262706 0.289222 1.596777   1   1  -1 
2455505.514789 0.000000 0.000000 -10479.788974 0.344263 -10476.190388 -3.212099 -10480.288658 -2.712415 0.344263 0.499684 0.344263 1.596777   1   1  -1 
2455505.520425 0.000000 0.000000 -10479.398339 0.340728 -10476.190388 -3.214050 -10480.292459 -2.319929 0.340728 0.894120 0.340728 1.596777   1   1  -1 
2455507.517142 0.000000 0.000000 -10482.165859 0.264981 -10476.190388 -3.879164 -10481.804921 -4.240102 0.264981 -0.360938 0.264981 1.596777   1   1  -1 
2455507.522824 0.000000 0.000000 -10483.868821 0.270208 -10476.190388 -3.880160 -10481.808794 -5.940187 0.270208 -2.060027 0.270208 1.596777   1   1  -1 
2455509.518050 0.000000 0.000000 -10482.136940 0.380261 -10476.190388 -3.975056 -10482.561738 -3.550258 0.380261 0.424798 0.380261 1.596777   1   1  -1 
2455509.523524 0.000000 0.000000 -10481.842165 0.354765 -10476.190388 -3.975189 -10482.560832 -3.256522 0.354765 0.718667 0.354765 1.596777   1   1  -1 
2455511.516449 0.000000 0.000000 -10481.051242 0.398498 -10476.190388 -4.051378 -10480.533091 -4.569529 0.398498 -0.518151 0.398498 1.596777   1   1  -1 
2455511.521935 0.000000 0.000000 -10481.318563 0.396662 -10476.190388 -4.051201 -10480.524733 -4.845031 0.396662 -0.793830 0.396662 1.596777   1   1  -1 
2455513.504562 0.000000 0.000000 -10476.804338 0.418335 -10476.190388 -3.620488 -10477.709461 -2.715365 0.418335 0.905123 0.418335 1.596777   1   1  -1 
2455513.510244 0.000000 0.000000 -10476.668251 0.441085 -10476.190388 -3.618392 -10477.702421 -2.584223 0.441085 1.034170 0.441085 1.596777   1   1  -1 
2455514.505835 0.000000 0.000000 -10478.206203 0.335906 -10476.190388 -3.224715 -10476.586167 -4.844750 0.335906 -1.620036 0.335906 1.596777   1   1  -1 
2455514.511356 0.000000 0.000000 -10477.524806 0.341716 -10476.190388 -3.222437 -10476.580633 -4.166611 0.341716 -0.944173 0.341716 1.596777   1   1  -1 
2455519.503938 0.000000 0.000000 -10474.517329 0.516685 -10476.190388 -0.038761 -10473.710180 -0.845910 0.516685 -0.807149 0.516685 1.596777   1   1  -1 
2455519.508811 0.000000 0.000000 -10473.971305 0.498073 -10476.190388 -0.037055 -10473.711988 -0.296372 0.498073 -0.259317 0.498073 1.596777   1   1  -1 
2455523.508036 0.000000 0.000000 -10476.567096 0.414917 -10476.190388 -0.647996 -10478.350876 1.135785 0.414917 1.783780 0.414917 1.596777   1   1  -1 
2455523.513036 0.000000 0.000000 -10476.426565 0.432885 -10476.190388 -0.648836 -10478.355515 1.280114 0.432885 1.928950 0.432885 1.596777   1   1  -1 
2455524.521481 0.000000 0.000000 -10476.409103 0.333974 -10476.190388 -0.892091 -10478.895900 1.594705 0.333974 2.486797 0.333974 1.596777   1   1  -1 
2455524.526446 0.000000 0.000000 -10475.818731 0.339194 -10476.190388 -0.893894 -10478.896616 2.183991 0.339194 3.077885 0.339194 1.596777   1   1  -1 
2455653.900831 0.000000 0.000000 -10479.122782 0.372304 -10476.190388 -1.756922 -10477.389917 -3.489788 0.372304 -1.732865 0.372304 1.596777   1   1  -1 
2455653.906410 0.000000 0.000000 -10477.502514 0.368097 -10476.190388 -1.758091 -10477.387101 -1.873503 0.368097 -0.115413 0.368097 1.596777   1   1  -1 
2455654.900357 0.000000 0.000000 -10477.529507 0.407058 -10476.190388 -1.950153 -10476.882179 -2.597481 0.407058 -0.647328 0.407058 1.596777   1   1  -1 
2455654.905936 0.000000 0.000000 -10476.951630 0.365708 -10476.190388 -1.951046 -10476.879790 -2.022886 0.365708 -0.071840 0.365708 1.596777   1   1  -1 
2455657.909222 0.000000 0.000000 -10477.608535 0.302855 -10476.190388 -2.088909 -10476.749739 -2.947705 0.302855 -0.858796 0.302855 1.596777   1   1  -1 
2455657.914813 0.000000 0.000000 -10478.050098 0.315866 -10476.190388 -2.088995 -10476.751281 -3.387812 0.315866 -1.298817 0.315866 1.596777   1   1  -1 
2455659.907949 0.000000 0.000000 -10477.046490 0.384743 -10476.190388 -2.151894 -10477.538863 -1.659521 0.384743 0.492373 0.384743 1.596777   1   1  -1 
2455659.913540 0.000000 0.000000 -10478.198534 0.401510 -10476.190388 -2.152061 -10477.541514 -2.809080 0.401510 -0.657020 0.401510 1.596777   1   1  -1 
2455660.901884 0.000000 0.000000 -10478.330760 0.251174 -10476.190388 -2.180634 -10478.041306 -2.470089 0.251174 -0.289454 0.251174 1.596777   1   1  -1 
2455662.902485 0.000000 0.000000 -10478.461597 0.474458 -10476.190388 -2.392604 -10479.416399 -1.437802 0.474458 0.954802 0.474458 1.596777   1   1  -1 
2455662.908180 0.000000 0.000000 -10479.019990 0.454621 -10476.190388 -2.393665 -10479.421245 -1.992410 0.454621 0.401255 0.454621 1.596777   1   1  -1 
2455663.839263 0.000000 0.000000 -10481.021871 0.868606 -10476.190388 -2.572026 -10480.261949 -3.331947 0.868606 -0.759922 0.868606 1.596777   1   1  -1 
2455672.897729 0.000000 0.000000 -10477.289791 0.326960 -10476.190388 -2.123964 -10478.202985 -1.210770 0.326960 0.913194 0.326960 1.596777   1   1  -1 
2455672.902775 0.000000 0.000000 -10477.128218 0.300639 -10476.190388 -2.123937 -10478.202168 -1.049987 0.300639 1.073950 0.300639 1.596777   1   1  -1 
2455675.905453 0.000000 0.000000 -10479.983143 0.211350 -10476.190388 -2.552978 -10478.516925 -4.019196 0.211350 -1.466218 0.211350 1.596777   1   1  -1 
2455679.879903 0.000000 0.000000 -10481.249420 0.252289 -10476.190388 -3.000248 -10479.839826 -4.409842 0.252289 -1.409594 0.252289 1.596777   1   1  -1 
2455679.885123 0.000000 0.000000 -10482.070814 0.256851 -10476.190388 -3.000603 -10479.841724 -5.229693 0.256851 -2.229090 0.256851 1.596777   1   1  -1 
2455712.893679 0.000000 0.000000 -10477.596372 0.280177 -10476.190388 -1.885959 -10476.948766 -2.533566 0.280177 -0.647606 0.280177 1.596777   1   1  -1 
2455715.864679 0.000000 0.000000 -10473.715742 0.681733 -10476.190388 -1.563781 -10474.571136 -0.708387 0.681733 0.855394 0.681733 1.596777   1   1  -1 
2455715.867376 0.000000 0.000000 -10473.898980 0.709421 -10476.190388 -1.563481 -10474.569921 -0.892540 0.709421 0.670941 0.709421 1.596777   1   1  -1 
2455715.869992 0.000000 0.000000 -10473.445162 0.718389 -10476.190388 -1.563192 -10474.568746 -0.439608 0.718389 1.123584 0.718389 1.596777   1   1  -1 
2455715.872747 0.000000 0.000000 -10473.903696 0.742414 -10476.190388 -1.562889 -10474.567511 -0.899074 0.742414 0.663815 0.742414 1.596777   1   1  -1 
2455727.859452 0.000000 0.000000 -10475.357665 0.528199 -10476.190388 -0.691988 -10476.720153 0.670500 0.528199 1.362488 0.528199 1.596777   1   1  -1 
2455727.863145 0.000000 0.000000 -10476.960737 0.516663 -10476.190388 -0.691609 -10476.718962 -0.933383 0.516663 -0.241775 0.516663 1.596777   1   1  -1 
2455727.866953 0.000000 0.000000 -10477.060026 0.559742 -10476.190388 -0.691220 -10476.717741 -1.033505 0.559742 -0.342285 0.559742 1.596777   1   1  -1 
2455735.809170 0.000000 0.000000 -10480.718295 0.263016 -10476.190388 -1.361548 -10479.665400 -2.414443 0.263016 -1.052895 0.263016 1.596777   1   1  -1 
2455754.777241 0.000000 0.000000 -10475.455016 0.545675 -10476.190388 -1.325746 -10476.262958 -0.517805 0.545675 0.807942 0.545675 1.596777   1   1  -1 
2455755.755721 0.000000 0.000000 -10477.021535 0.384396 -10476.190388 -1.180446 -10475.646646 -2.555335 0.384396 -1.374889 0.384396 1.596777   1   1  -1 
2455769.736300 0.000000 0.000000 -10478.718338 0.338766 -10476.190388 -1.873112 -10479.371790 -1.219660 0.338766 0.653452 0.338766 1.596777   1   1  -1 
2455769.742075 0.000000 0.000000 -10479.209949 0.385157 -10476.190388 -1.874067 -10479.367808 -1.716209 0.385157 0.157859 0.385157 1.596777   1   1  -1 
2455776.628483 0.000000 0.000000 -10477.854877 0.356174 -10476.190388 -1.290296 -10477.396080 -1.749093 0.356174 -0.458797 0.356174 1.596777   1   1  -1 
2455782.624998 0.000000 0.000000 -10477.234320 0.380536 -10476.190388 -1.290408 -10476.884449 -1.640279 0.380536 -0.349871 0.380536 1.596777   1   1  -1 
2455784.737667 0.000000 0.000000 -10473.119634 0.272683 -10476.190388 -1.865729 -10475.041059 0.055697 0.272683 1.921425 0.272683 1.596777   1   1  -1 
2455801.526698 0.000000 0.000000 -10477.714254 0.636570 -10476.190388 -0.306533 -10476.720871 -1.299916 0.636570 -0.993383 0.636570 1.596777   1   1  -1 
2455801.531628 0.000000 0.000000 -10478.348482 0.588581 -10476.190388 -0.307171 -10476.721537 -1.934116 0.588581 -1.626945 0.588581 1.596777   1   1  -1 
2455804.632333 0.000000 0.000000 -10479.889141 0.560283 -10476.190388 -1.171333 -10478.026585 -3.033889 0.560283 -1.862556 0.560283 1.596777   1   1  -1 
2455804.637669 0.000000 0.000000 -10479.356651 0.516075 -10476.190388 -1.172708 -10478.029371 -2.499988 0.516075 -1.327280 0.516075 1.596777   1   1  -1 
2455807.626267 0.000000 0.000000 -10477.952953 0.482855 -10476.190388 -1.635974 -10479.693402 0.104475 0.482855 1.740449 0.482855 1.596777   1   1  -1 
2455807.631162 0.000000 0.000000 -10477.762393 0.443292 -10476.190388 -1.635923 -10479.695981 0.297665 0.443292 1.933588 0.443292 1.596777   1   1  -1 
2455810.581550 0.000000 0.000000 -10481.002505 0.377097 -10476.190388 -1.304148 -10479.625117 -2.681537 0.377097 -1.377388 0.377097 1.596777   1   1  -1 
2455810.586723 0.000000 0.000000 -10480.282556 0.398696 -10476.190388 -1.304238 -10479.619859 -1.966935 0.398696 -0.662697 0.398696 1.596777   1   1  -1 
2455816.587002 0.000000 0.000000 -10476.284284 0.479893 -10476.190388 -3.595479 -10476.512714 -3.367049 0.479893 0.228430 0.479893 1.596777   1   1  -1 
2455816.590578 0.000000 0.000000 -10475.380232 0.444942 -10476.190388 -3.594639 -10476.511090 -2.463781 0.444942 1.130858 0.444942 1.596777   1   1  -1 
2455816.594154 0.000000 0.000000 -10476.257023 0.438232 -10476.190388 -3.593793 -10476.509463 -3.341353 0.438232 0.252440 0.438232 1.596777   1   1  -1 
2455834.622073 0.000000 0.000000 -10480.909706 0.288686 -10476.190388 -2.502679 -10480.048102 -3.364283 0.288686 -0.861604 0.288686 1.596777   1   1  -1 
2455834.627593 0.000000 0.000000 -10481.704100 0.288262 -10476.190388 -2.505678 -10480.054099 -4.155679 0.288262 -1.650001 0.288262 1.596777   1   1  -1 
2455836.585712 0.000000 0.000000 -10482.497452 0.340261 -10476.190388 -3.057082 -10481.863184 -3.691350 0.340261 -0.634268 0.340261 1.596777   1   1  -1 
2455836.591440 0.000000 0.000000 -10483.216344 0.339568 -10476.190388 -3.056697 -10481.866880 -4.406161 0.339568 -1.349464 0.339568 1.596777   1   1  -1 
2455839.585007 0.000000 0.000000 -10480.984122 0.455066 -10476.190388 -1.315675 -10480.240214 -2.059583 0.455066 -0.743908 0.455066 1.596777   1   1  -1 
2455839.590794 0.000000 0.000000 -10480.862232 0.459884 -10476.190388 -1.310581 -10480.228581 -1.944232 0.459884 -0.633651 0.459884 1.596777   1   1  -1 
2455842.549547 0.000000 0.000000 -10475.984718 0.533150 -10476.190388 0.365943 -10475.559350 -0.059426 0.533150 -0.425368 0.533150 1.596777   1   1  -1 
2455842.555033 0.000000 0.000000 -10475.769563 0.436601 -10476.190388 0.366555 -10475.555348 0.152340 0.436601 -0.214215 0.436601 1.596777   1   1  -1 
2455845.575633 0.000000 0.000000 -10472.970844 0.533869 -10476.190388 -0.108936 -10474.846292 1.766512 0.533869 1.875448 0.533869 1.596777   1   1  -1 
2455845.581258 0.000000 0.000000 -10473.156417 0.461200 -10476.190388 -0.111008 -10474.846999 1.579574 0.461200 1.690582 0.461200 1.596777   1   1  -1 
2455870.498785 0.000000 0.000000 -10481.818484 0.365314 -10476.190388 -2.779013 -10479.777944 -4.819554 0.365314 -2.040540 0.365314 1.596777   1   1  -1 
2455870.504422 0.000000 0.000000 -10481.151885 0.359240 -10476.190388 -2.779364 -10479.774836 -4.156413 0.359240 -1.377049 0.359240 1.596777   1   1  -1 
2455874.532217 0.000000 0.000000 -10477.728868 0.513797 -10476.190388 -1.561957 -10477.616632 -1.674193 0.513797 -0.112236 0.513797 1.596777   1   1  -1 
2455874.537437 0.000000 0.000000 -10475.674380 0.695338 -10476.190388 -1.561940 -10477.616557 0.380237 0.695338 1.942177 0.695338 1.596777   1   1  -1 
2455878.549549 0.000000 0.000000 -10474.975638 0.680478 -10476.190388 -1.796699 -10478.385467 1.613129 0.680478 3.409829 0.680478 1.596777   1   1  -1 
2455878.554965 0.000000 0.000000 -10473.200640 0.660711 -10476.190388 -1.795320 -10478.385724 3.389763 0.660711 5.185084 0.660711 1.596777   1   1  -1 
2456020.892743 0.000000 0.000000 -10474.892081 0.400252 -10476.190388 -1.367133 -10475.480620 -0.778594 0.400252 0.588539 0.400252 1.596777   1   1  -1 
2456020.898160 0.000000 0.000000 -10474.995167 0.390725 -10476.190388 -1.367987 -10475.485905 -0.877249 0.390725 0.490738 0.390725 1.596777   1   1  -1 
2456022.889397 0.000000 0.000000 -10478.871489 0.497344 -10476.190388 -1.694652 -10477.862424 -2.703717 0.497344 -1.009065 0.497344 1.596777   1   1  -1 
2456022.894884 0.000000 0.000000 -10479.815426 0.556527 -10476.190388 -1.695489 -10477.869470 -3.641446 0.556527 -1.945956 0.556527 1.596777   1   1  -1 
2456024.891353 0.000000 0.000000 -10480.979281 0.428656 -10476.190388 -1.933779 -10479.379112 -3.533948 0.428656 -1.600169 0.428656 1.596777   1   1  -1 
2456024.897048 0.000000 0.000000 -10480.604419 0.407038 -10476.190388 -1.934255 -10479.378349 -3.160325 0.407038 -1.226070 0.407038 1.596777   1   1  -1 
2456028.922257 0.000000 0.000000 -10477.908590 0.345283 -10476.190388 -1.381517 -10477.109515 -2.180592 0.345283 -0.799075 0.345283 1.596777   1   1  -1 
2456029.892891 0.000000 0.000000 -10478.166891 0.543499 -10476.190388 -1.025676 -10476.832188 -2.360379 0.543499 -1.334703 0.543499 1.596777   1   1  -1 
2456029.898354 0.000000 0.000000 -10478.569496 0.519266 -10476.190388 -1.024000 -10476.831312 -2.762184 0.519266 -1.738184 0.519266 1.596777   1   1  -1 
2456031.852968 0.000000 0.000000 -10477.024746 0.408809 -10476.190388 -0.906737 -10477.182476 -0.749007 0.408809 0.157730 0.408809 1.596777   1   1  -1 
2456052.857065 0.000000 0.000000 -10480.793021 0.406318 -10476.190388 -1.952818 -10477.894295 -4.851544 0.406318 -2.898726 0.406318 1.596777   1   1  -1 
2456052.862482 0.000000 0.000000 -10480.156970 0.393840 -10476.190388 -1.953761 -10477.895274 -4.215457 0.393840 -2.261696 0.393840 1.596777   1   1  -1 
2456053.851639 0.000000 0.000000 -10480.816786 0.437473 -10476.190388 -2.073254 -10477.624452 -5.265587 0.437473 -3.192334 0.437473 1.596777   1   1  -1 
2456053.857114 0.000000 0.000000 -10476.986852 0.414343 -10476.190388 -2.073501 -10477.620640 -1.439713 0.414343 0.633788 0.414343 1.596777   1   1  -1 
2456054.839916 0.000000 0.000000 -10479.578072 0.266506 -10476.190388 -2.016811 -10476.751643 -4.843240 0.266506 -2.826429 0.266506 1.596777   1   1  -1 
2456055.886865 0.000000 0.000000 -10478.308216 0.254853 -10476.190388 -1.749989 -10475.889267 -4.168938 0.254853 -2.418949 0.254853 1.596777   1   1  -1 
2456056.818146 0.000000 0.000000 -10476.145121 0.446651 -10476.190388 -1.436243 -10475.425767 -2.155597 0.446651 -0.719354 0.446651 1.596777   1   1  -1 
2456056.823714 0.000000 0.000000 -10476.399813 0.406993 -10476.190388 -1.434428 -10475.423957 -2.410283 0.406993 -0.975856 0.406993 1.596777   1   1  -1 
2456078.843392 0.000000 0.000000 -10475.070920 0.323779 -10476.190388 -0.574424 -10477.416118 1.770775 0.323779 2.345198 0.323779 1.596777   1   1  -1 
2456078.849075 0.000000 0.000000 -10475.406297 0.316487 -10476.190388 -0.573898 -10477.417527 1.437333 0.316487 2.011230 0.316487 1.596777   1   1  -1 
2456081.832748 0.000000 0.000000 -10477.091748 0.398009 -10476.190388 -0.804254 -10477.929639 0.033637 0.398009 0.837891 0.398009 1.596777   1   1  -1 
2456081.838651 0.000000 0.000000 -10477.350415 0.323723 -10476.190388 -0.805215 -10477.925782 -0.229848 0.323723 0.575367 0.323723 1.596777   1   1  -1 
2456085.820521 0.000000 0.000000 -10474.269371 0.439249 -10476.190388 -0.474718 -10473.266555 -1.477534 0.439249 -1.002816 0.439249 1.596777   1   1  -1 
2456085.826250 0.000000 0.000000 -10473.694203 0.458936 -10476.190388 -0.471967 -10473.261628 -0.904543 0.458936 -0.432575 0.458936 1.596777   1   1  -1 
2456088.742747 0.000000 0.000000 -10472.336592 0.274700 -10476.190388 0.896073 -10472.218462 0.777944 0.274700 -0.118130 0.274700 1.596777   1   1  -1 
2456092.900369 0.000000 0.000000 -10477.981567 0.314413 -10476.190388 0.237168 -10476.138852 -1.605547 0.314413 -1.842715 0.314413 1.596777   1   1  -1 
2456115.815540 0.000000 0.000000 -10474.774807 0.388096 -10476.190388 1.219246 -10472.361383 -1.194178 0.388096 -2.413424 0.388096 1.596777   1   1  -1 
2456118.809984 0.000000 0.000000 -10471.978956 0.256427 -10476.190388 0.602860 -10472.447310 1.071214 0.256427 0.468354 0.256427 1.596777   1   1  -1 
2456121.820367 0.000000 0.000000 -10475.055286 0.705930 -10476.190388 0.175039 -10474.646196 -0.234052 0.705930 -0.409090 0.705930 1.596777   1   1  -1 
2456149.686124 0.000000 0.000000 -10478.886301 0.422505 -10476.190388 -1.722229 -10476.582067 -4.026463 0.422505 -2.304234 0.422505 1.596777   1   1  -1 
2456154.723489 0.000000 0.000000 -10473.222066 0.432559 -10476.190388 1.389270 -10473.415698 1.582902 0.432559 0.193632 0.432559 1.596777   1   1  -1 
2456154.728442 0.000000 0.000000 -10472.383548 0.640869 -10476.190388 1.391855 -10473.408849 2.417156 0.640869 1.025301 0.640869 1.596777   1   1  -1 
2456166.527551 0.000000 0.000000 -10482.638275 0.322758 -10476.190388 -0.418639 -10479.854770 -3.202144 0.322758 -2.783505 0.322758 1.596777   1   1  -1 
2456168.609469 0.000000 0.000000 -10483.235121 0.485702 -10476.190388 -1.099765 -10480.003062 -4.331823 0.485702 -3.232059 0.485702 1.596777   1   1  -1 
2456168.615105 0.000000 0.000000 -10482.078140 0.428978 -10476.190388 -1.101601 -10479.999024 -3.180717 0.428978 -2.079116 0.428978 1.596777   1   1  -1 
2456171.510563 0.000000 0.000000 -10477.310953 0.261955 -10476.190388 -1.178440 -10477.818515 -0.670878 0.261955 0.507562 0.261955 1.596777   1   1  -1 
2456173.694840 0.000000 0.000000 -10472.314153 0.435027 -10476.190388 -0.167642 -10476.386506 3.904711 0.435027 4.072353 0.435027 1.596777   1   1  -1 
2456181.612869 0.000000 0.000000 -10475.571527 0.304713 -10476.190388 -0.014801 -10477.451515 1.865187 0.304713 1.879988 0.304713 1.596777   1   1  -1 
2456186.623747 0.000000 0.000000 -10470.871523 0.269145 -10476.190388 0.197709 -10472.412173 1.738359 0.269145 1.540650 0.269145 1.596777   1   1  -1 
2456189.666838 0.000000 0.000000 -10471.752751 0.854916 -10476.190388 0.704071 -10472.789258 1.740578 0.854916 1.036507 0.854916 1.596777   1   1  -1 
2456190.592865 0.000000 0.000000 -10474.982002 0.436640 -10476.190388 0.593828 -10473.543541 -0.844633 0.436640 -1.438461 0.436640 1.596777   1   1  -1 
2456190.598548 0.000000 0.000000 -10475.915820 0.410184 -10476.190388 0.592911 -10473.548775 -1.774133 0.410184 -2.367045 0.410184 1.596777   1   1  -1 
2456195.586272 0.000000 0.000000 -10476.324229 0.455921 -10476.190388 1.486510 -10477.309535 2.471816 0.455921 0.985306 0.455921 1.596777   1   1  -1 
2456195.591793 0.000000 0.000000 -10476.833989 0.456503 -10476.190388 1.489376 -10477.309256 1.964643 0.456503 0.475267 0.456503 1.596777   1   1  -1 
2456198.564091 0.000000 0.000000 -10469.851121 0.593173 -10476.190388 2.101062 -10475.066644 7.316585 0.593173 5.215523 0.593173 1.596777   1   1  -1 
2456198.569866 0.000000 0.000000 -10469.520142 0.625422 -10476.190388 2.098581 -10475.065241 7.643680 0.625422 5.545099 0.625422 1.596777   1   1  -1 
2456204.547188 0.000000 0.000000 -10474.005151 0.390830 -10476.190388 1.086883 -10475.740949 2.822680 0.390830 1.735798 0.390830 1.596777   1   1  -1 
2456205.523197 0.000000 0.000000 -10476.331744 0.223735 -10476.190388 0.801410 -10476.331755 0.801421 0.223735 0.000011 0.223735 1.596777   1   1  -1 
2456208.615737 0.000000 0.000000 -10479.274458 0.471028 -10476.190388 1.381345 -10477.291493 -0.601620 0.471028 -1.982965 0.471028 1.596777   1   1  -1 
2456209.540800 0.000000 0.000000 -10475.726000 0.526879 -10476.190388 2.193388 -10476.892584 3.359972 0.526879 1.166584 0.526879 1.596777   1   1  -1 
2456210.532155 0.000000 0.000000 -10475.727704 0.432092 -10476.190388 2.793377 -10476.110813 3.176485 0.432092 0.383109 0.432092 1.596777   1   1  -1 
2456212.523498 0.000000 0.000000 -10470.032065 0.239792 -10476.190388 2.876576 -10473.558854 6.403365 0.239792 3.526789 0.239792 1.596777   1   1  -1 
2456217.523649 0.000000 0.000000 -10469.768240 0.370476 -10476.190388 3.601419 -10469.556796 3.389975 0.370476 -0.211444 0.370476 1.596777   1   1  -1 
2456217.529482 0.000000 0.000000 -10468.041405 0.361734 -10476.190388 3.601846 -10469.555277 5.115718 0.361734 1.513872 0.361734 1.596777   1   1  -1 
2456218.587951 0.000000 0.000000 -10468.491163 0.391645 -10476.190388 3.481922 -10469.594775 4.585534 0.391645 1.103612 0.391645 1.596777   1   1  -1 
2456219.500319 0.000000 0.000000 -10469.245686 0.247828 -10476.190388 3.001943 -10470.222321 3.978578 0.247828 0.976635 0.247828 1.596777   1   1  -1 
2456220.491327 0.000000 0.000000 -10472.137625 0.391613 -10476.190388 2.176913 -10471.473487 1.512775 0.391613 -0.664138 0.391613 1.596777   1   1  -1 
2456220.514069 0.000000 0.000000 -10472.572915 0.320320 -10476.190388 2.156686 -10471.506923 1.090694 0.320320 -1.065992 0.320320 1.596777   1   1  -1 
2456409.867093 0.000000 0.000000 -10475.673600 0.617333 -10476.190388 3.484584 -10475.751450 3.562434 0.617333 0.077850 0.617333 1.596777   1   1  -1 
2456409.872719 0.000000 0.000000 -10476.137178 0.595203 -10476.190388 3.479899 -10475.756812 3.099533 0.595203 -0.380366 0.595203 1.596777   1   1  -1 
2456416.824768 0.000000 0.000000 -10472.302186 0.550392 -10476.190388 1.797156 -10471.816135 1.311104 0.550392 -0.486051 0.550392 1.596777   1   1  -1 
2456416.828565 0.000000 0.000000 -10470.986675 0.545862 -10476.190388 1.796434 -10471.815523 2.625282 0.545862 0.828848 0.545862 1.596777   1   1  -1 
2456416.832443 0.000000 0.000000 -10471.882453 0.566830 -10476.190388 1.795698 -10471.814900 1.728145 0.566830 -0.067553 0.566830 1.596777   1   1  -1 
2456432.884915 0.000000 0.000000 -10474.962361 0.393986 -10476.190388 0.714111 -10475.682051 1.433802 0.393986 0.719690 0.393986 1.596777   1   1  -1 
2456432.890124 0.000000 0.000000 -10475.372110 0.450803 -10476.190388 0.714311 -10475.684011 1.026211 0.450803 0.311901 0.450803 1.596777   1   1  -1 
2456433.905268 0.000000 0.000000 -10472.852948 0.738644 -10476.190388 0.911110 -10475.946598 4.004760 0.738644 3.093650 0.738644 1.596777   1   1  -1 
2456433.910395 0.000000 0.000000 -10474.512391 0.801539 -10476.190388 0.912575 -10475.947659 2.347843 0.801539 1.435268 0.801539 1.596777   1   1  -1 
2456434.892458 0.000000 0.000000 -10475.434897 0.484791 -10476.190388 1.165735 -10476.221704 1.952542 0.484791 0.786807 0.484791 1.596777   1   1  -1 
2456434.898129 0.000000 0.000000 -10474.106533 0.468854 -10476.190388 1.166782 -10476.223969 3.284218 0.468854 2.117436 0.468854 1.596777   1   1  -1 
2456437.889188 0.000000 0.000000 -10477.501611 0.400790 -10476.190388 1.035297 -10478.442672 1.976358 0.400790 0.941061 0.400790 1.596777   1   1  -1 
2456437.894720 0.000000 0.000000 -10477.202903 0.367888 -10476.190388 1.035300 -10478.446070 2.278468 0.367888 1.243167 0.367888 1.596777   1   1  -1 
2456438.860772 0.000000 0.000000 -10477.416873 0.320407 -10476.190388 1.148906 -10478.641769 2.373801 0.320407 1.224896 0.320407 1.596777   1   1  -1 
2456441.860316 0.000000 0.000000 -10477.889690 0.423142 -10476.190388 2.083670 -10474.949274 -0.856746 0.423142 -2.940416 0.423142 1.596777   1   1  -1 
2456454.832361 0.000000 0.000000 -10475.281861 0.354619 -10476.190388 0.865021 -10473.866416 -0.550423 0.354619 -1.415445 0.354619 1.596777   1   1  -1 
2456454.837894 0.000000 0.000000 -10474.118452 0.355826 -10476.190388 0.867322 -10473.858544 0.607413 0.355826 -0.259908 0.355826 1.596777   1   1  -1 
2456467.823190 0.000000 0.000000 -10478.702475 0.627828 -10476.190388 1.114876 -10478.458498 0.870899 0.627828 -0.243977 0.627828 1.596777   1   1  -1 
2456467.826929 0.000000 0.000000 -10477.017285 0.556688 -10476.190388 1.115609 -10478.456577 2.554901 0.556688 1.439292 0.556688 1.596777   1   1  -1 
2456467.830702 0.000000 0.000000 -10477.517838 0.592918 -10476.190388 1.116349 -10478.454622 2.053133 0.592918 0.936784 0.592918 1.596777   1   1  -1 
2456473.860840 0.000000 0.000000 -10476.447652 0.525661 -10476.190388 0.321792 -10475.985844 -0.140016 0.525661 -0.461808 0.525661 1.596777   1   1  -1 
2456473.864821 0.000000 0.000000 -10476.577531 0.508451 -10476.190388 0.323983 -10475.983517 -0.270031 0.508451 -0.594014 0.508451 1.596777   1   1  -1 
2456473.868595 0.000000 0.000000 -10477.152422 0.549460 -10476.190388 0.326067 -10475.981306 -0.845050 0.549460 -1.171116 0.549460 1.596777   1   1  -1 
2456480.776552 0.000000 0.000000 -10477.791088 0.498216 -10476.190388 1.354853 -10476.500620 0.064384 0.498216 -1.290468 0.498216 1.596777   1   1  -1 
2456480.782281 0.000000 0.000000 -10479.026503 0.462663 -10476.190388 1.356307 -10476.500655 -1.169541 0.462663 -2.525848 0.462663 1.596777   1   1  -1 
2456481.631506 0.000000 0.000000 -10479.243238 0.620379 -10476.190388 1.614755 -10476.248350 -1.380133 0.620379 -2.994888 0.620379 1.596777   1   1  -1 
2456481.637189 0.000000 0.000000 -10479.719427 0.629706 -10476.190388 1.616667 -10476.244570 -1.858190 0.629706 -3.474857 0.629706 1.596777   1   1  -1 
2456501.599929 0.000000 0.000000 -10471.824389 0.315832 -10476.190388 1.332182 -10474.973498 4.481291 0.315832 3.149109 0.315832 1.596777   1   1  -1 
2456523.744316 0.000000 0.000000 -10476.503679 0.283739 -10476.190388 0.414538 -10475.767466 -0.321674 0.283739 -0.736213 0.283739 1.596777   1   1  -1 
2456524.691276 0.000000 0.000000 -10475.914483 0.351566 -10476.190388 0.487549 -10476.337363 0.910429 0.351566 0.422880 0.351566 1.596777   1   1  -1 
2456524.696693 0.000000 0.000000 -10476.491657 0.358347 -10476.190388 0.488650 -10476.337908 0.334901 0.358347 -0.153749 0.358347 1.596777   1   1  -1 
2456525.743740 0.000000 0.000000 -10476.578898 0.318867 -10476.190388 0.848924 -10475.784083 0.054110 0.318867 -0.794815 0.318867 1.596777   1   1  -1 
2456569.534062 0.000000 0.000000 -10476.206904 0.538465 -10476.190388 1.330751 -10476.816542 1.940389 0.538465 0.609638 0.538465 1.596777   1   1  -1 
2456585.564665 0.000000 0.000000 -10473.765867 0.427831 -10476.190388 -0.272242 -10473.734776 -0.303333 0.427831 -0.031091 0.427831 1.596777   1   1  -1 
2456585.568473 0.000000 0.000000 -10475.180778 0.414412 -10476.190388 -0.271722 -10473.731175 -1.721324 0.414412 -1.449603 0.414412 1.596777   1   1  -1 
2456585.572350 0.000000 0.000000 -10474.743998 0.423051 -10476.190388 -0.271192 -10473.727516 -1.287675 0.423051 -1.016482 0.423051 1.596777   1   1  -1 
2456586.547688 0.000000 0.000000 -10474.360620 0.464286 -10476.190388 -0.179352 -10473.027225 -1.512747 0.464286 -1.333395 0.464286 1.596777   1   1  -1 
2456586.551530 0.000000 0.000000 -10474.580572 0.496503 -10476.190388 -0.179193 -10473.025345 -1.734419 0.496503 -1.555227 0.496503 1.596777   1   1  -1 
2456586.555442 0.000000 0.000000 -10475.256026 0.515154 -10476.190388 -0.179032 -10473.023438 -2.411620 0.515154 -2.232588 0.515154 1.596777   1   1  -1 
2456590.510961 0.000000 0.000000 -10473.364197 0.683759 -10476.190388 0.279950 -10473.170359 0.086112 0.683759 -0.193838 0.683759 1.596777   1   1  -1 
2456590.514943 0.000000 0.000000 -10471.788641 0.761395 -10476.190388 0.281733 -10473.171169 1.664261 0.761395 1.382528 0.761395 1.596777   1   1  -1 
2456590.518611 0.000000 0.000000 -10472.177822 0.643858 -10476.190388 0.283376 -10473.171917 1.277471 0.643858 0.994095 0.643858 1.596777   1   1  -1 
2456765.917789 0.000000 0.000000 -10478.736988 0.356105 -10476.190388 0.294509 -10478.051473 -0.391006 0.356105 -0.685515 0.356105 1.596777   1   1  -1 
2456765.923021 0.000000 0.000000 -10479.356033 0.359343 -10476.190388 0.295444 -10478.055509 -1.005079 0.359343 -1.300524 0.359343 1.596777   1   1  -1 
2456789.854143 0.000000 0.000000 -10471.510093 0.391560 -10476.190388 1.559914 -10471.313043 1.362864 0.391560 -0.197050 0.391560 1.596777   1   1  -1 
2456789.859722 0.000000 0.000000 -10471.639643 0.405092 -10476.190388 1.563362 -10471.311874 1.235592 0.405092 -0.327769 0.405092 1.596777   1   1  -1 
2456806.890179 0.000000 0.000000 -10477.728101 0.424327 -10476.190388 0.176665 -10477.466463 -0.084973 0.424327 -0.261638 0.424327 1.596777   1   1  -1 
2456829.893363 0.000000 0.000000 -10474.769093 0.272363 -10476.190388 0.560952 -10474.554429 0.346288 0.272363 -0.214664 0.272363 1.596777   1   1  -1 
2456857.748704 0.000000 0.000000 -10473.725387 0.458440 -10476.190388 0.269463 -10472.863634 -0.592290 0.458440 -0.861753 0.458440 1.596777   1   1  -1 
2456857.754433 0.000000 0.000000 -10473.163228 0.448012 -10476.190388 0.269618 -10472.863513 -0.030097 0.448012 -0.299715 0.448012 1.596777   1   1  -1 
2456866.784629 0.000000 0.000000 -10479.134302 0.372433 -10476.190388 -0.663947 -10479.672950 -0.125299 0.372433 0.538648 0.372433 1.596777   1   1  -1 
2456896.727940 0.000000 0.000000 -10476.588857 0.526898 -10476.190388 1.939827 -10476.374780 1.725749 0.526898 -0.214077 0.526898 1.596777   1   1  -1 
2456896.733287 0.000000 0.000000 -10476.057196 0.651138 -10476.190388 1.940163 -10476.373655 2.256621 0.651138 0.316459 0.651138 1.596777   1   1  -1 
2457146.919889 0.000000 0.000000 -10475.918297 0.272209 -10476.190388 1.860068 -10473.950034 -0.108195 0.272209 -1.968263 0.272209 1.596777   1   1  -1 
2457176.844500 0.000000 0.000000 -10464.313000 0.241278 -10462.294145 -0.996314 -10463.852349 -1.456965 0.241278 -0.460651 0.241278 1.596777   1   2  -1 
2457180.950532 0.000000 0.000000 -10468.297390 0.305748 -10462.294145 -1.068879 -10465.558295 -3.807974 0.305748 -2.739095 0.305748 1.596777   1   2  -1 
2457180.956053 0.000000 0.000000 -10469.641714 0.321155 -10462.294145 -1.068484 -10465.560311 -5.149888 0.321155 -4.081403 0.321155 1.596777   1   2  -1 
2457307.523708 0.000000 0.000000 -10460.965808 0.284606 -10462.294145 0.807457 -10463.142676 2.984325 0.284606 2.176868 0.284606 1.596777   1   2  -1 
2457307.529113 0.000000 0.000000 -10461.174528 0.295801 -10462.294145 0.808835 -10463.144447 2.778753 0.295801 1.969919 0.295801 1.596777   1   2  -1 
2457879.840329 0.000000 0.000000 -10463.101417 0.420408 -10462.294145 0.056603 -10463.986052 0.941238 0.420408 0.884635 0.420408 1.596777   1   2  -1 
2457968.637355 0.000000 0.000000 -10461.424457 0.383012 -10462.294145 1.219968 -10463.718673 3.514185 0.383012 2.294216 0.383012 1.596777   1   2  -1 
2460042.883932 0.000000 0.000000 -10467.619651 0.097183 -10468.270029 2.494714 -10467.264515 2.139578 0.097183 -0.355136 0.097183 1.136043   0   0  -1 
2460042.889532 0.000000 0.000000 -10467.826807 0.098837 -10468.270029 2.496409 -10467.258000 1.927603 0.098837 -0.568807 0.098837 1.136043   0   0  -1 
2460043.870973 0.000000 0.000000 -10467.810891 0.115769 -10468.270029 2.696918 -10466.302786 1.188813 0.115769 -1.508105 0.115769 1.136043   0   0  -1 
2460043.876677 0.000000 0.000000 -10467.827764 0.107743 -10468.270029 2.697299 -10466.298828 1.168364 0.107743 -1.528936 0.107743 1.136043   0   0  -1 
2460044.793251 0.000000 0.000000 -10466.216747 0.119007 -10468.270029 2.595560 -10465.965271 2.344084 0.119007 -0.251476 0.119007 1.136043   0   0  -1 
2460044.798982 0.000000 0.000000 -10466.355629 0.118254 -10468.270029 2.593856 -10465.965071 2.203298 0.118254 -0.390558 0.118254 1.136043   0   0  -1 
2460045.773704 0.000000 0.000000 -10468.947680 0.263543 -10468.270029 2.132976 -10466.220623 -0.594081 0.263543 -2.727057 0.263543 1.136043   0   0  -1 
2460045.779649 0.000000 0.000000 -10468.728031 0.178179 -10468.270029 2.129305 -10466.223671 -0.375055 0.178179 -2.504360 0.178179 1.136043   0   0  -1 
2460046.786658 0.000000 0.000000 -10466.718679 0.108298 -10468.270029 1.445166 -10466.884596 1.611083 0.108298 0.165917 0.108298 1.136043   0   0  -1 
2460046.792204 0.000000 0.000000 -10467.571100 0.100449 -10468.270029 1.441320 -10466.888707 0.758927 0.100449 -0.682393 0.100449 1.136043   0   0  -1 
2460047.789500 0.000000 0.000000 -10468.079684 0.107918 -10468.270029 0.809077 -10467.623096 0.352489 0.107918 -0.456588 0.107918 1.136043   0   0  -1 
2460047.795047 0.000000 0.000000 -10468.412170 0.104000 -10468.270029 0.806006 -10467.627008 0.020843 0.104000 -0.785162 0.104000 1.136043   0   0  -1 
2460048.783364 0.000000 0.000000 -10468.577566 0.129590 -10468.270029 0.342256 -10468.281515 0.046205 0.129590 -0.296051 0.129590 1.136043   0   0  -1 
2460048.789012 0.000000 0.000000 -10468.027070 0.120793 -10468.270029 0.340012 -10468.285073 0.598015 0.120793 0.258003 0.120793 1.136043   0   0  -1 
2460049.801102 0.000000 0.000000 -10468.921797 0.111941 -10468.270029 -0.027879 -10468.927603 -0.022073 0.111941 0.005806 0.111941 1.136043   0   0  -1 
2460049.806533 0.000000 0.000000 -10469.044553 0.118675 -10468.270029 -0.029779 -10468.931189 -0.143143 0.118675 -0.113364 0.118675 1.136043   0   0  -1 
2460050.776767 0.000000 0.000000 -10470.880979 0.110463 -10468.270029 -0.378664 -10469.620158 -1.639485 0.110463 -1.260821 0.110463 1.136043   0   0  -1 
2460050.782471 0.000000 0.000000 -10470.587932 0.106168 -10468.270029 -0.380780 -10469.624512 -1.344200 0.106168 -0.963420 0.106168 1.136043   0   0  -1 
2460068.823617 0.000000 0.000000 -10467.442048 0.125458 -10468.270029 0.751920 -10467.262020 0.571893 0.125458 -0.180028 0.125458 1.136043   0   0  -1 
2460068.829253 0.000000 0.000000 -10468.177705 0.157911 -10468.270029 0.747967 -10467.271099 -0.158639 0.157911 -0.906606 0.157911 1.136043   0   0  -1 
2460073.775251 0.000000 0.000000 -10468.691416 0.136518 -10468.270029 -1.171927 -10468.375072 -1.488270 0.136518 -0.316344 0.136518 1.136043   0   0  -1 
2460073.780774 0.000000 0.000000 -10468.532442 0.124641 -10468.270029 -1.173331 -10468.376292 -1.329481 0.124641 -0.156150 0.124641 1.136043   0   0  -1 
2460076.728213 0.000000 0.000000 -10468.677012 0.126723 -10468.270029 -1.470362 -10469.258934 -0.888439 0.126723 0.581922 0.126723 1.136043   0   0  -1 
2460076.733797 0.000000 0.000000 -10468.420636 0.121235 -10468.270029 -1.469455 -10469.259994 -0.630097 0.121235 0.839358 0.121235 1.136043   0   0  -1 
2460077.755001 0.000000 0.000000 -10469.796842 0.156253 -10468.270029 -1.149065 -10469.335928 -1.609979 0.156253 -0.460914 0.156253 1.136043   0   0  -1 
2460077.760768 0.000000 0.000000 -10469.832216 0.150546 -10468.270029 -1.146354 -10469.335658 -1.642912 0.150546 -0.496558 0.150546 1.136043   0   0  -1 
2460078.818364 0.000000 0.000000 -10470.121344 0.118065 -10468.270029 -0.502637 -10469.178980 -1.445002 0.118065 -0.942364 0.118065 1.136043   0   0  -1 
2460078.823976 0.000000 0.000000 -10470.631326 0.115757 -10468.270029 -0.498614 -10469.177759 -1.952181 0.115757 -1.453567 0.115757 1.136043   0   0  -1 
2460079.846559 0.000000 0.000000 -10469.784428 0.112864 -10468.270029 0.256461 -10468.977012 -0.550955 0.112864 -0.807416 0.112864 1.136043   0   0  -1 
2460079.852048 0.000000 0.000000 -10469.613740 0.114319 -10468.270029 0.260374 -10468.976326 -0.377040 0.114319 -0.637414 0.114319 1.136043   0   0  -1 
2460080.730235 0.000000 0.000000 -10469.772583 0.121764 -10468.270029 0.810379 -10468.981483 0.019279 0.121764 -0.791100 0.121764 1.136043   0   0  -1 
2460080.735864 0.000000 0.000000 -10469.610615 0.112383 -10468.270029 0.813304 -10468.982376 0.185065 0.112383 -0.628239 0.112383 1.136043   0   0  -1 
2460082.755256 0.000000 0.000000 -10469.121371 0.143393 -10468.270029 1.423476 -10469.895974 2.198080 0.143393 0.774603 0.143393 1.136043   0   0  -1 
2460082.760842 0.000000 0.000000 -10468.518798 0.129661 -10468.270029 1.424635 -10469.898941 2.804778 0.129661 1.380143 0.129661 1.136043   0   0  -1 
2460086.748603 0.000000 0.000000 -10463.771857 0.096592 -10468.270029 2.666093 -10466.830210 5.724445 0.096592 3.058353 0.096592 1.136043   0   0  -1 
2460086.754324 0.000000 0.000000 -10464.310069 0.104158 -10468.270029 2.665547 -10466.825403 5.180881 0.104158 2.515334 0.104158 1.136043   0   0  -1 
2460199.601214 0.000000 0.000000 -10467.857782 0.194625 -10468.270029 -1.590457 -10469.002687 -0.445551 0.194625 1.144905 0.194625 1.136043   0   0  -1 
2460199.607025 0.000000 0.000000 -10469.302924 0.190719 -10468.270029 -1.591182 -10468.996437 -1.897669 0.190719 -0.306487 0.190719 1.136043   0   0  -1 
2460201.515076 0.000000 0.000000 -10466.554990 0.136306 -10468.270029 -1.652097 -10467.171914 -1.035173 0.136306 0.616924 0.136306 1.136043   0   0  -1 
2460201.520627 0.000000 0.000000 -10466.389365 0.147106 -10468.270029 -1.651954 -10467.168764 -0.872555 0.147106 0.779399 0.147106 1.136043   0   0  -1 
2460202.533617 0.000000 0.000000 -10465.659465 0.116368 -10468.270029 -1.626335 -10466.842301 -0.443499 0.116368 1.182836 0.116368 1.136043   0   0  -1 
2460202.539273 0.000000 0.000000 -10465.508485 0.110234 -10468.270029 -1.626202 -10466.841730 -0.292957 0.110234 1.333245 0.110234 1.136043   0   0  -1 
2460203.571018 0.000000 0.000000 -10465.844882 0.168626 -10468.270029 -1.583468 -10466.896050 -0.532300 0.168626 1.051168 0.168626 1.136043   0   0  -1 
2460203.577196 0.000000 0.000000 -10465.648256 0.180164 -10468.270029 -1.582985 -10466.897059 -0.334182 0.180164 1.248803 0.180164 1.136043   0   0  -1 
2460204.530857 0.000000 0.000000 -10467.427115 0.098515 -10468.270029 -1.444155 -10467.084084 -1.787186 0.098515 -0.343031 0.098515 1.136043   0   0  -1 
2460204.536387 0.000000 0.000000 -10466.800940 0.104273 -10468.270029 -1.442916 -10467.085211 -1.158645 0.104273 0.284271 0.104273 1.136043   0   0  -1 
2460205.516019 0.000000 0.000000 -10468.149301 0.122140 -10468.270029 -1.144862 -10467.270415 -2.023747 0.122140 -0.878886 0.122140 1.136043   0   0  -1 
2460205.521490 0.000000 0.000000 -10467.759986 0.108265 -10468.270029 -1.142827 -10467.271391 -1.631423 0.108265 -0.488595 0.108265 1.136043   0   0  -1 
2460206.534104 0.000000 0.000000 -10467.984215 0.123507 -10468.270029 -0.742560 -10467.474510 -1.252265 0.123507 -0.509705 0.123507 1.136043   0   0  -1 
2460206.539634 0.000000 0.000000 -10467.395836 0.112931 -10468.270029 -0.740399 -10467.475875 -0.660360 0.112931 0.080039 0.112931 1.136043   0   0  -1 
2460208.612713 0.000000 0.000000 -10467.863703 0.119086 -10468.270029 -0.146158 -10468.364517 0.354656 0.119086 0.500814 0.119086 1.136043   0   0  -1 
2460208.618030 0.000000 0.000000 -10468.124237 0.122661 -10468.270029 -0.145094 -10468.367694 0.098364 0.122661 0.243457 0.122661 1.136043   0   0  -1 
2460209.504007 0.000000 0.000000 -10468.350357 0.247406 -10468.270029 0.035919 -10468.929871 0.615433 0.247406 0.579514 0.247406 1.136043   0   0  -1 
2460209.509978 0.000000 0.000000 -10468.742438 0.220522 -10468.270029 0.037228 -10468.933823 0.228613 0.220522 0.191385 0.220522 1.136043   0   0  -1 
2460210.587394 0.000000 0.000000 -10468.232795 0.137683 -10468.270029 0.292644 -10469.678688 1.738537 0.137683 1.445893 0.137683 1.136043   0   0  -1 
2460210.593026 0.000000 0.000000 -10467.916827 0.147704 -10468.270029 0.293971 -10469.682794 2.059938 0.147704 1.765967 0.147704 1.136043   0   0  -1 
2460211.516295 0.000000 0.000000 -10469.090653 0.190231 -10468.270029 0.459471 -10470.391890 1.760708 0.190231 1.301237 0.190231 1.136043   0   0  -1 
2460211.522268 0.000000 0.000000 -10468.782398 0.153085 -10468.270029 0.460017 -10470.396628 2.074247 0.153085 1.614230 0.153085 1.136043   0   0  -1 
