# Tref_folded model 
-1.500000 -0.019198 
-1.499000 -0.015398 
-1.498000 -0.011607 
-1.497000 -0.007824 
-1.496000 -0.004049 
-1.495000 -0.000283 
-1.494000 0.003475 
-1.493000 0.007224 
-1.492000 0.010965 
-1.491000 0.014697 
-1.490000 0.018421 
-1.489000 0.022136 
-1.488000 0.025843 
-1.487000 0.029541 
-1.486000 0.033230 
-1.485000 0.036910 
-1.484000 0.040582 
-1.483000 0.044245 
-1.482000 0.047899 
-1.481000 0.051545 
-1.480000 0.055181 
-1.479000 0.058809 
-1.478000 0.062428 
-1.477000 0.066037 
-1.476000 0.069638 
-1.475000 0.073230 
-1.474000 0.076813 
-1.473000 0.080387 
-1.472000 0.083952 
-1.471000 0.087507 
-1.470000 0.091054 
-1.469000 0.094591 
-1.468000 0.098120 
-1.467000 0.101639 
-1.466000 0.105149 
-1.465000 0.108649 
-1.464000 0.112141 
-1.463000 0.115623 
-1.462000 0.119096 
-1.461000 0.122560 
-1.460000 0.126014 
-1.459000 0.129459 
-1.458000 0.132894 
-1.457000 0.136320 
-1.456000 0.139737 
-1.455000 0.143145 
-1.454000 0.146543 
-1.453000 0.149931 
-1.452000 0.153310 
-1.451000 0.156679 
-1.450000 0.160039 
-1.449000 0.163390 
-1.448000 0.166731 
-1.447000 0.170062 
-1.446000 0.173384 
-1.445000 0.176696 
-1.444000 0.179998 
-1.443000 0.183291 
-1.442000 0.186575 
-1.441000 0.189848 
-1.440000 0.193112 
-1.439000 0.196366 
-1.438000 0.199611 
-1.437000 0.202846 
-1.436000 0.206071 
-1.435000 0.209286 
-1.434000 0.212491 
-1.433000 0.215687 
-1.432000 0.218873 
-1.431000 0.222049 
-1.430000 0.225215 
-1.429000 0.228372 
-1.428000 0.231518 
-1.427000 0.234655 
-1.426000 0.237782 
-1.425000 0.240898 
-1.424000 0.244005 
-1.423000 0.247102 
-1.422000 0.250190 
-1.421000 0.253267 
-1.420000 0.256334 
-1.419000 0.259391 
-1.418000 0.262438 
-1.417000 0.265475 
-1.416000 0.268503 
-1.415000 0.271520 
-1.414000 0.274527 
-1.413000 0.277524 
-1.412000 0.280511 
-1.411000 0.283487 
-1.410000 0.286454 
-1.409000 0.289411 
-1.408000 0.292357 
-1.407000 0.295294 
-1.406000 0.298220 
-1.405000 0.301136 
-1.404000 0.304042 
-1.403000 0.306937 
-1.402000 0.309823 
-1.401000 0.312698 
-1.400000 0.315563 
-1.399000 0.318418 
-1.398000 0.321262 
-1.397000 0.324097 
-1.396000 0.326921 
-1.395000 0.329734 
-1.394000 0.332538 
-1.393000 0.335331 
-1.392000 0.338113 
-1.391000 0.340886 
-1.390000 0.343648 
-1.389000 0.346399 
-1.388000 0.349141 
-1.387000 0.351872 
-1.386000 0.354592 
-1.385000 0.357302 
-1.384000 0.360002 
-1.383000 0.362691 
-1.382000 0.365369 
-1.381000 0.368038 
-1.380000 0.370695 
-1.379000 0.373342 
-1.378000 0.375979 
-1.377000 0.378605 
-1.376000 0.381221 
-1.375000 0.383826 
-1.374000 0.386420 
-1.373000 0.389004 
-1.372000 0.391577 
-1.371000 0.394140 
-1.370000 0.396692 
-1.369000 0.399233 
-1.368000 0.401764 
-1.367000 0.404284 
-1.366000 0.406793 
-1.365000 0.409292 
-1.364000 0.411780 
-1.363000 0.414257 
-1.362000 0.416723 
-1.361000 0.419179 
-1.360000 0.421624 
-1.359000 0.424058 
-1.358000 0.426481 
-1.357000 0.428894 
-1.356000 0.431295 
-1.355000 0.433686 
-1.354000 0.436066 
-1.353000 0.438435 
-1.352000 0.440793 
-1.351000 0.443140 
-1.350000 0.445476 
-1.349000 0.447801 
-1.348000 0.450115 
-1.347000 0.452418 
-1.346000 0.454711 
-1.345000 0.456992 
-1.344000 0.459262 
-1.343000 0.461521 
-1.342000 0.463769 
-1.341000 0.466006 
-1.340000 0.468232 
-1.339000 0.470446 
-1.338000 0.472650 
-1.337000 0.474842 
-1.336000 0.477023 
-1.335000 0.479193 
-1.334000 0.481351 
-1.333000 0.483499 
-1.332000 0.485635 
-1.331000 0.487760 
-1.330000 0.489873 
-1.329000 0.491975 
-1.328000 0.494066 
-1.327000 0.496145 
-1.326000 0.498213 
-1.325000 0.500270 
-1.324000 0.502315 
-1.323000 0.504349 
-1.322000 0.506371 
-1.321000 0.508382 
-1.320000 0.510381 
-1.319000 0.512368 
-1.318000 0.514344 
-1.317000 0.516309 
-1.316000 0.518261 
-1.315000 0.520202 
-1.314000 0.522132 
-1.313000 0.524050 
-1.312000 0.525956 
-1.311000 0.527850 
-1.310000 0.529733 
-1.309000 0.531603 
-1.308000 0.533462 
-1.307000 0.535309 
-1.306000 0.537145 
-1.305000 0.538968 
-1.304000 0.540779 
-1.303000 0.542579 
-1.302000 0.544366 
-1.301000 0.546142 
-1.300000 0.547905 
-1.299000 0.549657 
-1.298000 0.551396 
-1.297000 0.553123 
-1.296000 0.554838 
-1.295000 0.556541 
-1.294000 0.558232 
-1.293000 0.559910 
-1.292000 0.561577 
-1.291000 0.563230 
-1.290000 0.564872 
-1.289000 0.566501 
-1.288000 0.568118 
-1.287000 0.569723 
-1.286000 0.571315 
-1.285000 0.572895 
-1.284000 0.574462 
-1.283000 0.576016 
-1.282000 0.577558 
-1.281000 0.579088 
-1.280000 0.580605 
-1.279000 0.582109 
-1.278000 0.583600 
-1.277000 0.585079 
-1.276000 0.586545 
-1.275000 0.587998 
-1.274000 0.589438 
-1.273000 0.590866 
-1.272000 0.592280 
-1.271000 0.593682 
-1.270000 0.595071 
-1.269000 0.596446 
-1.268000 0.597809 
-1.267000 0.599159 
-1.266000 0.600495 
-1.265000 0.601818 
-1.264000 0.603128 
-1.263000 0.604425 
-1.262000 0.605709 
-1.261000 0.606979 
-1.260000 0.608236 
-1.259000 0.609479 
-1.258000 0.610710 
-1.257000 0.611926 
-1.256000 0.613129 
-1.255000 0.614319 
-1.254000 0.615495 
-1.253000 0.616657 
-1.252000 0.617806 
-1.251000 0.618941 
-1.250000 0.620062 
-1.249000 0.621169 
-1.248000 0.622263 
-1.247000 0.623343 
-1.246000 0.624408 
-1.245000 0.625460 
-1.244000 0.626498 
-1.243000 0.627521 
-1.242000 0.628531 
-1.241000 0.629526 
-1.240000 0.630508 
-1.239000 0.631474 
-1.238000 0.632427 
-1.237000 0.633365 
-1.236000 0.634289 
-1.235000 0.635199 
-1.234000 0.636094 
-1.233000 0.636974 
-1.232000 0.637840 
-1.231000 0.638691 
-1.230000 0.639527 
-1.229000 0.640349 
-1.228000 0.641156 
-1.227000 0.641948 
-1.226000 0.642725 
-1.225000 0.643487 
-1.224000 0.644235 
-1.223000 0.644967 
-1.222000 0.645684 
-1.221000 0.646386 
-1.220000 0.647072 
-1.219000 0.647744 
-1.218000 0.648400 
-1.217000 0.649040 
-1.216000 0.649665 
-1.215000 0.650275 
-1.214000 0.650869 
-1.213000 0.651448 
-1.212000 0.652011 
-1.211000 0.652558 
-1.210000 0.653089 
-1.209000 0.653605 
-1.208000 0.654104 
-1.207000 0.654588 
-1.206000 0.655055 
-1.205000 0.655507 
-1.204000 0.655942 
-1.203000 0.656361 
-1.202000 0.656764 
-1.201000 0.657150 
-1.200000 0.657521 
-1.199000 0.657874 
-1.198000 0.658211 
-1.197000 0.658532 
-1.196000 0.658835 
-1.195000 0.659123 
-1.194000 0.659393 
-1.193000 0.659646 
-1.192000 0.659883 
-1.191000 0.660102 
-1.190000 0.660305 
-1.189000 0.660490 
-1.188000 0.660658 
-1.187000 0.660809 
-1.186000 0.660942 
-1.185000 0.661058 
-1.184000 0.661157 
-1.183000 0.661238 
-1.182000 0.661301 
-1.181000 0.661347 
-1.180000 0.661375 
-1.179000 0.661385 
-1.178000 0.661377 
-1.177000 0.661351 
-1.176000 0.661307 
-1.175000 0.661245 
-1.174000 0.661165 
-1.173000 0.661066 
-1.172000 0.660949 
-1.171000 0.660814 
-1.170000 0.660660 
-1.169000 0.660487 
-1.168000 0.660296 
-1.167000 0.660086 
-1.166000 0.659857 
-1.165000 0.659609 
-1.164000 0.659342 
-1.163000 0.659056 
-1.162000 0.658751 
-1.161000 0.658427 
-1.160000 0.658083 
-1.159000 0.657720 
-1.158000 0.657338 
-1.157000 0.656936 
-1.156000 0.656514 
-1.155000 0.656072 
-1.154000 0.655611 
-1.153000 0.655130 
-1.152000 0.654628 
-1.151000 0.654107 
-1.150000 0.653565 
-1.149000 0.653003 
-1.148000 0.652421 
-1.147000 0.651818 
-1.146000 0.651195 
-1.145000 0.650551 
-1.144000 0.649887 
-1.143000 0.649201 
-1.142000 0.648495 
-1.141000 0.647768 
-1.140000 0.647019 
-1.139000 0.646250 
-1.138000 0.645459 
-1.137000 0.644647 
-1.136000 0.643813 
-1.135000 0.642958 
-1.134000 0.642081 
-1.133000 0.641183 
-1.132000 0.640262 
-1.131000 0.639320 
-1.130000 0.638356 
-1.129000 0.637369 
-1.128000 0.636361 
-1.127000 0.635330 
-1.126000 0.634276 
-1.125000 0.633200 
-1.124000 0.632102 
-1.123000 0.630981 
-1.122000 0.629837 
-1.121000 0.628670 
-1.120000 0.627480 
-1.119000 0.626267 
-1.118000 0.625030 
-1.117000 0.623771 
-1.116000 0.622488 
-1.115000 0.621181 
-1.114000 0.619851 
-1.113000 0.618497 
-1.112000 0.617120 
-1.111000 0.615718 
-1.110000 0.614293 
-1.109000 0.612843 
-1.108000 0.611369 
-1.107000 0.609871 
-1.106000 0.608348 
-1.105000 0.606801 
-1.104000 0.605229 
-1.103000 0.603633 
-1.102000 0.602011 
-1.101000 0.600365 
-1.100000 0.598693 
-1.099000 0.596997 
-1.098000 0.595275 
-1.097000 0.593527 
-1.096000 0.591755 
-1.095000 0.589956 
-1.094000 0.588132 
-1.093000 0.586282 
-1.092000 0.584407 
-1.091000 0.582505 
-1.090000 0.580577 
-1.089000 0.578623 
-1.088000 0.576642 
-1.087000 0.574636 
-1.086000 0.572602 
-1.085000 0.570542 
-1.084000 0.568455 
-1.083000 0.566342 
-1.082000 0.564201 
-1.081000 0.562033 
-1.080000 0.559839 
-1.079000 0.557616 
-1.078000 0.555367 
-1.077000 0.553090 
-1.076000 0.550785 
-1.075000 0.548453 
-1.074000 0.546093 
-1.073000 0.543705 
-1.072000 0.541289 
-1.071000 0.538845 
-1.070000 0.536373 
-1.069000 0.533872 
-1.068000 0.531343 
-1.067000 0.528786 
-1.066000 0.526200 
-1.065000 0.523585 
-1.064000 0.520941 
-1.063000 0.518269 
-1.062000 0.515567 
-1.061000 0.512837 
-1.060000 0.510077 
-1.059000 0.507288 
-1.058000 0.504469 
-1.057000 0.501622 
-1.056000 0.498744 
-1.055000 0.495837 
-1.054000 0.492900 
-1.053000 0.489933 
-1.052000 0.486936 
-1.051000 0.483909 
-1.050000 0.480853 
-1.049000 0.477765 
-1.048000 0.474648 
-1.047000 0.471500 
-1.046000 0.468322 
-1.045000 0.465113 
-1.044000 0.461874 
-1.043000 0.458604 
-1.042000 0.455303 
-1.041000 0.451971 
-1.040000 0.448609 
-1.039000 0.445215 
-1.038000 0.441790 
-1.037000 0.438334 
-1.036000 0.434847 
-1.035000 0.431329 
-1.034000 0.427779 
-1.033000 0.424198 
-1.032000 0.420585 
-1.031000 0.416941 
-1.030000 0.413266 
-1.029000 0.409558 
-1.028000 0.405819 
-1.027000 0.402048 
-1.026000 0.398246 
-1.025000 0.394411 
-1.024000 0.390545 
-1.023000 0.386646 
-1.022000 0.382716 
-1.021000 0.378754 
-1.020000 0.374759 
-1.019000 0.370733 
-1.018000 0.366674 
-1.017000 0.362584 
-1.016000 0.358461 
-1.015000 0.354306 
-1.014000 0.350118 
-1.013000 0.345899 
-1.012000 0.341647 
-1.011000 0.337363 
-1.010000 0.333046 
-1.009000 0.328698 
-1.008000 0.324317 
-1.007000 0.319904 
-1.006000 0.315459 
-1.005000 0.310981 
-1.004000 0.306471 
-1.003000 0.301929 
-1.002000 0.297355 
-1.001000 0.292748 
-1.000000 0.288110 
-0.999000 0.283439 
-0.998000 0.278736 
-0.997000 0.274002 
-0.996000 0.269235 
-0.995000 0.264436 
-0.994000 0.259605 
-0.993000 0.254743 
-0.992000 0.249849 
-0.991000 0.244923 
-0.990000 0.239965 
-0.989000 0.234976 
-0.988000 0.229956 
-0.987000 0.224904 
-0.986000 0.219821 
-0.985000 0.214706 
-0.984000 0.209561 
-0.983000 0.204384 
-0.982000 0.199177 
-0.981000 0.193939 
-0.980000 0.188670 
-0.979000 0.183371 
-0.978000 0.178041 
-0.977000 0.172681 
-0.976000 0.167291 
-0.975000 0.161871 
-0.974000 0.156421 
-0.973000 0.150942 
-0.972000 0.145433 
-0.971000 0.139895 
-0.970000 0.134328 
-0.969000 0.128732 
-0.968000 0.123107 
-0.967000 0.117454 
-0.966000 0.111772 
-0.965000 0.106062 
-0.964000 0.100325 
-0.963000 0.094560 
-0.962000 0.088767 
-0.961000 0.082947 
-0.960000 0.077101 
-0.959000 0.071227 
-0.958000 0.065328 
-0.957000 0.059402 
-0.956000 0.053450 
-0.955000 0.047473 
-0.954000 0.041470 
-0.953000 0.035443 
-0.952000 0.029391 
-0.951000 0.023314 
-0.950000 0.017214 
-0.949000 0.011090 
-0.948000 0.004942 
-0.947000 -0.001228 
-0.946000 -0.007421 
-0.945000 -0.013637 
-0.944000 -0.019874 
-0.943000 -0.026133 
-0.942000 -0.032413 
-0.941000 -0.038714 
-0.940000 -0.045035 
-0.939000 -0.051376 
-0.938000 -0.057737 
-0.937000 -0.064117 
-0.936000 -0.070515 
-0.935000 -0.076932 
-0.934000 -0.083366 
-0.933000 -0.089818 
-0.932000 -0.096286 
-0.931000 -0.102771 
-0.930000 -0.109272 
-0.929000 -0.115788 
-0.928000 -0.122319 
-0.927000 -0.128864 
-0.926000 -0.135424 
-0.925000 -0.141996 
-0.924000 -0.148582 
-0.923000 -0.155179 
-0.922000 -0.161788 
-0.921000 -0.168409 
-0.920000 -0.175040 
-0.919000 -0.181681 
-0.918000 -0.188331 
-0.917000 -0.194991 
-0.916000 -0.201658 
-0.915000 -0.208333 
-0.914000 -0.215015 
-0.913000 -0.221704 
-0.912000 -0.228398 
-0.911000 -0.235097 
-0.910000 -0.241801 
-0.909000 -0.248509 
-0.908000 -0.255220 
-0.907000 -0.261933 
-0.906000 -0.268648 
-0.905000 -0.275364 
-0.904000 -0.282081 
-0.903000 -0.288798 
-0.902000 -0.295513 
-0.901000 -0.302227 
-0.900000 -0.308939 
-0.899000 -0.315647 
-0.898000 -0.322352 
-0.897000 -0.329052 
-0.896000 -0.335747 
-0.895000 -0.342436 
-0.894000 -0.349118 
-0.893000 -0.355793 
-0.892000 -0.362460 
-0.891000 -0.369117 
-0.890000 -0.375765 
-0.889000 -0.382402 
-0.888000 -0.389028 
-0.887000 -0.395641 
-0.886000 -0.402242 
-0.885000 -0.408829 
-0.884000 -0.415402 
-0.883000 -0.421960 
-0.882000 -0.428501 
-0.881000 -0.435026 
-0.880000 -0.441533 
-0.879000 -0.448021 
-0.878000 -0.454491 
-0.877000 -0.460940 
-0.876000 -0.467369 
-0.875000 -0.473775 
-0.874000 -0.480160 
-0.873000 -0.486521 
-0.872000 -0.492858 
-0.871000 -0.499170 
-0.870000 -0.505457 
-0.869000 -0.511717 
-0.868000 -0.517950 
-0.867000 -0.524155 
-0.866000 -0.530330 
-0.865000 -0.536477 
-0.864000 -0.542592 
-0.863000 -0.548677 
-0.862000 -0.554729 
-0.861000 -0.560748 
-0.860000 -0.566734 
-0.859000 -0.572685 
-0.858000 -0.578601 
-0.857000 -0.584481 
-0.856000 -0.590325 
-0.855000 -0.596130 
-0.854000 -0.601898 
-0.853000 -0.607626 
-0.852000 -0.613315 
-0.851000 -0.618963 
-0.850000 -0.624569 
-0.849000 -0.630134 
-0.848000 -0.635656 
-0.847000 -0.641134 
-0.846000 -0.646569 
-0.845000 -0.651958 
-0.844000 -0.657302 
-0.843000 -0.662599 
-0.842000 -0.667849 
-0.841000 -0.673052 
-0.840000 -0.678207 
-0.839000 -0.683312 
-0.838000 -0.688368 
-0.837000 -0.693374 
-0.836000 -0.698328 
-0.835000 -0.703232 
-0.834000 -0.708083 
-0.833000 -0.712881 
-0.832000 -0.717626 
-0.831000 -0.722318 
-0.830000 -0.726955 
-0.829000 -0.731537 
-0.828000 -0.736063 
-0.827000 -0.740533 
-0.826000 -0.744947 
-0.825000 -0.749304 
-0.824000 -0.753603 
-0.823000 -0.757844 
-0.822000 -0.762026 
-0.821000 -0.766150 
-0.820000 -0.770214 
-0.819000 -0.774218 
-0.818000 -0.778162 
-0.817000 -0.782046 
-0.816000 -0.785868 
-0.815000 -0.789629 
-0.814000 -0.793328 
-0.813000 -0.796965 
-0.812000 -0.800539 
-0.811000 -0.804051 
-0.810000 -0.807499 
-0.809000 -0.810884 
-0.808000 -0.814205 
-0.807000 -0.817463 
-0.806000 -0.820656 
-0.805000 -0.823784 
-0.804000 -0.826848 
-0.803000 -0.829847 
-0.802000 -0.832781 
-0.801000 -0.835650 
-0.800000 -0.838453 
-0.799000 -0.841191 
-0.798000 -0.843862 
-0.797000 -0.846468 
-0.796000 -0.849008 
-0.795000 -0.851482 
-0.794000 -0.853889 
-0.793000 -0.856231 
-0.792000 -0.858506 
-0.791000 -0.860714 
-0.790000 -0.862856 
-0.789000 -0.864932 
-0.788000 -0.866941 
-0.787000 -0.868884 
-0.786000 -0.870761 
-0.785000 -0.872571 
-0.784000 -0.874314 
-0.783000 -0.875992 
-0.782000 -0.877603 
-0.781000 -0.879148 
-0.780000 -0.880627 
-0.779000 -0.882040 
-0.778000 -0.883388 
-0.777000 -0.884669 
-0.776000 -0.885886 
-0.775000 -0.887036 
-0.774000 -0.888122 
-0.773000 -0.889142 
-0.772000 -0.890098 
-0.771000 -0.890989 
-0.770000 -0.891816 
-0.769000 -0.892578 
-0.768000 -0.893276 
-0.767000 -0.893911 
-0.766000 -0.894482 
-0.765000 -0.894990 
-0.764000 -0.895435 
-0.763000 -0.895817 
-0.762000 -0.896137 
-0.761000 -0.896395 
-0.760000 -0.896591 
-0.759000 -0.896725 
-0.758000 -0.896798 
-0.757000 -0.896811 
-0.756000 -0.896763 
-0.755000 -0.896654 
-0.754000 -0.896486 
-0.753000 -0.896259 
-0.752000 -0.895972 
-0.751000 -0.895627 
-0.750000 -0.895223 
-0.749000 -0.894762 
-0.748000 -0.894243 
-0.747000 -0.893667 
-0.746000 -0.893034 
-0.745000 -0.892345 
-0.744000 -0.891600 
-0.743000 -0.890799 
-0.742000 -0.889943 
-0.741000 -0.889033 
-0.740000 -0.888069 
-0.739000 -0.887051 
-0.738000 -0.885979 
-0.737000 -0.884855 
-0.736000 -0.883678 
-0.735000 -0.882450 
-0.734000 -0.881169 
-0.733000 -0.879838 
-0.732000 -0.878457 
-0.731000 -0.877025 
-0.730000 -0.875544 
-0.729000 -0.874013 
-0.728000 -0.872434 
-0.727000 -0.870807 
-0.726000 -0.869132 
-0.725000 -0.867410 
-0.724000 -0.865641 
-0.723000 -0.863825 
-0.722000 -0.861965 
-0.721000 -0.860058 
-0.720000 -0.858107 
-0.719000 -0.856112 
-0.718000 -0.854073 
-0.717000 -0.851991 
-0.716000 -0.849866 
-0.715000 -0.847698 
-0.714000 -0.845489 
-0.713000 -0.843238 
-0.712000 -0.840947 
-0.711000 -0.838615 
-0.710000 -0.836244 
-0.709000 -0.833833 
-0.708000 -0.831383 
-0.707000 -0.828895 
-0.706000 -0.826369 
-0.705000 -0.823805 
-0.704000 -0.821205 
-0.703000 -0.818568 
-0.702000 -0.815895 
-0.701000 -0.813187 
-0.700000 -0.810444 
-0.699000 -0.807666 
-0.698000 -0.804855 
-0.697000 -0.802010 
-0.696000 -0.799131 
-0.695000 -0.796221 
-0.694000 -0.793278 
-0.693000 -0.790303 
-0.692000 -0.787297 
-0.691000 -0.784261 
-0.690000 -0.781194 
-0.689000 -0.778098 
-0.688000 -0.774972 
-0.687000 -0.771817 
-0.686000 -0.768634 
-0.685000 -0.765423 
-0.684000 -0.762185 
-0.683000 -0.758919 
-0.682000 -0.755627 
-0.681000 -0.752309 
-0.680000 -0.748965 
-0.679000 -0.745595 
-0.678000 -0.742201 
-0.677000 -0.738782 
-0.676000 -0.735339 
-0.675000 -0.731873 
-0.674000 -0.728383 
-0.673000 -0.724871 
-0.672000 -0.721336 
-0.671000 -0.717779 
-0.670000 -0.714201 
-0.669000 -0.710602 
-0.668000 -0.706982 
-0.667000 -0.703341 
-0.666000 -0.699681 
-0.665000 -0.696001 
-0.664000 -0.692302 
-0.663000 -0.688584 
-0.662000 -0.684847 
-0.661000 -0.681093 
-0.660000 -0.677321 
-0.659000 -0.673532 
-0.658000 -0.669725 
-0.657000 -0.665902 
-0.656000 -0.662063 
-0.655000 -0.658209 
-0.654000 -0.654338 
-0.653000 -0.650453 
-0.652000 -0.646552 
-0.651000 -0.642637 
-0.650000 -0.638709 
-0.649000 -0.634766 
-0.648000 -0.630810 
-0.647000 -0.626840 
-0.646000 -0.622858 
-0.645000 -0.618864 
-0.644000 -0.614857 
-0.643000 -0.610838 
-0.642000 -0.606808 
-0.641000 -0.602767 
-0.640000 -0.598715 
-0.639000 -0.594652 
-0.638000 -0.590579 
-0.637000 -0.586495 
-0.636000 -0.582402 
-0.635000 -0.578300 
-0.634000 -0.574188 
-0.633000 -0.570068 
-0.632000 -0.565939 
-0.631000 -0.561801 
-0.630000 -0.557656 
-0.629000 -0.553502 
-0.628000 -0.549342 
-0.627000 -0.545173 
-0.626000 -0.540998 
-0.625000 -0.536817 
-0.624000 -0.532628 
-0.623000 -0.528434 
-0.622000 -0.524233 
-0.621000 -0.520027 
-0.620000 -0.515815 
-0.619000 -0.511598 
-0.618000 -0.507375 
-0.617000 -0.503148 
-0.616000 -0.498917 
-0.615000 -0.494681 
-0.614000 -0.490441 
-0.613000 -0.486197 
-0.612000 -0.481949 
-0.611000 -0.477698 
-0.610000 -0.473443 
-0.609000 -0.469186 
-0.608000 -0.464925 
-0.607000 -0.460662 
-0.606000 -0.456397 
-0.605000 -0.452129 
-0.604000 -0.447859 
-0.603000 -0.443588 
-0.602000 -0.439314 
-0.601000 -0.435039 
-0.600000 -0.430763 
-0.599000 -0.426486 
-0.598000 -0.422208 
-0.597000 -0.417928 
-0.596000 -0.413649 
-0.595000 -0.409369 
-0.594000 -0.405089 
-0.593000 -0.400808 
-0.592000 -0.396528 
-0.591000 -0.392248 
-0.590000 -0.387968 
-0.589000 -0.383689 
-0.588000 -0.379411 
-0.587000 -0.375133 
-0.586000 -0.370857 
-0.585000 -0.366581 
-0.584000 -0.362307 
-0.583000 -0.358035 
-0.582000 -0.353764 
-0.581000 -0.349495 
-0.580000 -0.345228 
-0.579000 -0.340963 
-0.578000 -0.336699 
-0.577000 -0.332439 
-0.576000 -0.328180 
-0.575000 -0.323925 
-0.574000 -0.319672 
-0.573000 -0.315421 
-0.572000 -0.311174 
-0.571000 -0.306930 
-0.570000 -0.302689 
-0.569000 -0.298451 
-0.568000 -0.294216 
-0.567000 -0.289986 
-0.566000 -0.285758 
-0.565000 -0.281535 
-0.564000 -0.277315 
-0.563000 -0.273100 
-0.562000 -0.268888 
-0.561000 -0.264681 
-0.560000 -0.260477 
-0.559000 -0.256279 
-0.558000 -0.252084 
-0.557000 -0.247895 
-0.556000 -0.243710 
-0.555000 -0.239529 
-0.554000 -0.235354 
-0.553000 -0.231184 
-0.552000 -0.227018 
-0.551000 -0.222858 
-0.550000 -0.218703 
-0.549000 -0.214553 
-0.548000 -0.210409 
-0.547000 -0.206270 
-0.546000 -0.202137 
-0.545000 -0.198009 
-0.544000 -0.193887 
-0.543000 -0.189771 
-0.542000 -0.185661 
-0.541000 -0.181557 
-0.540000 -0.177458 
-0.539000 -0.173366 
-0.538000 -0.169280 
-0.537000 -0.165200 
-0.536000 -0.161127 
-0.535000 -0.157060 
-0.534000 -0.152999 
-0.533000 -0.148945 
-0.532000 -0.144898 
-0.531000 -0.140857 
-0.530000 -0.136823 
-0.529000 -0.132796 
-0.528000 -0.128775 
-0.527000 -0.124762 
-0.526000 -0.120755 
-0.525000 -0.116755 
-0.524000 -0.112763 
-0.523000 -0.108777 
-0.522000 -0.104799 
-0.521000 -0.100828 
-0.520000 -0.096864 
-0.519000 -0.092908 
-0.518000 -0.088959 
-0.517000 -0.085018 
-0.516000 -0.081084 
-0.515000 -0.077157 
-0.514000 -0.073238 
-0.513000 -0.069327 
-0.512000 -0.065423 
-0.511000 -0.061528 
-0.510000 -0.057640 
-0.509000 -0.053760 
-0.508000 -0.049887 
-0.507000 -0.046023 
-0.506000 -0.042167 
-0.505000 -0.038318 
-0.504000 -0.034478 
-0.503000 -0.030646 
-0.502000 -0.026821 
-0.501000 -0.023005 
-0.500000 -0.019198 
-0.499000 -0.015398 
-0.498000 -0.011607 
-0.497000 -0.007824 
-0.496000 -0.004049 
-0.495000 -0.000283 
-0.494000 0.003475 
-0.493000 0.007224 
-0.492000 0.010965 
-0.491000 0.014697 
-0.490000 0.018421 
-0.489000 0.022136 
-0.488000 0.025843 
-0.487000 0.029541 
-0.486000 0.033230 
-0.485000 0.036910 
-0.484000 0.040582 
-0.483000 0.044245 
-0.482000 0.047899 
-0.481000 0.051545 
-0.480000 0.055181 
-0.479000 0.058809 
-0.478000 0.062428 
-0.477000 0.066037 
-0.476000 0.069638 
-0.475000 0.073230 
-0.474000 0.076813 
-0.473000 0.080387 
-0.472000 0.083952 
-0.471000 0.087507 
-0.470000 0.091054 
-0.469000 0.094591 
-0.468000 0.098120 
-0.467000 0.101639 
-0.466000 0.105149 
-0.465000 0.108649 
-0.464000 0.112141 
-0.463000 0.115623 
-0.462000 0.119096 
-0.461000 0.122560 
-0.460000 0.126014 
-0.459000 0.129459 
-0.458000 0.132894 
-0.457000 0.136320 
-0.456000 0.139737 
-0.455000 0.143145 
-0.454000 0.146543 
-0.453000 0.149931 
-0.452000 0.153310 
-0.451000 0.156679 
-0.450000 0.160039 
-0.449000 0.163390 
-0.448000 0.166731 
-0.447000 0.170062 
-0.446000 0.173384 
-0.445000 0.176696 
-0.444000 0.179998 
-0.443000 0.183291 
-0.442000 0.186575 
-0.441000 0.189848 
-0.440000 0.193112 
-0.439000 0.196366 
-0.438000 0.199611 
-0.437000 0.202846 
-0.436000 0.206071 
-0.435000 0.209286 
-0.434000 0.212491 
-0.433000 0.215687 
-0.432000 0.218873 
-0.431000 0.222049 
-0.430000 0.225215 
-0.429000 0.228372 
-0.428000 0.231518 
-0.427000 0.234655 
-0.426000 0.237782 
-0.425000 0.240898 
-0.424000 0.244005 
-0.423000 0.247102 
-0.422000 0.250190 
-0.421000 0.253267 
-0.420000 0.256334 
-0.419000 0.259391 
-0.418000 0.262438 
-0.417000 0.265475 
-0.416000 0.268503 
-0.415000 0.271520 
-0.414000 0.274527 
-0.413000 0.277524 
-0.412000 0.280511 
-0.411000 0.283487 
-0.410000 0.286454 
-0.409000 0.289411 
-0.408000 0.292357 
-0.407000 0.295294 
-0.406000 0.298220 
-0.405000 0.301136 
-0.404000 0.304042 
-0.403000 0.306937 
-0.402000 0.309823 
-0.401000 0.312698 
-0.400000 0.315563 
-0.399000 0.318418 
-0.398000 0.321262 
-0.397000 0.324097 
-0.396000 0.326921 
-0.395000 0.329734 
-0.394000 0.332538 
-0.393000 0.335331 
-0.392000 0.338113 
-0.391000 0.340886 
-0.390000 0.343648 
-0.389000 0.346399 
-0.388000 0.349141 
-0.387000 0.351872 
-0.386000 0.354592 
-0.385000 0.357302 
-0.384000 0.360002 
-0.383000 0.362691 
-0.382000 0.365369 
-0.381000 0.368038 
-0.380000 0.370695 
-0.379000 0.373342 
-0.378000 0.375979 
-0.377000 0.378605 
-0.376000 0.381221 
-0.375000 0.383826 
-0.374000 0.386420 
-0.373000 0.389004 
-0.372000 0.391577 
-0.371000 0.394140 
-0.370000 0.396692 
-0.369000 0.399233 
-0.368000 0.401764 
-0.367000 0.404284 
-0.366000 0.406793 
-0.365000 0.409292 
-0.364000 0.411780 
-0.363000 0.414257 
-0.362000 0.416723 
-0.361000 0.419179 
-0.360000 0.421624 
-0.359000 0.424058 
-0.358000 0.426481 
-0.357000 0.428894 
-0.356000 0.431295 
-0.355000 0.433686 
-0.354000 0.436066 
-0.353000 0.438435 
-0.352000 0.440793 
-0.351000 0.443140 
-0.350000 0.445476 
-0.349000 0.447801 
-0.348000 0.450115 
-0.347000 0.452418 
-0.346000 0.454711 
-0.345000 0.456992 
-0.344000 0.459262 
-0.343000 0.461521 
-0.342000 0.463769 
-0.341000 0.466006 
-0.340000 0.468232 
-0.339000 0.470446 
-0.338000 0.472650 
-0.337000 0.474842 
-0.336000 0.477023 
-0.335000 0.479193 
-0.334000 0.481351 
-0.333000 0.483499 
-0.332000 0.485635 
-0.331000 0.487760 
-0.330000 0.489873 
-0.329000 0.491975 
-0.328000 0.494066 
-0.327000 0.496145 
-0.326000 0.498213 
-0.325000 0.500270 
-0.324000 0.502315 
-0.323000 0.504349 
-0.322000 0.506371 
-0.321000 0.508382 
-0.320000 0.510381 
-0.319000 0.512368 
-0.318000 0.514344 
-0.317000 0.516309 
-0.316000 0.518261 
-0.315000 0.520202 
-0.314000 0.522132 
-0.313000 0.524050 
-0.312000 0.525956 
-0.311000 0.527850 
-0.310000 0.529733 
-0.309000 0.531603 
-0.308000 0.533462 
-0.307000 0.535309 
-0.306000 0.537145 
-0.305000 0.538968 
-0.304000 0.540779 
-0.303000 0.542579 
-0.302000 0.544366 
-0.301000 0.546142 
-0.300000 0.547905 
-0.299000 0.549657 
-0.298000 0.551396 
-0.297000 0.553123 
-0.296000 0.554838 
-0.295000 0.556541 
-0.294000 0.558232 
-0.293000 0.559910 
-0.292000 0.561577 
-0.291000 0.563230 
-0.290000 0.564872 
-0.289000 0.566501 
-0.288000 0.568118 
-0.287000 0.569723 
-0.286000 0.571315 
-0.285000 0.572895 
-0.284000 0.574462 
-0.283000 0.576016 
-0.282000 0.577558 
-0.281000 0.579088 
-0.280000 0.580605 
-0.279000 0.582109 
-0.278000 0.583600 
-0.277000 0.585079 
-0.276000 0.586545 
-0.275000 0.587998 
-0.274000 0.589438 
-0.273000 0.590866 
-0.272000 0.592280 
-0.271000 0.593682 
-0.270000 0.595071 
-0.269000 0.596446 
-0.268000 0.597809 
-0.267000 0.599159 
-0.266000 0.600495 
-0.265000 0.601818 
-0.264000 0.603128 
-0.263000 0.604425 
-0.262000 0.605709 
-0.261000 0.606979 
-0.260000 0.608236 
-0.259000 0.609479 
-0.258000 0.610710 
-0.257000 0.611926 
-0.256000 0.613129 
-0.255000 0.614319 
-0.254000 0.615495 
-0.253000 0.616657 
-0.252000 0.617806 
-0.251000 0.618941 
-0.250000 0.620062 
-0.249000 0.621169 
-0.248000 0.622263 
-0.247000 0.623343 
-0.246000 0.624408 
-0.245000 0.625460 
-0.244000 0.626498 
-0.243000 0.627521 
-0.242000 0.628531 
-0.241000 0.629526 
-0.240000 0.630508 
-0.239000 0.631474 
-0.238000 0.632427 
-0.237000 0.633365 
-0.236000 0.634289 
-0.235000 0.635199 
-0.234000 0.636094 
-0.233000 0.636974 
-0.232000 0.637840 
-0.231000 0.638691 
-0.230000 0.639527 
-0.229000 0.640349 
-0.228000 0.641156 
-0.227000 0.641948 
-0.226000 0.642725 
-0.225000 0.643487 
-0.224000 0.644235 
-0.223000 0.644967 
-0.222000 0.645684 
-0.221000 0.646386 
-0.220000 0.647072 
-0.219000 0.647744 
-0.218000 0.648400 
-0.217000 0.649040 
-0.216000 0.649665 
-0.215000 0.650275 
-0.214000 0.650869 
-0.213000 0.651448 
-0.212000 0.652011 
-0.211000 0.652558 
-0.210000 0.653089 
-0.209000 0.653605 
-0.208000 0.654104 
-0.207000 0.654588 
-0.206000 0.655055 
-0.205000 0.655507 
-0.204000 0.655942 
-0.203000 0.656361 
-0.202000 0.656764 
-0.201000 0.657150 
-0.200000 0.657521 
-0.199000 0.657874 
-0.198000 0.658211 
-0.197000 0.658532 
-0.196000 0.658835 
-0.195000 0.659123 
-0.194000 0.659393 
-0.193000 0.659646 
-0.192000 0.659883 
-0.191000 0.660102 
-0.190000 0.660305 
-0.189000 0.660490 
-0.188000 0.660658 
-0.187000 0.660809 
-0.186000 0.660942 
-0.185000 0.661058 
-0.184000 0.661157 
-0.183000 0.661238 
-0.182000 0.661301 
-0.181000 0.661347 
-0.180000 0.661375 
-0.179000 0.661385 
-0.178000 0.661377 
-0.177000 0.661351 
-0.176000 0.661307 
-0.175000 0.661245 
-0.174000 0.661165 
-0.173000 0.661066 
-0.172000 0.660949 
-0.171000 0.660814 
-0.170000 0.660660 
-0.169000 0.660487 
-0.168000 0.660296 
-0.167000 0.660086 
-0.166000 0.659857 
-0.165000 0.659609 
-0.164000 0.659342 
-0.163000 0.659056 
-0.162000 0.658751 
-0.161000 0.658427 
-0.160000 0.658083 
-0.159000 0.657720 
-0.158000 0.657338 
-0.157000 0.656936 
-0.156000 0.656514 
-0.155000 0.656072 
-0.154000 0.655611 
-0.153000 0.655130 
-0.152000 0.654628 
-0.151000 0.654107 
-0.150000 0.653565 
-0.149000 0.653003 
-0.148000 0.652421 
-0.147000 0.651818 
-0.146000 0.651195 
-0.145000 0.650551 
-0.144000 0.649887 
-0.143000 0.649201 
-0.142000 0.648495 
-0.141000 0.647768 
-0.140000 0.647019 
-0.139000 0.646250 
-0.138000 0.645459 
-0.137000 0.644647 
-0.136000 0.643813 
-0.135000 0.642958 
-0.134000 0.642081 
-0.133000 0.641183 
-0.132000 0.640262 
-0.131000 0.639320 
-0.130000 0.638356 
-0.129000 0.637369 
-0.128000 0.636361 
-0.127000 0.635330 
-0.126000 0.634276 
-0.125000 0.633200 
-0.124000 0.632102 
-0.123000 0.630981 
-0.122000 0.629837 
-0.121000 0.628670 
-0.120000 0.627480 
-0.119000 0.626267 
-0.118000 0.625030 
-0.117000 0.623771 
-0.116000 0.622488 
-0.115000 0.621181 
-0.114000 0.619851 
-0.113000 0.618497 
-0.112000 0.617120 
-0.111000 0.615718 
-0.110000 0.614293 
-0.109000 0.612843 
-0.108000 0.611369 
-0.107000 0.609871 
-0.106000 0.608348 
-0.105000 0.606801 
-0.104000 0.605229 
-0.103000 0.603633 
-0.102000 0.602011 
-0.101000 0.600365 
-0.100000 0.598693 
-0.099000 0.596997 
-0.098000 0.595275 
-0.097000 0.593527 
-0.096000 0.591755 
-0.095000 0.589956 
-0.094000 0.588132 
-0.093000 0.586282 
-0.092000 0.584407 
-0.091000 0.582505 
-0.090000 0.580577 
-0.089000 0.578623 
-0.088000 0.576642 
-0.087000 0.574636 
-0.086000 0.572602 
-0.085000 0.570542 
-0.084000 0.568455 
-0.083000 0.566342 
-0.082000 0.564201 
-0.081000 0.562033 
-0.080000 0.559839 
-0.079000 0.557616 
-0.078000 0.555367 
-0.077000 0.553090 
-0.076000 0.550785 
-0.075000 0.548453 
-0.074000 0.546093 
-0.073000 0.543705 
-0.072000 0.541289 
-0.071000 0.538845 
-0.070000 0.536373 
-0.069000 0.533872 
-0.068000 0.531343 
-0.067000 0.528786 
-0.066000 0.526200 
-0.065000 0.523585 
-0.064000 0.520941 
-0.063000 0.518269 
-0.062000 0.515567 
-0.061000 0.512837 
-0.060000 0.510077 
-0.059000 0.507288 
-0.058000 0.504469 
-0.057000 0.501622 
-0.056000 0.498744 
-0.055000 0.495837 
-0.054000 0.492900 
-0.053000 0.489933 
-0.052000 0.486936 
-0.051000 0.483909 
-0.050000 0.480853 
-0.049000 0.477765 
-0.048000 0.474648 
-0.047000 0.471500 
-0.046000 0.468322 
-0.045000 0.465113 
-0.044000 0.461874 
-0.043000 0.458604 
-0.042000 0.455303 
-0.041000 0.451971 
-0.040000 0.448609 
-0.039000 0.445215 
-0.038000 0.441790 
-0.037000 0.438334 
-0.036000 0.434847 
-0.035000 0.431329 
-0.034000 0.427779 
-0.033000 0.424198 
-0.032000 0.420585 
-0.031000 0.416941 
-0.030000 0.413266 
-0.029000 0.409558 
-0.028000 0.405819 
-0.027000 0.402048 
-0.026000 0.398246 
-0.025000 0.394411 
-0.024000 0.390545 
-0.023000 0.386646 
-0.022000 0.382716 
-0.021000 0.378754 
-0.020000 0.374759 
-0.019000 0.370733 
-0.018000 0.366674 
-0.017000 0.362584 
-0.016000 0.358461 
-0.015000 0.354306 
-0.014000 0.350118 
-0.013000 0.345899 
-0.012000 0.341647 
-0.011000 0.337363 
-0.010000 0.333046 
-0.009000 0.328698 
-0.008000 0.324317 
-0.007000 0.319904 
-0.006000 0.315459 
-0.005000 0.310981 
-0.004000 0.306471 
-0.003000 0.301929 
-0.002000 0.297355 
-0.001000 0.292748 
-0.000000 0.288110 
0.001000 0.283439 
0.002000 0.278736 
0.003000 0.274002 
0.004000 0.269235 
0.005000 0.264436 
0.006000 0.259605 
0.007000 0.254743 
0.008000 0.249849 
0.009000 0.244923 
0.010000 0.239965 
0.011000 0.234976 
0.012000 0.229956 
0.013000 0.224904 
0.014000 0.219821 
0.015000 0.214706 
0.016000 0.209561 
0.017000 0.204384 
0.018000 0.199177 
0.019000 0.193939 
0.020000 0.188670 
0.021000 0.183371 
0.022000 0.178041 
0.023000 0.172681 
0.024000 0.167291 
0.025000 0.161871 
0.026000 0.156421 
0.027000 0.150942 
0.028000 0.145433 
0.029000 0.139895 
0.030000 0.134328 
0.031000 0.128732 
0.032000 0.123107 
0.033000 0.117454 
0.034000 0.111772 
0.035000 0.106062 
0.036000 0.100325 
0.037000 0.094560 
0.038000 0.088767 
0.039000 0.082947 
0.040000 0.077101 
0.041000 0.071227 
0.042000 0.065328 
0.043000 0.059402 
0.044000 0.053450 
0.045000 0.047473 
0.046000 0.041470 
0.047000 0.035443 
0.048000 0.029391 
0.049000 0.023314 
0.050000 0.017214 
0.051000 0.011090 
0.052000 0.004942 
0.053000 -0.001228 
0.054000 -0.007421 
0.055000 -0.013637 
0.056000 -0.019874 
0.057000 -0.026133 
0.058000 -0.032413 
0.059000 -0.038714 
0.060000 -0.045035 
0.061000 -0.051376 
0.062000 -0.057737 
0.063000 -0.064117 
0.064000 -0.070515 
0.065000 -0.076932 
0.066000 -0.083366 
0.067000 -0.089818 
0.068000 -0.096286 
0.069000 -0.102771 
0.070000 -0.109272 
0.071000 -0.115788 
0.072000 -0.122319 
0.073000 -0.128864 
0.074000 -0.135424 
0.075000 -0.141996 
0.076000 -0.148582 
0.077000 -0.155179 
0.078000 -0.161788 
0.079000 -0.168409 
0.080000 -0.175040 
0.081000 -0.181681 
0.082000 -0.188331 
0.083000 -0.194991 
0.084000 -0.201658 
0.085000 -0.208333 
0.086000 -0.215015 
0.087000 -0.221704 
0.088000 -0.228398 
0.089000 -0.235097 
0.090000 -0.241801 
0.091000 -0.248509 
0.092000 -0.255220 
0.093000 -0.261933 
0.094000 -0.268648 
0.095000 -0.275364 
0.096000 -0.282081 
0.097000 -0.288798 
0.098000 -0.295513 
0.099000 -0.302227 
0.100000 -0.308939 
0.101000 -0.315647 
0.102000 -0.322352 
0.103000 -0.329052 
0.104000 -0.335747 
0.105000 -0.342436 
0.106000 -0.349118 
0.107000 -0.355793 
0.108000 -0.362460 
0.109000 -0.369117 
0.110000 -0.375765 
0.111000 -0.382402 
0.112000 -0.389028 
0.113000 -0.395641 
0.114000 -0.402242 
0.115000 -0.408829 
0.116000 -0.415402 
0.117000 -0.421960 
0.118000 -0.428501 
0.119000 -0.435026 
0.120000 -0.441533 
0.121000 -0.448021 
0.122000 -0.454491 
0.123000 -0.460940 
0.124000 -0.467369 
0.125000 -0.473775 
0.126000 -0.480160 
0.127000 -0.486521 
0.128000 -0.492858 
0.129000 -0.499170 
0.130000 -0.505457 
0.131000 -0.511717 
0.132000 -0.517950 
0.133000 -0.524155 
0.134000 -0.530330 
0.135000 -0.536477 
0.136000 -0.542592 
0.137000 -0.548677 
0.138000 -0.554729 
0.139000 -0.560748 
0.140000 -0.566734 
0.141000 -0.572685 
0.142000 -0.578601 
0.143000 -0.584481 
0.144000 -0.590325 
0.145000 -0.596130 
0.146000 -0.601898 
0.147000 -0.607626 
0.148000 -0.613315 
0.149000 -0.618963 
0.150000 -0.624569 
0.151000 -0.630134 
0.152000 -0.635656 
0.153000 -0.641134 
0.154000 -0.646569 
0.155000 -0.651958 
0.156000 -0.657302 
0.157000 -0.662599 
0.158000 -0.667849 
0.159000 -0.673052 
0.160000 -0.678207 
0.161000 -0.683312 
0.162000 -0.688368 
0.163000 -0.693374 
0.164000 -0.698328 
0.165000 -0.703232 
0.166000 -0.708083 
0.167000 -0.712881 
0.168000 -0.717626 
0.169000 -0.722318 
0.170000 -0.726955 
0.171000 -0.731537 
0.172000 -0.736063 
0.173000 -0.740533 
0.174000 -0.744947 
0.175000 -0.749304 
0.176000 -0.753603 
0.177000 -0.757844 
0.178000 -0.762026 
0.179000 -0.766150 
0.180000 -0.770214 
0.181000 -0.774218 
0.182000 -0.778162 
0.183000 -0.782046 
0.184000 -0.785868 
0.185000 -0.789629 
0.186000 -0.793328 
0.187000 -0.796965 
0.188000 -0.800539 
0.189000 -0.804051 
0.190000 -0.807499 
0.191000 -0.810884 
0.192000 -0.814205 
0.193000 -0.817463 
0.194000 -0.820656 
0.195000 -0.823784 
0.196000 -0.826848 
0.197000 -0.829847 
0.198000 -0.832781 
0.199000 -0.835650 
0.200000 -0.838453 
0.201000 -0.841191 
0.202000 -0.843862 
0.203000 -0.846468 
0.204000 -0.849008 
0.205000 -0.851482 
0.206000 -0.853889 
0.207000 -0.856231 
0.208000 -0.858506 
0.209000 -0.860714 
0.210000 -0.862856 
0.211000 -0.864932 
0.212000 -0.866941 
0.213000 -0.868884 
0.214000 -0.870761 
0.215000 -0.872571 
0.216000 -0.874314 
0.217000 -0.875992 
0.218000 -0.877603 
0.219000 -0.879148 
0.220000 -0.880627 
0.221000 -0.882040 
0.222000 -0.883388 
0.223000 -0.884669 
0.224000 -0.885886 
0.225000 -0.887036 
0.226000 -0.888122 
0.227000 -0.889142 
0.228000 -0.890098 
0.229000 -0.890989 
0.230000 -0.891816 
0.231000 -0.892578 
0.232000 -0.893276 
0.233000 -0.893911 
0.234000 -0.894482 
0.235000 -0.894990 
0.236000 -0.895435 
0.237000 -0.895817 
0.238000 -0.896137 
0.239000 -0.896395 
0.240000 -0.896591 
0.241000 -0.896725 
0.242000 -0.896798 
0.243000 -0.896811 
0.244000 -0.896763 
0.245000 -0.896654 
0.246000 -0.896486 
0.247000 -0.896259 
0.248000 -0.895972 
0.249000 -0.895627 
0.250000 -0.895223 
0.251000 -0.894762 
0.252000 -0.894243 
0.253000 -0.893667 
0.254000 -0.893034 
0.255000 -0.892345 
0.256000 -0.891600 
0.257000 -0.890799 
0.258000 -0.889943 
0.259000 -0.889033 
0.260000 -0.888069 
0.261000 -0.887051 
0.262000 -0.885979 
0.263000 -0.884855 
0.264000 -0.883678 
0.265000 -0.882450 
0.266000 -0.881169 
0.267000 -0.879838 
0.268000 -0.878457 
0.269000 -0.877025 
0.270000 -0.875544 
0.271000 -0.874013 
0.272000 -0.872434 
0.273000 -0.870807 
0.274000 -0.869132 
0.275000 -0.867410 
0.276000 -0.865641 
0.277000 -0.863825 
0.278000 -0.861965 
0.279000 -0.860058 
0.280000 -0.858107 
0.281000 -0.856112 
0.282000 -0.854073 
0.283000 -0.851991 
0.284000 -0.849866 
0.285000 -0.847698 
0.286000 -0.845489 
0.287000 -0.843238 
0.288000 -0.840947 
0.289000 -0.838615 
0.290000 -0.836244 
0.291000 -0.833833 
0.292000 -0.831383 
0.293000 -0.828895 
0.294000 -0.826369 
0.295000 -0.823805 
0.296000 -0.821205 
0.297000 -0.818568 
0.298000 -0.815895 
0.299000 -0.813187 
0.300000 -0.810444 
0.301000 -0.807666 
0.302000 -0.804855 
0.303000 -0.802010 
0.304000 -0.799131 
0.305000 -0.796221 
0.306000 -0.793278 
0.307000 -0.790303 
0.308000 -0.787297 
0.309000 -0.784261 
0.310000 -0.781194 
0.311000 -0.778098 
0.312000 -0.774972 
0.313000 -0.771817 
0.314000 -0.768634 
0.315000 -0.765423 
0.316000 -0.762185 
0.317000 -0.758919 
0.318000 -0.755627 
0.319000 -0.752309 
0.320000 -0.748965 
0.321000 -0.745595 
0.322000 -0.742201 
0.323000 -0.738782 
0.324000 -0.735339 
0.325000 -0.731873 
0.326000 -0.728383 
0.327000 -0.724871 
0.328000 -0.721336 
0.329000 -0.717779 
0.330000 -0.714201 
0.331000 -0.710602 
0.332000 -0.706982 
0.333000 -0.703341 
0.334000 -0.699681 
0.335000 -0.696001 
0.336000 -0.692302 
0.337000 -0.688584 
0.338000 -0.684847 
0.339000 -0.681093 
0.340000 -0.677321 
0.341000 -0.673532 
0.342000 -0.669725 
0.343000 -0.665902 
0.344000 -0.662063 
0.345000 -0.658209 
0.346000 -0.654338 
0.347000 -0.650453 
0.348000 -0.646552 
0.349000 -0.642637 
0.350000 -0.638709 
0.351000 -0.634766 
0.352000 -0.630810 
0.353000 -0.626840 
0.354000 -0.622858 
0.355000 -0.618864 
0.356000 -0.614857 
0.357000 -0.610838 
0.358000 -0.606808 
0.359000 -0.602767 
0.360000 -0.598715 
0.361000 -0.594652 
0.362000 -0.590579 
0.363000 -0.586495 
0.364000 -0.582402 
0.365000 -0.578300 
0.366000 -0.574188 
0.367000 -0.570068 
0.368000 -0.565939 
0.369000 -0.561801 
0.370000 -0.557656 
0.371000 -0.553502 
0.372000 -0.549342 
0.373000 -0.545173 
0.374000 -0.540998 
0.375000 -0.536817 
0.376000 -0.532628 
0.377000 -0.528434 
0.378000 -0.524233 
0.379000 -0.520027 
0.380000 -0.515815 
0.381000 -0.511598 
0.382000 -0.507375 
0.383000 -0.503148 
0.384000 -0.498917 
0.385000 -0.494681 
0.386000 -0.490441 
0.387000 -0.486197 
0.388000 -0.481949 
0.389000 -0.477698 
0.390000 -0.473443 
0.391000 -0.469186 
0.392000 -0.464925 
0.393000 -0.460662 
0.394000 -0.456397 
0.395000 -0.452129 
0.396000 -0.447859 
0.397000 -0.443588 
0.398000 -0.439314 
0.399000 -0.435039 
0.400000 -0.430763 
0.401000 -0.426486 
0.402000 -0.422208 
0.403000 -0.417928 
0.404000 -0.413649 
0.405000 -0.409369 
0.406000 -0.405089 
0.407000 -0.400808 
0.408000 -0.396528 
0.409000 -0.392248 
0.410000 -0.387968 
0.411000 -0.383689 
0.412000 -0.379411 
0.413000 -0.375133 
0.414000 -0.370857 
0.415000 -0.366581 
0.416000 -0.362307 
0.417000 -0.358035 
0.418000 -0.353764 
0.419000 -0.349495 
0.420000 -0.345228 
0.421000 -0.340963 
0.422000 -0.336699 
0.423000 -0.332439 
0.424000 -0.328180 
0.425000 -0.323925 
0.426000 -0.319672 
0.427000 -0.315421 
0.428000 -0.311174 
0.429000 -0.306930 
0.430000 -0.302689 
0.431000 -0.298451 
0.432000 -0.294216 
0.433000 -0.289986 
0.434000 -0.285758 
0.435000 -0.281535 
0.436000 -0.277315 
0.437000 -0.273100 
0.438000 -0.268888 
0.439000 -0.264681 
0.440000 -0.260477 
0.441000 -0.256279 
0.442000 -0.252084 
0.443000 -0.247895 
0.444000 -0.243710 
0.445000 -0.239529 
0.446000 -0.235354 
0.447000 -0.231184 
0.448000 -0.227018 
0.449000 -0.222858 
0.450000 -0.218703 
0.451000 -0.214553 
0.452000 -0.210409 
0.453000 -0.206270 
0.454000 -0.202137 
0.455000 -0.198009 
0.456000 -0.193887 
0.457000 -0.189771 
0.458000 -0.185661 
0.459000 -0.181557 
0.460000 -0.177458 
0.461000 -0.173366 
0.462000 -0.169280 
0.463000 -0.165200 
0.464000 -0.161127 
0.465000 -0.157060 
0.466000 -0.152999 
0.467000 -0.148945 
0.468000 -0.144898 
0.469000 -0.140857 
0.470000 -0.136823 
0.471000 -0.132796 
0.472000 -0.128775 
0.473000 -0.124762 
0.474000 -0.120755 
0.475000 -0.116755 
0.476000 -0.112763 
0.477000 -0.108777 
0.478000 -0.104799 
0.479000 -0.100828 
0.480000 -0.096864 
0.481000 -0.092908 
0.482000 -0.088959 
0.483000 -0.085018 
0.484000 -0.081084 
0.485000 -0.077157 
0.486000 -0.073238 
0.487000 -0.069327 
0.488000 -0.065423 
0.489000 -0.061528 
0.490000 -0.057640 
0.491000 -0.053760 
0.492000 -0.049887 
0.493000 -0.046023 
0.494000 -0.042167 
0.495000 -0.038318 
0.496000 -0.034478 
0.497000 -0.030646 
0.498000 -0.026821 
0.499000 -0.023005 
0.500000 -0.019198 
0.501000 -0.015398 
0.502000 -0.011607 
0.503000 -0.007824 
0.504000 -0.004049 
0.505000 -0.000283 
0.506000 0.003475 
0.507000 0.007224 
0.508000 0.010965 
0.509000 0.014697 
0.510000 0.018421 
0.511000 0.022136 
0.512000 0.025843 
0.513000 0.029541 
0.514000 0.033230 
0.515000 0.036910 
0.516000 0.040582 
0.517000 0.044245 
0.518000 0.047899 
0.519000 0.051545 
0.520000 0.055181 
0.521000 0.058809 
0.522000 0.062428 
0.523000 0.066037 
0.524000 0.069638 
0.525000 0.073230 
0.526000 0.076813 
0.527000 0.080387 
0.528000 0.083952 
0.529000 0.087507 
0.530000 0.091054 
0.531000 0.094591 
0.532000 0.098120 
0.533000 0.101639 
0.534000 0.105149 
0.535000 0.108649 
0.536000 0.112141 
0.537000 0.115623 
0.538000 0.119096 
0.539000 0.122560 
0.540000 0.126014 
0.541000 0.129459 
0.542000 0.132894 
0.543000 0.136320 
0.544000 0.139737 
0.545000 0.143145 
0.546000 0.146543 
0.547000 0.149931 
0.548000 0.153310 
0.549000 0.156679 
0.550000 0.160039 
0.551000 0.163390 
0.552000 0.166731 
0.553000 0.170062 
0.554000 0.173384 
0.555000 0.176696 
0.556000 0.179998 
0.557000 0.183291 
0.558000 0.186575 
0.559000 0.189848 
0.560000 0.193112 
0.561000 0.196366 
0.562000 0.199611 
0.563000 0.202846 
0.564000 0.206071 
0.565000 0.209286 
0.566000 0.212491 
0.567000 0.215687 
0.568000 0.218873 
0.569000 0.222049 
0.570000 0.225215 
0.571000 0.228372 
0.572000 0.231518 
0.573000 0.234655 
0.574000 0.237782 
0.575000 0.240898 
0.576000 0.244005 
0.577000 0.247102 
0.578000 0.250190 
0.579000 0.253267 
0.580000 0.256334 
0.581000 0.259391 
0.582000 0.262438 
0.583000 0.265475 
0.584000 0.268503 
0.585000 0.271520 
0.586000 0.274527 
0.587000 0.277524 
0.588000 0.280511 
0.589000 0.283487 
0.590000 0.286454 
0.591000 0.289411 
0.592000 0.292357 
0.593000 0.295294 
0.594000 0.298220 
0.595000 0.301136 
0.596000 0.304042 
0.597000 0.306937 
0.598000 0.309823 
0.599000 0.312698 
0.600000 0.315563 
0.601000 0.318418 
0.602000 0.321262 
0.603000 0.324097 
0.604000 0.326921 
0.605000 0.329734 
0.606000 0.332538 
0.607000 0.335331 
0.608000 0.338113 
0.609000 0.340886 
0.610000 0.343648 
0.611000 0.346399 
0.612000 0.349141 
0.613000 0.351872 
0.614000 0.354592 
0.615000 0.357302 
0.616000 0.360002 
0.617000 0.362691 
0.618000 0.365369 
0.619000 0.368038 
0.620000 0.370695 
0.621000 0.373342 
0.622000 0.375979 
0.623000 0.378605 
0.624000 0.381221 
0.625000 0.383826 
0.626000 0.386420 
0.627000 0.389004 
0.628000 0.391577 
0.629000 0.394140 
0.630000 0.396692 
0.631000 0.399233 
0.632000 0.401764 
0.633000 0.404284 
0.634000 0.406793 
0.635000 0.409292 
0.636000 0.411780 
0.637000 0.414257 
0.638000 0.416723 
0.639000 0.419179 
0.640000 0.421624 
0.641000 0.424058 
0.642000 0.426481 
0.643000 0.428894 
0.644000 0.431295 
0.645000 0.433686 
0.646000 0.436066 
0.647000 0.438435 
0.648000 0.440793 
0.649000 0.443140 
0.650000 0.445476 
0.651000 0.447801 
0.652000 0.450115 
0.653000 0.452418 
0.654000 0.454711 
0.655000 0.456992 
0.656000 0.459262 
0.657000 0.461521 
0.658000 0.463769 
0.659000 0.466006 
0.660000 0.468232 
0.661000 0.470446 
0.662000 0.472650 
0.663000 0.474842 
0.664000 0.477023 
0.665000 0.479193 
0.666000 0.481351 
0.667000 0.483499 
0.668000 0.485635 
0.669000 0.487760 
0.670000 0.489873 
0.671000 0.491975 
0.672000 0.494066 
0.673000 0.496145 
0.674000 0.498213 
0.675000 0.500270 
0.676000 0.502315 
0.677000 0.504349 
0.678000 0.506371 
0.679000 0.508382 
0.680000 0.510381 
0.681000 0.512368 
0.682000 0.514344 
0.683000 0.516309 
0.684000 0.518261 
0.685000 0.520202 
0.686000 0.522132 
0.687000 0.524050 
0.688000 0.525956 
0.689000 0.527850 
0.690000 0.529733 
0.691000 0.531603 
0.692000 0.533462 
0.693000 0.535309 
0.694000 0.537145 
0.695000 0.538968 
0.696000 0.540779 
0.697000 0.542579 
0.698000 0.544366 
0.699000 0.546142 
0.700000 0.547905 
0.701000 0.549657 
0.702000 0.551396 
0.703000 0.553123 
0.704000 0.554838 
0.705000 0.556541 
0.706000 0.558232 
0.707000 0.559910 
0.708000 0.561577 
0.709000 0.563230 
0.710000 0.564872 
0.711000 0.566501 
0.712000 0.568118 
0.713000 0.569723 
0.714000 0.571315 
0.715000 0.572895 
0.716000 0.574462 
0.717000 0.576016 
0.718000 0.577558 
0.719000 0.579088 
0.720000 0.580605 
0.721000 0.582109 
0.722000 0.583600 
0.723000 0.585079 
0.724000 0.586545 
0.725000 0.587998 
0.726000 0.589438 
0.727000 0.590866 
0.728000 0.592280 
0.729000 0.593682 
0.730000 0.595071 
0.731000 0.596446 
0.732000 0.597809 
0.733000 0.599159 
0.734000 0.600495 
0.735000 0.601818 
0.736000 0.603128 
0.737000 0.604425 
0.738000 0.605709 
0.739000 0.606979 
0.740000 0.608236 
0.741000 0.609479 
0.742000 0.610710 
0.743000 0.611926 
0.744000 0.613129 
0.745000 0.614319 
0.746000 0.615495 
0.747000 0.616657 
0.748000 0.617806 
0.749000 0.618941 
0.750000 0.620062 
0.751000 0.621169 
0.752000 0.622263 
0.753000 0.623343 
0.754000 0.624408 
0.755000 0.625460 
0.756000 0.626498 
0.757000 0.627521 
0.758000 0.628531 
0.759000 0.629526 
0.760000 0.630508 
0.761000 0.631474 
0.762000 0.632427 
0.763000 0.633365 
0.764000 0.634289 
0.765000 0.635199 
0.766000 0.636094 
0.767000 0.636974 
0.768000 0.637840 
0.769000 0.638691 
0.770000 0.639527 
0.771000 0.640349 
0.772000 0.641156 
0.773000 0.641948 
0.774000 0.642725 
0.775000 0.643487 
0.776000 0.644235 
0.777000 0.644967 
0.778000 0.645684 
0.779000 0.646386 
0.780000 0.647072 
0.781000 0.647744 
0.782000 0.648400 
0.783000 0.649040 
0.784000 0.649665 
0.785000 0.650275 
0.786000 0.650869 
0.787000 0.651448 
0.788000 0.652011 
0.789000 0.652558 
0.790000 0.653089 
0.791000 0.653605 
0.792000 0.654104 
0.793000 0.654588 
0.794000 0.655055 
0.795000 0.655507 
0.796000 0.655942 
0.797000 0.656361 
0.798000 0.656764 
0.799000 0.657150 
0.800000 0.657521 
0.801000 0.657874 
0.802000 0.658211 
0.803000 0.658532 
0.804000 0.658835 
0.805000 0.659123 
0.806000 0.659393 
0.807000 0.659646 
0.808000 0.659883 
0.809000 0.660102 
0.810000 0.660305 
0.811000 0.660490 
0.812000 0.660658 
0.813000 0.660809 
0.814000 0.660942 
0.815000 0.661058 
0.816000 0.661157 
0.817000 0.661238 
0.818000 0.661301 
0.819000 0.661347 
0.820000 0.661375 
0.821000 0.661385 
0.822000 0.661377 
0.823000 0.661351 
0.824000 0.661307 
0.825000 0.661245 
0.826000 0.661165 
0.827000 0.661066 
0.828000 0.660949 
0.829000 0.660814 
0.830000 0.660660 
0.831000 0.660487 
0.832000 0.660296 
0.833000 0.660086 
0.834000 0.659857 
0.835000 0.659609 
0.836000 0.659342 
0.837000 0.659056 
0.838000 0.658751 
0.839000 0.658427 
0.840000 0.658083 
0.841000 0.657720 
0.842000 0.657338 
0.843000 0.656936 
0.844000 0.656514 
0.845000 0.656072 
0.846000 0.655611 
0.847000 0.655130 
0.848000 0.654628 
0.849000 0.654107 
0.850000 0.653565 
0.851000 0.653003 
0.852000 0.652421 
0.853000 0.651818 
0.854000 0.651195 
0.855000 0.650551 
0.856000 0.649887 
0.857000 0.649201 
0.858000 0.648495 
0.859000 0.647768 
0.860000 0.647019 
0.861000 0.646250 
0.862000 0.645459 
0.863000 0.644647 
0.864000 0.643813 
0.865000 0.642958 
0.866000 0.642081 
0.867000 0.641183 
0.868000 0.640262 
0.869000 0.639320 
0.870000 0.638356 
0.871000 0.637369 
0.872000 0.636361 
0.873000 0.635330 
0.874000 0.634276 
0.875000 0.633200 
0.876000 0.632102 
0.877000 0.630981 
0.878000 0.629837 
0.879000 0.628670 
0.880000 0.627480 
0.881000 0.626267 
0.882000 0.625030 
0.883000 0.623771 
0.884000 0.622488 
0.885000 0.621181 
0.886000 0.619851 
0.887000 0.618497 
0.888000 0.617120 
0.889000 0.615718 
0.890000 0.614293 
0.891000 0.612843 
0.892000 0.611369 
0.893000 0.609871 
0.894000 0.608348 
0.895000 0.606801 
0.896000 0.605229 
0.897000 0.603633 
0.898000 0.602011 
0.899000 0.600365 
0.900000 0.598693 
0.901000 0.596997 
0.902000 0.595275 
0.903000 0.593527 
0.904000 0.591755 
0.905000 0.589956 
0.906000 0.588132 
0.907000 0.586282 
0.908000 0.584407 
0.909000 0.582505 
0.910000 0.580577 
0.911000 0.578623 
0.912000 0.576642 
0.913000 0.574636 
0.914000 0.572602 
0.915000 0.570542 
0.916000 0.568455 
0.917000 0.566342 
0.918000 0.564201 
0.919000 0.562033 
0.920000 0.559839 
0.921000 0.557616 
0.922000 0.555367 
0.923000 0.553090 
0.924000 0.550785 
0.925000 0.548453 
0.926000 0.546093 
0.927000 0.543705 
0.928000 0.541289 
0.929000 0.538845 
0.930000 0.536373 
0.931000 0.533872 
0.932000 0.531343 
0.933000 0.528786 
0.934000 0.526200 
0.935000 0.523585 
0.936000 0.520941 
0.937000 0.518269 
0.938000 0.515567 
0.939000 0.512837 
0.940000 0.510077 
0.941000 0.507288 
0.942000 0.504469 
0.943000 0.501622 
0.944000 0.498744 
0.945000 0.495837 
0.946000 0.492900 
0.947000 0.489933 
0.948000 0.486936 
0.949000 0.483909 
0.950000 0.480853 
0.951000 0.477765 
0.952000 0.474648 
0.953000 0.471500 
0.954000 0.468322 
0.955000 0.465113 
0.956000 0.461874 
0.957000 0.458604 
0.958000 0.455303 
0.959000 0.451971 
0.960000 0.448609 
0.961000 0.445215 
0.962000 0.441790 
0.963000 0.438334 
0.964000 0.434847 
0.965000 0.431329 
0.966000 0.427779 
0.967000 0.424198 
0.968000 0.420585 
0.969000 0.416941 
0.970000 0.413266 
0.971000 0.409558 
0.972000 0.405819 
0.973000 0.402048 
0.974000 0.398246 
0.975000 0.394411 
0.976000 0.390545 
0.977000 0.386646 
0.978000 0.382716 
0.979000 0.378754 
0.980000 0.374759 
0.981000 0.370733 
0.982000 0.366674 
0.983000 0.362584 
0.984000 0.358461 
0.985000 0.354306 
0.986000 0.350118 
0.987000 0.345899 
0.988000 0.341647 
0.989000 0.337363 
0.990000 0.333046 
0.991000 0.328698 
0.992000 0.324317 
0.993000 0.319904 
0.994000 0.315459 
0.995000 0.310981 
0.996000 0.306471 
0.997000 0.301929 
0.998000 0.297355 
0.999000 0.292748 
1.000000 0.288110 
1.001000 0.283439 
1.002000 0.278736 
1.003000 0.274002 
1.004000 0.269235 
1.005000 0.264436 
1.006000 0.259605 
1.007000 0.254743 
1.008000 0.249849 
1.009000 0.244923 
1.010000 0.239965 
1.011000 0.234976 
1.012000 0.229956 
1.013000 0.224904 
1.014000 0.219821 
1.015000 0.214706 
1.016000 0.209561 
1.017000 0.204384 
1.018000 0.199177 
1.019000 0.193939 
1.020000 0.188670 
1.021000 0.183371 
1.022000 0.178041 
1.023000 0.172681 
1.024000 0.167291 
1.025000 0.161871 
1.026000 0.156421 
1.027000 0.150942 
1.028000 0.145433 
1.029000 0.139895 
1.030000 0.134328 
1.031000 0.128732 
1.032000 0.123107 
1.033000 0.117454 
1.034000 0.111772 
1.035000 0.106062 
1.036000 0.100325 
1.037000 0.094560 
1.038000 0.088767 
1.039000 0.082947 
1.040000 0.077101 
1.041000 0.071227 
1.042000 0.065328 
1.043000 0.059402 
1.044000 0.053450 
1.045000 0.047473 
1.046000 0.041470 
1.047000 0.035443 
1.048000 0.029391 
1.049000 0.023314 
1.050000 0.017214 
1.051000 0.011090 
1.052000 0.004942 
1.053000 -0.001228 
1.054000 -0.007421 
1.055000 -0.013637 
1.056000 -0.019874 
1.057000 -0.026133 
1.058000 -0.032413 
1.059000 -0.038714 
1.060000 -0.045035 
1.061000 -0.051376 
1.062000 -0.057737 
1.063000 -0.064117 
1.064000 -0.070515 
1.065000 -0.076932 
1.066000 -0.083366 
1.067000 -0.089818 
1.068000 -0.096286 
1.069000 -0.102771 
1.070000 -0.109272 
1.071000 -0.115788 
1.072000 -0.122319 
1.073000 -0.128864 
1.074000 -0.135424 
1.075000 -0.141996 
1.076000 -0.148582 
1.077000 -0.155179 
1.078000 -0.161788 
1.079000 -0.168409 
1.080000 -0.175040 
1.081000 -0.181681 
1.082000 -0.188331 
1.083000 -0.194991 
1.084000 -0.201658 
1.085000 -0.208333 
1.086000 -0.215015 
1.087000 -0.221704 
1.088000 -0.228398 
1.089000 -0.235097 
1.090000 -0.241801 
1.091000 -0.248509 
1.092000 -0.255220 
1.093000 -0.261933 
1.094000 -0.268648 
1.095000 -0.275364 
1.096000 -0.282081 
1.097000 -0.288798 
1.098000 -0.295513 
1.099000 -0.302227 
1.100000 -0.308939 
1.101000 -0.315647 
1.102000 -0.322352 
1.103000 -0.329052 
1.104000 -0.335747 
1.105000 -0.342436 
1.106000 -0.349118 
1.107000 -0.355793 
1.108000 -0.362460 
1.109000 -0.369117 
1.110000 -0.375765 
1.111000 -0.382402 
1.112000 -0.389028 
1.113000 -0.395641 
1.114000 -0.402242 
1.115000 -0.408829 
1.116000 -0.415402 
1.117000 -0.421960 
1.118000 -0.428501 
1.119000 -0.435026 
1.120000 -0.441533 
1.121000 -0.448021 
1.122000 -0.454491 
1.123000 -0.460940 
1.124000 -0.467369 
1.125000 -0.473775 
1.126000 -0.480160 
1.127000 -0.486521 
1.128000 -0.492858 
1.129000 -0.499170 
1.130000 -0.505457 
1.131000 -0.511717 
1.132000 -0.517950 
1.133000 -0.524155 
1.134000 -0.530330 
1.135000 -0.536477 
1.136000 -0.542592 
1.137000 -0.548677 
1.138000 -0.554729 
1.139000 -0.560748 
1.140000 -0.566734 
1.141000 -0.572685 
1.142000 -0.578601 
1.143000 -0.584481 
1.144000 -0.590325 
1.145000 -0.596130 
1.146000 -0.601898 
1.147000 -0.607626 
1.148000 -0.613315 
1.149000 -0.618963 
1.150000 -0.624569 
1.151000 -0.630134 
1.152000 -0.635656 
1.153000 -0.641134 
1.154000 -0.646569 
1.155000 -0.651958 
1.156000 -0.657302 
1.157000 -0.662599 
1.158000 -0.667849 
1.159000 -0.673052 
1.160000 -0.678207 
1.161000 -0.683312 
1.162000 -0.688368 
1.163000 -0.693374 
1.164000 -0.698328 
1.165000 -0.703232 
1.166000 -0.708083 
1.167000 -0.712881 
1.168000 -0.717626 
1.169000 -0.722318 
1.170000 -0.726955 
1.171000 -0.731537 
1.172000 -0.736063 
1.173000 -0.740533 
1.174000 -0.744947 
1.175000 -0.749304 
1.176000 -0.753603 
1.177000 -0.757844 
1.178000 -0.762026 
1.179000 -0.766150 
1.180000 -0.770214 
1.181000 -0.774218 
1.182000 -0.778162 
1.183000 -0.782046 
1.184000 -0.785868 
1.185000 -0.789629 
1.186000 -0.793328 
1.187000 -0.796965 
1.188000 -0.800539 
1.189000 -0.804051 
1.190000 -0.807499 
1.191000 -0.810884 
1.192000 -0.814205 
1.193000 -0.817463 
1.194000 -0.820656 
1.195000 -0.823784 
1.196000 -0.826848 
1.197000 -0.829847 
1.198000 -0.832781 
1.199000 -0.835650 
1.200000 -0.838453 
1.201000 -0.841191 
1.202000 -0.843862 
1.203000 -0.846468 
1.204000 -0.849008 
1.205000 -0.851482 
1.206000 -0.853889 
1.207000 -0.856231 
1.208000 -0.858506 
1.209000 -0.860714 
1.210000 -0.862856 
1.211000 -0.864932 
1.212000 -0.866941 
1.213000 -0.868884 
1.214000 -0.870761 
1.215000 -0.872571 
1.216000 -0.874314 
1.217000 -0.875992 
1.218000 -0.877603 
1.219000 -0.879148 
1.220000 -0.880627 
1.221000 -0.882040 
1.222000 -0.883388 
1.223000 -0.884669 
1.224000 -0.885886 
1.225000 -0.887036 
1.226000 -0.888122 
1.227000 -0.889142 
1.228000 -0.890098 
1.229000 -0.890989 
1.230000 -0.891816 
1.231000 -0.892578 
1.232000 -0.893276 
1.233000 -0.893911 
1.234000 -0.894482 
1.235000 -0.894990 
1.236000 -0.895435 
1.237000 -0.895817 
1.238000 -0.896137 
1.239000 -0.896395 
1.240000 -0.896591 
1.241000 -0.896725 
1.242000 -0.896798 
1.243000 -0.896811 
1.244000 -0.896763 
1.245000 -0.896654 
1.246000 -0.896486 
1.247000 -0.896259 
1.248000 -0.895972 
1.249000 -0.895627 
1.250000 -0.895223 
1.251000 -0.894762 
1.252000 -0.894243 
1.253000 -0.893667 
1.254000 -0.893034 
1.255000 -0.892345 
1.256000 -0.891600 
1.257000 -0.890799 
1.258000 -0.889943 
1.259000 -0.889033 
1.260000 -0.888069 
1.261000 -0.887051 
1.262000 -0.885979 
1.263000 -0.884855 
1.264000 -0.883678 
1.265000 -0.882450 
1.266000 -0.881169 
1.267000 -0.879838 
1.268000 -0.878457 
1.269000 -0.877025 
1.270000 -0.875544 
1.271000 -0.874013 
1.272000 -0.872434 
1.273000 -0.870807 
1.274000 -0.869132 
1.275000 -0.867410 
1.276000 -0.865641 
1.277000 -0.863825 
1.278000 -0.861965 
1.279000 -0.860058 
1.280000 -0.858107 
1.281000 -0.856112 
1.282000 -0.854073 
1.283000 -0.851991 
1.284000 -0.849866 
1.285000 -0.847698 
1.286000 -0.845489 
1.287000 -0.843238 
1.288000 -0.840947 
1.289000 -0.838615 
1.290000 -0.836244 
1.291000 -0.833833 
1.292000 -0.831383 
1.293000 -0.828895 
1.294000 -0.826369 
1.295000 -0.823805 
1.296000 -0.821205 
1.297000 -0.818568 
1.298000 -0.815895 
1.299000 -0.813187 
1.300000 -0.810444 
1.301000 -0.807666 
1.302000 -0.804855 
1.303000 -0.802010 
1.304000 -0.799131 
1.305000 -0.796221 
1.306000 -0.793278 
1.307000 -0.790303 
1.308000 -0.787297 
1.309000 -0.784261 
1.310000 -0.781194 
1.311000 -0.778098 
1.312000 -0.774972 
1.313000 -0.771817 
1.314000 -0.768634 
1.315000 -0.765423 
1.316000 -0.762185 
1.317000 -0.758919 
1.318000 -0.755627 
1.319000 -0.752309 
1.320000 -0.748965 
1.321000 -0.745595 
1.322000 -0.742201 
1.323000 -0.738782 
1.324000 -0.735339 
1.325000 -0.731873 
1.326000 -0.728383 
1.327000 -0.724871 
1.328000 -0.721336 
1.329000 -0.717779 
1.330000 -0.714201 
1.331000 -0.710602 
1.332000 -0.706982 
1.333000 -0.703341 
1.334000 -0.699681 
1.335000 -0.696001 
1.336000 -0.692302 
1.337000 -0.688584 
1.338000 -0.684847 
1.339000 -0.681093 
1.340000 -0.677321 
1.341000 -0.673532 
1.342000 -0.669725 
1.343000 -0.665902 
1.344000 -0.662063 
1.345000 -0.658209 
1.346000 -0.654338 
1.347000 -0.650453 
1.348000 -0.646552 
1.349000 -0.642637 
1.350000 -0.638709 
1.351000 -0.634766 
1.352000 -0.630810 
1.353000 -0.626840 
1.354000 -0.622858 
1.355000 -0.618864 
1.356000 -0.614857 
1.357000 -0.610838 
1.358000 -0.606808 
1.359000 -0.602767 
1.360000 -0.598715 
1.361000 -0.594652 
1.362000 -0.590579 
1.363000 -0.586495 
1.364000 -0.582402 
1.365000 -0.578300 
1.366000 -0.574188 
1.367000 -0.570068 
1.368000 -0.565939 
1.369000 -0.561801 
1.370000 -0.557656 
1.371000 -0.553502 
1.372000 -0.549342 
1.373000 -0.545173 
1.374000 -0.540998 
1.375000 -0.536817 
1.376000 -0.532628 
1.377000 -0.528434 
1.378000 -0.524233 
1.379000 -0.520027 
1.380000 -0.515815 
1.381000 -0.511598 
1.382000 -0.507375 
1.383000 -0.503148 
1.384000 -0.498917 
1.385000 -0.494681 
1.386000 -0.490441 
1.387000 -0.486197 
1.388000 -0.481949 
1.389000 -0.477698 
1.390000 -0.473443 
1.391000 -0.469186 
1.392000 -0.464925 
1.393000 -0.460662 
1.394000 -0.456397 
1.395000 -0.452129 
1.396000 -0.447859 
1.397000 -0.443588 
1.398000 -0.439314 
1.399000 -0.435039 
1.400000 -0.430763 
1.401000 -0.426486 
1.402000 -0.422208 
1.403000 -0.417928 
1.404000 -0.413649 
1.405000 -0.409369 
1.406000 -0.405089 
1.407000 -0.400808 
1.408000 -0.396528 
1.409000 -0.392248 
1.410000 -0.387968 
1.411000 -0.383689 
1.412000 -0.379411 
1.413000 -0.375133 
1.414000 -0.370857 
1.415000 -0.366581 
1.416000 -0.362307 
1.417000 -0.358035 
1.418000 -0.353764 
1.419000 -0.349495 
1.420000 -0.345228 
1.421000 -0.340963 
1.422000 -0.336699 
1.423000 -0.332439 
1.424000 -0.328180 
1.425000 -0.323925 
1.426000 -0.319672 
1.427000 -0.315421 
1.428000 -0.311174 
1.429000 -0.306930 
1.430000 -0.302689 
1.431000 -0.298451 
1.432000 -0.294216 
1.433000 -0.289986 
1.434000 -0.285758 
1.435000 -0.281535 
1.436000 -0.277315 
1.437000 -0.273100 
1.438000 -0.268888 
1.439000 -0.264681 
1.440000 -0.260477 
1.441000 -0.256279 
1.442000 -0.252084 
1.443000 -0.247895 
1.444000 -0.243710 
1.445000 -0.239529 
1.446000 -0.235354 
1.447000 -0.231184 
1.448000 -0.227018 
1.449000 -0.222858 
1.450000 -0.218703 
1.451000 -0.214553 
1.452000 -0.210409 
1.453000 -0.206270 
1.454000 -0.202137 
1.455000 -0.198009 
1.456000 -0.193887 
1.457000 -0.189771 
1.458000 -0.185661 
1.459000 -0.181557 
1.460000 -0.177458 
1.461000 -0.173366 
1.462000 -0.169280 
1.463000 -0.165200 
1.464000 -0.161127 
1.465000 -0.157060 
1.466000 -0.152999 
1.467000 -0.148945 
1.468000 -0.144898 
1.469000 -0.140857 
1.470000 -0.136823 
1.471000 -0.132796 
1.472000 -0.128775 
1.473000 -0.124762 
1.474000 -0.120755 
1.475000 -0.116755 
1.476000 -0.112763 
1.477000 -0.108777 
1.478000 -0.104799 
1.479000 -0.100828 
1.480000 -0.096864 
1.481000 -0.092908 
1.482000 -0.088959 
1.483000 -0.085018 
1.484000 -0.081084 
1.485000 -0.077157 
1.486000 -0.073238 
1.487000 -0.069327 
1.488000 -0.065423 
1.489000 -0.061528 
1.490000 -0.057640 
1.491000 -0.053760 
1.492000 -0.049887 
1.493000 -0.046023 
1.494000 -0.042167 
1.495000 -0.038318 
1.496000 -0.034478 
1.497000 -0.030646 
1.498000 -0.026821 
1.499000 -0.023005 
