# Tc_folded model 
-1.500000 -0.275406 
-1.499000 -0.271847 
-1.498000 -0.268283 
-1.497000 -0.264713 
-1.496000 -0.261138 
-1.495000 -0.257557 
-1.494000 -0.253970 
-1.493000 -0.250378 
-1.492000 -0.246780 
-1.491000 -0.243177 
-1.490000 -0.239568 
-1.489000 -0.235953 
-1.488000 -0.232333 
-1.487000 -0.228707 
-1.486000 -0.225075 
-1.485000 -0.221437 
-1.484000 -0.217794 
-1.483000 -0.214145 
-1.482000 -0.210490 
-1.481000 -0.206829 
-1.480000 -0.203162 
-1.479000 -0.199489 
-1.478000 -0.195810 
-1.477000 -0.192126 
-1.476000 -0.188435 
-1.475000 -0.184739 
-1.474000 -0.181036 
-1.473000 -0.177328 
-1.472000 -0.173613 
-1.471000 -0.169892 
-1.470000 -0.166165 
-1.469000 -0.162432 
-1.468000 -0.158693 
-1.467000 -0.154947 
-1.466000 -0.151196 
-1.465000 -0.147438 
-1.464000 -0.143674 
-1.463000 -0.139903 
-1.462000 -0.136127 
-1.461000 -0.132344 
-1.460000 -0.128554 
-1.459000 -0.124758 
-1.458000 -0.120956 
-1.457000 -0.117147 
-1.456000 -0.113332 
-1.455000 -0.109510 
-1.454000 -0.105682 
-1.453000 -0.101847 
-1.452000 -0.098006 
-1.451000 -0.094158 
-1.450000 -0.090303 
-1.449000 -0.086442 
-1.448000 -0.082574 
-1.447000 -0.078699 
-1.446000 -0.074818 
-1.445000 -0.070929 
-1.444000 -0.067034 
-1.443000 -0.063132 
-1.442000 -0.059224 
-1.441000 -0.055308 
-1.440000 -0.051385 
-1.439000 -0.047456 
-1.438000 -0.043519 
-1.437000 -0.039575 
-1.436000 -0.035625 
-1.435000 -0.031667 
-1.434000 -0.027702 
-1.433000 -0.023730 
-1.432000 -0.019751 
-1.431000 -0.015764 
-1.430000 -0.011770 
-1.429000 -0.007769 
-1.428000 -0.003761 
-1.427000 0.000254 
-1.426000 0.004277 
-1.425000 0.008308 
-1.424000 0.012346 
-1.423000 0.016391 
-1.422000 0.020444 
-1.421000 0.024504 
-1.420000 0.028572 
-1.419000 0.032648 
-1.418000 0.036731 
-1.417000 0.040822 
-1.416000 0.044920 
-1.415000 0.049027 
-1.414000 0.053141 
-1.413000 0.057263 
-1.412000 0.061393 
-1.411000 0.065530 
-1.410000 0.069676 
-1.409000 0.073829 
-1.408000 0.077991 
-1.407000 0.082160 
-1.406000 0.086338 
-1.405000 0.090524 
-1.404000 0.094718 
-1.403000 0.098920 
-1.402000 0.103130 
-1.401000 0.107349 
-1.400000 0.111575 
-1.399000 0.115811 
-1.398000 0.120054 
-1.397000 0.124306 
-1.396000 0.128566 
-1.395000 0.132835 
-1.394000 0.137113 
-1.393000 0.141399 
-1.392000 0.145693 
-1.391000 0.149996 
-1.390000 0.154308 
-1.389000 0.158629 
-1.388000 0.162958 
-1.387000 0.167296 
-1.386000 0.171643 
-1.385000 0.175999 
-1.384000 0.180364 
-1.383000 0.184737 
-1.382000 0.189120 
-1.381000 0.193512 
-1.380000 0.197912 
-1.379000 0.202322 
-1.378000 0.206741 
-1.377000 0.211170 
-1.376000 0.215607 
-1.375000 0.220054 
-1.374000 0.224510 
-1.373000 0.228976 
-1.372000 0.233451 
-1.371000 0.237935 
-1.370000 0.242429 
-1.369000 0.246933 
-1.368000 0.251446 
-1.367000 0.255968 
-1.366000 0.260501 
-1.365000 0.265043 
-1.364000 0.269595 
-1.363000 0.274156 
-1.362000 0.278728 
-1.361000 0.283309 
-1.360000 0.287900 
-1.359000 0.292502 
-1.358000 0.297113 
-1.357000 0.301734 
-1.356000 0.306366 
-1.355000 0.311008 
-1.354000 0.315660 
-1.353000 0.320322 
-1.352000 0.324994 
-1.351000 0.329677 
-1.350000 0.334370 
-1.349000 0.339074 
-1.348000 0.343788 
-1.347000 0.348512 
-1.346000 0.353247 
-1.345000 0.357993 
-1.344000 0.362749 
-1.343000 0.367517 
-1.342000 0.372294 
-1.341000 0.377083 
-1.340000 0.381883 
-1.339000 0.386693 
-1.338000 0.391514 
-1.337000 0.396347 
-1.336000 0.401190 
-1.335000 0.406044 
-1.334000 0.410910 
-1.333000 0.415787 
-1.332000 0.420675 
-1.331000 0.425574 
-1.330000 0.430484 
-1.329000 0.435406 
-1.328000 0.440339 
-1.327000 0.445284 
-1.326000 0.450240 
-1.325000 0.455208 
-1.324000 0.460187 
-1.323000 0.465178 
-1.322000 0.470180 
-1.321000 0.475195 
-1.320000 0.480221 
-1.319000 0.485258 
-1.318000 0.490308 
-1.317000 0.495370 
-1.316000 0.500443 
-1.315000 0.505529 
-1.314000 0.510626 
-1.313000 0.515736 
-1.312000 0.520857 
-1.311000 0.525991 
-1.310000 0.531137 
-1.309000 0.536296 
-1.308000 0.541466 
-1.307000 0.546649 
-1.306000 0.551845 
-1.305000 0.557052 
-1.304000 0.562272 
-1.303000 0.567505 
-1.302000 0.572750 
-1.301000 0.578008 
-1.300000 0.583279 
-1.299000 0.588562 
-1.298000 0.593858 
-1.297000 0.599166 
-1.296000 0.604487 
-1.295000 0.609821 
-1.294000 0.615168 
-1.293000 0.620528 
-1.292000 0.625901 
-1.291000 0.631287 
-1.290000 0.636686 
-1.289000 0.642097 
-1.288000 0.647522 
-1.287000 0.652960 
-1.286000 0.658411 
-1.285000 0.663875 
-1.284000 0.669353 
-1.283000 0.674843 
-1.282000 0.680347 
-1.281000 0.685864 
-1.280000 0.691395 
-1.279000 0.696938 
-1.278000 0.702496 
-1.277000 0.708066 
-1.276000 0.713650 
-1.275000 0.719247 
-1.274000 0.724858 
-1.273000 0.730482 
-1.272000 0.736120 
-1.271000 0.741771 
-1.270000 0.747435 
-1.269000 0.753113 
-1.268000 0.758805 
-1.267000 0.764510 
-1.266000 0.770229 
-1.265000 0.775961 
-1.264000 0.781707 
-1.263000 0.787467 
-1.262000 0.793240 
-1.261000 0.799026 
-1.260000 0.804826 
-1.259000 0.810640 
-1.258000 0.816467 
-1.257000 0.822308 
-1.256000 0.828162 
-1.255000 0.834030 
-1.254000 0.839911 
-1.253000 0.845806 
-1.252000 0.851714 
-1.251000 0.857636 
-1.250000 0.863571 
-1.249000 0.869520 
-1.248000 0.875482 
-1.247000 0.881457 
-1.246000 0.887446 
-1.245000 0.893447 
-1.244000 0.899462 
-1.243000 0.905491 
-1.242000 0.911532 
-1.241000 0.917586 
-1.240000 0.923654 
-1.239000 0.929734 
-1.238000 0.935827 
-1.237000 0.941933 
-1.236000 0.948052 
-1.235000 0.954183 
-1.234000 0.960327 
-1.233000 0.966484 
-1.232000 0.972653 
-1.231000 0.978834 
-1.230000 0.985027 
-1.229000 0.991233 
-1.228000 0.997450 
-1.227000 1.003680 
-1.226000 1.009921 
-1.225000 1.016173 
-1.224000 1.022438 
-1.223000 1.028713 
-1.222000 1.035000 
-1.221000 1.041298 
-1.220000 1.047607 
-1.219000 1.053927 
-1.218000 1.060257 
-1.217000 1.066597 
-1.216000 1.072948 
-1.215000 1.079309 
-1.214000 1.085679 
-1.213000 1.092059 
-1.212000 1.098449 
-1.211000 1.104847 
-1.210000 1.111255 
-1.209000 1.117671 
-1.208000 1.124096 
-1.207000 1.130528 
-1.206000 1.136969 
-1.205000 1.143417 
-1.204000 1.149872 
-1.203000 1.156335 
-1.202000 1.162804 
-1.201000 1.169279 
-1.200000 1.175760 
-1.199000 1.182247 
-1.198000 1.188739 
-1.197000 1.195237 
-1.196000 1.201738 
-1.195000 1.208244 
-1.194000 1.214753 
-1.193000 1.221265 
-1.192000 1.227780 
-1.191000 1.234298 
-1.190000 1.240817 
-1.189000 1.247338 
-1.188000 1.253859 
-1.187000 1.260381 
-1.186000 1.266902 
-1.185000 1.273422 
-1.184000 1.279941 
-1.183000 1.286458 
-1.182000 1.292972 
-1.181000 1.299483 
-1.180000 1.305990 
-1.179000 1.312492 
-1.178000 1.318989 
-1.177000 1.325479 
-1.176000 1.331962 
-1.175000 1.338438 
-1.174000 1.344906 
-1.173000 1.351363 
-1.172000 1.357811 
-1.171000 1.364248 
-1.170000 1.370672 
-1.169000 1.377083 
-1.168000 1.383481 
-1.167000 1.389864 
-1.166000 1.396230 
-1.165000 1.402580 
-1.164000 1.408911 
-1.163000 1.415223 
-1.162000 1.421514 
-1.161000 1.427784 
-1.160000 1.434031 
-1.159000 1.440254 
-1.158000 1.446451 
-1.157000 1.452621 
-1.156000 1.458763 
-1.155000 1.464876 
-1.154000 1.470957 
-1.153000 1.477006 
-1.152000 1.483020 
-1.151000 1.488998 
-1.150000 1.494939 
-1.149000 1.500841 
-1.148000 1.506702 
-1.147000 1.512520 
-1.146000 1.518293 
-1.145000 1.524020 
-1.144000 1.529698 
-1.143000 1.535326 
-1.142000 1.540902 
-1.141000 1.546423 
-1.140000 1.551887 
-1.139000 1.557292 
-1.138000 1.562635 
-1.137000 1.567915 
-1.136000 1.573129 
-1.135000 1.578275 
-1.134000 1.583349 
-1.133000 1.588349 
-1.132000 1.593273 
-1.131000 1.598119 
-1.130000 1.602882 
-1.129000 1.607560 
-1.128000 1.612151 
-1.127000 1.616650 
-1.126000 1.621056 
-1.125000 1.625365 
-1.124000 1.629574 
-1.123000 1.633679 
-1.122000 1.637677 
-1.121000 1.641565 
-1.120000 1.645339 
-1.119000 1.648996 
-1.118000 1.652531 
-1.117000 1.655941 
-1.116000 1.659222 
-1.115000 1.662371 
-1.114000 1.665383 
-1.113000 1.668253 
-1.112000 1.670979 
-1.111000 1.673556 
-1.110000 1.675979 
-1.109000 1.678245 
-1.108000 1.680348 
-1.107000 1.682284 
-1.106000 1.684048 
-1.105000 1.685637 
-1.104000 1.687044 
-1.103000 1.688266 
-1.102000 1.689297 
-1.101000 1.690133 
-1.100000 1.690768 
-1.099000 1.691197 
-1.098000 1.691416 
-1.097000 1.691419 
-1.096000 1.691201 
-1.095000 1.690757 
-1.094000 1.690081 
-1.093000 1.689169 
-1.092000 1.688014 
-1.091000 1.686612 
-1.090000 1.684956 
-1.089000 1.683043 
-1.088000 1.680866 
-1.087000 1.678420 
-1.086000 1.675699 
-1.085000 1.672699 
-1.084000 1.669413 
-1.083000 1.665838 
-1.082000 1.661966 
-1.081000 1.657794 
-1.080000 1.653316 
-1.079000 1.648528 
-1.078000 1.643423 
-1.077000 1.637998 
-1.076000 1.632247 
-1.075000 1.626166 
-1.074000 1.619751 
-1.073000 1.612997 
-1.072000 1.605899 
-1.071000 1.598455 
-1.070000 1.590660 
-1.069000 1.582510 
-1.068000 1.574003 
-1.067000 1.565134 
-1.066000 1.555901 
-1.065000 1.546301 
-1.064000 1.536332 
-1.063000 1.525992 
-1.062000 1.515278 
-1.061000 1.504189 
-1.060000 1.492724 
-1.059000 1.480882 
-1.058000 1.468662 
-1.057000 1.456065 
-1.056000 1.443089 
-1.055000 1.429736 
-1.054000 1.416006 
-1.053000 1.401901 
-1.052000 1.387423 
-1.051000 1.372572 
-1.050000 1.357353 
-1.049000 1.341768 
-1.048000 1.325819 
-1.047000 1.309512 
-1.046000 1.292849 
-1.045000 1.275836 
-1.044000 1.258477 
-1.043000 1.240779 
-1.042000 1.222746 
-1.041000 1.204385 
-1.040000 1.185703 
-1.039000 1.166707 
-1.038000 1.147404 
-1.037000 1.127803 
-1.036000 1.107911 
-1.035000 1.087737 
-1.034000 1.067291 
-1.033000 1.046581 
-1.032000 1.025617 
-1.031000 1.004408 
-1.030000 0.982967 
-1.029000 0.961302 
-1.028000 0.939279 
-1.027000 0.917198 
-1.026000 0.894926 
-1.025000 0.872475 
-1.024000 0.849855 
-1.023000 0.827079 
-1.022000 0.804158 
-1.021000 0.781105 
-1.020000 0.757931 
-1.019000 0.734648 
-1.018000 0.711269 
-1.017000 0.687806 
-1.016000 0.664270 
-1.015000 0.640674 
-1.014000 0.617030 
-1.013000 0.593350 
-1.012000 0.569645 
-1.011000 0.545927 
-1.010000 0.522208 
-1.009000 0.498499 
-1.008000 0.474812 
-1.007000 0.451157 
-1.006000 0.427545 
-1.005000 0.403987 
-1.004000 0.380494 
-1.003000 0.357075 
-1.002000 0.333740 
-1.001000 0.310499 
-1.000000 0.287362 
-0.999000 0.264336 
-0.998000 0.241432 
-0.997000 0.218657 
-0.996000 0.196019 
-0.995000 0.173527 
-0.994000 0.151188 
-0.993000 0.129008 
-0.992000 0.106995 
-0.991000 0.085156 
-0.990000 0.063496 
-0.989000 0.042022 
-0.988000 0.020739 
-0.987000 -0.000348 
-0.986000 -0.021234 
-0.985000 -0.041915 
-0.984000 -0.062385 
-0.983000 -0.082641 
-0.982000 -0.102679 
-0.981000 -0.122497 
-0.980000 -0.142089 
-0.979000 -0.161455 
-0.978000 -0.180591 
-0.977000 -0.199494 
-0.976000 -0.218164 
-0.975000 -0.236597 
-0.974000 -0.254793 
-0.973000 -0.272750 
-0.972000 -0.290467 
-0.971000 -0.307944 
-0.970000 -0.325178 
-0.969000 -0.342170 
-0.968000 -0.358921 
-0.967000 -0.375428 
-0.966000 -0.391693 
-0.965000 -0.407716 
-0.964000 -0.423497 
-0.963000 -0.439037 
-0.962000 -0.454337 
-0.961000 -0.469396 
-0.960000 -0.484218 
-0.959000 -0.498801 
-0.958000 -0.513148 
-0.957000 -0.527260 
-0.956000 -0.541139 
-0.955000 -0.554785 
-0.954000 -0.568201 
-0.953000 -0.581388 
-0.952000 -0.594348 
-0.951000 -0.607083 
-0.950000 -0.619594 
-0.949000 -0.631885 
-0.948000 -0.643956 
-0.947000 -0.655810 
-0.946000 -0.667450 
-0.945000 -0.678876 
-0.944000 -0.690092 
-0.943000 -0.701100 
-0.942000 -0.711902 
-0.941000 -0.722500 
-0.940000 -0.732897 
-0.939000 -0.743096 
-0.938000 -0.753097 
-0.937000 -0.762905 
-0.936000 -0.772521 
-0.935000 -0.781947 
-0.934000 -0.791187 
-0.933000 -0.800242 
-0.932000 -0.809116 
-0.931000 -0.817809 
-0.930000 -0.826326 
-0.929000 -0.834668 
-0.928000 -0.842838 
-0.927000 -0.850837 
-0.926000 -0.858670 
-0.925000 -0.866337 
-0.924000 -0.873841 
-0.923000 -0.881186 
-0.922000 -0.888372 
-0.921000 -0.895402 
-0.920000 -0.902279 
-0.919000 -0.909005 
-0.918000 -0.915582 
-0.917000 -0.922013 
-0.916000 -0.928299 
-0.915000 -0.934443 
-0.914000 -0.940447 
-0.913000 -0.946313 
-0.912000 -0.952043 
-0.911000 -0.957640 
-0.910000 -0.963106 
-0.909000 -0.968442 
-0.908000 -0.973650 
-0.907000 -0.978734 
-0.906000 -0.983694 
-0.905000 -0.988532 
-0.904000 -0.993251 
-0.903000 -0.997853 
-0.902000 -1.002338 
-0.901000 -1.006710 
-0.900000 -1.010970 
-0.899000 -1.015120 
-0.898000 -1.019161 
-0.897000 -1.023096 
-0.896000 -1.026925 
-0.895000 -1.030652 
-0.894000 -1.034277 
-0.893000 -1.037802 
-0.892000 -1.041229 
-0.891000 -1.044559 
-0.890000 -1.047794 
-0.889000 -1.050936 
-0.888000 -1.053985 
-0.887000 -1.056944 
-0.886000 -1.059814 
-0.885000 -1.062597 
-0.884000 -1.065293 
-0.883000 -1.067905 
-0.882000 -1.070433 
-0.881000 -1.072880 
-0.880000 -1.075245 
-0.879000 -1.077532 
-0.878000 -1.079740 
-0.877000 -1.081872 
-0.876000 -1.083928 
-0.875000 -1.085910 
-0.874000 -1.087819 
-0.873000 -1.089657 
-0.872000 -1.091423 
-0.871000 -1.093120 
-0.870000 -1.094749 
-0.869000 -1.096310 
-0.868000 -1.097806 
-0.867000 -1.099236 
-0.866000 -1.100602 
-0.865000 -1.101905 
-0.864000 -1.103147 
-0.863000 -1.104327 
-0.862000 -1.105447 
-0.861000 -1.106509 
-0.860000 -1.107512 
-0.859000 -1.108458 
-0.858000 -1.109348 
-0.857000 -1.110183 
-0.856000 -1.110963 
-0.855000 -1.111690 
-0.854000 -1.112364 
-0.853000 -1.112986 
-0.852000 -1.113557 
-0.851000 -1.114078 
-0.850000 -1.114550 
-0.849000 -1.114973 
-0.848000 -1.115348 
-0.847000 -1.115676 
-0.846000 -1.115958 
-0.845000 -1.116194 
-0.844000 -1.116386 
-0.843000 -1.116533 
-0.842000 -1.116637 
-0.841000 -1.116697 
-0.840000 -1.116716 
-0.839000 -1.116693 
-0.838000 -1.116630 
-0.837000 -1.116526 
-0.836000 -1.116383 
-0.835000 -1.116200 
-0.834000 -1.115980 
-0.833000 -1.115721 
-0.832000 -1.115426 
-0.831000 -1.115093 
-0.830000 -1.114725 
-0.829000 -1.114321 
-0.828000 -1.113882 
-0.827000 -1.113409 
-0.826000 -1.112902 
-0.825000 -1.112361 
-0.824000 -1.111788 
-0.823000 -1.111182 
-0.822000 -1.110544 
-0.821000 -1.109875 
-0.820000 -1.109175 
-0.819000 -1.108444 
-0.818000 -1.107684 
-0.817000 -1.106893 
-0.816000 -1.106074 
-0.815000 -1.105226 
-0.814000 -1.104349 
-0.813000 -1.103445 
-0.812000 -1.102513 
-0.811000 -1.101554 
-0.810000 -1.100568 
-0.809000 -1.099556 
-0.808000 -1.098518 
-0.807000 -1.097455 
-0.806000 -1.096367 
-0.805000 -1.095253 
-0.804000 -1.094115 
-0.803000 -1.092953 
-0.802000 -1.091768 
-0.801000 -1.090558 
-0.800000 -1.089326 
-0.799000 -1.088071 
-0.798000 -1.086794 
-0.797000 -1.085494 
-0.796000 -1.084173 
-0.795000 -1.082830 
-0.794000 -1.081466 
-0.793000 -1.080081 
-0.792000 -1.078675 
-0.791000 -1.077249 
-0.790000 -1.075803 
-0.789000 -1.074337 
-0.788000 -1.072851 
-0.787000 -1.071347 
-0.786000 -1.069823 
-0.785000 -1.068281 
-0.784000 -1.066720 
-0.783000 -1.065141 
-0.782000 -1.063543 
-0.781000 -1.061928 
-0.780000 -1.060296 
-0.779000 -1.058646 
-0.778000 -1.056980 
-0.777000 -1.055296 
-0.776000 -1.053596 
-0.775000 -1.051879 
-0.774000 -1.050146 
-0.773000 -1.048397 
-0.772000 -1.046633 
-0.771000 -1.044853 
-0.770000 -1.043057 
-0.769000 -1.041247 
-0.768000 -1.039421 
-0.767000 -1.037581 
-0.766000 -1.035725 
-0.765000 -1.033856 
-0.764000 -1.031972 
-0.763000 -1.030075 
-0.762000 -1.028163 
-0.761000 -1.026238 
-0.760000 -1.024299 
-0.759000 -1.022346 
-0.758000 -1.020381 
-0.757000 -1.018402 
-0.756000 -1.016411 
-0.755000 -1.014407 
-0.754000 -1.012390 
-0.753000 -1.010361 
-0.752000 -1.008319 
-0.751000 -1.006265 
-0.750000 -1.004200 
-0.749000 -1.002122 
-0.748000 -1.000033 
-0.747000 -0.997932 
-0.746000 -0.995820 
-0.745000 -0.993696 
-0.744000 -0.991561 
-0.743000 -0.989415 
-0.742000 -0.987258 
-0.741000 -0.985090 
-0.740000 -0.982912 
-0.739000 -0.980723 
-0.738000 -0.978523 
-0.737000 -0.976314 
-0.736000 -0.974094 
-0.735000 -0.971863 
-0.734000 -0.969623 
-0.733000 -0.967373 
-0.732000 -0.965113 
-0.731000 -0.962843 
-0.730000 -0.960564 
-0.729000 -0.958275 
-0.728000 -0.955977 
-0.727000 -0.953670 
-0.726000 -0.951353 
-0.725000 -0.949027 
-0.724000 -0.946693 
-0.723000 -0.944349 
-0.722000 -0.941996 
-0.721000 -0.939635 
-0.720000 -0.937265 
-0.719000 -0.934887 
-0.718000 -0.932499 
-0.717000 -0.930104 
-0.716000 -0.927700 
-0.715000 -0.925288 
-0.714000 -0.922868 
-0.713000 -0.920440 
-0.712000 -0.918003 
-0.711000 -0.915559 
-0.710000 -0.913107 
-0.709000 -0.910647 
-0.708000 -0.908179 
-0.707000 -0.905704 
-0.706000 -0.903221 
-0.705000 -0.900730 
-0.704000 -0.898232 
-0.703000 -0.895727 
-0.702000 -0.893214 
-0.701000 -0.890694 
-0.700000 -0.888167 
-0.699000 -0.885633 
-0.698000 -0.883092 
-0.697000 -0.880543 
-0.696000 -0.877988 
-0.695000 -0.875425 
-0.694000 -0.872856 
-0.693000 -0.870280 
-0.692000 -0.867698 
-0.691000 -0.865108 
-0.690000 -0.862512 
-0.689000 -0.859909 
-0.688000 -0.857300 
-0.687000 -0.854684 
-0.686000 -0.852062 
-0.685000 -0.849434 
-0.684000 -0.846799 
-0.683000 -0.844158 
-0.682000 -0.841510 
-0.681000 -0.838856 
-0.680000 -0.836196 
-0.679000 -0.833530 
-0.678000 -0.830858 
-0.677000 -0.828180 
-0.676000 -0.825496 
-0.675000 -0.822806 
-0.674000 -0.820110 
-0.673000 -0.817408 
-0.672000 -0.814700 
-0.671000 -0.811986 
-0.670000 -0.809267 
-0.669000 -0.806541 
-0.668000 -0.803811 
-0.667000 -0.801074 
-0.666000 -0.798332 
-0.665000 -0.795584 
-0.664000 -0.792830 
-0.663000 -0.790071 
-0.662000 -0.787307 
-0.661000 -0.784537 
-0.660000 -0.781761 
-0.659000 -0.778980 
-0.658000 -0.776194 
-0.657000 -0.773402 
-0.656000 -0.770605 
-0.655000 -0.767802 
-0.654000 -0.764995 
-0.653000 -0.762182 
-0.652000 -0.759363 
-0.651000 -0.756540 
-0.650000 -0.753711 
-0.649000 -0.750877 
-0.648000 -0.748038 
-0.647000 -0.745194 
-0.646000 -0.742345 
-0.645000 -0.739490 
-0.644000 -0.736631 
-0.643000 -0.733766 
-0.642000 -0.730897 
-0.641000 -0.728022 
-0.640000 -0.725143 
-0.639000 -0.722258 
-0.638000 -0.719369 
-0.637000 -0.716474 
-0.636000 -0.713575 
-0.635000 -0.710671 
-0.634000 -0.707761 
-0.633000 -0.704847 
-0.632000 -0.701928 
-0.631000 -0.699005 
-0.630000 -0.696076 
-0.629000 -0.693143 
-0.628000 -0.690204 
-0.627000 -0.687261 
-0.626000 -0.684314 
-0.625000 -0.681361 
-0.624000 -0.678404 
-0.623000 -0.675441 
-0.622000 -0.672475 
-0.621000 -0.669503 
-0.620000 -0.666527 
-0.619000 -0.663546 
-0.618000 -0.660560 
-0.617000 -0.657570 
-0.616000 -0.654575 
-0.615000 -0.651575 
-0.614000 -0.648571 
-0.613000 -0.645562 
-0.612000 -0.642548 
-0.611000 -0.639530 
-0.610000 -0.636507 
-0.609000 -0.633479 
-0.608000 -0.630447 
-0.607000 -0.627410 
-0.606000 -0.624369 
-0.605000 -0.621323 
-0.604000 -0.618272 
-0.603000 -0.615217 
-0.602000 -0.612157 
-0.601000 -0.609093 
-0.600000 -0.606024 
-0.599000 -0.602950 
-0.598000 -0.599872 
-0.597000 -0.596790 
-0.596000 -0.593702 
-0.595000 -0.590610 
-0.594000 -0.587514 
-0.593000 -0.584413 
-0.592000 -0.581308 
-0.591000 -0.578197 
-0.590000 -0.575083 
-0.589000 -0.571964 
-0.588000 -0.568840 
-0.587000 -0.565711 
-0.586000 -0.562579 
-0.585000 -0.559441 
-0.584000 -0.556299 
-0.583000 -0.553152 
-0.582000 -0.550001 
-0.581000 -0.546846 
-0.580000 -0.543685 
-0.579000 -0.540520 
-0.578000 -0.537351 
-0.577000 -0.534177 
-0.576000 -0.530998 
-0.575000 -0.527815 
-0.574000 -0.524627 
-0.573000 -0.521435 
-0.572000 -0.518238 
-0.571000 -0.515036 
-0.570000 -0.511830 
-0.569000 -0.508619 
-0.568000 -0.505404 
-0.567000 -0.502184 
-0.566000 -0.498959 
-0.565000 -0.495730 
-0.564000 -0.492496 
-0.563000 -0.489257 
-0.562000 -0.486014 
-0.561000 -0.482766 
-0.560000 -0.479513 
-0.559000 -0.476256 
-0.558000 -0.472994 
-0.557000 -0.469728 
-0.556000 -0.466456 
-0.555000 -0.463180 
-0.554000 -0.459900 
-0.553000 -0.456614 
-0.552000 -0.453324 
-0.551000 -0.450029 
-0.550000 -0.446729 
-0.549000 -0.443425 
-0.548000 -0.440116 
-0.547000 -0.436802 
-0.546000 -0.433483 
-0.545000 -0.430160 
-0.544000 -0.426831 
-0.543000 -0.423498 
-0.542000 -0.420160 
-0.541000 -0.416818 
-0.540000 -0.413470 
-0.539000 -0.410117 
-0.538000 -0.406760 
-0.537000 -0.403398 
-0.536000 -0.400031 
-0.535000 -0.396659 
-0.534000 -0.393282 
-0.533000 -0.389900 
-0.532000 -0.386513 
-0.531000 -0.383121 
-0.530000 -0.379724 
-0.529000 -0.376323 
-0.528000 -0.372890 
-0.527000 -0.369478 
-0.526000 -0.366061 
-0.525000 -0.362639 
-0.524000 -0.359212 
-0.523000 -0.355780 
-0.522000 -0.352343 
-0.521000 -0.348901 
-0.520000 -0.345454 
-0.519000 -0.342001 
-0.518000 -0.338543 
-0.517000 -0.335081 
-0.516000 -0.331613 
-0.515000 -0.328139 
-0.514000 -0.324661 
-0.513000 -0.321177 
-0.512000 -0.317689 
-0.511000 -0.314194 
-0.510000 -0.310695 
-0.509000 -0.307190 
-0.508000 -0.303680 
-0.507000 -0.300165 
-0.506000 -0.296644 
-0.505000 -0.293118 
-0.504000 -0.289586 
-0.503000 -0.286049 
-0.502000 -0.282507 
-0.501000 -0.278959 
-0.500000 -0.275406 
-0.499000 -0.271847 
-0.498000 -0.268283 
-0.497000 -0.264713 
-0.496000 -0.261138 
-0.495000 -0.257557 
-0.494000 -0.253970 
-0.493000 -0.250378 
-0.492000 -0.246780 
-0.491000 -0.243177 
-0.490000 -0.239568 
-0.489000 -0.235953 
-0.488000 -0.232333 
-0.487000 -0.228707 
-0.486000 -0.225075 
-0.485000 -0.221437 
-0.484000 -0.217794 
-0.483000 -0.214145 
-0.482000 -0.210490 
-0.481000 -0.206829 
-0.480000 -0.203162 
-0.479000 -0.199489 
-0.478000 -0.195810 
-0.477000 -0.192126 
-0.476000 -0.188435 
-0.475000 -0.184739 
-0.474000 -0.181036 
-0.473000 -0.177328 
-0.472000 -0.173613 
-0.471000 -0.169892 
-0.470000 -0.166165 
-0.469000 -0.162432 
-0.468000 -0.158693 
-0.467000 -0.154947 
-0.466000 -0.151196 
-0.465000 -0.147438 
-0.464000 -0.143674 
-0.463000 -0.139903 
-0.462000 -0.136127 
-0.461000 -0.132344 
-0.460000 -0.128554 
-0.459000 -0.124758 
-0.458000 -0.120956 
-0.457000 -0.117147 
-0.456000 -0.113332 
-0.455000 -0.109510 
-0.454000 -0.105682 
-0.453000 -0.101847 
-0.452000 -0.098006 
-0.451000 -0.094158 
-0.450000 -0.090303 
-0.449000 -0.086442 
-0.448000 -0.082574 
-0.447000 -0.078699 
-0.446000 -0.074818 
-0.445000 -0.070929 
-0.444000 -0.067034 
-0.443000 -0.063132 
-0.442000 -0.059224 
-0.441000 -0.055308 
-0.440000 -0.051385 
-0.439000 -0.047456 
-0.438000 -0.043519 
-0.437000 -0.039575 
-0.436000 -0.035625 
-0.435000 -0.031667 
-0.434000 -0.027702 
-0.433000 -0.023730 
-0.432000 -0.019751 
-0.431000 -0.015764 
-0.430000 -0.011770 
-0.429000 -0.007769 
-0.428000 -0.003761 
-0.427000 0.000254 
-0.426000 0.004277 
-0.425000 0.008308 
-0.424000 0.012346 
-0.423000 0.016391 
-0.422000 0.020444 
-0.421000 0.024504 
-0.420000 0.028572 
-0.419000 0.032648 
-0.418000 0.036731 
-0.417000 0.040822 
-0.416000 0.044920 
-0.415000 0.049027 
-0.414000 0.053141 
-0.413000 0.057263 
-0.412000 0.061393 
-0.411000 0.065530 
-0.410000 0.069676 
-0.409000 0.073829 
-0.408000 0.077991 
-0.407000 0.082160 
-0.406000 0.086338 
-0.405000 0.090524 
-0.404000 0.094718 
-0.403000 0.098920 
-0.402000 0.103130 
-0.401000 0.107349 
-0.400000 0.111575 
-0.399000 0.115811 
-0.398000 0.120054 
-0.397000 0.124306 
-0.396000 0.128566 
-0.395000 0.132835 
-0.394000 0.137113 
-0.393000 0.141399 
-0.392000 0.145693 
-0.391000 0.149996 
-0.390000 0.154308 
-0.389000 0.158629 
-0.388000 0.162958 
-0.387000 0.167296 
-0.386000 0.171643 
-0.385000 0.175999 
-0.384000 0.180364 
-0.383000 0.184737 
-0.382000 0.189120 
-0.381000 0.193512 
-0.380000 0.197912 
-0.379000 0.202322 
-0.378000 0.206741 
-0.377000 0.211170 
-0.376000 0.215607 
-0.375000 0.220054 
-0.374000 0.224510 
-0.373000 0.228976 
-0.372000 0.233451 
-0.371000 0.237935 
-0.370000 0.242429 
-0.369000 0.246933 
-0.368000 0.251446 
-0.367000 0.255968 
-0.366000 0.260501 
-0.365000 0.265043 
-0.364000 0.269595 
-0.363000 0.274156 
-0.362000 0.278728 
-0.361000 0.283309 
-0.360000 0.287900 
-0.359000 0.292502 
-0.358000 0.297113 
-0.357000 0.301734 
-0.356000 0.306366 
-0.355000 0.311008 
-0.354000 0.315660 
-0.353000 0.320322 
-0.352000 0.324994 
-0.351000 0.329677 
-0.350000 0.334370 
-0.349000 0.339074 
-0.348000 0.343788 
-0.347000 0.348512 
-0.346000 0.353247 
-0.345000 0.357993 
-0.344000 0.362749 
-0.343000 0.367517 
-0.342000 0.372294 
-0.341000 0.377083 
-0.340000 0.381883 
-0.339000 0.386693 
-0.338000 0.391514 
-0.337000 0.396347 
-0.336000 0.401190 
-0.335000 0.406044 
-0.334000 0.410910 
-0.333000 0.415787 
-0.332000 0.420675 
-0.331000 0.425574 
-0.330000 0.430484 
-0.329000 0.435406 
-0.328000 0.440339 
-0.327000 0.445284 
-0.326000 0.450240 
-0.325000 0.455208 
-0.324000 0.460187 
-0.323000 0.465178 
-0.322000 0.470180 
-0.321000 0.475195 
-0.320000 0.480221 
-0.319000 0.485258 
-0.318000 0.490308 
-0.317000 0.495370 
-0.316000 0.500443 
-0.315000 0.505529 
-0.314000 0.510626 
-0.313000 0.515736 
-0.312000 0.520857 
-0.311000 0.525991 
-0.310000 0.531137 
-0.309000 0.536296 
-0.308000 0.541466 
-0.307000 0.546649 
-0.306000 0.551845 
-0.305000 0.557052 
-0.304000 0.562272 
-0.303000 0.567505 
-0.302000 0.572750 
-0.301000 0.578008 
-0.300000 0.583279 
-0.299000 0.588562 
-0.298000 0.593858 
-0.297000 0.599166 
-0.296000 0.604487 
-0.295000 0.609821 
-0.294000 0.615168 
-0.293000 0.620528 
-0.292000 0.625901 
-0.291000 0.631287 
-0.290000 0.636686 
-0.289000 0.642097 
-0.288000 0.647522 
-0.287000 0.652960 
-0.286000 0.658411 
-0.285000 0.663875 
-0.284000 0.669353 
-0.283000 0.674843 
-0.282000 0.680347 
-0.281000 0.685864 
-0.280000 0.691395 
-0.279000 0.696938 
-0.278000 0.702496 
-0.277000 0.708066 
-0.276000 0.713650 
-0.275000 0.719247 
-0.274000 0.724858 
-0.273000 0.730482 
-0.272000 0.736120 
-0.271000 0.741771 
-0.270000 0.747435 
-0.269000 0.753113 
-0.268000 0.758805 
-0.267000 0.764510 
-0.266000 0.770229 
-0.265000 0.775961 
-0.264000 0.781707 
-0.263000 0.787467 
-0.262000 0.793240 
-0.261000 0.799026 
-0.260000 0.804826 
-0.259000 0.810640 
-0.258000 0.816467 
-0.257000 0.822308 
-0.256000 0.828162 
-0.255000 0.834030 
-0.254000 0.839911 
-0.253000 0.845806 
-0.252000 0.851714 
-0.251000 0.857636 
-0.250000 0.863571 
-0.249000 0.869520 
-0.248000 0.875482 
-0.247000 0.881457 
-0.246000 0.887446 
-0.245000 0.893447 
-0.244000 0.899462 
-0.243000 0.905491 
-0.242000 0.911532 
-0.241000 0.917586 
-0.240000 0.923654 
-0.239000 0.929734 
-0.238000 0.935827 
-0.237000 0.941933 
-0.236000 0.948052 
-0.235000 0.954183 
-0.234000 0.960327 
-0.233000 0.966484 
-0.232000 0.972653 
-0.231000 0.978834 
-0.230000 0.985027 
-0.229000 0.991233 
-0.228000 0.997450 
-0.227000 1.003680 
-0.226000 1.009921 
-0.225000 1.016173 
-0.224000 1.022438 
-0.223000 1.028713 
-0.222000 1.035000 
-0.221000 1.041298 
-0.220000 1.047607 
-0.219000 1.053927 
-0.218000 1.060257 
-0.217000 1.066597 
-0.216000 1.072948 
-0.215000 1.079309 
-0.214000 1.085679 
-0.213000 1.092059 
-0.212000 1.098449 
-0.211000 1.104847 
-0.210000 1.111255 
-0.209000 1.117671 
-0.208000 1.124096 
-0.207000 1.130528 
-0.206000 1.136969 
-0.205000 1.143417 
-0.204000 1.149872 
-0.203000 1.156335 
-0.202000 1.162804 
-0.201000 1.169279 
-0.200000 1.175760 
-0.199000 1.182247 
-0.198000 1.188739 
-0.197000 1.195237 
-0.196000 1.201738 
-0.195000 1.208244 
-0.194000 1.214753 
-0.193000 1.221265 
-0.192000 1.227780 
-0.191000 1.234298 
-0.190000 1.240817 
-0.189000 1.247338 
-0.188000 1.253859 
-0.187000 1.260381 
-0.186000 1.266902 
-0.185000 1.273422 
-0.184000 1.279941 
-0.183000 1.286458 
-0.182000 1.292972 
-0.181000 1.299483 
-0.180000 1.305990 
-0.179000 1.312492 
-0.178000 1.318989 
-0.177000 1.325479 
-0.176000 1.331962 
-0.175000 1.338438 
-0.174000 1.344906 
-0.173000 1.351363 
-0.172000 1.357811 
-0.171000 1.364248 
-0.170000 1.370672 
-0.169000 1.377083 
-0.168000 1.383481 
-0.167000 1.389864 
-0.166000 1.396230 
-0.165000 1.402580 
-0.164000 1.408911 
-0.163000 1.415223 
-0.162000 1.421514 
-0.161000 1.427784 
-0.160000 1.434031 
-0.159000 1.440254 
-0.158000 1.446451 
-0.157000 1.452621 
-0.156000 1.458763 
-0.155000 1.464876 
-0.154000 1.470957 
-0.153000 1.477006 
-0.152000 1.483020 
-0.151000 1.488998 
-0.150000 1.494939 
-0.149000 1.500841 
-0.148000 1.506702 
-0.147000 1.512520 
-0.146000 1.518293 
-0.145000 1.524020 
-0.144000 1.529698 
-0.143000 1.535326 
-0.142000 1.540902 
-0.141000 1.546423 
-0.140000 1.551887 
-0.139000 1.557292 
-0.138000 1.562635 
-0.137000 1.567915 
-0.136000 1.573129 
-0.135000 1.578275 
-0.134000 1.583349 
-0.133000 1.588349 
-0.132000 1.593273 
-0.131000 1.598119 
-0.130000 1.602882 
-0.129000 1.607560 
-0.128000 1.612151 
-0.127000 1.616650 
-0.126000 1.621056 
-0.125000 1.625365 
-0.124000 1.629574 
-0.123000 1.633679 
-0.122000 1.637677 
-0.121000 1.641565 
-0.120000 1.645339 
-0.119000 1.648996 
-0.118000 1.652531 
-0.117000 1.655941 
-0.116000 1.659222 
-0.115000 1.662371 
-0.114000 1.665383 
-0.113000 1.668253 
-0.112000 1.670979 
-0.111000 1.673556 
-0.110000 1.675979 
-0.109000 1.678245 
-0.108000 1.680348 
-0.107000 1.682284 
-0.106000 1.684048 
-0.105000 1.685637 
-0.104000 1.687044 
-0.103000 1.688266 
-0.102000 1.689297 
-0.101000 1.690133 
-0.100000 1.690768 
-0.099000 1.691197 
-0.098000 1.691416 
-0.097000 1.691419 
-0.096000 1.691201 
-0.095000 1.690757 
-0.094000 1.690081 
-0.093000 1.689169 
-0.092000 1.688014 
-0.091000 1.686612 
-0.090000 1.684956 
-0.089000 1.683043 
-0.088000 1.680866 
-0.087000 1.678420 
-0.086000 1.675699 
-0.085000 1.672699 
-0.084000 1.669413 
-0.083000 1.665838 
-0.082000 1.661966 
-0.081000 1.657794 
-0.080000 1.653316 
-0.079000 1.648528 
-0.078000 1.643423 
-0.077000 1.637998 
-0.076000 1.632247 
-0.075000 1.626166 
-0.074000 1.619751 
-0.073000 1.612997 
-0.072000 1.605899 
-0.071000 1.598455 
-0.070000 1.590660 
-0.069000 1.582510 
-0.068000 1.574003 
-0.067000 1.565134 
-0.066000 1.555901 
-0.065000 1.546301 
-0.064000 1.536332 
-0.063000 1.525992 
-0.062000 1.515278 
-0.061000 1.504189 
-0.060000 1.492724 
-0.059000 1.480882 
-0.058000 1.468662 
-0.057000 1.456065 
-0.056000 1.443089 
-0.055000 1.429736 
-0.054000 1.416006 
-0.053000 1.401901 
-0.052000 1.387423 
-0.051000 1.372572 
-0.050000 1.357353 
-0.049000 1.341768 
-0.048000 1.325819 
-0.047000 1.309512 
-0.046000 1.292849 
-0.045000 1.275836 
-0.044000 1.258477 
-0.043000 1.240779 
-0.042000 1.222746 
-0.041000 1.204385 
-0.040000 1.185703 
-0.039000 1.166707 
-0.038000 1.147404 
-0.037000 1.127803 
-0.036000 1.107911 
-0.035000 1.087737 
-0.034000 1.067291 
-0.033000 1.046581 
-0.032000 1.025617 
-0.031000 1.004408 
-0.030000 0.982967 
-0.029000 0.961302 
-0.028000 0.939279 
-0.027000 0.917198 
-0.026000 0.894926 
-0.025000 0.872475 
-0.024000 0.849855 
-0.023000 0.827079 
-0.022000 0.804158 
-0.021000 0.781105 
-0.020000 0.757931 
-0.019000 0.734648 
-0.018000 0.711269 
-0.017000 0.687806 
-0.016000 0.664270 
-0.015000 0.640674 
-0.014000 0.617030 
-0.013000 0.593350 
-0.012000 0.569645 
-0.011000 0.545927 
-0.010000 0.522208 
-0.009000 0.498499 
-0.008000 0.474812 
-0.007000 0.451157 
-0.006000 0.427545 
-0.005000 0.403987 
-0.004000 0.380494 
-0.003000 0.357075 
-0.002000 0.333740 
-0.001000 0.310499 
-0.000000 0.287362 
0.001000 0.264336 
0.002000 0.241432 
0.003000 0.218657 
0.004000 0.196019 
0.005000 0.173527 
0.006000 0.151188 
0.007000 0.129008 
0.008000 0.106995 
0.009000 0.085156 
0.010000 0.063496 
0.011000 0.042022 
0.012000 0.020739 
0.013000 -0.000348 
0.014000 -0.021234 
0.015000 -0.041915 
0.016000 -0.062385 
0.017000 -0.082641 
0.018000 -0.102679 
0.019000 -0.122497 
0.020000 -0.142089 
0.021000 -0.161455 
0.022000 -0.180591 
0.023000 -0.199494 
0.024000 -0.218164 
0.025000 -0.236597 
0.026000 -0.254793 
0.027000 -0.272750 
0.028000 -0.290467 
0.029000 -0.307944 
0.030000 -0.325178 
0.031000 -0.342170 
0.032000 -0.358921 
0.033000 -0.375428 
0.034000 -0.391693 
0.035000 -0.407716 
0.036000 -0.423497 
0.037000 -0.439037 
0.038000 -0.454337 
0.039000 -0.469396 
0.040000 -0.484218 
0.041000 -0.498801 
0.042000 -0.513148 
0.043000 -0.527260 
0.044000 -0.541139 
0.045000 -0.554785 
0.046000 -0.568201 
0.047000 -0.581388 
0.048000 -0.594348 
0.049000 -0.607083 
0.050000 -0.619594 
0.051000 -0.631885 
0.052000 -0.643956 
0.053000 -0.655810 
0.054000 -0.667450 
0.055000 -0.678876 
0.056000 -0.690092 
0.057000 -0.701100 
0.058000 -0.711902 
0.059000 -0.722500 
0.060000 -0.732897 
0.061000 -0.743096 
0.062000 -0.753097 
0.063000 -0.762905 
0.064000 -0.772521 
0.065000 -0.781947 
0.066000 -0.791187 
0.067000 -0.800242 
0.068000 -0.809116 
0.069000 -0.817809 
0.070000 -0.826326 
0.071000 -0.834668 
0.072000 -0.842838 
0.073000 -0.850837 
0.074000 -0.858670 
0.075000 -0.866337 
0.076000 -0.873841 
0.077000 -0.881186 
0.078000 -0.888372 
0.079000 -0.895402 
0.080000 -0.902279 
0.081000 -0.909005 
0.082000 -0.915582 
0.083000 -0.922013 
0.084000 -0.928299 
0.085000 -0.934443 
0.086000 -0.940447 
0.087000 -0.946313 
0.088000 -0.952043 
0.089000 -0.957640 
0.090000 -0.963106 
0.091000 -0.968442 
0.092000 -0.973650 
0.093000 -0.978734 
0.094000 -0.983694 
0.095000 -0.988532 
0.096000 -0.993251 
0.097000 -0.997853 
0.098000 -1.002338 
0.099000 -1.006710 
0.100000 -1.010970 
0.101000 -1.015120 
0.102000 -1.019161 
0.103000 -1.023096 
0.104000 -1.026925 
0.105000 -1.030652 
0.106000 -1.034277 
0.107000 -1.037802 
0.108000 -1.041229 
0.109000 -1.044559 
0.110000 -1.047794 
0.111000 -1.050936 
0.112000 -1.053985 
0.113000 -1.056944 
0.114000 -1.059814 
0.115000 -1.062597 
0.116000 -1.065293 
0.117000 -1.067905 
0.118000 -1.070433 
0.119000 -1.072880 
0.120000 -1.075245 
0.121000 -1.077532 
0.122000 -1.079740 
0.123000 -1.081872 
0.124000 -1.083928 
0.125000 -1.085910 
0.126000 -1.087819 
0.127000 -1.089657 
0.128000 -1.091423 
0.129000 -1.093120 
0.130000 -1.094749 
0.131000 -1.096310 
0.132000 -1.097806 
0.133000 -1.099236 
0.134000 -1.100602 
0.135000 -1.101905 
0.136000 -1.103147 
0.137000 -1.104327 
0.138000 -1.105447 
0.139000 -1.106509 
0.140000 -1.107512 
0.141000 -1.108458 
0.142000 -1.109348 
0.143000 -1.110183 
0.144000 -1.110963 
0.145000 -1.111690 
0.146000 -1.112364 
0.147000 -1.112986 
0.148000 -1.113557 
0.149000 -1.114078 
0.150000 -1.114550 
0.151000 -1.114973 
0.152000 -1.115348 
0.153000 -1.115676 
0.154000 -1.115958 
0.155000 -1.116194 
0.156000 -1.116386 
0.157000 -1.116533 
0.158000 -1.116637 
0.159000 -1.116697 
0.160000 -1.116716 
0.161000 -1.116693 
0.162000 -1.116630 
0.163000 -1.116526 
0.164000 -1.116383 
0.165000 -1.116200 
0.166000 -1.115980 
0.167000 -1.115721 
0.168000 -1.115426 
0.169000 -1.115093 
0.170000 -1.114725 
0.171000 -1.114321 
0.172000 -1.113882 
0.173000 -1.113409 
0.174000 -1.112902 
0.175000 -1.112361 
0.176000 -1.111788 
0.177000 -1.111182 
0.178000 -1.110544 
0.179000 -1.109875 
0.180000 -1.109175 
0.181000 -1.108444 
0.182000 -1.107684 
0.183000 -1.106893 
0.184000 -1.106074 
0.185000 -1.105226 
0.186000 -1.104349 
0.187000 -1.103445 
0.188000 -1.102513 
0.189000 -1.101554 
0.190000 -1.100568 
0.191000 -1.099556 
0.192000 -1.098518 
0.193000 -1.097455 
0.194000 -1.096367 
0.195000 -1.095253 
0.196000 -1.094115 
0.197000 -1.092953 
0.198000 -1.091768 
0.199000 -1.090558 
0.200000 -1.089326 
0.201000 -1.088071 
0.202000 -1.086794 
0.203000 -1.085494 
0.204000 -1.084173 
0.205000 -1.082830 
0.206000 -1.081466 
0.207000 -1.080081 
0.208000 -1.078675 
0.209000 -1.077249 
0.210000 -1.075803 
0.211000 -1.074337 
0.212000 -1.072851 
0.213000 -1.071347 
0.214000 -1.069823 
0.215000 -1.068281 
0.216000 -1.066720 
0.217000 -1.065141 
0.218000 -1.063543 
0.219000 -1.061928 
0.220000 -1.060296 
0.221000 -1.058646 
0.222000 -1.056980 
0.223000 -1.055296 
0.224000 -1.053596 
0.225000 -1.051879 
0.226000 -1.050146 
0.227000 -1.048397 
0.228000 -1.046633 
0.229000 -1.044853 
0.230000 -1.043057 
0.231000 -1.041247 
0.232000 -1.039421 
0.233000 -1.037581 
0.234000 -1.035725 
0.235000 -1.033856 
0.236000 -1.031972 
0.237000 -1.030075 
0.238000 -1.028163 
0.239000 -1.026238 
0.240000 -1.024299 
0.241000 -1.022346 
0.242000 -1.020381 
0.243000 -1.018402 
0.244000 -1.016411 
0.245000 -1.014407 
0.246000 -1.012390 
0.247000 -1.010361 
0.248000 -1.008319 
0.249000 -1.006265 
0.250000 -1.004200 
0.251000 -1.002122 
0.252000 -1.000033 
0.253000 -0.997932 
0.254000 -0.995820 
0.255000 -0.993696 
0.256000 -0.991561 
0.257000 -0.989415 
0.258000 -0.987258 
0.259000 -0.985090 
0.260000 -0.982912 
0.261000 -0.980723 
0.262000 -0.978523 
0.263000 -0.976314 
0.264000 -0.974094 
0.265000 -0.971863 
0.266000 -0.969623 
0.267000 -0.967373 
0.268000 -0.965113 
0.269000 -0.962843 
0.270000 -0.960564 
0.271000 -0.958275 
0.272000 -0.955977 
0.273000 -0.953670 
0.274000 -0.951353 
0.275000 -0.949027 
0.276000 -0.946693 
0.277000 -0.944349 
0.278000 -0.941996 
0.279000 -0.939635 
0.280000 -0.937265 
0.281000 -0.934887 
0.282000 -0.932499 
0.283000 -0.930104 
0.284000 -0.927700 
0.285000 -0.925288 
0.286000 -0.922868 
0.287000 -0.920440 
0.288000 -0.918003 
0.289000 -0.915559 
0.290000 -0.913107 
0.291000 -0.910647 
0.292000 -0.908179 
0.293000 -0.905704 
0.294000 -0.903221 
0.295000 -0.900730 
0.296000 -0.898232 
0.297000 -0.895727 
0.298000 -0.893214 
0.299000 -0.890694 
0.300000 -0.888167 
0.301000 -0.885633 
0.302000 -0.883092 
0.303000 -0.880543 
0.304000 -0.877988 
0.305000 -0.875425 
0.306000 -0.872856 
0.307000 -0.870280 
0.308000 -0.867698 
0.309000 -0.865108 
0.310000 -0.862512 
0.311000 -0.859909 
0.312000 -0.857300 
0.313000 -0.854684 
0.314000 -0.852062 
0.315000 -0.849434 
0.316000 -0.846799 
0.317000 -0.844158 
0.318000 -0.841510 
0.319000 -0.838856 
0.320000 -0.836196 
0.321000 -0.833530 
0.322000 -0.830858 
0.323000 -0.828180 
0.324000 -0.825496 
0.325000 -0.822806 
0.326000 -0.820110 
0.327000 -0.817408 
0.328000 -0.814700 
0.329000 -0.811986 
0.330000 -0.809267 
0.331000 -0.806541 
0.332000 -0.803811 
0.333000 -0.801074 
0.334000 -0.798332 
0.335000 -0.795584 
0.336000 -0.792830 
0.337000 -0.790071 
0.338000 -0.787307 
0.339000 -0.784537 
0.340000 -0.781761 
0.341000 -0.778980 
0.342000 -0.776194 
0.343000 -0.773402 
0.344000 -0.770605 
0.345000 -0.767802 
0.346000 -0.764995 
0.347000 -0.762182 
0.348000 -0.759363 
0.349000 -0.756540 
0.350000 -0.753711 
0.351000 -0.750877 
0.352000 -0.748038 
0.353000 -0.745194 
0.354000 -0.742345 
0.355000 -0.739490 
0.356000 -0.736631 
0.357000 -0.733766 
0.358000 -0.730897 
0.359000 -0.728022 
0.360000 -0.725143 
0.361000 -0.722258 
0.362000 -0.719369 
0.363000 -0.716474 
0.364000 -0.713575 
0.365000 -0.710671 
0.366000 -0.707761 
0.367000 -0.704847 
0.368000 -0.701928 
0.369000 -0.699005 
0.370000 -0.696076 
0.371000 -0.693143 
0.372000 -0.690204 
0.373000 -0.687261 
0.374000 -0.684314 
0.375000 -0.681361 
0.376000 -0.678404 
0.377000 -0.675441 
0.378000 -0.672475 
0.379000 -0.669503 
0.380000 -0.666527 
0.381000 -0.663546 
0.382000 -0.660560 
0.383000 -0.657570 
0.384000 -0.654575 
0.385000 -0.651575 
0.386000 -0.648571 
0.387000 -0.645562 
0.388000 -0.642548 
0.389000 -0.639530 
0.390000 -0.636507 
0.391000 -0.633479 
0.392000 -0.630447 
0.393000 -0.627410 
0.394000 -0.624369 
0.395000 -0.621323 
0.396000 -0.618272 
0.397000 -0.615217 
0.398000 -0.612157 
0.399000 -0.609093 
0.400000 -0.606024 
0.401000 -0.602950 
0.402000 -0.599872 
0.403000 -0.596790 
0.404000 -0.593702 
0.405000 -0.590610 
0.406000 -0.587514 
0.407000 -0.584413 
0.408000 -0.581308 
0.409000 -0.578197 
0.410000 -0.575083 
0.411000 -0.571964 
0.412000 -0.568840 
0.413000 -0.565711 
0.414000 -0.562579 
0.415000 -0.559441 
0.416000 -0.556299 
0.417000 -0.553152 
0.418000 -0.550001 
0.419000 -0.546846 
0.420000 -0.543685 
0.421000 -0.540520 
0.422000 -0.537351 
0.423000 -0.534177 
0.424000 -0.530998 
0.425000 -0.527815 
0.426000 -0.524627 
0.427000 -0.521435 
0.428000 -0.518238 
0.429000 -0.515036 
0.430000 -0.511830 
0.431000 -0.508619 
0.432000 -0.505404 
0.433000 -0.502184 
0.434000 -0.498959 
0.435000 -0.495730 
0.436000 -0.492496 
0.437000 -0.489257 
0.438000 -0.486014 
0.439000 -0.482766 
0.440000 -0.479513 
0.441000 -0.476256 
0.442000 -0.472994 
0.443000 -0.469728 
0.444000 -0.466456 
0.445000 -0.463180 
0.446000 -0.459900 
0.447000 -0.456614 
0.448000 -0.453324 
0.449000 -0.450029 
0.450000 -0.446729 
0.451000 -0.443425 
0.452000 -0.440116 
0.453000 -0.436802 
0.454000 -0.433483 
0.455000 -0.430160 
0.456000 -0.426831 
0.457000 -0.423498 
0.458000 -0.420160 
0.459000 -0.416818 
0.460000 -0.413470 
0.461000 -0.410117 
0.462000 -0.406760 
0.463000 -0.403398 
0.464000 -0.400031 
0.465000 -0.396659 
0.466000 -0.393282 
0.467000 -0.389900 
0.468000 -0.386513 
0.469000 -0.383121 
0.470000 -0.379724 
0.471000 -0.376323 
0.472000 -0.372890 
0.473000 -0.369478 
0.474000 -0.366061 
0.475000 -0.362639 
0.476000 -0.359212 
0.477000 -0.355780 
0.478000 -0.352343 
0.479000 -0.348901 
0.480000 -0.345454 
0.481000 -0.342001 
0.482000 -0.338543 
0.483000 -0.335081 
0.484000 -0.331613 
0.485000 -0.328139 
0.486000 -0.324661 
0.487000 -0.321177 
0.488000 -0.317689 
0.489000 -0.314194 
0.490000 -0.310695 
0.491000 -0.307190 
0.492000 -0.303680 
0.493000 -0.300165 
0.494000 -0.296644 
0.495000 -0.293118 
0.496000 -0.289586 
0.497000 -0.286049 
0.498000 -0.282507 
0.499000 -0.278959 
0.500000 -0.275406 
0.501000 -0.271847 
0.502000 -0.268283 
0.503000 -0.264713 
0.504000 -0.261138 
0.505000 -0.257557 
0.506000 -0.253970 
0.507000 -0.250378 
0.508000 -0.246780 
0.509000 -0.243177 
0.510000 -0.239568 
0.511000 -0.235953 
0.512000 -0.232333 
0.513000 -0.228707 
0.514000 -0.225075 
0.515000 -0.221437 
0.516000 -0.217794 
0.517000 -0.214145 
0.518000 -0.210490 
0.519000 -0.206829 
0.520000 -0.203162 
0.521000 -0.199489 
0.522000 -0.195810 
0.523000 -0.192126 
0.524000 -0.188435 
0.525000 -0.184739 
0.526000 -0.181036 
0.527000 -0.177328 
0.528000 -0.173613 
0.529000 -0.169892 
0.530000 -0.166165 
0.531000 -0.162432 
0.532000 -0.158693 
0.533000 -0.154947 
0.534000 -0.151196 
0.535000 -0.147438 
0.536000 -0.143674 
0.537000 -0.139903 
0.538000 -0.136127 
0.539000 -0.132344 
0.540000 -0.128554 
0.541000 -0.124758 
0.542000 -0.120956 
0.543000 -0.117147 
0.544000 -0.113332 
0.545000 -0.109510 
0.546000 -0.105682 
0.547000 -0.101847 
0.548000 -0.098006 
0.549000 -0.094158 
0.550000 -0.090303 
0.551000 -0.086442 
0.552000 -0.082574 
0.553000 -0.078699 
0.554000 -0.074818 
0.555000 -0.070929 
0.556000 -0.067034 
0.557000 -0.063132 
0.558000 -0.059224 
0.559000 -0.055308 
0.560000 -0.051385 
0.561000 -0.047456 
0.562000 -0.043519 
0.563000 -0.039575 
0.564000 -0.035625 
0.565000 -0.031667 
0.566000 -0.027702 
0.567000 -0.023730 
0.568000 -0.019751 
0.569000 -0.015764 
0.570000 -0.011770 
0.571000 -0.007769 
0.572000 -0.003761 
0.573000 0.000254 
0.574000 0.004277 
0.575000 0.008308 
0.576000 0.012346 
0.577000 0.016391 
0.578000 0.020444 
0.579000 0.024504 
0.580000 0.028572 
0.581000 0.032648 
0.582000 0.036731 
0.583000 0.040822 
0.584000 0.044920 
0.585000 0.049027 
0.586000 0.053141 
0.587000 0.057263 
0.588000 0.061393 
0.589000 0.065530 
0.590000 0.069676 
0.591000 0.073829 
0.592000 0.077991 
0.593000 0.082160 
0.594000 0.086338 
0.595000 0.090524 
0.596000 0.094718 
0.597000 0.098920 
0.598000 0.103130 
0.599000 0.107349 
0.600000 0.111575 
0.601000 0.115811 
0.602000 0.120054 
0.603000 0.124306 
0.604000 0.128566 
0.605000 0.132835 
0.606000 0.137113 
0.607000 0.141399 
0.608000 0.145693 
0.609000 0.149996 
0.610000 0.154308 
0.611000 0.158629 
0.612000 0.162958 
0.613000 0.167296 
0.614000 0.171643 
0.615000 0.175999 
0.616000 0.180364 
0.617000 0.184737 
0.618000 0.189120 
0.619000 0.193512 
0.620000 0.197912 
0.621000 0.202322 
0.622000 0.206741 
0.623000 0.211170 
0.624000 0.215607 
0.625000 0.220054 
0.626000 0.224510 
0.627000 0.228976 
0.628000 0.233451 
0.629000 0.237935 
0.630000 0.242429 
0.631000 0.246933 
0.632000 0.251446 
0.633000 0.255968 
0.634000 0.260501 
0.635000 0.265043 
0.636000 0.269595 
0.637000 0.274156 
0.638000 0.278728 
0.639000 0.283309 
0.640000 0.287900 
0.641000 0.292502 
0.642000 0.297113 
0.643000 0.301734 
0.644000 0.306366 
0.645000 0.311008 
0.646000 0.315660 
0.647000 0.320322 
0.648000 0.324994 
0.649000 0.329677 
0.650000 0.334370 
0.651000 0.339074 
0.652000 0.343788 
0.653000 0.348512 
0.654000 0.353247 
0.655000 0.357993 
0.656000 0.362749 
0.657000 0.367517 
0.658000 0.372294 
0.659000 0.377083 
0.660000 0.381883 
0.661000 0.386693 
0.662000 0.391514 
0.663000 0.396347 
0.664000 0.401190 
0.665000 0.406044 
0.666000 0.410910 
0.667000 0.415787 
0.668000 0.420675 
0.669000 0.425574 
0.670000 0.430484 
0.671000 0.435406 
0.672000 0.440339 
0.673000 0.445284 
0.674000 0.450240 
0.675000 0.455208 
0.676000 0.460187 
0.677000 0.465178 
0.678000 0.470180 
0.679000 0.475195 
0.680000 0.480221 
0.681000 0.485258 
0.682000 0.490308 
0.683000 0.495370 
0.684000 0.500443 
0.685000 0.505529 
0.686000 0.510626 
0.687000 0.515736 
0.688000 0.520857 
0.689000 0.525991 
0.690000 0.531137 
0.691000 0.536296 
0.692000 0.541466 
0.693000 0.546649 
0.694000 0.551845 
0.695000 0.557052 
0.696000 0.562272 
0.697000 0.567505 
0.698000 0.572750 
0.699000 0.578008 
0.700000 0.583279 
0.701000 0.588562 
0.702000 0.593858 
0.703000 0.599166 
0.704000 0.604487 
0.705000 0.609821 
0.706000 0.615168 
0.707000 0.620528 
0.708000 0.625901 
0.709000 0.631287 
0.710000 0.636686 
0.711000 0.642097 
0.712000 0.647522 
0.713000 0.652960 
0.714000 0.658411 
0.715000 0.663875 
0.716000 0.669353 
0.717000 0.674843 
0.718000 0.680347 
0.719000 0.685864 
0.720000 0.691395 
0.721000 0.696938 
0.722000 0.702496 
0.723000 0.708066 
0.724000 0.713650 
0.725000 0.719247 
0.726000 0.724858 
0.727000 0.730482 
0.728000 0.736120 
0.729000 0.741771 
0.730000 0.747435 
0.731000 0.753113 
0.732000 0.758805 
0.733000 0.764510 
0.734000 0.770229 
0.735000 0.775961 
0.736000 0.781707 
0.737000 0.787467 
0.738000 0.793240 
0.739000 0.799026 
0.740000 0.804826 
0.741000 0.810640 
0.742000 0.816467 
0.743000 0.822308 
0.744000 0.828162 
0.745000 0.834030 
0.746000 0.839911 
0.747000 0.845806 
0.748000 0.851714 
0.749000 0.857636 
0.750000 0.863571 
0.751000 0.869520 
0.752000 0.875482 
0.753000 0.881457 
0.754000 0.887446 
0.755000 0.893447 
0.756000 0.899462 
0.757000 0.905491 
0.758000 0.911532 
0.759000 0.917586 
0.760000 0.923654 
0.761000 0.929734 
0.762000 0.935827 
0.763000 0.941933 
0.764000 0.948052 
0.765000 0.954183 
0.766000 0.960327 
0.767000 0.966484 
0.768000 0.972653 
0.769000 0.978834 
0.770000 0.985027 
0.771000 0.991233 
0.772000 0.997450 
0.773000 1.003680 
0.774000 1.009921 
0.775000 1.016173 
0.776000 1.022438 
0.777000 1.028713 
0.778000 1.035000 
0.779000 1.041298 
0.780000 1.047607 
0.781000 1.053927 
0.782000 1.060257 
0.783000 1.066597 
0.784000 1.072948 
0.785000 1.079309 
0.786000 1.085679 
0.787000 1.092059 
0.788000 1.098449 
0.789000 1.104847 
0.790000 1.111255 
0.791000 1.117671 
0.792000 1.124096 
0.793000 1.130528 
0.794000 1.136969 
0.795000 1.143417 
0.796000 1.149872 
0.797000 1.156335 
0.798000 1.162804 
0.799000 1.169279 
0.800000 1.175760 
0.801000 1.182247 
0.802000 1.188739 
0.803000 1.195237 
0.804000 1.201738 
0.805000 1.208244 
0.806000 1.214753 
0.807000 1.221265 
0.808000 1.227780 
0.809000 1.234298 
0.810000 1.240817 
0.811000 1.247338 
0.812000 1.253859 
0.813000 1.260381 
0.814000 1.266902 
0.815000 1.273422 
0.816000 1.279941 
0.817000 1.286458 
0.818000 1.292972 
0.819000 1.299483 
0.820000 1.305990 
0.821000 1.312492 
0.822000 1.318989 
0.823000 1.325479 
0.824000 1.331962 
0.825000 1.338438 
0.826000 1.344906 
0.827000 1.351363 
0.828000 1.357811 
0.829000 1.364248 
0.830000 1.370672 
0.831000 1.377083 
0.832000 1.383481 
0.833000 1.389864 
0.834000 1.396230 
0.835000 1.402580 
0.836000 1.408911 
0.837000 1.415223 
0.838000 1.421514 
0.839000 1.427784 
0.840000 1.434031 
0.841000 1.440254 
0.842000 1.446451 
0.843000 1.452621 
0.844000 1.458763 
0.845000 1.464876 
0.846000 1.470957 
0.847000 1.477006 
0.848000 1.483020 
0.849000 1.488998 
0.850000 1.494939 
0.851000 1.500841 
0.852000 1.506702 
0.853000 1.512520 
0.854000 1.518293 
0.855000 1.524020 
0.856000 1.529698 
0.857000 1.535326 
0.858000 1.540902 
0.859000 1.546423 
0.860000 1.551887 
0.861000 1.557292 
0.862000 1.562635 
0.863000 1.567915 
0.864000 1.573129 
0.865000 1.578275 
0.866000 1.583349 
0.867000 1.588349 
0.868000 1.593273 
0.869000 1.598119 
0.870000 1.602882 
0.871000 1.607560 
0.872000 1.612151 
0.873000 1.616650 
0.874000 1.621056 
0.875000 1.625365 
0.876000 1.629574 
0.877000 1.633679 
0.878000 1.637677 
0.879000 1.641565 
0.880000 1.645339 
0.881000 1.648996 
0.882000 1.652531 
0.883000 1.655941 
0.884000 1.659222 
0.885000 1.662371 
0.886000 1.665383 
0.887000 1.668253 
0.888000 1.670979 
0.889000 1.673556 
0.890000 1.675979 
0.891000 1.678245 
0.892000 1.680348 
0.893000 1.682284 
0.894000 1.684048 
0.895000 1.685637 
0.896000 1.687044 
0.897000 1.688266 
0.898000 1.689297 
0.899000 1.690133 
0.900000 1.690768 
0.901000 1.691197 
0.902000 1.691416 
0.903000 1.691419 
0.904000 1.691201 
0.905000 1.690757 
0.906000 1.690081 
0.907000 1.689169 
0.908000 1.688014 
0.909000 1.686612 
0.910000 1.684956 
0.911000 1.683043 
0.912000 1.680866 
0.913000 1.678420 
0.914000 1.675699 
0.915000 1.672699 
0.916000 1.669413 
0.917000 1.665838 
0.918000 1.661966 
0.919000 1.657794 
0.920000 1.653316 
0.921000 1.648528 
0.922000 1.643423 
0.923000 1.637998 
0.924000 1.632247 
0.925000 1.626166 
0.926000 1.619751 
0.927000 1.612997 
0.928000 1.605899 
0.929000 1.598455 
0.930000 1.590660 
0.931000 1.582510 
0.932000 1.574003 
0.933000 1.565134 
0.934000 1.555901 
0.935000 1.546301 
0.936000 1.536332 
0.937000 1.525992 
0.938000 1.515278 
0.939000 1.504189 
0.940000 1.492724 
0.941000 1.480882 
0.942000 1.468662 
0.943000 1.456065 
0.944000 1.443089 
0.945000 1.429736 
0.946000 1.416006 
0.947000 1.401901 
0.948000 1.387423 
0.949000 1.372572 
0.950000 1.357353 
0.951000 1.341768 
0.952000 1.325819 
0.953000 1.309512 
0.954000 1.292849 
0.955000 1.275836 
0.956000 1.258477 
0.957000 1.240779 
0.958000 1.222746 
0.959000 1.204385 
0.960000 1.185703 
0.961000 1.166707 
0.962000 1.147404 
0.963000 1.127803 
0.964000 1.107911 
0.965000 1.087737 
0.966000 1.067291 
0.967000 1.046581 
0.968000 1.025617 
0.969000 1.004408 
0.970000 0.982967 
0.971000 0.961302 
0.972000 0.939279 
0.973000 0.917198 
0.974000 0.894926 
0.975000 0.872475 
0.976000 0.849855 
0.977000 0.827079 
0.978000 0.804158 
0.979000 0.781105 
0.980000 0.757931 
0.981000 0.734648 
0.982000 0.711269 
0.983000 0.687806 
0.984000 0.664270 
0.985000 0.640674 
0.986000 0.617030 
0.987000 0.593350 
0.988000 0.569645 
0.989000 0.545927 
0.990000 0.522208 
0.991000 0.498499 
0.992000 0.474812 
0.993000 0.451157 
0.994000 0.427545 
0.995000 0.403987 
0.996000 0.380494 
0.997000 0.357075 
0.998000 0.333740 
0.999000 0.310499 
1.000000 0.287362 
1.001000 0.264336 
1.002000 0.241432 
1.003000 0.218657 
1.004000 0.196019 
1.005000 0.173527 
1.006000 0.151188 
1.007000 0.129008 
1.008000 0.106995 
1.009000 0.085156 
1.010000 0.063496 
1.011000 0.042022 
1.012000 0.020739 
1.013000 -0.000348 
1.014000 -0.021234 
1.015000 -0.041915 
1.016000 -0.062385 
1.017000 -0.082641 
1.018000 -0.102679 
1.019000 -0.122497 
1.020000 -0.142089 
1.021000 -0.161455 
1.022000 -0.180591 
1.023000 -0.199494 
1.024000 -0.218164 
1.025000 -0.236597 
1.026000 -0.254793 
1.027000 -0.272750 
1.028000 -0.290467 
1.029000 -0.307944 
1.030000 -0.325178 
1.031000 -0.342170 
1.032000 -0.358921 
1.033000 -0.375428 
1.034000 -0.391693 
1.035000 -0.407716 
1.036000 -0.423497 
1.037000 -0.439037 
1.038000 -0.454337 
1.039000 -0.469396 
1.040000 -0.484218 
1.041000 -0.498801 
1.042000 -0.513148 
1.043000 -0.527260 
1.044000 -0.541139 
1.045000 -0.554785 
1.046000 -0.568201 
1.047000 -0.581388 
1.048000 -0.594348 
1.049000 -0.607083 
1.050000 -0.619594 
1.051000 -0.631885 
1.052000 -0.643956 
1.053000 -0.655810 
1.054000 -0.667450 
1.055000 -0.678876 
1.056000 -0.690092 
1.057000 -0.701100 
1.058000 -0.711902 
1.059000 -0.722500 
1.060000 -0.732897 
1.061000 -0.743096 
1.062000 -0.753097 
1.063000 -0.762905 
1.064000 -0.772521 
1.065000 -0.781947 
1.066000 -0.791187 
1.067000 -0.800242 
1.068000 -0.809116 
1.069000 -0.817809 
1.070000 -0.826326 
1.071000 -0.834668 
1.072000 -0.842838 
1.073000 -0.850837 
1.074000 -0.858670 
1.075000 -0.866337 
1.076000 -0.873841 
1.077000 -0.881186 
1.078000 -0.888372 
1.079000 -0.895402 
1.080000 -0.902279 
1.081000 -0.909005 
1.082000 -0.915582 
1.083000 -0.922013 
1.084000 -0.928299 
1.085000 -0.934443 
1.086000 -0.940447 
1.087000 -0.946313 
1.088000 -0.952043 
1.089000 -0.957640 
1.090000 -0.963106 
1.091000 -0.968442 
1.092000 -0.973650 
1.093000 -0.978734 
1.094000 -0.983694 
1.095000 -0.988532 
1.096000 -0.993251 
1.097000 -0.997853 
1.098000 -1.002338 
1.099000 -1.006710 
1.100000 -1.010970 
1.101000 -1.015120 
1.102000 -1.019161 
1.103000 -1.023096 
1.104000 -1.026925 
1.105000 -1.030652 
1.106000 -1.034277 
1.107000 -1.037802 
1.108000 -1.041229 
1.109000 -1.044559 
1.110000 -1.047794 
1.111000 -1.050936 
1.112000 -1.053985 
1.113000 -1.056944 
1.114000 -1.059814 
1.115000 -1.062597 
1.116000 -1.065293 
1.117000 -1.067905 
1.118000 -1.070433 
1.119000 -1.072880 
1.120000 -1.075245 
1.121000 -1.077532 
1.122000 -1.079740 
1.123000 -1.081872 
1.124000 -1.083928 
1.125000 -1.085910 
1.126000 -1.087819 
1.127000 -1.089657 
1.128000 -1.091423 
1.129000 -1.093120 
1.130000 -1.094749 
1.131000 -1.096310 
1.132000 -1.097806 
1.133000 -1.099236 
1.134000 -1.100602 
1.135000 -1.101905 
1.136000 -1.103147 
1.137000 -1.104327 
1.138000 -1.105447 
1.139000 -1.106509 
1.140000 -1.107512 
1.141000 -1.108458 
1.142000 -1.109348 
1.143000 -1.110183 
1.144000 -1.110963 
1.145000 -1.111690 
1.146000 -1.112364 
1.147000 -1.112986 
1.148000 -1.113557 
1.149000 -1.114078 
1.150000 -1.114550 
1.151000 -1.114973 
1.152000 -1.115348 
1.153000 -1.115676 
1.154000 -1.115958 
1.155000 -1.116194 
1.156000 -1.116386 
1.157000 -1.116533 
1.158000 -1.116637 
1.159000 -1.116697 
1.160000 -1.116716 
1.161000 -1.116693 
1.162000 -1.116630 
1.163000 -1.116526 
1.164000 -1.116383 
1.165000 -1.116200 
1.166000 -1.115980 
1.167000 -1.115721 
1.168000 -1.115426 
1.169000 -1.115093 
1.170000 -1.114725 
1.171000 -1.114321 
1.172000 -1.113882 
1.173000 -1.113409 
1.174000 -1.112902 
1.175000 -1.112361 
1.176000 -1.111788 
1.177000 -1.111182 
1.178000 -1.110544 
1.179000 -1.109875 
1.180000 -1.109175 
1.181000 -1.108444 
1.182000 -1.107684 
1.183000 -1.106893 
1.184000 -1.106074 
1.185000 -1.105226 
1.186000 -1.104349 
1.187000 -1.103445 
1.188000 -1.102513 
1.189000 -1.101554 
1.190000 -1.100568 
1.191000 -1.099556 
1.192000 -1.098518 
1.193000 -1.097455 
1.194000 -1.096367 
1.195000 -1.095253 
1.196000 -1.094115 
1.197000 -1.092953 
1.198000 -1.091768 
1.199000 -1.090558 
1.200000 -1.089326 
1.201000 -1.088071 
1.202000 -1.086794 
1.203000 -1.085494 
1.204000 -1.084173 
1.205000 -1.082830 
1.206000 -1.081466 
1.207000 -1.080081 
1.208000 -1.078675 
1.209000 -1.077249 
1.210000 -1.075803 
1.211000 -1.074337 
1.212000 -1.072851 
1.213000 -1.071347 
1.214000 -1.069823 
1.215000 -1.068281 
1.216000 -1.066720 
1.217000 -1.065141 
1.218000 -1.063543 
1.219000 -1.061928 
1.220000 -1.060296 
1.221000 -1.058646 
1.222000 -1.056980 
1.223000 -1.055296 
1.224000 -1.053596 
1.225000 -1.051879 
1.226000 -1.050146 
1.227000 -1.048397 
1.228000 -1.046633 
1.229000 -1.044853 
1.230000 -1.043057 
1.231000 -1.041247 
1.232000 -1.039421 
1.233000 -1.037581 
1.234000 -1.035725 
1.235000 -1.033856 
1.236000 -1.031972 
1.237000 -1.030075 
1.238000 -1.028163 
1.239000 -1.026238 
1.240000 -1.024299 
1.241000 -1.022346 
1.242000 -1.020381 
1.243000 -1.018402 
1.244000 -1.016411 
1.245000 -1.014407 
1.246000 -1.012390 
1.247000 -1.010361 
1.248000 -1.008319 
1.249000 -1.006265 
1.250000 -1.004200 
1.251000 -1.002122 
1.252000 -1.000033 
1.253000 -0.997932 
1.254000 -0.995820 
1.255000 -0.993696 
1.256000 -0.991561 
1.257000 -0.989415 
1.258000 -0.987258 
1.259000 -0.985090 
1.260000 -0.982912 
1.261000 -0.980723 
1.262000 -0.978523 
1.263000 -0.976314 
1.264000 -0.974094 
1.265000 -0.971863 
1.266000 -0.969623 
1.267000 -0.967373 
1.268000 -0.965113 
1.269000 -0.962843 
1.270000 -0.960564 
1.271000 -0.958275 
1.272000 -0.955977 
1.273000 -0.953670 
1.274000 -0.951353 
1.275000 -0.949027 
1.276000 -0.946693 
1.277000 -0.944349 
1.278000 -0.941996 
1.279000 -0.939635 
1.280000 -0.937265 
1.281000 -0.934887 
1.282000 -0.932499 
1.283000 -0.930104 
1.284000 -0.927700 
1.285000 -0.925288 
1.286000 -0.922868 
1.287000 -0.920440 
1.288000 -0.918003 
1.289000 -0.915559 
1.290000 -0.913107 
1.291000 -0.910647 
1.292000 -0.908179 
1.293000 -0.905704 
1.294000 -0.903221 
1.295000 -0.900730 
1.296000 -0.898232 
1.297000 -0.895727 
1.298000 -0.893214 
1.299000 -0.890694 
1.300000 -0.888167 
1.301000 -0.885633 
1.302000 -0.883092 
1.303000 -0.880543 
1.304000 -0.877988 
1.305000 -0.875425 
1.306000 -0.872856 
1.307000 -0.870280 
1.308000 -0.867698 
1.309000 -0.865108 
1.310000 -0.862512 
1.311000 -0.859909 
1.312000 -0.857300 
1.313000 -0.854684 
1.314000 -0.852062 
1.315000 -0.849434 
1.316000 -0.846799 
1.317000 -0.844158 
1.318000 -0.841510 
1.319000 -0.838856 
1.320000 -0.836196 
1.321000 -0.833530 
1.322000 -0.830858 
1.323000 -0.828180 
1.324000 -0.825496 
1.325000 -0.822806 
1.326000 -0.820110 
1.327000 -0.817408 
1.328000 -0.814700 
1.329000 -0.811986 
1.330000 -0.809267 
1.331000 -0.806541 
1.332000 -0.803811 
1.333000 -0.801074 
1.334000 -0.798332 
1.335000 -0.795584 
1.336000 -0.792830 
1.337000 -0.790071 
1.338000 -0.787307 
1.339000 -0.784537 
1.340000 -0.781761 
1.341000 -0.778980 
1.342000 -0.776194 
1.343000 -0.773402 
1.344000 -0.770605 
1.345000 -0.767802 
1.346000 -0.764995 
1.347000 -0.762182 
1.348000 -0.759363 
1.349000 -0.756540 
1.350000 -0.753711 
1.351000 -0.750877 
1.352000 -0.748038 
1.353000 -0.745194 
1.354000 -0.742345 
1.355000 -0.739490 
1.356000 -0.736631 
1.357000 -0.733766 
1.358000 -0.730897 
1.359000 -0.728022 
1.360000 -0.725143 
1.361000 -0.722258 
1.362000 -0.719369 
1.363000 -0.716474 
1.364000 -0.713575 
1.365000 -0.710671 
1.366000 -0.707761 
1.367000 -0.704847 
1.368000 -0.701928 
1.369000 -0.699005 
1.370000 -0.696076 
1.371000 -0.693143 
1.372000 -0.690204 
1.373000 -0.687261 
1.374000 -0.684314 
1.375000 -0.681361 
1.376000 -0.678404 
1.377000 -0.675441 
1.378000 -0.672475 
1.379000 -0.669503 
1.380000 -0.666527 
1.381000 -0.663546 
1.382000 -0.660560 
1.383000 -0.657570 
1.384000 -0.654575 
1.385000 -0.651575 
1.386000 -0.648571 
1.387000 -0.645562 
1.388000 -0.642548 
1.389000 -0.639530 
1.390000 -0.636507 
1.391000 -0.633479 
1.392000 -0.630447 
1.393000 -0.627410 
1.394000 -0.624369 
1.395000 -0.621323 
1.396000 -0.618272 
1.397000 -0.615217 
1.398000 -0.612157 
1.399000 -0.609093 
1.400000 -0.606024 
1.401000 -0.602950 
1.402000 -0.599872 
1.403000 -0.596790 
1.404000 -0.593702 
1.405000 -0.590610 
1.406000 -0.587514 
1.407000 -0.584413 
1.408000 -0.581308 
1.409000 -0.578197 
1.410000 -0.575083 
1.411000 -0.571964 
1.412000 -0.568840 
1.413000 -0.565711 
1.414000 -0.562579 
1.415000 -0.559441 
1.416000 -0.556299 
1.417000 -0.553152 
1.418000 -0.550001 
1.419000 -0.546846 
1.420000 -0.543685 
1.421000 -0.540520 
1.422000 -0.537351 
1.423000 -0.534177 
1.424000 -0.530998 
1.425000 -0.527815 
1.426000 -0.524627 
1.427000 -0.521435 
1.428000 -0.518238 
1.429000 -0.515036 
1.430000 -0.511830 
1.431000 -0.508619 
1.432000 -0.505404 
1.433000 -0.502184 
1.434000 -0.498959 
1.435000 -0.495730 
1.436000 -0.492496 
1.437000 -0.489257 
1.438000 -0.486014 
1.439000 -0.482766 
1.440000 -0.479513 
1.441000 -0.476256 
1.442000 -0.472994 
1.443000 -0.469728 
1.444000 -0.466456 
1.445000 -0.463180 
1.446000 -0.459900 
1.447000 -0.456614 
1.448000 -0.453324 
1.449000 -0.450029 
1.450000 -0.446729 
1.451000 -0.443425 
1.452000 -0.440116 
1.453000 -0.436802 
1.454000 -0.433483 
1.455000 -0.430160 
1.456000 -0.426831 
1.457000 -0.423498 
1.458000 -0.420160 
1.459000 -0.416818 
1.460000 -0.413470 
1.461000 -0.410117 
1.462000 -0.406760 
1.463000 -0.403398 
1.464000 -0.400031 
1.465000 -0.396659 
1.466000 -0.393282 
1.467000 -0.389900 
1.468000 -0.386513 
1.469000 -0.383121 
1.470000 -0.379724 
1.471000 -0.376323 
1.472000 -0.372890 
1.473000 -0.369478 
1.474000 -0.366061 
1.475000 -0.362639 
1.476000 -0.359212 
1.477000 -0.355780 
1.478000 -0.352343 
1.479000 -0.348901 
1.480000 -0.345454 
1.481000 -0.342001 
1.482000 -0.338543 
1.483000 -0.335081 
1.484000 -0.331613 
1.485000 -0.328139 
1.486000 -0.324661 
1.487000 -0.321177 
1.488000 -0.317689 
1.489000 -0.314194 
1.490000 -0.310695 
1.491000 -0.307190 
1.492000 -0.303680 
1.493000 -0.300165 
1.494000 -0.296644 
1.495000 -0.293118 
1.496000 -0.289586 
1.497000 -0.286049 
1.498000 -0.282507 
1.499000 -0.278959 
