# time Tc_folded Tref_folded value value_err offset model full_model val_compare val_compare_err residuals residuals_err jitter jitter_flag offset_flag subset_flag 
2455480.529186 -4.770016 0.601228 -10482.960657 0.485677 -10476.415733 0.319068 -10480.083409 -2.558180 0.485677 -2.877248 0.485677 1.197816   1   1  -1 
2455480.532970 -4.766232 0.601601 -10481.678693 0.440084 -10476.415733 0.320129 -10480.081400 -1.277165 0.440084 -1.597293 0.440084 1.197816   1   1  -1 
2455480.536778 -4.762424 0.601976 -10480.431449 0.465046 -10476.415733 0.321195 -10480.079371 -0.030883 0.465046 -0.352078 0.465046 1.197816   1   1  -1 
2455482.554786 -2.744416 0.800843 -10476.128743 0.353905 -10476.415733 0.657820 -10478.072701 2.601778 0.353905 1.943958 0.353905 1.197816   1   1  -1 
2455484.542056 -0.757146 0.996681 -10475.755433 0.514319 -10476.415733 0.303380 -10475.431752 -0.020301 0.514319 -0.323681 0.514319 1.197816   1   1  -1 
2455484.545828 -0.753374 0.997053 -10473.332240 0.532707 -10476.415733 0.301688 -10475.428019 2.397466 0.532707 2.095779 0.532707 1.197816   1   1  -1 
2455484.549671 -0.749531 0.997432 -10474.438386 0.508347 -10476.415733 0.299958 -10475.424224 1.285796 0.508347 0.985838 0.508347 1.197816   1   1  -1 
2455485.527184 0.227982 0.093762 -10473.605978 0.432034 -10476.415733 -0.267049 -10474.767657 0.894630 0.432034 1.161679 0.432034 1.197816   1   1  -1 
2455485.532971 0.233769 0.094332 -10471.997247 0.445706 -10476.415733 -0.270879 -10474.765531 2.497405 0.445706 2.768284 0.445706 1.197816   1   1  -1 
2455487.543214 2.244012 0.292434 -10473.844627 0.404437 -10476.415733 -0.830308 -10474.410461 -0.264474 0.404437 0.565834 0.404437 1.197816   1   1  -1 
2455487.548897 2.249695 0.292994 -10473.904015 0.401767 -10476.415733 -0.828910 -10474.409814 -0.323111 0.401767 0.505799 0.401767 1.197816   1   1  -1 
2455493.544252 -1.902474 0.883814 -10479.814585 0.396600 -10476.415733 0.622729 -10479.031369 -0.160487 0.396600 -0.783216 0.396600 1.197816   1   1  -1 
2455493.550478 -1.896248 0.884427 -10480.900282 0.405220 -10476.415733 0.621933 -10479.038677 -1.239673 0.405220 -1.861605 0.405220 1.197816   1   1  -1 
2455495.535877 0.089151 0.080081 -10480.826331 0.401246 -10476.415733 -0.175575 -10481.294591 0.292685 0.401246 0.468260 0.401246 1.197816   1   1  -1 
2455495.541664 0.094938 0.080651 -10480.647538 0.425418 -10476.415733 -0.179362 -10481.300515 0.473615 0.425418 0.652977 0.425418 1.197816   1   1  -1 
2455498.517820 3.071094 0.373940 -10479.650410 0.663846 -10476.415733 -0.541250 -10481.211923 1.020263 0.663846 1.561513 0.663846 1.197816   1   1  -1 
2455498.523445 3.076719 0.374494 -10478.978096 0.600098 -10476.415733 -0.538932 -10481.206773 1.689745 0.600098 2.228677 0.600098 1.197816   1   1  -1 
2455500.544007 -5.050242 0.573613 -10479.588979 0.341836 -10476.415733 0.236573 -10479.455763 0.103356 0.341836 -0.133216 0.341836 1.197816   1   1  -1 
2455500.549389 -5.044860 0.574143 -10479.646223 0.372174 -10476.415733 0.238229 -10479.452098 0.044104 0.372174 -0.194125 0.372174 1.197816   1   1  -1 
2455501.547102 -4.047147 0.672464 -10479.228913 0.302659 -10476.415733 0.495033 -10478.917806 0.183925 0.302659 -0.311107 0.302659 1.197816   1   1  -1 
2455501.552738 -4.041511 0.673020 -10480.110772 0.289222 -10476.415733 0.496186 -10478.915647 -0.698939 0.289222 -1.195125 0.289222 1.197816   1   1  -1 
2455505.514789 -0.079460 0.063465 -10479.788974 0.344263 -10476.415733 -0.067088 -10480.199762 0.343700 0.344263 0.410788 0.344263 1.197816   1   1  -1 
2455505.520425 -0.073824 0.064020 -10479.398339 0.340728 -10476.415733 -0.070644 -10480.206020 0.737038 0.340728 0.807681 0.340728 1.197816   1   1  -1 
2455507.517142 1.922893 0.260789 -10482.165859 0.264981 -10476.415733 -0.887270 -10482.087829 -0.965300 0.264981 -0.078030 0.264981 1.197816   1   1  -1 
2455507.522824 1.928575 0.261349 -10483.868821 0.270208 -10476.415733 -0.886683 -10482.090160 -2.665344 0.270208 -1.778661 0.270208 1.197816   1   1  -1 
2455509.518050 3.923801 0.457971 -10482.136940 0.380261 -10476.415733 -0.185780 -10481.934318 -0.388403 0.380261 -0.202622 0.380261 1.197816   1   1  -1 
2455509.523524 3.929275 0.458510 -10481.842165 0.354765 -10476.415733 -0.183566 -10481.931589 -0.094141 0.354765 0.089424 0.354765 1.197816   1   1  -1 
2455511.516449 -4.225323 0.654906 -10481.051242 0.398498 -10476.415733 0.456777 -10480.077476 -0.516989 0.398498 -0.973766 0.398498 1.197816   1   1  -1 
2455511.521935 -4.219837 0.655446 -10481.318563 0.396662 -10476.415733 0.458006 -10480.070201 -0.790356 0.396662 -1.248362 0.396662 1.197816   1   1  -1 
2455513.504562 -2.237210 0.850827 -10476.804338 0.418335 -10476.415733 0.653102 -10477.170749 1.019513 0.418335 0.366411 0.418335 1.197816   1   1  -1 
2455513.510244 -2.231528 0.851387 -10476.668251 0.441085 -10476.415733 0.652781 -10477.162728 1.147258 0.441085 0.494477 0.441085 1.197816   1   1  -1 
2455514.505835 -1.235937 0.949498 -10478.206203 0.335906 -10476.415733 0.482390 -10475.926486 -1.797327 0.335906 -2.279717 0.335906 1.197816   1   1  -1 
2455514.511356 -1.230416 0.950042 -10477.524806 0.341716 -10476.415733 0.480723 -10475.920820 -1.123264 0.341716 -1.603986 0.341716 1.197816   1   1  -1 
2455519.503938 3.762166 0.442042 -10474.517329 0.516685 -10476.415733 -0.251907 -10474.482567 -0.286668 0.516685 -0.034762 0.516685 1.197816   1   1  -1 
2455519.508811 3.767039 0.442523 -10473.971305 0.498073 -10476.415733 -0.249894 -10474.483253 0.262054 0.498073 0.511948 0.498073 1.197816   1   1  -1 
2455523.508036 -2.381260 0.836631 -10476.567096 0.414917 -10476.415733 0.659164 -10476.612624 0.704692 0.414917 0.045528 0.414917 1.197816   1   1  -1 
2455523.513036 -2.376260 0.837124 -10476.426565 0.432885 -10476.415733 0.659020 -10476.615064 0.847519 0.432885 0.188499 0.432885 1.197816   1   1  -1 
2455524.521481 -1.367815 0.936502 -10476.409103 0.333974 -10476.415733 0.519603 -10477.012279 1.122779 0.333974 0.603176 0.333974 1.197816   1   1  -1 
2455524.526446 -1.362850 0.936991 -10475.818731 0.339194 -10476.415733 0.518292 -10477.013836 1.713396 0.339194 1.195105 0.339194 1.197816   1   1  -1 
2455653.900831 -3.906268 0.686347 -10479.122782 0.372304 -10476.415733 0.522799 -10478.447081 -0.152901 0.372304 -0.675701 0.372304 1.197816   1   1  -1 
2455653.906410 -3.900689 0.686897 -10477.502514 0.368097 -10476.415733 0.523853 -10478.443875 1.465214 0.368097 0.941361 0.368097 1.197816   1   1  -1 
2455654.900357 -2.906742 0.784847 -10477.529507 0.407058 -10476.415733 0.650183 -10477.769462 0.890137 0.407058 0.239955 0.407058 1.197816   1   1  -1 
2455654.905936 -2.901163 0.785397 -10476.951630 0.365708 -10476.415733 0.650513 -10477.765378 1.464261 0.365708 0.813748 0.365708 1.197816   1   1  -1 
2455657.909222 0.102123 0.081359 -10477.608535 0.302855 -10476.415733 -0.184067 -10477.029564 -0.763038 0.302855 -0.578971 0.302855 1.197816   1   1  -1 
2455657.914813 0.107714 0.081910 -10478.050098 0.315866 -10476.415733 -0.187732 -10477.032654 -1.205176 0.315866 -1.017444 0.315866 1.197816   1   1  -1 
2455659.907949 2.100850 0.278326 -10477.046490 0.384743 -10476.415733 -0.861348 -10478.260691 0.352852 0.384743 1.214201 0.384743 1.197816   1   1  -1 
2455659.913540 2.106441 0.278877 -10478.198534 0.401510 -10476.415733 -0.860295 -10478.263254 -0.795576 0.401510 0.064720 0.401510 1.197816   1   1  -1 
2455660.901884 3.094785 0.376274 -10478.330760 0.251174 -10476.415733 -0.531477 -10478.735765 -0.126473 0.251174 0.405005 0.251174 1.197816   1   1  -1 
2455662.902485 -5.052138 0.573426 -10478.461597 0.474458 -10476.415733 0.235988 -10480.385590 2.159981 0.474458 1.923993 0.474458 1.197816   1   1  -1 
2455662.908180 -5.046443 0.573987 -10479.019990 0.454621 -10476.415733 0.237742 -10480.391747 1.609499 0.454621 1.371757 0.454621 1.197816   1   1  -1 
2455663.839263 -4.115360 0.665742 -10481.021871 0.868606 -10476.415733 0.480796 -10481.464633 0.923557 0.868606 0.442762 0.868606 1.197816   1   1  -1 
2455672.897729 4.943106 0.558420 -10477.289791 0.326960 -10476.415733 0.187949 -10478.229557 1.127715 0.326960 0.939766 0.326960 1.197816   1   1  -1 
2455672.902775 4.948152 0.558917 -10477.128218 0.300639 -10476.415733 0.189576 -10478.225183 1.286541 0.300639 1.096965 0.300639 1.197816   1   1  -1 
2455675.905453 -2.196693 0.854819 -10479.983143 0.211350 -10476.415733 0.650669 -10478.021609 -1.310865 0.211350 -1.961534 0.211350 1.197816   1   1  -1 
2455679.879903 1.777757 0.246486 -10481.249420 0.252289 -10476.415733 -0.896383 -10481.950398 -0.195405 0.252289 0.700978 0.252289 1.197816   1   1  -1 
2455679.885123 1.782977 0.247001 -10482.070814 0.256851 -10476.415733 -0.896259 -10481.950816 -1.016257 0.256851 -0.119998 0.256851 1.197816   1   1  -1 
2455712.893679 4.348963 0.499869 -10477.596372 0.280177 -10476.415733 -0.019696 -10477.435892 -0.180176 0.280177 -0.160480 0.280177 1.197816   1   1  -1 
2455715.864679 -2.827560 0.792650 -10473.715742 0.681733 -10476.415733 0.654420 -10474.387283 1.325961 0.681733 0.671541 0.681733 1.197816   1   1  -1 
2455715.867376 -2.824863 0.792916 -10473.898980 0.709421 -10476.415733 0.654548 -10474.386733 1.142300 0.709421 0.487753 0.709421 1.197816   1   1  -1 
2455715.869992 -2.822247 0.793173 -10473.445162 0.718389 -10476.415733 0.654670 -10474.386203 1.595711 0.718389 0.941041 0.718389 1.197816   1   1  -1 
2455715.872747 -2.819492 0.793445 -10473.903696 0.742414 -10476.415733 0.654798 -10474.385650 1.136752 0.742414 0.481954 0.742414 1.197816   1   1  -1 
2455727.859452 -0.980311 0.974689 -10475.357665 0.528199 -10476.415733 0.395606 -10476.210322 1.248264 0.528199 0.852657 0.528199 1.197816   1   1  -1 
2455727.863145 -0.976618 0.975053 -10476.960737 0.516663 -10476.415733 0.394206 -10476.209022 -0.357509 0.516663 -0.751715 0.516663 1.197816   1   1  -1 
2455727.866953 -0.972810 0.975428 -10477.060026 0.559742 -10476.415733 0.392759 -10476.207692 -0.459575 0.559742 -0.852334 0.559742 1.197816   1   1  -1 
2455735.809170 -3.178116 0.758104 -10480.718295 0.263016 -10476.415733 0.628635 -10480.752286 0.662626 0.263016 0.033991 0.263016 1.197816   1   1  -1 
2455754.777241 -4.505092 0.627335 -10475.455016 0.545675 -10476.415733 0.389868 -10477.105306 2.040158 0.545675 1.650290 0.545675 1.197816   1   1  -1 
2455755.755721 -3.526612 0.723761 -10477.021535 0.384396 -10476.415733 0.586196 -10475.744075 -0.691265 0.384396 -1.277460 0.384396 1.197816   1   1  -1 
2455769.736300 0.306444 0.101494 -10478.718338 0.338766 -10476.415733 -0.318960 -10480.512101 1.474802 0.338766 1.793763 0.338766 1.197816   1   1  -1 
2455769.742075 0.312219 0.102063 -10479.209949 0.385157 -10476.415733 -0.322775 -10480.508227 0.975502 0.385157 1.298278 0.385157 1.197816   1   1  -1 
2455776.628483 -2.948897 0.780693 -10477.854877 0.356174 -10476.415733 0.647539 -10477.024494 -0.182844 0.356174 -0.830383 0.356174 1.197816   1   1  -1 
2455782.624998 3.047618 0.371626 -10477.234320 0.380536 -10476.415733 -0.550897 -10478.137519 0.352302 0.380536 0.903199 0.380536 1.197816   1   1  -1 
2455784.737667 -4.987236 0.579822 -10473.119634 0.272683 -10476.415733 0.255788 -10475.140274 2.276428 0.272683 2.020640 0.272683 1.197816   1   1  -1 
2455801.526698 1.654272 0.234317 -10477.714254 0.636570 -10476.415733 -0.894650 -10478.322634 -0.286270 0.636570 0.608380 0.636570 1.197816   1   1  -1 
2455801.531628 1.659202 0.234803 -10478.348482 0.588581 -10476.415733 -0.894895 -10478.323427 -0.919950 0.588581 -0.025055 0.588581 1.197816   1   1  -1 
2455804.632333 4.759907 0.540366 -10479.889141 0.560283 -10476.415733 0.127276 -10478.276543 -1.485322 0.560283 -1.612598 0.560283 1.197816   1   1  -1 
2455804.637669 4.765243 0.540892 -10479.356651 0.516075 -10476.415733 0.129086 -10478.276939 -0.950625 0.516075 -1.079712 0.516075 1.197816   1   1  -1 
2455807.626267 -2.393683 0.835407 -10477.952953 0.482855 -10476.415733 0.659503 -10478.785824 1.492374 0.482855 0.832871 0.482855 1.197816   1   1  -1 
2455807.631162 -2.388788 0.835889 -10477.762393 0.443292 -10476.415733 0.659373 -10478.786894 1.683874 0.443292 1.024501 0.443292 1.197816   1   1  -1 
2455810.581550 0.561600 0.126639 -10481.002505 0.377097 -10476.415733 -0.484226 -10479.503188 -1.983543 0.377097 -1.499317 0.377097 1.197816   1   1  -1 
2455810.586723 0.566773 0.127149 -10480.282556 0.398696 -10476.415733 -0.487464 -10479.503735 -1.266285 0.398696 -0.778821 0.398696 1.197816   1   1  -1 
2455816.587002 -3.580471 0.718453 -10476.284284 0.479893 -10476.415733 0.578253 -10476.377934 0.671903 0.479893 0.093650 0.479893 1.197816   1   1  -1 
2455816.590578 -3.576895 0.718806 -10475.380232 0.444942 -10476.415733 0.578792 -10476.378161 1.576721 0.444942 0.997929 0.444942 1.197816   1   1  -1 
2455816.594154 -3.573319 0.719158 -10476.257023 0.438232 -10476.415733 0.579328 -10476.378392 0.700697 0.438232 0.121369 0.438232 1.197816   1   1  -1 
2455834.622073 4.307077 0.495741 -10480.909706 0.288686 -10476.415733 -0.035471 -10481.434965 0.489788 0.288686 0.525259 0.288686 1.197816   1   1  -1 
2455834.627593 4.312597 0.496285 -10481.704100 0.288262 -10476.415733 -0.033384 -10481.438517 -0.298967 0.288262 -0.265583 0.288262 1.197816   1   1  -1 
2455836.585712 -3.876808 0.689250 -10482.497452 0.340261 -10476.415733 0.528323 -10481.892098 -0.077031 0.340261 -0.605354 0.340261 1.197816   1   1  -1 
2455836.591440 -3.871080 0.689815 -10483.216344 0.339568 -10476.415733 0.529385 -10481.890591 -0.796368 0.339568 -1.325753 0.339568 1.197816   1   1  -1 
2455839.585007 -0.877513 0.984820 -10480.984122 0.455066 -10476.415733 0.355057 -10479.069530 -1.559535 0.455066 -1.914592 0.455066 1.197816   1   1  -1 
2455839.590794 -0.871726 0.985390 -10480.862232 0.459884 -10476.415733 0.352677 -10479.061887 -1.447668 0.459884 -1.800345 0.459884 1.197816   1   1  -1 
2455842.549547 2.087027 0.276964 -10475.984718 0.533150 -10476.415733 -0.863892 -10475.371200 -1.477410 0.533150 -0.613518 0.533150 1.197816   1   1  -1 
2455842.555033 2.092513 0.277504 -10475.769563 0.436601 -10476.415733 -0.862892 -10475.363781 -1.268674 0.436601 -0.405782 0.436601 1.197816   1   1  -1 
2455845.575633 -5.034410 0.575173 -10472.970844 0.533869 -10476.415733 0.241437 -10473.040349 0.310942 0.533869 0.069505 0.533869 1.197816   1   1  -1 
2455845.581258 -5.028785 0.575727 -10473.156417 0.461200 -10476.415733 0.243160 -10473.039984 0.126726 0.461200 -0.116433 0.461200 1.197816   1   1  -1 
2455870.498785 -0.406305 0.031255 -10481.818484 0.365314 -10476.415733 0.127298 -10480.449855 -1.241331 0.365314 -1.368629 0.365314 1.197816   1   1  -1 
2455870.504422 -0.400668 0.031811 -10481.151885 0.359240 -10476.415733 0.124173 -10480.444210 -0.583502 0.359240 -0.707675 0.359240 1.197816   1   1  -1 
2455874.532217 3.627127 0.428735 -10477.728868 0.513797 -10476.415733 -0.308055 -10476.810004 -1.226919 0.513797 -0.918864 0.513797 1.197816   1   1  -1 
2455874.537437 3.632347 0.429249 -10475.674380 0.695338 -10476.415733 -0.305872 -10476.806467 0.826215 0.695338 1.132087 0.695338 1.197816   1   1  -1 
2455878.549549 -2.503064 0.824628 -10474.975638 0.680478 -10476.415733 0.661270 -10476.186705 1.872337 0.680478 1.211067 0.680478 1.197816   1   1  -1 
2455878.554965 -2.497648 0.825161 -10473.200640 0.660711 -10476.415733 0.661233 -10476.187298 3.647891 0.660711 2.986658 0.660711 1.197816   1   1  -1 
2456020.892743 -2.225197 0.852010 -10474.892081 0.400252 -10476.415733 0.652415 -10476.885578 2.645912 0.400252 1.993497 0.400252 1.197816   1   1  -1 
2456020.898160 -2.219780 0.852544 -10474.995167 0.390725 -10476.415733 0.652096 -10476.891580 2.548508 0.390725 1.896413 0.390725 1.197816   1   1  -1 
2456022.889397 -0.228543 0.048773 -10478.871489 0.497344 -10476.415733 0.024695 -10479.407340 0.560546 0.497344 0.535851 0.497344 1.197816   1   1  -1 
2456022.894884 -0.223056 0.049314 -10479.815426 0.556527 -10476.415733 0.021402 -10479.414544 -0.379480 0.556527 -0.400882 0.556527 1.197816   1   1  -1 
2456024.891353 1.773413 0.246058 -10480.979281 0.428656 -10476.415733 -0.896475 -10480.840416 -1.035340 0.428656 -0.138865 0.428656 1.197816   1   1  -1 
2456024.897048 1.779108 0.246620 -10480.604419 0.407038 -10476.415733 -0.896352 -10480.838861 -0.661911 0.407038 0.234442 0.407038 1.197816   1   1  -1 
2456028.922257 -4.343206 0.643289 -10477.908590 0.345283 -10476.415733 0.429588 -10476.749594 -0.729408 0.345283 -1.158996 0.345283 1.197816   1   1  -1 
2456029.892891 -3.372572 0.738941 -10478.166891 0.543499 -10476.415733 0.606904 -10476.257291 -1.302696 0.543499 -1.909600 0.543499 1.197816   1   1  -1 
2456029.898354 -3.367109 0.739479 -10478.569496 0.519266 -10476.415733 0.607583 -10476.255803 -1.706110 0.519266 -2.313693 0.519266 1.197816   1   1  -1 
2456031.852968 -1.412495 0.932099 -10477.024746 0.408809 -10476.415733 0.531091 -10476.737016 0.243361 0.408809 -0.287730 0.408809 1.197816   1   1  -1 
2456052.857065 -0.703445 0.001973 -10480.793021 0.406318 -10476.415733 0.278862 -10479.698051 -0.816108 0.406318 -1.094970 0.406318 1.197816   1   1  -1 
2456052.862482 -0.698028 0.002507 -10480.156970 0.393840 -10476.415733 0.276339 -10479.699878 -0.180752 0.393840 -0.457092 0.393840 1.197816   1   1  -1 
2456053.851639 0.291129 0.099985 -10480.816786 0.437473 -10476.415733 -0.308837 -10479.824133 -1.301490 0.437473 -0.992653 0.437473 1.197816   1   1  -1 
2456053.857114 0.296604 0.100524 -10476.986852 0.414343 -10476.415733 -0.312457 -10479.823448 2.524139 0.414343 2.836596 0.414343 1.197816   1   1  -1 
2456054.839916 1.279406 0.197376 -10479.578072 0.266506 -10476.415733 -0.830957 -10479.322800 -1.086230 0.266506 -0.255272 0.266506 1.197816   1   1  -1 
2456055.886865 2.326355 0.300549 -10478.308216 0.254853 -10476.415733 -0.808924 -10477.907318 -1.209822 0.254853 -0.400898 0.254853 1.197816   1   1  -1 
2456056.818146 3.257636 0.392323 -10476.145121 0.446651 -10476.415733 -0.463549 -10476.370760 -0.237910 0.446651 0.225639 0.446651 1.197816   1   1  -1 
2456056.823714 3.263204 0.392872 -10476.399813 0.406993 -10476.415733 -0.461210 -10476.361974 -0.499049 0.406993 -0.037839 0.406993 1.197816   1   1  -1 
2456078.843392 4.987835 0.562827 -10475.070920 0.323779 -10476.415733 0.202288 -10477.340881 2.472249 0.323779 2.269961 0.323779 1.197816   1   1  -1 
2456078.849075 4.993518 0.563387 -10475.406297 0.316487 -10476.415733 0.204096 -10477.341999 2.139798 0.316487 1.935702 0.316487 1.197816   1   1  -1 
2456081.832748 -2.170332 0.857417 -10477.091748 0.398009 -10476.415733 0.648909 -10477.279459 0.836621 0.398009 0.187711 0.398009 1.197816   1   1  -1 
2456081.838651 -2.164429 0.857999 -10477.350415 0.323723 -10476.415733 0.648496 -10477.277011 0.575092 0.323723 -0.073404 0.323723 1.197816   1   1  -1 
2456085.820521 1.817441 0.250397 -10474.269371 0.439249 -10476.415733 -0.895047 -10474.905819 -0.258599 0.439249 0.636448 0.439249 1.197816   1   1  -1 
2456085.826250 1.823170 0.250962 -10473.694203 0.458936 -10476.415733 -0.894781 -10474.900674 0.311690 0.458936 1.206471 0.458936 1.197816   1   1  -1 
2456088.742747 4.739667 0.538371 -10472.336592 0.274700 -10476.415733 0.120383 -10473.188251 0.972043 0.274700 0.851659 0.274700 1.197816   1   1  -1 
2456092.900369 -1.250235 0.948089 -10477.981567 0.314413 -10476.415733 0.486667 -10476.981880 -0.513020 0.314413 -0.999687 0.314413 1.197816   1   1  -1 
2456115.815540 1.369890 0.206293 -10474.774807 0.388096 -10476.415733 -0.854581 -10472.842738 -2.786650 0.388096 -1.932069 0.388096 1.197816   1   1  -1 
2456118.809984 4.364334 0.501384 -10471.978956 0.256427 -10476.415733 -0.013942 -10472.820089 0.827191 0.256427 0.841133 0.256427 1.197816   1   1  -1 
2456121.820367 -2.772807 0.798046 -10475.055286 0.705930 -10476.415733 0.656782 -10475.693210 1.294706 0.705930 0.637924 0.705930 1.197816   1   1  -1 
2456149.686124 4.797904 0.544110 -10478.886301 0.422505 -10476.415733 0.140114 -10477.022364 -1.723823 0.422505 -1.863937 0.422505 1.197816   1   1  -1 
2456154.723489 -0.312255 0.040524 -10473.222066 0.432559 -10476.415733 0.074028 -10473.632289 0.484251 0.432559 0.410223 0.432559 1.197816   1   1  -1 
2456154.728442 -0.307302 0.041012 -10472.383548 0.640869 -10476.415733 0.071158 -10473.626970 1.314580 0.640869 1.243422 0.640869 1.197816   1   1  -1 
2456166.527551 1.344284 0.203769 -10482.638275 0.322758 -10476.415733 -0.848428 -10480.644072 -2.842631 0.322758 -1.994203 0.322758 1.197816   1   1  -1 
2456168.609469 3.426202 0.408934 -10483.235121 0.485702 -10476.415733 -0.392529 -10480.346589 -3.281060 0.485702 -2.888532 0.485702 1.197816   1   1  -1 
2456168.615105 3.431838 0.409490 -10482.078140 0.428978 -10476.415733 -0.390151 -10480.340998 -2.127293 0.428978 -1.737142 0.428978 1.197816   1   1  -1 
2456171.510563 -3.820227 0.694826 -10477.310953 0.261955 -10476.415733 0.538652 -10476.506237 -0.266064 0.261955 -0.804716 0.261955 1.197816   1   1  -1 
2456173.694840 -1.635950 0.910078 -10472.314153 0.435027 -10476.415733 0.580425 -10474.445532 2.711804 0.435027 2.131379 0.435027 1.197816   1   1  -1 
2456181.612869 -3.865445 0.690370 -10475.571527 0.304713 -10476.415733 0.530427 -10476.635956 1.594856 0.304713 1.064429 0.304713 1.197816   1   1  -1 
2456186.623747 1.145433 0.184173 -10470.871523 0.269145 -10476.415733 -0.786524 -10472.395470 0.737423 0.269145 1.523947 0.269145 1.197816   1   1  -1 
2456189.666838 4.188524 0.484058 -10471.752751 0.854916 -10476.415733 -0.080854 -10472.999433 1.165828 0.854916 1.246682 0.854916 1.197816   1   1  -1 
2456190.592865 -5.032972 0.575315 -10474.982002 0.436640 -10476.415733 0.241878 -10473.565299 -1.174825 0.436640 -1.416703 0.436640 1.197816   1   1  -1 
2456190.598548 -5.027289 0.575875 -10475.915820 0.410184 -10476.415733 0.243617 -10473.569010 -2.103193 0.410184 -2.346810 0.410184 1.197816   1   1  -1 
2456195.586272 -0.039565 0.067396 -10476.324229 0.455921 -10476.415733 -0.092378 -10475.110911 -1.305696 0.455921 -1.213318 0.455921 1.197816   1   1  -1 
2456195.591793 -0.034044 0.067940 -10476.833989 0.456503 -10476.415733 -0.095899 -10475.110092 -1.819796 0.456503 -1.723897 0.456503 1.197816   1   1  -1 
2456198.564091 2.938254 0.360849 -10469.851121 0.593173 -10476.415733 -0.595266 -10472.398230 1.951843 0.593173 2.547109 0.593173 1.197816   1   1  -1 
2456198.569866 2.944029 0.361418 -10469.520142 0.625422 -10476.415733 -0.592950 -10472.390393 2.277301 0.625422 2.870251 0.625422 1.197816   1   1  -1 
2456204.547188 -1.226172 0.950461 -10474.005151 0.390830 -10476.415733 0.479435 -10474.515649 0.989933 0.390830 0.510498 0.390830 1.197816   1   1  -1 
2456205.523197 -0.250163 0.046643 -10476.331744 0.223735 -10476.415733 0.037601 -10476.217515 -0.076628 0.223735 -0.114229 0.223735 1.197816   1   1  -1 
2456208.615737 2.842377 0.351401 -10479.274458 0.471028 -10476.415733 -0.633182 -10478.122414 -1.785227 0.471028 -1.152044 0.471028 1.197816   1   1  -1 
2456209.540800 3.767440 0.442562 -10475.726000 0.526879 -10476.415733 -0.249729 -10477.022519 1.046790 0.526879 1.296519 0.526879 1.197816   1   1  -1 
2456210.532155 4.758795 0.540256 -10475.727704 0.432092 -10476.415733 0.126898 -10475.283977 -0.316830 0.432092 -0.443727 0.432092 1.197816   1   1  -1 
2456212.523498 -3.397386 0.736496 -10470.032065 0.239792 -10476.415733 0.603773 -10470.784953 1.356661 0.239792 0.752888 0.239792 1.197816   1   1  -1 
2456217.523649 1.602765 0.229242 -10469.768240 0.370476 -10476.415733 -0.891195 -10468.290107 -2.369328 0.370476 -1.478133 0.370476 1.197816   1   1  -1 
2456217.529482 1.608598 0.229816 -10468.041405 0.361734 -10476.415733 -0.891669 -10468.296091 -0.636983 0.361734 0.254686 0.361734 1.197816   1   1  -1 
2456218.587951 2.667067 0.334125 -10468.491163 0.391645 -10476.415733 -0.699223 -10469.396835 0.206448 0.391645 0.905672 0.391645 1.197816   1   1  -1 
2456219.500319 3.579435 0.424035 -10469.245686 0.247828 -10476.415733 -0.328032 -10470.471377 0.897659 0.247828 1.225691 0.247828 1.197816   1   1  -1 
2456220.491327 4.570443 0.521695 -10472.137625 0.391613 -10476.415733 0.061325 -10471.759086 -0.317214 0.391613 -0.378539 0.391613 1.197816   1   1  -1 
2456220.514069 4.593185 0.523936 -10472.572915 0.320320 -10476.415733 0.069409 -10471.788790 -0.714717 0.320320 -0.784125 0.320320 1.197816   1   1  -1 
2456409.867093 1.143266 0.183960 -10475.673600 0.617333 -10476.415733 -0.785715 -10476.630263 0.170948 0.617333 0.956663 0.617333 1.197816   1   1  -1 
2456409.872719 1.148892 0.184514 -10476.137178 0.595203 -10476.415733 -0.787809 -10476.633578 -0.291409 0.595203 0.496400 0.595203 1.197816   1   1  -1 
2456416.824768 -2.046583 0.869612 -10472.302186 0.550392 -10476.415733 0.638732 -10471.611756 -0.051697 0.550392 -0.690430 0.550392 1.197816   1   1  -1 
2456416.828565 -2.042786 0.869986 -10470.986675 0.545862 -10476.415733 0.638369 -10471.612207 1.263901 0.545862 0.625532 0.545862 1.197816   1   1  -1 
2456416.832443 -2.038908 0.870369 -10471.882453 0.566830 -10476.415733 0.637995 -10471.612676 0.368218 0.566830 -0.269777 0.566830 1.197816   1   1  -1 
2456432.884915 3.866041 0.452279 -10474.962361 0.393986 -10476.415733 -0.209254 -10474.901182 -0.270433 0.393986 -0.061179 0.393986 1.197816   1   1  -1 
2456432.890124 3.871250 0.452792 -10475.372110 0.450803 -10476.415733 -0.207130 -10474.900389 -0.678851 0.450803 -0.471721 0.450803 1.197816   1   1  -1 
2456433.905268 4.886394 0.552831 -10472.852948 0.738644 -10476.415733 0.169499 -10474.908112 2.224663 0.738644 2.055164 0.738644 1.197816   1   1  -1 
2456433.910395 4.891521 0.553336 -10474.512391 0.801539 -10476.415733 0.171179 -10474.908997 0.567786 0.801539 0.396606 0.801539 1.197816   1   1  -1 
2456434.892458 -4.273940 0.650115 -10475.434897 0.484791 -10476.415733 0.445743 -10475.232844 0.243690 0.484791 -0.202053 0.484791 1.197816   1   1  -1 
2456434.898129 -4.268269 0.650673 -10474.106533 0.468854 -10476.415733 0.447043 -10475.235568 1.576078 0.468854 1.129035 0.468854 1.197816   1   1  -1 
2456437.889188 -1.277210 0.945431 -10477.501611 0.400790 -10476.415733 0.494575 -10477.489215 0.482178 0.400790 -0.012396 0.400790 1.197816   1   1  -1 
2456437.894720 -1.271678 0.945976 -10477.202903 0.367888 -10476.415733 0.492970 -10477.493842 0.783909 0.367888 0.290939 0.367888 1.197816   1   1  -1 
2456438.860772 -0.305626 0.041177 -10477.416873 0.320407 -10476.415733 0.070185 -10478.239799 0.893111 0.320407 0.822926 0.320407 1.197816   1   1  -1 
2456441.860316 2.693918 0.336771 -10477.889690 0.423142 -10476.415733 -0.689438 -10476.715544 -1.863584 0.423142 -1.174146 0.423142 1.197816   1   1  -1 
2456454.832361 -4.629083 0.615117 -10475.281861 0.354619 -10476.415733 0.357617 -10474.308414 -0.615830 0.354619 -0.973447 0.354619 1.197816   1   1  -1 
2456454.837894 -4.623550 0.615662 -10474.118452 0.355826 -10476.415733 0.359090 -10474.302942 0.543579 0.355826 0.184490 0.355826 1.197816   1   1  -1 
2456467.823190 -1.785778 0.895314 -10478.702475 0.627828 -10476.415733 0.606311 -10477.342611 -0.753553 0.627828 -1.359864 0.627828 1.197816   1   1  -1 
2456467.826929 -1.782039 0.895682 -10477.017285 0.556688 -10476.415733 0.605732 -10477.343582 0.932029 0.556688 0.326297 0.556688 1.197816   1   1  -1 
2456467.830702 -1.778266 0.896054 -10477.517838 0.592918 -10476.415733 0.605144 -10477.344559 0.431865 0.592918 -0.173279 0.592918 1.197816   1   1  -1 
2456473.860840 4.251872 0.490301 -10476.447652 0.525661 -10476.415733 -0.056471 -10476.363379 -0.140744 0.525661 -0.084273 0.525661 1.197816   1   1  -1 
2456473.864821 4.255853 0.490693 -10476.577531 0.508451 -10476.415733 -0.054948 -10476.362403 -0.270076 0.508451 -0.215128 0.508451 1.197816   1   1  -1 
2456473.868595 4.259627 0.491065 -10477.152422 0.549460 -10476.415733 -0.053506 -10476.361482 -0.844447 0.549460 -0.790940 0.549460 1.197816   1   1  -1 
2456480.776552 1.020061 0.171818 -10477.791088 0.498216 -10476.415733 -0.735245 -10478.338041 -0.188292 0.498216 0.546953 0.498216 1.197816   1   1  -1 
2456480.782281 1.025790 0.172383 -10479.026503 0.462663 -10476.415733 -0.737781 -10478.338748 -1.425536 0.462663 -0.687755 0.462663 1.197816   1   1  -1 
2456481.631506 1.875015 0.256071 -10479.243238 0.620379 -10476.415733 -0.891545 -10478.035772 -2.099010 0.620379 -1.207466 0.620379 1.197816   1   1  -1 
2456481.637189 1.880698 0.256631 -10479.719427 0.629706 -10476.415733 -0.891101 -10478.030957 -2.579571 0.629706 -1.688470 0.629706 1.197816   1   1  -1 
2456501.599929 1.548391 0.223883 -10471.824389 0.315832 -10476.415733 -0.885747 -10473.054359 0.344223 0.315832 1.229970 0.315832 1.197816   1   1  -1 
2456523.744316 3.397732 0.406129 -10476.503679 0.283739 -10476.415733 -0.404537 -10476.958436 0.050220 0.283739 0.454757 0.283739 1.197816   1   1  -1 
2456524.691276 4.344692 0.499448 -10475.914483 0.351566 -10476.415733 -0.021298 -10476.177220 0.241439 0.351566 0.262737 0.351566 1.197816   1   1  -1 
2456524.696693 4.350109 0.499982 -10476.491657 0.358347 -10476.415733 -0.019266 -10476.171301 -0.339623 0.358347 -0.320356 0.358347 1.197816   1   1  -1 
2456525.743740 -4.750368 0.603164 -10476.578898 0.318867 -10476.415733 0.324562 -10474.762549 -1.491787 0.318867 -1.816349 0.318867 1.197816   1   1  -1 
2456569.534062 -1.550139 0.918535 -10476.206904 0.538465 -10476.415733 0.563045 -10474.448594 -1.195265 0.538465 -1.758310 0.538465 1.197816   1   1  -1 
2456585.564665 4.332940 0.498290 -10473.765867 0.427831 -10476.415733 -0.025714 -10474.581339 0.789758 0.427831 0.815472 0.427831 1.197816   1   1  -1 
2456585.568473 4.336748 0.498665 -10475.180778 0.414412 -10476.415733 -0.024282 -10474.576135 -0.628925 0.414412 -0.604643 0.414412 1.197816   1   1  -1 
2456585.572350 4.340625 0.499047 -10474.743998 0.423051 -10476.415733 -0.022825 -10474.570842 -0.195981 0.423051 -0.173156 0.423051 1.197816   1   1  -1 
2456586.547688 -4.831560 0.595163 -10474.360620 0.464286 -10476.415733 0.301611 -10473.430212 -0.628797 0.464286 -0.930408 0.464286 1.197816   1   1  -1 
2456586.551530 -4.827718 0.595542 -10474.580572 0.496503 -10476.415733 0.302712 -10473.426500 -0.851360 0.496503 -1.154072 0.496503 1.197816   1   1  -1 
2456586.555442 -4.823806 0.595927 -10475.256026 0.515154 -10476.415733 0.303831 -10473.422727 -1.529468 0.515154 -1.833299 0.515154 1.197816   1   1  -1 
2456590.510961 -0.868287 0.985729 -10473.364197 0.683759 -10476.415733 0.351257 -10472.788204 -0.224736 0.683759 -0.575993 0.683759 1.197816   1   1  -1 
2456590.514943 -0.864305 0.986121 -10471.788641 0.761395 -10476.415733 0.349609 -10472.790882 1.351849 0.761395 1.002241 0.761395 1.197816   1   1  -1 
2456590.518611 -0.860637 0.986483 -10472.177822 0.643858 -10476.415733 0.348086 -10472.793355 0.963618 0.643858 0.615533 0.643858 1.197816   1   1  -1 
2456765.917789 2.030644 0.271407 -10478.736988 0.356105 -10476.415733 -0.873376 -10478.126307 -1.484056 0.356105 -0.610681 0.356105 1.197816   1   1  -1 
2456765.923021 2.035876 0.271923 -10479.356033 0.359343 -10476.415733 -0.872557 -10478.126647 -2.101943 0.359343 -1.229386 0.359343 1.197816   1   1  -1 
2456789.854143 -4.475572 0.630245 -10471.510093 0.391560 -10476.415733 0.397314 -10472.044384 0.931605 0.391560 0.534291 0.391560 1.197816   1   1  -1 
2456789.859722 -4.469993 0.630794 -10471.639643 0.405092 -10476.415733 0.398711 -10472.038894 0.797962 0.405092 0.399251 0.405092 1.197816   1   1  -1 
2456806.890179 2.412941 0.309081 -10477.728101 0.424327 -10476.415733 -0.784013 -10477.969534 -0.542580 0.424327 0.241433 0.424327 1.197816   1   1  -1 
2456829.893363 -5.026445 0.575958 -10474.769093 0.272363 -10476.415733 0.243875 -10472.847450 -1.677768 0.272363 -1.921643 0.272363 1.197816   1   1  -1 
2456857.748704 2.533849 0.320996 -10473.725387 0.458440 -10476.415733 -0.745607 -10474.077094 -0.393900 0.458440 0.351707 0.458440 1.197816   1   1  -1 
2456857.754433 2.539578 0.321561 -10473.163228 0.448012 -10476.415733 -0.743694 -10474.071557 0.164635 0.448012 0.908329 0.448012 1.197816   1   1  -1 
2456866.784629 1.422251 0.211453 -10479.134302 0.372433 -10476.415733 -0.865850 -10479.675523 -0.324629 0.372433 0.541221 0.372433 1.197816   1   1  -1 
2456896.727940 0.922992 0.162252 -10476.588857 0.526898 -10476.415733 -0.689637 -10475.602260 -1.676233 0.526898 -0.986597 0.526898 1.197816   1   1  -1 
2456896.733287 0.928339 0.162779 -10476.057196 0.651138 -10476.415733 -0.692274 -10475.601793 -1.147677 0.651138 -0.455403 0.651138 1.197816   1   1  -1 
2457146.919889 -2.573143 0.817722 -10475.918297 0.272209 -10476.415733 0.661285 -10474.634628 -0.622384 0.272209 -1.283669 0.272209 1.197816   1   1  -1 
2457176.844500 -3.091102 0.766679 -10464.313000 0.241278 -10462.427262 0.636693 -10464.015897 0.339590 0.241278 -0.297103 0.241278 1.197816   1   2  -1 
2457180.950532 1.014930 0.171313 -10468.297390 0.305748 -10462.427262 -0.732958 -10469.113068 0.082721 0.305748 0.815678 0.305748 1.197816   1   2  -1 
2457180.956053 1.020451 0.171857 -10469.641714 0.321155 -10462.427262 -0.735418 -10469.117363 -1.259768 0.321155 -0.524351 0.321155 1.197816   1   2  -1 
2457307.523708 -4.329698 0.644620 -10460.965808 0.284606 -10462.427262 0.432778 -10461.347438 0.814408 0.284606 0.381630 0.284606 1.197816   1   2  -1 
2457307.529113 -4.324293 0.645152 -10461.174528 0.295801 -10462.427262 0.434049 -10461.348652 0.608173 0.295801 0.174124 0.295801 1.197816   1   2  -1 
2457879.840329 -0.274385 0.044256 -10463.101417 0.420408 -10462.427262 0.051925 -10462.070360 -0.979132 0.420408 -1.031057 0.420408 1.197816   1   2  -1 
2457968.637355 -2.805069 0.794866 -10461.424457 0.383012 -10462.427262 0.655447 -10462.097854 1.328845 0.383012 0.673397 0.383012 1.197816   1   2  -1 
2460042.883932 1.346744 0.204012 -10467.619651 0.097183 -10468.308668 -0.849037 -10467.572218 -0.896470 0.097183 -0.047433 0.097183 0.633734   0   0  -1 
2460042.889532 1.352344 0.204564 -10467.826807 0.098837 -10468.308668 -0.850410 -10467.571002 -1.106215 0.098837 -0.255805 0.098837 0.633734   0   0  -1 
2460043.870973 2.333785 0.301281 -10467.810891 0.115769 -10468.308668 -0.806880 -10467.296448 -1.321323 0.115769 -0.514443 0.115769 0.633734   0   0  -1 
2460043.876677 2.339489 0.301843 -10467.827764 0.107743 -10468.308668 -0.805299 -10467.294856 -1.338207 0.107743 -0.532908 0.107743 0.633734   0   0  -1 
2460044.793251 3.256063 0.392168 -10466.216747 0.119007 -10468.308668 -0.464210 -10467.137416 0.456459 0.119007 0.920669 0.119007 0.633734   0   0  -1 
2460044.798982 3.261794 0.392733 -10466.355629 0.118254 -10468.308668 -0.461802 -10467.137206 0.319774 0.118254 0.781577 0.118254 0.633734   0   0  -1 
2460045.773704 4.236516 0.488788 -10468.947680 0.263543 -10468.308668 -0.062354 -10467.245802 -1.764232 0.263543 -1.701878 0.263543 0.633734   0   0  -1 
2460045.779649 4.242461 0.489374 -10468.728031 0.178179 -10468.308668 -0.060074 -10467.247245 -1.540860 0.178179 -1.480786 0.178179 0.633734   0   0  -1 
2460046.786658 -4.898053 0.588611 -10466.718679 0.108298 -10468.308668 0.282329 -10467.582704 1.146355 0.108298 0.864025 0.108298 0.633734   0   0  -1 
2460046.792204 -4.892507 0.589157 -10467.571100 0.100449 -10468.308668 0.283954 -10467.584935 0.297789 0.100449 0.013835 0.100449 0.633734   0   0  -1 
2460047.789500 -3.895211 0.687437 -10468.079684 0.107918 -10468.308668 0.524884 -10468.027876 0.473076 0.107918 -0.051808 0.107918 0.633734   0   0  -1 
2460047.795047 -3.889664 0.687983 -10468.412170 0.104000 -10468.308668 0.525924 -10468.030544 0.144298 0.104000 -0.381626 0.104000 0.633734   0   0  -1 
2460048.783364 -2.901347 0.785378 -10468.577566 0.129590 -10468.308668 0.650502 -10468.544642 0.617577 0.129590 -0.032924 0.129590 0.633734   0   0  -1 
2460048.789012 -2.895699 0.785935 -10468.027070 0.120793 -10468.308668 0.650831 -10468.547837 1.171598 0.120793 0.520767 0.120793 0.633734   0   0  -1 
2460049.801102 -1.883609 0.885673 -10468.921797 0.111941 -10468.308668 0.620289 -10469.187832 0.886325 0.111941 0.266035 0.111941 0.633734   0   0  -1 
2460049.806533 -1.878178 0.886208 -10469.044553 0.118675 -10468.308668 0.619572 -10469.191697 0.766716 0.118675 0.147144 0.118675 0.633734   0   0  -1 
2460050.776767 -0.907944 0.981821 -10470.880979 0.110463 -10468.308668 0.367404 -10469.978986 -0.534588 0.110463 -0.901993 0.110463 0.633734   0   0  -1 
2460050.782471 -0.902240 0.982383 -10470.587932 0.106168 -10468.308668 0.365112 -10469.984231 -0.238589 0.106168 -0.603701 0.106168 0.633734   0   0  -1 
2460068.823617 -3.156141 0.760269 -10467.442048 0.125458 -10468.308668 0.630769 -10467.723105 0.911827 0.125458 0.281057 0.125458 0.633734   0   0  -1 
2460068.829253 -3.150505 0.760825 -10468.177705 0.157911 -10468.308668 0.631306 -10467.724636 0.178237 0.157911 -0.453069 0.157911 0.633734   0   0  -1 
2460073.775251 1.795493 0.248234 -10468.691416 0.136518 -10468.308668 -0.895897 -10469.202573 -0.384740 0.136518 0.511157 0.136518 0.633734   0   0  -1 
2460073.780774 1.801016 0.248778 -10468.532442 0.124641 -10468.308668 -0.895709 -10469.203444 -0.224707 0.124641 0.671002 0.124641 0.633734   0   0  -1 
2460076.728213 4.748455 0.539237 -10468.677012 0.126723 -10468.308668 0.123380 -10469.393884 0.840253 0.126723 0.716872 0.126723 0.633734   0   0  -1 
2460076.733797 4.754039 0.539788 -10468.420636 0.121235 -10468.308668 0.125281 -10469.394926 1.099571 0.121235 0.974290 0.121235 0.633734   0   0  -1 
2460077.755001 -4.372280 0.640423 -10469.796842 0.156253 -10468.308668 0.422656 -10469.613700 0.239514 0.156253 -0.183142 0.156253 0.633734   0   0  -1 
2460077.760768 -4.366513 0.640992 -10469.832216 0.150546 -10468.308668 0.424038 -10469.614991 0.206814 0.150546 -0.217225 0.150546 0.633734   0   0  -1 
2460078.818364 -3.308917 0.745214 -10470.121344 0.118065 -10468.308668 0.614571 -10469.820027 0.313254 0.118065 -0.301317 0.118065 0.633734   0   0  -1 
2460078.823976 -3.303305 0.745767 -10470.631326 0.115757 -10468.308668 0.615222 -10469.820837 -0.195267 0.115757 -0.810489 0.115757 0.633734   0   0  -1 
2460079.846559 -2.280722 0.846539 -10469.784428 0.112864 -10468.308668 0.655354 -10469.892660 0.763587 0.112864 0.108232 0.112864 0.633734   0   0  -1 
2460079.852048 -2.275233 0.847080 -10469.613740 0.114319 -10468.308668 0.655091 -10469.892612 0.933962 0.114319 0.278872 0.114319 0.633734   0   0  -1 
2460080.730235 -1.397046 0.933622 -10469.772583 0.121764 -10468.308668 0.527182 -10469.831881 0.586480 0.121764 0.059298 0.121764 0.633734   0   0  -1 
2460080.735864 -1.391417 0.934176 -10469.610615 0.112383 -10468.308668 0.525741 -10469.831210 0.746336 0.112383 0.220595 0.112383 0.633734   0   0  -1 
2460082.755256 0.627975 0.133180 -10469.121371 0.143393 -10468.308668 -0.525266 -10469.419216 -0.227421 0.143393 0.297845 0.143393 0.633734   0   0  -1 
2460082.760842 0.633561 0.133730 -10468.518798 0.129661 -10468.308668 -0.528667 -10469.416799 0.369334 0.129661 0.898001 0.129661 0.633734   0   0  -1 
2460086.748603 4.621322 0.526709 -10463.771857 0.096592 -10468.308668 0.079347 -10464.329705 0.637196 0.096592 0.557848 0.096592 0.633734   0   0  -1 
2460086.754324 4.627043 0.527273 -10464.310069 0.104158 -10468.308668 0.081360 -10464.323713 0.095004 0.104158 0.013644 0.104158 0.633734   0   0  -1 
2460199.601214 -4.296348 0.647906 -10467.857782 0.194625 -10468.308668 0.440572 -10467.926392 0.509183 0.194625 0.068610 0.194625 0.633734   0   0  -1 
2460199.607025 -4.290537 0.648479 -10469.302924 0.190719 -10468.308668 0.441918 -10467.919870 -0.941135 0.190719 -1.383054 0.190719 0.633734   0   0  -1 
2460201.515076 -2.382486 0.836510 -10466.554990 0.136306 -10468.308668 0.659199 -10466.140253 0.244462 0.136306 -0.414737 0.136306 0.633734   0   0  -1 
2460201.520627 -2.376935 0.837057 -10466.389365 0.147106 -10468.308668 0.659040 -10466.136841 0.406515 0.147106 -0.252524 0.147106 0.633734   0   0  -1 
2460202.533617 -1.363945 0.936884 -10465.659465 0.116368 -10468.308668 0.518582 -10465.765846 0.624962 0.116368 0.106381 0.116368 0.633734   0   0  -1 
2460202.539273 -1.358289 0.937441 -10465.508485 0.110234 -10468.308668 0.517081 -10465.765296 0.773893 0.110234 0.256811 0.110234 0.633734   0   0  -1 
2460203.571018 -0.326544 0.039116 -10465.844882 0.168626 -10468.308668 0.082273 -10465.973512 0.210904 0.168626 0.128630 0.168626 0.633734   0   0  -1 
2460203.577196 -0.320366 0.039724 -10465.648256 0.180164 -10468.308668 0.078715 -10465.976566 0.407025 0.180164 0.328310 0.180164 0.633734   0   0  -1 
2460204.530857 0.633295 0.133704 -10467.427115 0.098515 -10468.308668 -0.528506 -10466.617191 -1.338429 0.098515 -0.809924 0.098515 0.633734   0   0  -1 
2460204.536387 0.638825 0.134249 -10466.800940 0.104273 -10468.308668 -0.531864 -10466.621356 -0.711447 0.104273 -0.179584 0.104273 0.633734   0   0  -1 
2460205.516019 1.618457 0.230788 -10468.149301 0.122140 -10468.308668 -0.892422 -10467.225489 -1.816234 0.122140 -0.923812 0.122140 0.633734   0   0  -1 
2460205.521490 1.623928 0.231327 -10467.759986 0.108265 -10468.308668 -0.892814 -10467.227774 -1.425025 0.108265 -0.532212 0.108265 0.633734   0   0  -1 
2460206.534104 2.636542 0.331116 -10467.984215 0.123507 -10468.308668 -0.710181 -10467.487364 -1.207032 0.123507 -0.496851 0.123507 0.633734   0   0  -1 
2460206.539634 2.642072 0.331661 -10467.395836 0.112931 -10468.308668 -0.708210 -10467.488279 -0.615766 0.112931 0.092443 0.112931 0.633734   0   0  -1 
2460208.612713 4.715151 0.535955 -10467.863703 0.119086 -10468.308668 0.111986 -10468.017977 0.266259 0.119086 0.154274 0.119086 0.633734   0   0  -1 
2460208.618030 4.720468 0.536479 -10468.124237 0.122661 -10468.308668 0.113811 -10468.020058 0.009632 0.122661 -0.104179 0.122661 0.633734   0   0  -1 
2460209.504007 -4.541078 0.623789 -10468.350357 0.247406 -10468.308668 0.380670 -10468.399484 0.429797 0.247406 0.049127 0.247406 0.633734   0   0  -1 
2460209.509978 -4.535107 0.624378 -10468.742438 0.220522 -10468.308668 0.382206 -10468.402172 0.041940 0.220522 -0.340266 0.220522 0.633734   0   0  -1 
2460210.587394 -3.457691 0.730553 -10468.232795 0.137683 -10468.308668 0.595833 -10468.866751 1.229789 0.137683 0.633956 0.137683 0.633734   0   0  -1 
2460210.593026 -3.452059 0.731108 -10467.916827 0.147704 -10468.308668 0.596594 -10468.868930 1.548697 0.147704 0.952103 0.147704 0.633734   0   0  -1 
2460211.516295 -2.528790 0.822092 -10469.090653 0.190231 -10468.308668 0.661375 -10469.160590 0.731312 0.190231 0.069937 0.190231 0.633734   0   0  -1 
2460211.522268 -2.522817 0.822681 -10468.782398 0.153085 -10468.308668 0.661361 -10469.161998 1.040961 0.153085 0.379600 0.153085 0.633734   0   0  -1 
