# time Tc_folded Tref_folded value value_err offset model full_model val_compare val_compare_err residuals residuals_err jitter jitter_flag offset_flag subset_flag 
2455480.529186 -53.281693 0.418843 -10482.960657 0.485677 -10476.415733 1.580869 -10480.083409 -1.296379 0.485677 -2.877248 0.485677 1.197816   1   1  -1 
2455480.532970 -53.277909 0.418852 -10481.678693 0.440084 -10476.415733 1.580918 -10480.081400 -0.016376 0.440084 -1.597293 0.440084 1.197816   1   1  -1 
2455480.536778 -53.274101 0.418862 -10480.431449 0.465046 -10476.415733 1.580966 -10480.079371 1.228888 0.465046 -0.352078 0.465046 1.197816   1   1  -1 
2455482.554786 -51.256093 0.423956 -10476.128743 0.353905 -10476.415733 1.605804 -10478.072701 3.549762 0.353905 1.943958 0.353905 1.197816   1   1  -1 
2455484.542056 -49.268823 0.428972 -10475.755433 0.514319 -10476.415733 1.628065 -10475.431752 1.304384 0.514319 -0.323681 0.514319 1.197816   1   1  -1 
2455484.545828 -49.265051 0.428981 -10473.332240 0.532707 -10476.415733 1.628105 -10475.428019 3.723883 0.532707 2.095779 0.532707 1.197816   1   1  -1 
2455484.549671 -49.261208 0.428991 -10474.438386 0.508347 -10476.415733 1.628145 -10475.424224 2.613983 0.508347 0.985838 0.508347 1.197816   1   1  -1 
2455485.527184 -48.283695 0.431458 -10473.605978 0.432034 -10476.415733 1.638170 -10474.767657 2.799849 0.432034 1.161679 0.432034 1.197816   1   1  -1 
2455485.532971 -48.277908 0.431473 -10471.997247 0.445706 -10476.415733 1.638228 -10474.765531 4.406512 0.445706 2.768284 0.445706 1.197816   1   1  -1 
2455487.543214 -46.267665 0.436547 -10473.844627 0.404437 -10476.415733 1.656654 -10474.410461 2.222487 0.404437 0.565834 0.404437 1.197816   1   1  -1 
2455487.548897 -46.261982 0.436561 -10473.904015 0.401767 -10476.415733 1.656701 -10474.409814 2.162500 0.401767 0.505799 0.401767 1.197816   1   1  -1 
2455493.544252 -40.266627 0.451695 -10479.814585 0.396600 -10476.415733 1.689622 -10479.031369 0.906406 0.396600 -0.783216 0.396600 1.197816   1   1  -1 
2455493.550478 -40.260401 0.451710 -10480.900282 0.405220 -10476.415733 1.689635 -10479.038677 -0.171970 0.405220 -1.861605 0.405220 1.197816   1   1  -1 
2455495.535877 -38.275002 0.456722 -10480.826331 0.401246 -10476.415733 1.691361 -10481.294591 2.159621 0.401246 0.468260 0.401246 1.197816   1   1  -1 
2455495.541664 -38.269215 0.456736 -10480.647538 0.425418 -10476.415733 1.691358 -10481.300515 2.344335 0.425418 0.652977 0.425418 1.197816   1   1  -1 
2455498.517820 -35.293059 0.464249 -10479.650410 0.663846 -10476.415733 1.683215 -10481.211923 3.244728 0.663846 1.561513 0.663846 1.197816   1   1  -1 
2455498.523445 -35.287434 0.464263 -10478.978096 0.600098 -10476.415733 1.683186 -10481.206773 3.911863 0.600098 2.228677 0.600098 1.197816   1   1  -1 
2455500.544007 -33.266872 0.469363 -10479.588979 0.341836 -10476.415733 1.669311 -10479.455763 1.536095 0.341836 -0.133216 0.341836 1.197816   1   1  -1 
2455500.549389 -33.261490 0.469376 -10479.646223 0.372174 -10476.415733 1.669264 -10479.452098 1.475140 0.372174 -0.194125 0.372174 1.197816   1   1  -1 
2455501.547102 -32.263777 0.471895 -10479.228913 0.302659 -10476.415733 1.659660 -10478.917806 1.348553 0.302659 -0.311107 0.302659 1.197816   1   1  -1 
2455501.552738 -32.258141 0.471909 -10480.110772 0.289222 -10476.415733 1.659600 -10478.915647 0.464476 0.289222 -1.195125 0.289222 1.197816   1   1  -1 
2455505.514789 -28.296090 0.481910 -10479.788974 0.344263 -10476.415733 1.601649 -10480.199762 2.012437 0.344263 0.410788 0.344263 1.197816   1   1  -1 
2455505.520425 -28.290454 0.481924 -10479.398339 0.340728 -10476.415733 1.601543 -10480.206020 2.409224 0.340728 0.807681 0.340728 1.197816   1   1  -1 
2455507.517142 -26.293737 0.486964 -10482.165859 0.264981 -10476.415733 1.559351 -10482.087829 1.481321 0.264981 -0.078030 0.264981 1.197816   1   1  -1 
2455507.522824 -26.288055 0.486978 -10483.868821 0.270208 -10476.415733 1.559218 -10482.090160 -0.219443 0.270208 -1.778661 0.270208 1.197816   1   1  -1 
2455509.518050 -24.292829 0.492015 -10482.136940 0.380261 -10476.415733 1.507762 -10481.934318 1.305139 0.380261 -0.202622 0.380261 1.197816   1   1  -1 
2455509.523524 -24.287355 0.492028 -10481.842165 0.354765 -10476.415733 1.507608 -10481.931589 1.597032 0.354765 0.089424 0.354765 1.197816   1   1  -1 
2455511.516449 -22.294430 0.497059 -10481.051242 0.398498 -10476.415733 1.446685 -10480.077476 0.472919 0.398498 -0.973766 0.398498 1.197816   1   1  -1 
2455511.521935 -22.288944 0.497073 -10481.318563 0.396662 -10476.415733 1.446504 -10480.070201 0.198142 0.396662 -1.248362 0.396662 1.197816   1   1  -1 
2455513.504562 -20.306317 0.502077 -10476.804338 0.418335 -10476.415733 1.376409 -10477.170749 1.742820 0.418335 0.366411 0.418335 1.197816   1   1  -1 
2455513.510244 -20.300635 0.502091 -10476.668251 0.441085 -10476.415733 1.376195 -10477.162728 1.870672 0.441085 0.494477 0.441085 1.197816   1   1  -1 
2455514.505835 -19.305044 0.504605 -10478.206203 0.335906 -10476.415733 1.337476 -10475.926486 -0.942241 0.335906 -2.279717 0.335906 1.197816   1   1  -1 
2455514.511356 -19.299523 0.504618 -10477.524806 0.341716 -10476.415733 1.337255 -10475.920820 -0.266732 0.341716 -1.603986 0.341716 1.197816   1   1  -1 
2455519.503938 -14.306941 0.517220 -10474.517329 0.516685 -10476.415733 1.110168 -10474.482567 1.075406 0.516685 -0.034762 0.516685 1.197816   1   1  -1 
2455519.508811 -14.302068 0.517233 -10473.971305 0.498073 -10476.415733 1.109922 -10474.483253 1.621870 0.498073 0.511948 0.498073 1.197816   1   1  -1 
2455523.508036 -10.302843 0.527327 -10476.567096 0.414917 -10476.415733 0.895056 -10476.612624 0.940584 0.414917 0.045528 0.414917 1.197816   1   1  -1 
2455523.513036 -10.297843 0.527340 -10476.426565 0.432885 -10476.415733 0.894774 -10476.615064 1.083273 0.432885 0.188499 0.432885 1.197816   1   1  -1 
2455524.521481 -9.289398 0.529885 -10476.409103 0.333974 -10476.415733 0.837295 -10477.012279 1.440472 0.333974 0.603176 0.333974 1.197816   1   1  -1 
2455524.526446 -9.284433 0.529898 -10475.818731 0.339194 -10476.415733 0.837010 -10477.013836 2.032114 0.339194 1.195105 0.339194 1.197816   1   1  -1 
2455653.900831 120.089952 0.856457 -10479.122782 0.372304 -10476.415733 -0.880227 -10478.447081 -1.555928 0.372304 -0.675701 0.372304 1.197816   1   1  -1 
2455653.906410 120.095531 0.856471 -10477.502514 0.368097 -10476.415733 -0.880191 -10478.443875 0.061170 0.368097 0.941361 0.368097 1.197816   1   1  -1 
2455654.900357 121.089478 0.858980 -10477.529507 0.407058 -10476.415733 -0.873764 -10477.769462 -0.633810 0.407058 0.239955 0.407058 1.197816   1   1  -1 
2455654.905936 121.095057 0.858994 -10476.951630 0.365708 -10476.415733 -0.873728 -10477.765378 -0.059980 0.365708 0.813748 0.365708 1.197816   1   1  -1 
2455657.909222 124.098343 0.866575 -10477.608535 0.302855 -10476.415733 -0.854051 -10477.029564 -1.433023 0.302855 -0.578971 0.302855 1.197816   1   1  -1 
2455657.914813 124.103934 0.866589 -10478.050098 0.315866 -10476.415733 -0.854015 -10477.032654 -1.871459 0.315866 -1.017444 0.315866 1.197816   1   1  -1 
2455659.907949 126.097070 0.871620 -10477.046490 0.384743 -10476.415733 -0.840750 -10478.260691 0.373451 0.384743 1.214201 0.384743 1.197816   1   1  -1 
2455659.913540 126.102661 0.871634 -10478.198534 0.401510 -10476.415733 -0.840713 -10478.263254 -0.775993 0.401510 0.064720 0.401510 1.197816   1   1  -1 
2455660.901884 127.091005 0.874129 -10478.330760 0.251174 -10476.415733 -0.834076 -10478.735765 -0.429071 0.251174 0.405005 0.251174 1.197816   1   1  -1 
2455662.902485 129.091606 0.879178 -10478.461597 0.474458 -10476.415733 -0.820527 -10480.385590 1.103466 0.474458 1.923993 0.474458 1.197816   1   1  -1 
2455662.908180 129.097301 0.879193 -10479.019990 0.454621 -10476.415733 -0.820488 -10480.391747 0.551268 0.454621 1.371757 0.454621 1.197816   1   1  -1 
2455663.839263 130.028384 0.881543 -10481.021871 0.868606 -10476.415733 -0.814131 -10481.464633 -0.371369 0.868606 0.442762 0.868606 1.197816   1   1  -1 
2455672.897729 139.086850 0.904408 -10477.289791 0.326960 -10476.415733 -0.750665 -10478.229557 0.189100 0.326960 0.939766 0.326960 1.197816   1   1  -1 
2455672.902775 139.091896 0.904421 -10477.128218 0.300639 -10476.415733 -0.750629 -10478.225183 0.346336 0.300639 1.096965 0.300639 1.197816   1   1  -1 
2455675.905453 142.094574 0.912000 -10479.983143 0.211350 -10476.415733 -0.728981 -10478.021609 -2.690515 0.211350 -1.961534 0.211350 1.197816   1   1  -1 
2455679.879903 146.069024 0.922032 -10481.249420 0.252289 -10476.415733 -0.699886 -10481.950398 0.001092 0.252289 0.700978 0.252289 1.197816   1   1  -1 
2455679.885123 146.074244 0.922045 -10482.070814 0.256851 -10476.415733 -0.699848 -10481.950816 -0.819846 0.256851 -0.119998 0.256851 1.197816   1   1  -1 
2455712.893679 179.082800 0.005363 -10477.596372 0.280177 -10476.415733 -0.440016 -10477.435892 -0.600496 0.280177 -0.160480 0.280177 1.197816   1   1  -1 
2455715.864679 182.053800 0.012862 -10473.715742 0.681733 -10476.415733 -0.415046 -10474.387283 0.256495 0.681733 0.671541 0.681733 1.197816   1   1  -1 
2455715.867376 182.056497 0.012869 -10473.898980 0.709421 -10476.415733 -0.415023 -10474.386733 0.072729 0.709421 0.487753 0.709421 1.197816   1   1  -1 
2455715.869992 182.059113 0.012876 -10473.445162 0.718389 -10476.415733 -0.415001 -10474.386203 0.526040 0.718389 0.941041 0.718389 1.197816   1   1  -1 
2455715.872747 182.061868 0.012883 -10473.903696 0.742414 -10476.415733 -0.414978 -10474.385650 0.066976 0.742414 0.481954 0.742414 1.197816   1   1  -1 
2455727.859452 194.048573 0.043139 -10475.357665 0.528199 -10476.415733 -0.311375 -10476.210322 0.541283 0.528199 0.852657 0.528199 1.197816   1   1  -1 
2455727.863145 194.052266 0.043148 -10476.960737 0.516663 -10476.415733 -0.311342 -10476.209022 -1.063057 0.516663 -0.751715 0.516663 1.197816   1   1  -1 
2455727.866953 194.056074 0.043158 -10477.060026 0.559742 -10476.415733 -0.311309 -10476.207692 -1.163642 0.559742 -0.852334 0.559742 1.197816   1   1  -1 
2455735.809170 -194.176214 0.063205 -10480.718295 0.263016 -10476.415733 -0.240030 -10480.752286 -0.206039 0.263016 0.033991 0.263016 1.197816   1   1  -1 
2455754.777241 -175.208143 0.111083 -10475.455016 0.545675 -10476.415733 -0.060201 -10477.105306 1.590089 0.545675 1.650290 0.545675 1.197816   1   1  -1 
2455755.755721 -174.229663 0.113553 -10477.021535 0.384396 -10476.415733 -0.050522 -10475.744075 -1.327982 0.384396 -1.277460 0.384396 1.197816   1   1  -1 
2455769.736300 -160.249084 0.148842 -10478.718338 0.338766 -10476.415733 0.092657 -10480.512101 1.886419 0.338766 1.793763 0.338766 1.197816   1   1  -1 
2455769.742075 -160.243309 0.148857 -10479.209949 0.385157 -10476.415733 0.092718 -10480.508227 1.390995 0.385157 1.298278 0.385157 1.197816   1   1  -1 
2455776.628483 -153.356901 0.166239 -10477.854877 0.356174 -10476.415733 0.166886 -10477.024494 -0.663497 0.356174 -0.830383 0.356174 1.197816   1   1  -1 
2455782.624998 -147.360386 0.181375 -10477.234320 0.380536 -10476.415733 0.233638 -10478.137519 1.136837 0.380536 0.903199 0.380536 1.197816   1   1  -1 
2455784.737667 -145.247717 0.186708 -10473.119634 0.272683 -10476.415733 0.257664 -10475.140274 2.278304 0.272683 2.020640 0.272683 1.197816   1   1  -1 
2455801.526698 -128.458686 0.229085 -10477.714254 0.636570 -10476.415733 0.458952 -10478.322634 1.067332 0.636570 0.608380 0.636570 1.197816   1   1  -1 
2455801.531628 -128.453756 0.229098 -10478.348482 0.588581 -10476.415733 0.459014 -10478.323427 0.433960 0.588581 -0.025055 0.588581 1.197816   1   1  -1 
2455804.632333 -125.353051 0.236924 -10479.889141 0.560283 -10476.415733 0.498368 -10478.276543 -1.114230 0.560283 -1.612598 0.560283 1.197816   1   1  -1 
2455804.637669 -125.347715 0.236938 -10479.356651 0.516075 -10476.415733 0.498437 -10478.276939 -0.581275 0.516075 -1.079712 0.516075 1.197816   1   1  -1 
2455807.626267 -122.359117 0.244482 -10477.952953 0.482855 -10476.415733 0.537062 -10478.785824 1.369934 0.482855 0.832871 0.482855 1.197816   1   1  -1 
2455807.631162 -122.354222 0.244494 -10477.762393 0.443292 -10476.415733 0.537126 -10478.786894 1.561627 0.443292 1.024501 0.443292 1.197816   1   1  -1 
2455810.581550 -119.403834 0.251941 -10481.002505 0.377097 -10476.415733 0.575946 -10479.503188 -0.923371 0.377097 -1.499317 0.377097 1.197816   1   1  -1 
2455810.586723 -119.398661 0.251954 -10480.282556 0.398696 -10476.415733 0.576014 -10479.503735 -0.202806 0.398696 -0.778821 0.398696 1.197816   1   1  -1 
2455816.587002 -113.398382 0.267100 -10476.284284 0.479893 -10476.415733 0.657138 -10476.377934 0.750787 0.479893 0.093650 0.479893 1.197816   1   1  -1 
2455816.590578 -113.394806 0.267109 -10475.380232 0.444942 -10476.415733 0.657187 -10476.378161 1.655116 0.444942 0.997929 0.444942 1.197816   1   1  -1 
2455816.594154 -113.391230 0.267118 -10476.257023 0.438232 -10476.415733 0.657236 -10476.378392 0.778605 0.438232 0.121369 0.438232 1.197816   1   1  -1 
2455834.622073 -95.363311 0.312623 -10480.909706 0.288686 -10476.415733 0.919342 -10481.434965 1.444601 0.288686 0.525259 0.288686 1.197816   1   1  -1 
2455834.627593 -95.357791 0.312637 -10481.704100 0.288262 -10476.415733 0.919427 -10481.438517 0.653844 0.288262 -0.265583 0.288262 1.197816   1   1  -1 
2455836.585712 -93.399672 0.317579 -10482.497452 0.340261 -10476.415733 0.949560 -10481.892098 0.344206 0.340261 -0.605354 0.340261 1.197816   1   1  -1 
2455836.591440 -93.393944 0.317594 -10483.216344 0.339568 -10476.415733 0.949648 -10481.890591 -0.376104 0.339568 -1.325753 0.339568 1.197816   1   1  -1 
2455839.585007 -90.400377 0.325150 -10480.984122 0.455066 -10476.415733 0.996310 -10479.069530 -0.918282 0.455066 -1.914592 0.455066 1.197816   1   1  -1 
2455839.590794 -90.394590 0.325165 -10480.862232 0.459884 -10476.415733 0.996401 -10479.061887 -0.803944 0.459884 -1.800345 0.459884 1.197816   1   1  -1 
2455842.549547 -87.435837 0.332633 -10475.984718 0.533150 -10476.415733 1.043188 -10475.371200 0.429670 0.533150 -0.613518 0.533150 1.197816   1   1  -1 
2455842.555033 -87.430351 0.332647 -10475.769563 0.436601 -10476.415733 1.043275 -10475.363781 0.637493 0.436601 -0.405782 0.436601 1.197816   1   1  -1 
2455845.575633 -84.409751 0.340271 -10472.970844 0.533869 -10476.415733 1.091663 -10473.040349 1.161168 0.533869 0.069505 0.533869 1.197816   1   1  -1 
2455845.581258 -84.404126 0.340285 -10473.156417 0.461200 -10476.415733 1.091754 -10473.039984 0.975320 0.461200 -0.116433 0.461200 1.197816   1   1  -1 
2455870.498785 -59.486599 0.403181 -10481.818484 0.365314 -10476.415733 1.494036 -10480.449855 0.125407 0.365314 -1.368629 0.365314 1.197816   1   1  -1 
2455870.504422 -59.480962 0.403195 -10481.151885 0.359240 -10476.415733 1.494120 -10480.444210 0.786445 0.359240 -0.707675 0.359240 1.197816   1   1  -1 
2455874.532217 -55.453167 0.413362 -10477.728868 0.513797 -10476.415733 1.552041 -10476.810004 0.633177 0.513797 -0.918864 0.513797 1.197816   1   1  -1 
2455874.537437 -55.447947 0.413375 -10475.674380 0.695338 -10476.415733 1.552113 -10476.806467 2.684200 0.695338 1.132087 0.695338 1.197816   1   1  -1 
2455878.549549 -51.435835 0.423502 -10474.975638 0.680478 -10476.415733 1.603677 -10476.186705 2.814744 0.680478 1.211067 0.680478 1.197816   1   1  -1 
2455878.554965 -51.430419 0.423516 -10473.200640 0.660711 -10476.415733 1.603741 -10476.187298 4.590399 0.660711 2.986658 0.660711 1.197816   1   1  -1 
2456020.892743 90.907359 0.782796 -10474.892081 0.400252 -10476.415733 -1.044023 -10476.885578 0.949473 0.400252 1.993497 0.400252 1.197816   1   1  -1 
2456020.898160 90.912776 0.782810 -10474.995167 0.390725 -10476.415733 -1.043999 -10476.891580 0.852414 0.390725 1.896413 0.390725 1.197816   1   1  -1 
2456022.889397 92.904013 0.787836 -10478.871489 0.497344 -10476.415733 -1.034787 -10479.407340 -0.498936 0.497344 0.535851 0.497344 1.197816   1   1  -1 
2456022.894884 92.909500 0.787850 -10479.815426 0.556527 -10476.415733 -1.034762 -10479.414544 -1.435644 0.556527 -0.400882 0.556527 1.197816   1   1  -1 
2456024.891353 94.905969 0.792889 -10480.979281 0.428656 -10476.415733 -1.025161 -10480.840416 -1.164026 0.428656 -0.138865 0.428656 1.197816   1   1  -1 
2456024.897048 94.911664 0.792903 -10480.604419 0.407038 -10476.415733 -1.025133 -10480.838861 -0.790692 0.407038 0.234442 0.407038 1.197816   1   1  -1 
2456028.922257 98.936873 0.803064 -10477.908590 0.345283 -10476.415733 -1.004757 -10476.749594 -2.163753 0.345283 -1.158996 0.345283 1.197816   1   1  -1 
2456029.892891 99.907507 0.805514 -10478.166891 0.543499 -10476.415733 -0.999654 -10476.257291 -2.909255 0.543499 -1.909600 0.543499 1.197816   1   1  -1 
2456029.898354 99.912970 0.805527 -10478.569496 0.519266 -10476.415733 -0.999625 -10476.255803 -3.313318 0.519266 -2.313693 0.519266 1.197816   1   1  -1 
2456031.852968 101.867584 0.810461 -10477.024746 0.408809 -10476.415733 -0.989139 -10476.737016 -1.276870 0.408809 -0.287730 0.408809 1.197816   1   1  -1 
2456052.857065 122.871681 0.863478 -10480.793021 0.406318 -10476.415733 -0.862134 -10479.698051 -1.957104 0.406318 -1.094970 0.406318 1.197816   1   1  -1 
2456052.862482 122.877098 0.863492 -10480.156970 0.393840 -10476.415733 -0.862099 -10479.699878 -1.319190 0.393840 -0.457092 0.393840 1.197816   1   1  -1 
2456053.851639 123.866255 0.865989 -10480.816786 0.437473 -10476.415733 -0.855586 -10479.824133 -1.848238 0.437473 -0.992653 0.437473 1.197816   1   1  -1 
2456053.857114 123.871730 0.866003 -10476.986852 0.414343 -10476.415733 -0.855549 -10479.823448 1.981047 0.414343 2.836596 0.414343 1.197816   1   1  -1 
2456054.839916 124.854532 0.868483 -10479.578072 0.266506 -10476.415733 -0.849038 -10479.322800 -1.104310 0.266506 -0.255272 0.266506 1.197816   1   1  -1 
2456055.886865 125.901481 0.871126 -10478.308216 0.254853 -10476.415733 -0.842059 -10477.907318 -1.242957 0.254853 -0.400898 0.254853 1.197816   1   1  -1 
2456056.818146 126.832762 0.873477 -10476.145121 0.446651 -10476.415733 -0.835814 -10476.370760 -0.610174 0.446651 0.225639 0.446651 1.197816   1   1  -1 
2456056.823714 126.838330 0.873491 -10476.399813 0.406993 -10476.415733 -0.835776 -10476.361974 -0.873615 0.406993 -0.037839 0.406993 1.197816   1   1  -1 
2456078.843392 148.858008 0.929072 -10475.070920 0.323779 -10476.415733 -0.679177 -10477.340881 1.590783 0.323779 2.269961 0.323779 1.197816   1   1  -1 
2456078.849075 148.863691 0.929086 -10475.406297 0.316487 -10476.415733 -0.679135 -10477.341999 1.256567 0.316487 1.935702 0.316487 1.197816   1   1  -1 
2456081.832748 151.847364 0.936617 -10477.091748 0.398009 -10476.415733 -0.656720 -10477.279459 -0.469008 0.398009 0.187711 0.398009 1.197816   1   1  -1 
2456081.838651 151.853267 0.936632 -10477.350415 0.323723 -10476.415733 -0.656675 -10477.277011 -0.730079 0.323723 -0.073404 0.323723 1.197816   1   1  -1 
2456085.820521 155.835137 0.946683 -10474.269371 0.439249 -10476.415733 -0.626347 -10474.905819 0.010101 0.439249 0.636448 0.439249 1.197816   1   1  -1 
2456085.826250 155.840866 0.946697 -10473.694203 0.458936 -10476.415733 -0.626303 -10474.900674 0.580168 0.458936 1.206471 0.458936 1.197816   1   1  -1 
2456088.742747 158.757363 0.954059 -10472.336592 0.274700 -10476.415733 -0.603793 -10473.188251 0.247866 0.274700 0.851659 0.274700 1.197816   1   1  -1 
2456092.900369 162.914985 0.964553 -10477.981567 0.314413 -10476.415733 -0.571276 -10476.981880 -1.570963 0.314413 -0.999687 0.314413 1.197816   1   1  -1 
2456115.815540 185.830156 0.022395 -10474.774807 0.388096 -10476.415733 -0.382913 -10472.842738 -2.314982 0.388096 -1.932069 0.388096 1.197816   1   1  -1 
2456118.809984 188.824600 0.029953 -10471.978956 0.256427 -10476.415733 -0.357086 -10472.820089 0.484047 0.256427 0.841133 0.256427 1.197816   1   1  -1 
2456121.820367 191.834983 0.037552 -10475.055286 0.705930 -10476.415733 -0.330855 -10475.693210 0.307069 0.705930 0.637924 0.705930 1.197816   1   1  -1 
2456149.686124 -176.473764 0.107889 -10478.886301 0.422505 -10476.415733 -0.072659 -10477.022364 -1.936596 0.422505 -1.863937 0.422505 1.197816   1   1  -1 
2456154.723489 -171.436399 0.120604 -10473.222066 0.432559 -10476.415733 -0.022654 -10473.632289 0.387568 0.432559 0.410223 0.432559 1.197816   1   1  -1 
2456154.728442 -171.431446 0.120616 -10472.383548 0.640869 -10476.415733 -0.022604 -10473.626970 1.220817 0.640869 1.243422 0.640869 1.197816   1   1  -1 
2456166.527551 -159.632337 0.150399 -10482.638275 0.322758 -10476.415733 0.099196 -10480.644072 -1.895008 0.322758 -1.994203 0.322758 1.197816   1   1  -1 
2456168.609469 -157.550419 0.155654 -10483.235121 0.485702 -10476.415733 0.121417 -10480.346589 -2.767115 0.485702 -2.888532 0.485702 1.197816   1   1  -1 
2456168.615105 -157.544783 0.155668 -10482.078140 0.428978 -10476.415733 0.121477 -10480.340998 -1.615665 0.428978 -1.737142 0.428978 1.197816   1   1  -1 
2456171.510563 -154.649325 0.162977 -10477.310953 0.261955 -10476.415733 0.152770 -10476.506237 -0.651946 0.261955 -0.804716 0.261955 1.197816   1   1  -1 
2456173.694840 -152.465048 0.168490 -10472.314153 0.435027 -10476.415733 0.176683 -10474.445532 2.308062 0.435027 2.131379 0.435027 1.197816   1   1  -1 
2456181.612869 -144.547019 0.188476 -10475.571527 0.304713 -10476.415733 0.265693 -10476.635956 1.330122 0.304713 1.064429 0.304713 1.197816   1   1  -1 
2456186.623747 -139.536141 0.201124 -10470.871523 0.269145 -10476.415733 0.324018 -10472.395470 1.847965 0.269145 1.523947 0.269145 1.197816   1   1  -1 
2456189.666838 -136.493050 0.208806 -10471.752751 0.854916 -10476.415733 0.360239 -10472.999433 1.606920 0.854916 1.246682 0.854916 1.197816   1   1  -1 
2456190.592865 -135.567023 0.211143 -10474.982002 0.436640 -10476.415733 0.371385 -10473.565299 -1.045318 0.436640 -1.416703 0.436640 1.197816   1   1  -1 
2456190.598548 -135.561340 0.211157 -10475.915820 0.410184 -10476.415733 0.371454 -10473.569010 -1.975357 0.410184 -2.346810 0.410184 1.197816   1   1  -1 
2456195.586272 -130.573616 0.223747 -10476.324229 0.455921 -10476.415733 0.432520 -10475.110911 -0.780798 0.455921 -1.213318 0.455921 1.197816   1   1  -1 
2456195.591793 -130.568095 0.223761 -10476.833989 0.456503 -10476.415733 0.432588 -10475.110092 -1.291308 0.456503 -1.723897 0.456503 1.197816   1   1  -1 
2456198.564091 -127.595797 0.231263 -10469.851121 0.593173 -10476.415733 0.469831 -10472.398230 3.016940 0.593173 2.547109 0.593173 1.197816   1   1  -1 
2456198.569866 -127.590022 0.231278 -10469.520142 0.625422 -10476.415733 0.469904 -10472.390393 3.340156 0.625422 2.870251 0.625422 1.197816   1   1  -1 
2456204.547188 -121.612700 0.246366 -10474.005151 0.390830 -10476.415733 0.546818 -10474.515649 1.057316 0.390830 0.510498 0.390830 1.197816   1   1  -1 
2456205.523197 -120.636691 0.248829 -10476.331744 0.223735 -10476.415733 0.559640 -10476.217515 0.445412 0.223735 -0.114229 0.223735 1.197816   1   1  -1 
2456208.615737 -117.544151 0.256635 -10479.274458 0.471028 -10476.415733 0.600772 -10478.122414 -0.551272 0.471028 -1.152044 0.471028 1.197816   1   1  -1 
2456209.540800 -116.619088 0.258970 -10475.726000 0.526879 -10476.415733 0.613226 -10477.022519 1.909745 0.526879 1.296519 0.526879 1.197816   1   1  -1 
2456210.532155 -115.627733 0.261473 -10475.727704 0.432092 -10476.415733 0.626651 -10475.283977 0.182924 0.432092 -0.443727 0.432092 1.197816   1   1  -1 
2456212.523498 -113.636390 0.266499 -10470.032065 0.239792 -10476.415733 0.653863 -10470.784953 1.406751 0.239792 0.752888 0.239792 1.197816   1   1  -1 
2456217.523649 -108.636239 0.279120 -10469.768240 0.370476 -10476.415733 0.723661 -10468.290107 -0.754472 0.370476 -1.478133 0.370476 1.197816   1   1  -1 
2456217.529482 -108.630406 0.279135 -10468.041405 0.361734 -10476.415733 0.723744 -10468.296091 0.978430 0.361734 0.254686 0.361734 1.197816   1   1  -1 
2456218.587951 -107.571937 0.281806 -10468.491163 0.391645 -10476.415733 0.738793 -10469.396835 1.644464 0.391645 0.905672 0.391645 1.197816   1   1  -1 
2456219.500319 -106.659569 0.284109 -10469.245686 0.247828 -10476.415733 0.751842 -10470.471377 1.977533 0.247828 1.225691 0.247828 1.197816   1   1  -1 
2456220.491327 -105.668561 0.286611 -10472.137625 0.391613 -10476.415733 0.766097 -10471.759086 0.387558 0.391613 -0.378539 0.391613 1.197816   1   1  -1 
2456220.514069 -105.645819 0.286668 -10472.572915 0.320320 -10476.415733 0.766425 -10471.788790 -0.017700 0.320320 -0.784125 0.320320 1.197816   1   1  -1 
2456409.867093 83.707205 0.764622 -10475.673600 0.617333 -10476.415733 -1.073910 -10476.630263 -0.117247 0.617333 0.956663 0.617333 1.197816   1   1  -1 
2456409.872719 83.712831 0.764636 -10476.137178 0.595203 -10476.415733 -1.073889 -10476.633578 -0.577489 0.595203 0.496400 0.595203 1.197816   1   1  -1 
2456416.824768 90.664880 0.782184 -10472.302186 0.550392 -10476.415733 -1.045119 -10471.611756 -1.735549 0.550392 -0.690430 0.550392 1.197816   1   1  -1 
2456416.828565 90.668677 0.782194 -10470.986675 0.545862 -10476.415733 -1.045102 -10471.612207 -0.419570 0.545862 0.625532 0.545862 1.197816   1   1  -1 
2456416.832443 90.672555 0.782203 -10471.882453 0.566830 -10476.415733 -1.045085 -10471.612676 -1.314862 0.566830 -0.269777 0.566830 1.197816   1   1  -1 
2456432.884915 106.725027 0.822722 -10474.962361 0.393986 -10476.415733 -0.961958 -10474.901182 -1.023137 0.393986 -0.061179 0.393986 1.197816   1   1  -1 
2456432.890124 106.730236 0.822735 -10475.372110 0.450803 -10476.415733 -0.961928 -10474.900389 -1.433649 0.450803 -0.471721 0.450803 1.197816   1   1  -1 
2456433.905268 107.745380 0.825298 -10472.852948 0.738644 -10476.415733 -0.956059 -10474.908112 1.099105 0.738644 2.055164 0.738644 1.197816   1   1  -1 
2456433.910395 107.750507 0.825311 -10474.512391 0.801539 -10476.415733 -0.956029 -10474.908997 -0.559423 0.801539 0.396606 0.801539 1.197816   1   1  -1 
2456434.892458 108.732570 0.827789 -10475.434897 0.484791 -10476.415733 -0.950293 -10475.232844 -1.152346 0.484791 -0.202053 0.484791 1.197816   1   1  -1 
2456434.898129 108.738241 0.827804 -10474.106533 0.468854 -10476.415733 -0.950260 -10475.235568 0.178775 0.468854 1.129035 0.468854 1.197816   1   1  -1 
2456437.889188 111.729300 0.835354 -10477.501611 0.400790 -10476.415733 -0.932451 -10477.489215 -0.944847 0.400790 -0.012396 0.400790 1.197816   1   1  -1 
2456437.894720 111.734832 0.835368 -10477.202903 0.367888 -10476.415733 -0.932417 -10477.493842 -0.641478 0.367888 0.290939 0.367888 1.197816   1   1  -1 
2456438.860772 112.700884 0.837806 -10477.416873 0.320407 -10476.415733 -0.926561 -10478.239799 -0.103635 0.320407 0.822926 0.320407 1.197816   1   1  -1 
2456441.860316 115.700428 0.845377 -10477.889690 0.423142 -10476.415733 -0.908070 -10476.715544 -2.082216 0.423142 -1.174146 0.423142 1.197816   1   1  -1 
2456454.832361 128.672473 0.878121 -10475.281861 0.354619 -10476.415733 -0.823378 -10474.308414 -1.796826 0.354619 -0.973447 0.354619 1.197816   1   1  -1 
2456454.837894 128.678006 0.878134 -10474.118452 0.355826 -10476.415733 -0.823341 -10474.302942 -0.638851 0.355826 0.184490 0.355826 1.197816   1   1  -1 
2456467.823190 141.663302 0.910911 -10478.702475 0.627828 -10476.415733 -0.732108 -10477.342611 -2.091972 0.627828 -1.359864 0.627828 1.197816   1   1  -1 
2456467.826929 141.667041 0.910921 -10477.017285 0.556688 -10476.415733 -0.732081 -10477.343582 -0.405784 0.556688 0.326297 0.556688 1.197816   1   1  -1 
2456467.830702 141.670814 0.910930 -10477.517838 0.592918 -10476.415733 -0.732054 -10477.344559 -0.905333 0.592918 -0.173279 0.592918 1.197816   1   1  -1 
2456473.860840 147.700952 0.926151 -10476.447652 0.525661 -10476.415733 -0.687798 -10476.363379 -0.772071 0.525661 -0.084273 0.525661 1.197816   1   1  -1 
2456473.864821 147.704933 0.926161 -10476.577531 0.508451 -10476.415733 -0.687768 -10476.362403 -0.902896 0.508451 -0.215128 0.508451 1.197816   1   1  -1 
2456473.868595 147.708707 0.926171 -10477.152422 0.549460 -10476.415733 -0.687740 -10476.361482 -1.478680 0.549460 -0.790940 0.549460 1.197816   1   1  -1 
2456480.776552 154.616664 0.943607 -10477.791088 0.498216 -10476.415733 -0.635677 -10478.338041 -0.088724 0.498216 0.546953 0.498216 1.197816   1   1  -1 
2456480.782281 154.622393 0.943622 -10479.026503 0.462663 -10476.415733 -0.635633 -10478.338748 -1.323389 0.462663 -0.687755 0.462663 1.197816   1   1  -1 
2456481.631506 155.471618 0.945765 -10479.243238 0.620379 -10476.415733 -0.629135 -10478.035772 -1.836601 0.620379 -1.207466 0.620379 1.197816   1   1  -1 
2456481.637189 155.477301 0.945780 -10479.719427 0.629706 -10476.415733 -0.629092 -10478.030957 -2.317562 0.629706 -1.688470 0.629706 1.197816   1   1  -1 
2456501.599929 175.440041 0.996168 -10471.824389 0.315832 -10476.415733 -0.470266 -10473.054359 0.759704 0.315832 1.229970 0.315832 1.197816   1   1  -1 
2456523.744316 197.584428 0.052064 -10476.503679 0.283739 -10476.415733 -0.279915 -10476.958436 0.174842 0.283739 0.454757 0.283739 1.197816   1   1  -1 
2456524.691276 -197.643116 0.054454 -10475.914483 0.351566 -10476.415733 -0.271416 -10476.177220 -0.008679 0.351566 0.262737 0.351566 1.197816   1   1  -1 
2456524.696693 -197.637699 0.054468 -10476.491657 0.358347 -10476.415733 -0.271367 -10476.171301 -0.591723 0.358347 -0.320356 0.358347 1.197816   1   1  -1 
2456525.743740 -196.590652 0.057111 -10476.578898 0.318867 -10476.415733 -0.261933 -10474.762549 -2.078282 0.318867 -1.816349 0.318867 1.197816   1   1  -1 
2456569.534062 -152.800330 0.167644 -10476.206904 0.538465 -10476.415733 0.172995 -10474.448594 -1.585315 0.538465 -1.758310 0.538465 1.197816   1   1  -1 
2456585.564665 -136.769727 0.208107 -10473.765867 0.427831 -10476.415733 0.356920 -10474.581339 1.172391 0.427831 0.815472 0.427831 1.197816   1   1  -1 
2456585.568473 -136.765919 0.208117 -10475.180778 0.414412 -10476.415733 0.356965 -10474.576135 -0.247678 0.414412 -0.604643 0.414412 1.197816   1   1  -1 
2456585.572350 -136.762042 0.208127 -10474.743998 0.423051 -10476.415733 0.357012 -10474.570842 0.183856 0.423051 -0.173156 0.423051 1.197816   1   1  -1 
2456586.547688 -135.786704 0.210588 -10474.360620 0.464286 -10476.415733 0.368735 -10473.430212 -0.561673 0.464286 -0.930408 0.464286 1.197816   1   1  -1 
2456586.551530 -135.782862 0.210598 -10474.580572 0.496503 -10476.415733 0.368782 -10473.426500 -0.785290 0.496503 -1.154072 0.496503 1.197816   1   1  -1 
2456586.555442 -135.778950 0.210608 -10475.256026 0.515154 -10476.415733 0.368829 -10473.422727 -1.464470 0.515154 -1.833299 0.515154 1.197816   1   1  -1 
2456590.510961 -131.823431 0.220592 -10473.364197 0.683759 -10476.415733 0.417052 -10472.788204 -0.158941 0.683759 -0.575993 0.683759 1.197816   1   1  -1 
2456590.514943 -131.819449 0.220602 -10471.788641 0.761395 -10476.415733 0.417102 -10472.790882 1.419342 0.761395 1.002241 0.761395 1.197816   1   1  -1 
2456590.518611 -131.815781 0.220612 -10472.177822 0.643858 -10476.415733 0.417147 -10472.793355 1.032680 0.643858 0.615533 0.643858 1.197816   1   1  -1 
2456765.917789 43.583397 0.663344 -10478.736988 0.356105 -10476.415733 -1.047828 -10478.126307 -1.658508 0.356105 -0.610681 0.356105 1.197816   1   1  -1 
2456765.923021 43.588629 0.663357 -10479.356033 0.359343 -10476.415733 -1.047870 -10478.126647 -2.277256 0.359343 -1.229386 0.359343 1.197816   1   1  -1 
2456789.854143 67.519751 0.723762 -10471.510093 0.391560 -10476.415733 -1.114556 -10472.044384 -0.580265 0.391560 0.534291 0.391560 1.197816   1   1  -1 
2456789.859722 67.525330 0.723777 -10471.639643 0.405092 -10476.415733 -1.114550 -10472.038894 -0.715299 0.405092 0.399251 0.405092 1.197816   1   1  -1 
2456806.890179 84.555787 0.766764 -10477.728101 0.424327 -10476.415733 -1.070693 -10477.969534 -0.829260 0.424327 0.241433 0.424327 1.197816   1   1  -1 
2456829.893363 107.558971 0.824827 -10474.769093 0.272363 -10476.415733 -0.957141 -10472.847450 -2.878784 0.272363 -1.921643 0.272363 1.197816   1   1  -1 
2456857.748704 135.414312 0.895138 -10473.725387 0.458440 -10476.415733 -0.776738 -10474.077094 -0.425031 0.458440 0.351707 0.458440 1.197816   1   1  -1 
2456857.754433 135.420041 0.895152 -10473.163228 0.448012 -10476.415733 -0.776698 -10474.071557 0.131631 0.448012 0.908329 0.448012 1.197816   1   1  -1 
2456866.784629 144.450237 0.917946 -10479.134302 0.372433 -10476.415733 -0.711796 -10479.675523 -0.170575 0.372433 0.541221 0.372433 1.197816   1   1  -1 
2456896.727940 174.393548 0.993527 -10476.588857 0.526898 -10476.415733 -0.478883 -10475.602260 -1.465479 0.526898 -0.986597 0.526898 1.197816   1   1  -1 
2456896.733287 174.398895 0.993540 -10476.057196 0.651138 -10476.415733 -0.478839 -10475.601793 -0.934242 0.651138 -0.455403 0.651138 1.197816   1   1  -1 
2457146.919889 28.410992 0.625046 -10475.918297 0.272209 -10476.415733 -0.840513 -10474.634628 -2.124182 0.272209 -1.283669 0.272209 1.197816   1   1  -1 
2457176.844500 58.335603 0.700580 -10464.313000 0.241278 -10462.427262 -1.113132 -10464.015897 -1.410235 0.241278 -0.297103 0.241278 1.197816   1   2  -1 
2457180.950532 62.441635 0.710945 -10468.297390 0.305748 -10462.427262 -1.116601 -10469.113068 -0.300923 0.305748 0.815678 0.305748 1.197816   1   2  -1 
2457180.956053 62.447156 0.710959 -10469.641714 0.321155 -10462.427262 -1.116603 -10469.117363 -1.640953 0.321155 -0.524351 0.321155 1.197816   1   2  -1 
2457307.523708 189.014811 0.030433 -10460.965808 0.284606 -10462.427262 -0.355437 -10461.347438 0.026192 0.284606 0.381630 0.284606 1.197816   1   2  -1 
2457307.529113 189.020216 0.030447 -10461.174528 0.295801 -10462.427262 -0.355390 -10461.348652 -0.181267 0.295801 0.174124 0.295801 1.197816   1   2  -1 
2457879.840329 -31.017576 0.475040 -10463.101417 0.420408 -10462.427262 1.644950 -10462.070360 0.613893 0.420408 -1.031057 0.420408 1.197816   1   2  -1 
2457968.637355 57.779450 0.699177 -10461.424457 0.383012 -10462.427262 -1.112262 -10462.097854 -0.438864 0.383012 0.673397 0.383012 1.197816   1   2  -1 
2460042.883932 151.153505 0.934866 -10467.619651 0.097183 -10468.308668 -0.661956 -10467.572218 -0.709389 0.097183 -0.047433 0.097183 0.633734   0   0  -1 
2460042.889532 151.159105 0.934880 -10467.826807 0.098837 -10468.308668 -0.661914 -10467.571002 -0.917719 0.098837 -0.255805 0.098837 0.633734   0   0  -1 
2460043.870973 152.140546 0.937357 -10467.810891 0.115769 -10468.308668 -0.654503 -10467.296448 -1.168945 0.115769 -0.514443 0.115769 0.633734   0   0  -1 
2460043.876677 152.146250 0.937372 -10467.827764 0.107743 -10468.308668 -0.654459 -10467.294856 -1.187368 0.107743 -0.532908 0.107743 0.633734   0   0  -1 
2460044.793251 153.062824 0.939685 -10466.216747 0.119007 -10468.308668 -0.647512 -10467.137416 0.273157 0.119007 0.920669 0.119007 0.633734   0   0  -1 
2460044.798982 153.068555 0.939700 -10466.355629 0.118254 -10468.308668 -0.647468 -10467.137206 0.134108 0.118254 0.781577 0.118254 0.633734   0   0  -1 
2460045.773704 154.043277 0.942160 -10468.947680 0.263543 -10468.308668 -0.640053 -10467.245802 -2.341931 0.263543 -1.701878 0.263543 0.633734   0   0  -1 
2460045.779649 154.049222 0.942175 -10468.728031 0.178179 -10468.308668 -0.640007 -10467.247245 -2.120793 0.178179 -1.480786 0.178179 0.633734   0   0  -1 
2460046.786658 155.056231 0.944717 -10466.718679 0.108298 -10468.308668 -0.632316 -10467.582704 0.231709 0.108298 0.864025 0.108298 0.633734   0   0  -1 
2460046.792204 155.061777 0.944731 -10467.571100 0.100449 -10468.308668 -0.632274 -10467.584935 -0.618439 0.100449 0.013835 0.100449 0.633734   0   0  -1 
2460047.789500 156.059073 0.947248 -10468.079684 0.107918 -10468.308668 -0.624628 -10468.027876 -0.676435 0.107918 -0.051808 0.107918 0.633734   0   0  -1 
2460047.795047 156.064620 0.947262 -10468.412170 0.104000 -10468.308668 -0.624585 -10468.030544 -1.006211 0.104000 -0.381626 0.104000 0.633734   0   0  -1 
2460048.783364 157.052937 0.949757 -10468.577566 0.129590 -10468.308668 -0.616978 -10468.544642 -0.649903 0.129590 -0.032924 0.129590 0.633734   0   0  -1 
2460048.789012 157.058585 0.949771 -10468.027070 0.120793 -10468.308668 -0.616935 -10468.547837 -0.096168 0.120793 0.520767 0.120793 0.633734   0   0  -1 
2460049.801102 158.070675 0.952326 -10468.921797 0.111941 -10468.308668 -0.609116 -10469.187832 -0.343080 0.111941 0.266035 0.111941 0.633734   0   0  -1 
2460049.806533 158.076106 0.952339 -10469.044553 0.118675 -10468.308668 -0.609074 -10469.191697 -0.461930 0.118675 0.147144 0.118675 0.633734   0   0  -1 
2460050.776767 159.046340 0.954788 -10470.880979 0.110463 -10468.308668 -0.601550 -10469.978986 -1.503542 0.110463 -0.901993 0.110463 0.633734   0   0  -1 
2460050.782471 159.052044 0.954803 -10470.587932 0.106168 -10468.308668 -0.601505 -10469.984231 -1.205206 0.106168 -0.603701 0.106168 0.633734   0   0  -1 
2460068.823617 177.093190 0.000341 -10467.442048 0.125458 -10468.308668 -0.456588 -10467.723105 -0.175530 0.125458 0.281057 0.125458 0.633734   0   0  -1 
2460068.829253 177.098826 0.000355 -10468.177705 0.157911 -10468.308668 -0.456541 -10467.724636 -0.909610 0.157911 -0.453069 0.157911 0.633734   0   0  -1 
2460073.775251 182.044824 0.012840 -10468.691416 0.136518 -10468.308668 -0.415122 -10469.202573 0.096035 0.136518 0.511157 0.136518 0.633734   0   0  -1 
2460073.780774 182.050347 0.012854 -10468.532442 0.124641 -10468.308668 -0.415075 -10469.203444 0.255926 0.124641 0.671002 0.124641 0.633734   0   0  -1 
2460076.728213 184.997786 0.020293 -10468.677012 0.126723 -10468.308668 -0.390034 -10469.393884 0.326838 0.126723 0.716872 0.126723 0.633734   0   0  -1 
2460076.733797 185.003370 0.020308 -10468.420636 0.121235 -10468.308668 -0.389986 -10469.394926 0.584304 0.121235 0.974290 0.121235 0.633734   0   0  -1 
2460077.755001 186.024574 0.022885 -10469.796842 0.156253 -10468.308668 -0.381246 -10469.613700 -0.564388 0.156253 -0.183142 0.156253 0.633734   0   0  -1 
2460077.760768 186.030341 0.022900 -10469.832216 0.150546 -10468.308668 -0.381197 -10469.614991 -0.598422 0.150546 -0.217225 0.150546 0.633734   0   0  -1 
2460078.818364 187.087937 0.025569 -10470.121344 0.118065 -10468.308668 -0.372084 -10469.820027 -0.673402 0.118065 -0.301317 0.118065 0.633734   0   0  -1 
2460078.823976 187.093549 0.025583 -10470.631326 0.115757 -10468.308668 -0.372036 -10469.820837 -1.182525 0.115757 -0.810489 0.115757 0.633734   0   0  -1 
2460079.846559 188.116132 0.028165 -10469.784428 0.112864 -10468.308668 -0.363216 -10469.892660 -0.254984 0.112864 0.108232 0.112864 0.633734   0   0  -1 
2460079.852048 188.121621 0.028178 -10469.613740 0.114319 -10468.308668 -0.363169 -10469.892612 -0.084297 0.114319 0.278872 0.114319 0.633734   0   0  -1 
2460080.730235 188.999808 0.030395 -10469.772583 0.121764 -10468.308668 -0.355567 -10469.831881 -0.296270 0.121764 0.059298 0.121764 0.633734   0   0  -1 
2460080.735864 189.005437 0.030409 -10469.610615 0.112383 -10468.308668 -0.355518 -10469.831210 -0.134924 0.112383 0.220595 0.112383 0.633734   0   0  -1 
2460082.755256 191.024829 0.035507 -10469.121371 0.143393 -10468.308668 -0.337943 -10469.419216 -0.040098 0.143393 0.297845 0.143393 0.633734   0   0  -1 
2460082.760842 191.030415 0.035521 -10468.518798 0.129661 -10468.308668 -0.337894 -10469.416799 0.560106 0.129661 0.898001 0.129661 0.633734   0   0  -1 
2460086.748603 195.018176 0.045586 -10463.771857 0.096592 -10468.308668 -0.302790 -10464.329705 0.255058 0.096592 0.557848 0.096592 0.633734   0   0  -1 
2460086.754324 195.023897 0.045601 -10464.310069 0.104158 -10468.308668 -0.302740 -10464.323713 -0.289096 0.104158 0.013644 0.104158 0.633734   0   0  -1 
2460199.601214 -88.303717 0.330442 -10467.857782 0.194625 -10468.308668 1.029398 -10467.926392 1.098009 0.194625 0.068610 0.194625 0.633734   0   0  -1 
2460199.607025 -88.297906 0.330457 -10469.302924 0.190719 -10468.308668 1.029490 -10467.919870 -0.353563 0.190719 -1.383054 0.190719 0.633734   0   0  -1 
2460201.515076 -86.389855 0.335273 -10466.554990 0.136306 -10468.308668 1.059876 -10466.140253 0.645139 0.136306 -0.414737 0.136306 0.633734   0   0  -1 
2460201.520627 -86.384304 0.335287 -10466.389365 0.147106 -10468.308668 1.059965 -10466.136841 0.807440 0.147106 -0.252524 0.147106 0.633734   0   0  -1 
2460202.533617 -85.371314 0.337844 -10465.659465 0.116368 -10468.308668 1.076196 -10465.765846 1.182577 0.116368 0.106381 0.116368 0.633734   0   0  -1 
2460202.539273 -85.365658 0.337858 -10465.508485 0.110234 -10468.308668 1.076287 -10465.765296 1.333098 0.110234 0.256811 0.110234 0.633734   0   0  -1 
2460203.571018 -84.333913 0.340463 -10465.844882 0.168626 -10468.308668 1.092885 -10465.973512 1.221516 0.168626 0.128630 0.168626 0.633734   0   0  -1 
2460203.577196 -84.327735 0.340478 -10465.648256 0.180164 -10468.308668 1.092985 -10465.976566 1.421295 0.180164 0.328310 0.180164 0.633734   0   0  -1 
2460204.530857 -83.374074 0.342885 -10467.427115 0.098515 -10468.308668 1.108384 -10466.617191 0.298460 0.098515 -0.809924 0.098515 0.633734   0   0  -1 
2460204.536387 -83.368544 0.342899 -10466.800940 0.104273 -10468.308668 1.108474 -10466.621356 0.928890 0.104273 -0.179584 0.104273 0.633734   0   0  -1 
2460205.516019 -82.388912 0.345372 -10468.149301 0.122140 -10468.308668 1.124345 -10467.225489 0.200533 0.122140 -0.923812 0.122140 0.633734   0   0  -1 
2460205.521490 -82.383441 0.345386 -10467.759986 0.108265 -10468.308668 1.124434 -10467.227774 0.592222 0.108265 -0.532212 0.108265 0.633734   0   0  -1 
2460206.534104 -81.370827 0.347942 -10467.984215 0.123507 -10468.308668 1.140892 -10467.487364 0.644042 0.123507 -0.496851 0.123507 0.633734   0   0  -1 
2460206.539634 -81.365297 0.347956 -10467.395836 0.112931 -10468.308668 1.140982 -10467.488279 1.233426 0.112931 0.092443 0.112931 0.633734   0   0  -1 
2460208.612713 -79.292218 0.353188 -10467.863703 0.119086 -10468.308668 1.174822 -10468.017977 1.329096 0.119086 0.154274 0.119086 0.633734   0   0  -1 
2460208.618030 -79.286901 0.353202 -10468.124237 0.122661 -10468.308668 1.174909 -10468.020058 1.070730 0.122661 -0.104179 0.122661 0.633734   0   0  -1 
2460209.504007 -78.400924 0.355438 -10468.350357 0.247406 -10468.308668 1.189422 -10468.399484 1.238549 0.247406 0.049127 0.247406 0.633734   0   0  -1 
2460209.509978 -78.394953 0.355453 -10468.742438 0.220522 -10468.308668 1.189520 -10468.402172 0.849254 0.220522 -0.340266 0.220522 0.633734   0   0  -1 
2460210.587394 -77.317537 0.358173 -10468.232795 0.137683 -10468.308668 1.207200 -10468.866751 1.841157 0.137683 0.633956 0.137683 0.633734   0   0  -1 
2460210.593026 -77.311905 0.358187 -10467.916827 0.147704 -10468.308668 1.207293 -10468.868930 2.159396 0.147704 0.952103 0.147704 0.633734   0   0  -1 
2460211.516295 -76.388636 0.360518 -10469.090653 0.190231 -10468.308668 1.222466 -10469.160590 1.292403 0.190231 0.069937 0.190231 0.633734   0   0  -1 
2460211.522268 -76.382663 0.360533 -10468.782398 0.153085 -10468.308668 1.222564 -10469.161998 1.602164 0.153085 0.379600 0.153085 0.633734   0   0  -1 
