2455480.529186	42.678630	0.007837	1	1
2455480.532970	42.682233	0.007101	1	1
2455480.536778	42.683918	0.007504	1	1
2455482.554786	42.665032	0.005711	1	1
2455484.542056	42.631912	0.008299	1	1
2455484.545828	42.640434	0.008596	1	1
2455484.549671	42.644720	0.008203	1	1
2455485.527184	42.632996	0.006972	1	1
2455485.532971	42.634725	0.007192	1	1
2455487.543214	42.618664	0.006526	1	1
2455487.548897	42.624810	0.006483	1	1
2455493.544252	42.625062	0.006400	1	1
2455493.550478	42.619549	0.006539	1	1
2455495.535877	42.636521	0.006475	1	1
2455495.541664	42.626149	0.006865	1	1
2455498.517820	42.639249	0.010712	1	1
2455498.523445	42.616909	0.009684	1	1
2455500.544007	42.662530	0.005516	1	1
2455500.549389	42.658215	0.006006	1	1
2455501.547102	42.675540	0.004884	1	1
2455501.552738	42.684584	0.004667	1	1
2455505.514789	42.689921	0.005555	1	1
2455505.520425	42.688597	0.005498	1	1
2455507.517142	42.714840	0.004276	1	1
2455507.522824	42.722966	0.004360	1	1
2455509.518050	42.697772	0.006136	1	1
2455509.523524	42.685875	0.005725	1	1
2455511.516449	42.697523	0.006430	1	1
2455511.521935	42.687454	0.006401	1	1
2455513.504562	42.681109	0.006751	1	1
2455513.510244	42.687281	0.007118	1	1
2455514.505835	42.689027	0.005420	1	1
2455514.511356	42.674271	0.005514	1	1
2455519.503938	42.614706	0.008338	1	1
2455519.508811	42.626018	0.008037	1	1
2455523.508036	42.624970	0.006695	1	1
2455523.513036	42.620591	0.006985	1	1
2455524.521481	42.630332	0.005389	1	1
2455524.526446	42.626973	0.005473	1	1
2455653.900831	42.617108	0.006008	1	1
2455653.906410	42.610749	0.005940	1	1
2455654.900357	42.604997	0.006569	1	1
2455654.905936	42.613912	0.005901	1	1
2455657.909222	42.626985	0.004887	1	1
2455657.914813	42.629982	0.005097	1	1
2455659.907949	42.633674	0.006208	1	1
2455659.913540	42.620672	0.006479	1	1
2455660.901884	42.630749	0.004053	1	1
2455662.902485	42.621083	0.007656	1	1
2455662.908180	42.626484	0.007336	1	1
2455663.839263	42.663681	0.014016	1	1
2455672.897729	42.665475	0.005276	1	1
2455672.902775	42.661875	0.004851	1	1
2455675.905453	42.699172	0.003410	1	1
2455679.879903	42.667865	0.004071	1	1
2455679.885123	42.665171	0.004145	1	1
2455712.893679	42.666045	0.004521	1	1
2455715.864679	42.648431	0.011001	1	1
2455715.867376	42.650666	0.011448	1	1
2455715.869992	42.647207	0.011592	1	1
2455715.872747	42.655209	0.011980	1	1
2455727.859452	42.598474	0.008523	1	1
2455727.863145	42.604216	0.008337	1	1
2455727.866953	42.603133	0.009032	1	1
2455735.809170	42.641260	0.004244	1	1
2455754.777241	42.617218	0.008805	1	1
2455755.755721	42.623208	0.006203	1	1
2455769.736300	42.647596	0.005467	1	1
2455769.742075	42.635470	0.006215	1	1
2455776.628483	42.634234	0.005747	1	1
2455782.624998	42.627798	0.006141	1	1
2455784.737667	42.676359	0.004400	1	1
2455801.526698	42.608463	0.010272	1	1
2455801.531628	42.624250	0.009498	1	1
2455804.632333	42.632186	0.009041	1	1
2455804.637669	42.638924	0.008328	1	1
2455807.626267	42.667326	0.007792	1	1
2455807.631162	42.648843	0.007153	1	1
2455810.581550	42.629952	0.006085	1	1
2455810.586723	42.639542	0.006434	1	1
2455816.587002	42.688457	0.007744	1	1
2455816.590578	42.687190	0.007180	1	1
2455816.594154	42.680759	0.007072	1	1
2455834.622073	42.680106	0.004658	1	1
2455834.627593	42.682339	0.004652	1	1
2455836.585712	42.674249	0.005491	1	1
2455836.591440	42.672726	0.005479	1	1
2455839.585007	42.618186	0.007343	1	1
2455839.590794	42.621079	0.007421	1	1
2455842.549547	42.602644	0.008603	1	1
2455842.555033	42.608724	0.007045	1	1
2455845.575633	42.606501	0.008615	1	1
2455845.581258	42.618383	0.007442	1	1
2455870.498785	42.675995	0.005895	1	1
2455870.504422	42.685524	0.005797	1	1
2455874.532217	42.651657	0.008291	1	1
2455874.537437	42.673521	0.011220	1	1
2455878.549549	42.671550	0.010981	1	1
2455878.554965	42.703862	0.010662	1	1
2456020.892743	42.629873	0.006459	1	1
2456020.898160	42.624744	0.006305	1	1
2456022.889397	42.626724	0.008025	1	1
2456022.894884	42.623106	0.008980	1	1
2456024.891353	42.624775	0.006917	1	1
2456024.897048	42.630184	0.006568	1	1
2456028.922257	42.630176	0.005572	1	1
2456029.892891	42.610904	0.008770	1	1
2456029.898354	42.604951	0.008379	1	1
2456031.852968	42.616597	0.006597	1	1
2456052.857065	42.633226	0.006557	1	1
2456052.862482	42.630394	0.006355	1	1
2456053.851639	42.653821	0.007059	1	1
2456053.857114	42.652573	0.006686	1	1
2456054.839916	42.645007	0.004301	1	1
2456055.886865	42.663559	0.004112	1	1
2456056.818146	42.639756	0.007207	1	1
2456056.823714	42.635451	0.006567	1	1
2456078.843392	42.604491	0.005225	1	1
2456078.849075	42.605711	0.005107	1	1
2456081.832748	42.591563	0.006423	1	1
2456081.838651	42.598531	0.005224	1	1
2456085.820521	42.619245	0.007088	1	1
2456085.826250	42.620028	0.007406	1	1
2456088.742747	42.633419	0.004433	1	1
2456092.900369	42.637508	0.005074	1	1
2456115.815540	42.578729	0.006263	1	1
2456118.809984	42.584098	0.004138	1	1
2456121.820367	42.591470	0.011391	1	1
2456149.686124	42.638810	0.006818	1	1
2456154.723489	42.572315	0.006980	1	1
2456154.728442	42.559678	0.010341	1	1
2456166.527551	42.573583	0.005208	1	1
2456168.609469	42.612504	0.007838	1	1
2456168.615105	42.622786	0.006922	1	1
2456171.510563	42.630465	0.004227	1	1
2456173.694840	42.622631	0.007020	1	1
2456181.612869	42.627530	0.004917	1	1
2456186.623747	42.594316	0.004343	1	1
2456189.666838	42.601510	0.013795	1	1
2456190.592865	42.579721	0.007046	1	1
2456190.598548	42.593684	0.006619	1	1
2456195.586272	42.592740	0.007357	1	1
2456195.591793	42.581765	0.007366	1	1
2456198.564091	42.538874	0.009572	1	1
2456198.569866	42.531034	0.010092	1	1
2456204.547188	42.555310	0.006307	1	1
2456205.523197	42.601869	0.003610	1	1
2456208.615737	42.597299	0.007601	1	1
2456209.540800	42.585634	0.008502	1	1
2456210.532155	42.587105	0.006973	1	1
2456212.523498	42.606114	0.003869	1	1
2456217.523649	42.555876	0.005978	1	1
2456217.529482	42.563235	0.005837	1	1
2456218.587951	42.530384	0.006320	1	1
2456219.500319	42.560925	0.003999	1	1
2456220.491327	42.555732	0.006319	1	1
2456220.514069	42.551119	0.005169	1	1
2456409.867093	42.504921	0.009962	1	1
2456409.872719	42.501423	0.009605	1	1
2456410.795661	42.228742	0.052784	1	1
2456410.804261	42.240527	0.039171	1	1
2456416.824768	42.571677	0.008881	1	1
2456416.828565	42.579292	0.008808	1	1
2456416.832443	42.563730	0.009147	1	1
2456432.884915	42.635039	0.006358	1	1
2456432.890124	42.632258	0.007274	1	1
2456433.905268	42.619879	0.011919	1	1
2456433.910395	42.618201	0.012934	1	1
2456434.892458	42.623067	0.007823	1	1
2456434.898129	42.624313	0.007566	1	1
2456437.889188	42.594218	0.006467	1	1
2456437.894720	42.611013	0.005936	1	1
2456438.860772	42.592966	0.005170	1	1
2456441.860316	42.577927	0.006828	1	1
2456454.832361	42.567912	0.005722	1	1
2456454.837894	42.582769	0.005742	1	1
2456467.823190	42.613776	0.010131	1	1
2456467.826929	42.606351	0.008983	1	1
2456467.830702	42.629088	0.009568	1	1
2456473.860840	42.630130	0.008482	1	1
2456473.864821	42.654619	0.008205	1	1
2456473.868595	42.621614	0.008866	1	1
2456480.776552	42.614321	0.008040	1	1
2456480.782281	42.612593	0.007466	1	1
2456481.631506	42.612326	0.010011	1	1
2456481.637189	42.613472	0.010161	1	1
2456501.599929	42.588201	0.005096	1	1
2456523.744316	42.602212	0.004579	1	1
2456524.691276	42.630710	0.005673	1	1
2456524.696693	42.616798	0.005783	1	1
2456525.743740	42.620564	0.005145	1	1
2456569.534062	42.607698	0.008689	1	1
2456585.564665	42.624518	0.006904	1	1
2456585.568473	42.634146	0.006687	1	1
2456585.572350	42.633798	0.006827	1	1
2456586.547688	42.630664	0.007492	1	1
2456586.551530	42.635725	0.008012	1	1
2456586.555442	42.638075	0.008313	1	1
2456590.510961	42.643093	0.011034	1	1
2456590.514943	42.655811	0.012286	1	1
2456590.518611	42.663085	0.010390	1	1
2456765.917789	42.624784	0.005746	1	1
2456765.923021	42.622872	0.005799	1	1
2456789.854143	42.610975	0.006318	1	1
2456789.859722	42.606341	0.006537	1	1
2456806.890179	42.599022	0.006847	1	1
2456829.893363	42.649506	0.004395	1	1
2456857.748704	42.610979	0.007398	1	1
2456857.754433	42.609155	0.007229	1	1
2456866.784629	42.651260	0.006010	1	1
2456896.727940	42.620431	0.008502	1	1
2456896.733287	42.621539	0.010507	1	1
2457146.919889	42.616997	0.004393	1	1
2457176.844500	42.529617	0.003893	1	2
2457180.950532	42.516588	0.004934	1	2
2457180.956053	42.493844	0.005182	1	2
2457307.523708	42.510484	0.004593	1	2
2457307.529113	42.509373	0.004773	1	2
2457879.840329	42.485788	0.006784	1	2
2457968.637355	42.450022	0.006181	1	2
2460042.883932	53.561911	0.001568	0	0
2460042.889532	53.560403	0.001595	0	0
2460043.870973	53.585025	0.001870	0	0
2460043.876677	53.583951	0.001740	0	0
2460044.793251	53.574231	0.001921	0	0
2460044.798982	53.574786	0.001910	0	0
2460045.773704	53.693215	0.004268	0	0
2460045.779649	53.636608	0.002882	0	0
2460046.786658	53.569088	0.001749	0	0
2460046.792204	53.558558	0.001622	0	0
2460047.789500	53.576881	0.001743	0	0
2460047.795047	53.576647	0.001680	0	0
2460048.783364	53.613468	0.002096	0	0
2460048.789012	53.608874	0.001954	0	0
2460049.801102	53.603422	0.001810	0	0
2460049.806533	53.611610	0.001919	0	0
2460050.776767	53.612363	0.001787	0	0
2460050.782471	53.609421	0.001717	0	0
2460068.823617	53.549841	0.002026	0	0
2460068.829253	53.589686	0.002553	0	0
2460073.775251	53.637606	0.002211	0	0
2460073.780774	53.628078	0.002018	0	0
2460076.728213	53.634719	0.002051	0	0
2460076.733797	53.631871	0.001962	0	0
2460077.755001	53.666491	0.002532	0	0
2460077.760768	53.661884	0.002439	0	0
2460078.818364	53.599494	0.001909	0	0
2460078.823976	53.601630	0.001872	0	0
2460079.846559	53.588245	0.001824	0	0
2460079.852048	53.589341	0.001848	0	0
2460080.730235	53.589189	0.001968	0	0
2460080.735864	53.580294	0.001816	0	0
2460082.755256	53.615354	0.002319	0	0
2460082.760842	53.600497	0.002096	0	0
2460086.748603	53.526570	0.001558	0	0
2460086.754324	53.540113	0.001681	0	0
2460199.601214	53.708158	0.003157	0	0
2460199.607025	53.703656	0.003093	0	0
2460201.515076	53.652461	0.002208	0	0
2460201.520627	53.659879	0.002383	0	0
2460202.533617	53.628035	0.001883	0	0
2460202.539273	53.623631	0.001784	0	0
2460203.571018	53.685663	0.002733	0	0
2460203.577196	53.698088	0.002920	0	0
2460204.530857	53.603639	0.001593	0	0
2460204.536387	53.620848	0.001687	0	0
2460205.516019	53.628740	0.001976	0	0
2460205.521490	53.614308	0.001751	0	0
2460206.534104	53.633698	0.001999	0	0
2460206.539634	53.618248	0.001827	0	0
2460208.612713	53.600513	0.001925	0	0
2460208.618030	53.605634	0.001984	0	0
2460209.504007	53.713171	0.004012	0	0
2460209.509978	53.689795	0.003573	0	0
2460210.587394	53.609130	0.002227	0	0
2460210.593026	53.623658	0.002390	0	0
2460211.516295	53.633760	0.003079	0	0
2460211.522268	53.609746	0.002476	0	0
