# time Tc_folded Tref_folded value value_err offset model full_model val_compare val_compare_err residuals residuals_err jitter jitter_flag offset_flag subset_flag 
2455480.529186 0.000000 0.000000 -26.909975 0.971355 -24.811178 -2.653182 -27.464360 -2.098797 0.971355 0.554385 0.971355 1.183545   1   1  -1 
2455480.532970 0.000000 0.000000 -26.058843 0.880169 -24.811178 -2.653381 -27.464559 -1.247665 0.880169 1.405716 0.880169 1.183545   1   1  -1 
2455480.536778 0.000000 0.000000 -26.244486 0.930093 -24.811178 -2.653580 -27.464758 -1.433308 0.930093 1.220272 0.930093 1.183545   1   1  -1 
2455482.554786 0.000000 0.000000 -25.645222 0.707811 -24.811178 -2.485456 -27.296634 -0.834044 0.707811 1.651412 0.707811 1.183545   1   1  -1 
2455484.542056 0.000000 0.000000 -27.186795 1.028638 -24.811178 -1.925930 -26.737108 -2.375617 1.028638 -0.449687 1.028638 1.183545   1   1  -1 
2455484.545828 0.000000 0.000000 -26.136740 1.065413 -24.811178 -1.924664 -26.735843 -1.325562 1.065413 0.599103 1.065413 1.183545   1   1  -1 
2455484.549671 0.000000 0.000000 -24.017564 1.016694 -24.811178 -1.923375 -26.734553 0.793614 1.016694 2.716989 1.016694 1.183545   1   1  -1 
2455485.527184 0.000000 0.000000 -25.766756 0.864068 -24.811178 -1.587077 -26.398255 -0.955578 0.864068 0.631499 0.864068 1.183545   1   1  -1 
2455485.532971 0.000000 0.000000 -27.967751 0.891412 -24.811178 -1.585070 -26.396248 -3.156573 0.891412 -1.571503 0.891412 1.183545   1   1  -1 
2455487.543214 0.000000 0.000000 -26.158314 0.808873 -24.811178 -0.939697 -25.750875 -1.347136 0.808873 -0.407439 0.808873 1.183545   1   1  -1 
2455487.548897 0.000000 0.000000 -23.138260 0.803534 -24.811178 -0.938117 -25.749295 1.672918 0.803534 2.611035 0.803534 1.183545   1   1  -1 
2455493.544252 0.000000 0.000000 -25.229085 0.793201 -24.811178 -0.391055 -25.202233 -0.417907 0.793201 -0.026852 0.793201 1.183545   1   1  -1 
2455493.550478 0.000000 0.000000 -23.168274 0.810440 -24.811178 -0.391367 -25.202545 1.642904 0.810440 2.034271 0.810440 1.183545   1   1  -1 
2455495.535877 0.000000 0.000000 -22.710575 0.802492 -24.811178 -0.512904 -25.324082 2.100603 0.802492 2.613507 0.802492 1.183545   1   1  -1 
2455495.541664 0.000000 0.000000 -25.642209 0.850836 -24.811178 -0.513278 -25.324456 -0.831031 0.850836 -0.317753 0.850836 1.183545   1   1  -1 
2455498.517820 0.000000 0.000000 -24.342041 1.327692 -24.811178 -0.671019 -25.482197 0.469137 1.327692 1.140156 1.327692 1.183545   1   1  -1 
2455498.523445 0.000000 0.000000 -24.738223 1.200196 -24.811178 -0.671240 -25.482418 0.072955 1.200196 0.744195 1.200196 1.183545   1   1  -1 
2455500.544007 0.000000 0.000000 -24.476855 0.683673 -24.811178 -0.741872 -25.553050 0.334323 0.683673 1.076195 0.683673 1.183545   1   1  -1 
2455500.549389 0.000000 0.000000 -24.813524 0.744348 -24.811178 -0.742060 -25.553238 -0.002346 0.744348 0.739714 0.744348 1.183545   1   1  -1 
2455501.547102 0.000000 0.000000 -24.783974 0.605317 -24.811178 -0.780412 -25.591590 0.027204 0.605317 0.807616 0.605317 1.183545   1   1  -1 
2455501.552738 0.000000 0.000000 -26.031797 0.578445 -24.811178 -0.780656 -25.591834 -1.220619 0.578445 -0.439963 0.578445 1.183545   1   1  -1 
2455505.514789 0.000000 0.000000 -24.965633 0.688526 -24.811178 -1.117879 -25.929057 -0.154455 0.688526 0.963424 0.688526 1.183545   1   1  -1 
2455505.520425 0.000000 0.000000 -25.963370 0.681455 -24.811178 -1.118670 -25.929848 -1.152192 0.681455 -0.033522 0.681455 1.183545   1   1  -1 
2455507.517142 0.000000 0.000000 -27.398443 0.529962 -24.811178 -1.460454 -26.271632 -2.587265 0.529962 -1.126811 0.529962 1.183545   1   1  -1 
2455507.522824 0.000000 0.000000 -26.516546 0.540417 -24.811178 -1.461589 -26.272767 -1.705368 0.540417 -0.243779 0.540417 1.183545   1   1  -1 
2455509.518050 0.000000 0.000000 -26.509772 0.760523 -24.811178 -1.897931 -26.709109 -1.698594 0.760523 0.199337 0.760523 1.183545   1   1  -1 
2455509.523524 0.000000 0.000000 -26.058801 0.709529 -24.811178 -1.899189 -26.710367 -1.247623 0.709529 0.651566 0.709529 1.183545   1   1  -1 
2455511.516449 0.000000 0.000000 -28.045351 0.796997 -24.811178 -2.337027 -27.148205 -3.234173 0.796997 -0.897146 0.796997 1.183545   1   1  -1 
2455511.521935 0.000000 0.000000 -25.840348 0.793324 -24.811178 -2.338106 -27.149284 -1.029170 0.793324 1.308936 0.793324 1.183545   1   1  -1 
2455513.504562 0.000000 0.000000 -26.063860 0.836669 -24.811178 -2.625809 -27.436987 -1.252682 0.836669 1.373127 0.836669 1.183545   1   1  -1 
2455513.510244 0.000000 0.000000 -26.656020 0.882170 -24.811178 -2.626258 -27.437436 -1.844842 0.882170 0.781416 0.882170 1.183545   1   1  -1 
2455514.505835 0.000000 0.000000 -28.058961 0.671812 -24.811178 -2.661496 -27.472674 -3.247783 0.671812 -0.586287 0.671812 1.183545   1   1  -1 
2455514.511356 0.000000 0.000000 -26.642215 0.683432 -24.811178 -2.661434 -27.472612 -1.831037 0.683432 0.830397 0.683432 1.183545   1   1  -1 
2455519.503938 0.000000 0.000000 -24.641989 1.033370 -24.811178 -1.294128 -26.105306 0.169189 1.033370 1.463317 1.033370 1.183545   1   1  -1 
2455519.508811 0.000000 0.000000 -25.135445 0.996146 -24.811178 -1.291701 -26.102879 -0.324267 0.996146 0.967434 0.996146 1.183545   1   1  -1 
2455523.508036 0.000000 0.000000 -23.856297 0.829835 -24.811178 0.666989 -24.144189 0.954881 0.829835 0.287892 0.829835 1.183545   1   1  -1 
2455523.513036 0.000000 0.000000 -22.994255 0.865769 -24.811178 0.668815 -24.142363 1.816923 0.865769 1.148108 0.865769 1.183545   1   1  -1 
2455524.521481 0.000000 0.000000 -24.709671 0.667948 -24.811178 0.971720 -23.839458 0.101507 0.667948 -0.870213 0.667948 1.183545   1   1  -1 
2455524.526446 0.000000 0.000000 -24.308004 0.678388 -24.811178 0.972864 -23.838314 0.503174 0.678388 -0.469690 0.678388 1.183545   1   1  -1 
2455653.900831 0.000000 0.000000 -25.612029 0.744608 -24.811178 -0.308478 -25.119656 -0.800851 0.744608 -0.492373 0.744608 1.183545   1   1  -1 
2455653.906410 0.000000 0.000000 -24.161106 0.736194 -24.811178 -0.308451 -25.119629 0.650072 0.736194 0.958523 0.736194 1.183545   1   1  -1 
2455654.900357 0.000000 0.000000 -24.436787 0.814117 -24.811178 -0.310864 -25.122042 0.374391 0.814117 0.685255 0.814117 1.183545   1   1  -1 
2455654.905936 0.000000 0.000000 -24.084025 0.731415 -24.811178 -0.310916 -25.122094 0.727153 0.731415 1.038069 0.731415 1.183545   1   1  -1 
2455657.909222 0.000000 0.000000 -24.104658 0.605709 -24.811178 -0.389267 -25.200445 0.706520 0.605709 1.095787 0.605709 1.183545   1   1  -1 
2455657.914813 0.000000 0.000000 -23.667872 0.631733 -24.811178 -0.389489 -25.200667 1.143306 0.631733 1.532795 0.631733 1.183545   1   1  -1 
2455659.907949 0.000000 0.000000 -23.898066 0.769486 -24.811178 -0.482172 -25.293350 0.913112 0.769486 1.395284 0.769486 1.183545   1   1  -1 
2455659.913540 0.000000 0.000000 -23.238369 0.803020 -24.811178 -0.482467 -25.293645 1.572809 0.803020 2.055276 0.803020 1.183545   1   1  -1 
2455660.901884 0.000000 0.000000 -24.754074 0.502349 -24.811178 -0.537091 -25.348270 0.057104 0.502349 0.594196 0.502349 1.183545   1   1  -1 
2455662.902485 0.000000 0.000000 -24.200224 0.948916 -24.811178 -0.656137 -25.467315 0.610954 0.948916 1.267091 0.948916 1.183545   1   1  -1 
2455662.908180 0.000000 0.000000 -24.067169 0.909242 -24.811178 -0.656472 -25.467650 0.744009 0.909242 1.400481 0.909242 1.183545   1   1  -1 
2455663.839263 0.000000 0.000000 -26.097182 1.737212 -24.811178 -0.708613 -25.519791 -1.286004 1.737212 -0.577391 1.737212 1.183545   1   1  -1 
2455672.897729 0.000000 0.000000 -25.596039 0.653920 -24.811178 -0.333020 -25.144198 -0.784861 0.653920 -0.451841 0.653920 1.183545   1   1  -1 
2455672.902775 0.000000 0.000000 -25.939332 0.601277 -24.811178 -0.332667 -25.143845 -1.128154 0.601277 -0.795487 0.601277 1.183545   1   1  -1 
2455675.905453 0.000000 0.000000 -25.957415 0.422700 -24.811178 -0.347664 -25.158843 -1.146237 0.422700 -0.798572 0.422700 1.183545   1   1  -1 
2455679.879903 0.000000 0.000000 -24.345286 0.504578 -24.811178 -1.120941 -25.932119 0.465892 0.504578 1.586833 0.504578 1.183545   1   1  -1 
2455679.885123 0.000000 0.000000 -25.711920 0.513702 -24.811178 -1.122213 -25.933391 -0.900742 0.513702 0.221471 0.513702 1.183545   1   1  -1 
2455712.893679 0.000000 0.000000 -25.516104 0.560355 -24.811178 -0.826606 -25.637784 -0.704926 0.560355 0.121680 0.560355 1.183545   1   1  -1 
2455715.864679 0.000000 0.000000 -22.931541 1.363467 -24.811178 -0.550866 -25.362044 1.879637 1.363467 2.430503 1.363467 1.183545   1   1  -1 
2455715.867376 0.000000 0.000000 -28.616863 1.418842 -24.811178 -0.550605 -25.361784 -3.805685 1.418842 -3.255079 1.418842 1.183545   1   1  -1 
2455715.869992 0.000000 0.000000 -25.093281 1.436778 -24.811178 -0.550353 -25.361531 -0.282103 1.436778 0.268250 1.436778 1.183545   1   1  -1 
2455715.872747 0.000000 0.000000 -24.781614 1.484829 -24.811178 -0.550088 -25.361266 0.029564 1.484829 0.579652 1.484829 1.183545   1   1  -1 
2455727.859452 0.000000 0.000000 -23.690321 1.056398 -24.811178 -0.304442 -25.115620 1.120857 1.056398 1.425299 1.056398 1.183545   1   1  -1 
2455727.863145 0.000000 0.000000 -25.870346 1.033327 -24.811178 -0.304022 -25.115200 -1.059168 1.033327 -0.755146 1.033327 1.183545   1   1  -1 
2455727.866953 0.000000 0.000000 -25.899190 1.119485 -24.811178 -0.303589 -25.114767 -1.088012 1.119485 -0.784423 1.119485 1.183545   1   1  -1 
2455735.809170 0.000000 0.000000 -25.001888 0.526032 -24.811178 -0.359428 -25.170606 -0.190710 0.526032 0.168718 0.526032 1.183545   1   1  -1 
2455754.777241 0.000000 0.000000 -23.310355 1.091349 -24.811178 0.174451 -24.636727 1.500823 1.091349 1.326372 1.091349 1.183545   1   1  -1 
2455755.755721 0.000000 0.000000 -27.691015 0.768792 -24.811178 0.172020 -24.639158 -2.879837 0.768792 -3.051857 0.768792 1.183545   1   1  -1 
2455769.736300 0.000000 0.000000 -23.807786 0.677532 -24.811178 -0.968318 -25.779496 1.003392 0.677532 1.971710 0.677532 1.183545   1   1  -1 
2455769.742075 0.000000 0.000000 -25.737885 0.770313 -24.811178 -0.966888 -25.778066 -0.926707 0.770313 0.040181 0.770313 1.183545   1   1  -1 
2455776.628483 0.000000 0.000000 -24.967384 0.712348 -24.811178 -0.299141 -25.110319 -0.156206 0.712348 0.142935 0.712348 1.183545   1   1  -1 
2455782.624998 0.000000 0.000000 -26.013016 0.761072 -24.811178 -0.855906 -25.667084 -1.201838 0.761072 -0.345932 0.761072 1.183545   1   1  -1 
2455784.737667 0.000000 0.000000 -26.498015 0.545366 -24.811178 -0.616180 -25.427358 -1.686837 0.545366 -1.070657 0.545366 1.183545   1   1  -1 
2455801.526698 0.000000 0.000000 -24.288917 1.273141 -24.811178 -0.064293 -24.875471 0.522261 1.273141 0.586554 1.273141 1.183545   1   1  -1 
2455801.531628 0.000000 0.000000 -26.351823 1.177162 -24.811178 -0.064336 -24.875515 -1.540645 1.177162 -1.476308 1.177162 1.183545   1   1  -1 
2455804.632333 0.000000 0.000000 -26.712023 1.120566 -24.811178 -0.130094 -24.941272 -1.900845 1.120566 -1.770751 1.120566 1.183545   1   1  -1 
2455804.637669 0.000000 0.000000 -26.500980 1.032150 -24.811178 -0.130214 -24.941392 -1.689802 1.032150 -1.559588 1.032150 1.183545   1   1  -1 
2455807.626267 0.000000 0.000000 -25.803456 0.965710 -24.811178 -0.143527 -24.954705 -0.992278 0.965710 -0.848751 0.965710 1.183545   1   1  -1 
2455807.631162 0.000000 0.000000 -27.246843 0.886584 -24.811178 -0.143452 -24.954630 -2.435665 0.886584 -2.292213 0.886584 1.183545   1   1  -1 
2455810.581550 0.000000 0.000000 -26.536934 0.754194 -24.811178 -0.103970 -24.915148 -1.725756 0.754194 -1.621786 0.754194 1.183545   1   1  -1 
2455810.586723 0.000000 0.000000 -26.643570 0.797392 -24.811178 -0.104023 -24.915201 -1.832392 0.797392 -1.728369 0.797392 1.183545   1   1  -1 
2455816.587002 0.000000 0.000000 -27.268074 0.959785 -24.811178 -1.044516 -25.855694 -2.456896 0.959785 -1.412380 0.959785 1.183545   1   1  -1 
2455816.590578 0.000000 0.000000 -24.693999 0.889883 -24.811178 -1.045493 -25.856671 0.117179 0.889883 1.162672 0.889883 1.183545   1   1  -1 
2455816.594154 0.000000 0.000000 -25.997669 0.876464 -24.811178 -1.046470 -25.857648 -1.186491 0.876464 -0.140021 0.876464 1.183545   1   1  -1 
2455834.622073 0.000000 0.000000 -25.259445 0.577372 -24.811178 -1.035236 -25.846415 -0.448267 0.577372 0.586970 0.577372 1.183545   1   1  -1 
2455834.627593 0.000000 0.000000 -25.841078 0.576524 -24.811178 -1.036580 -25.847758 -1.029900 0.576524 0.006680 0.576524 1.183545   1   1  -1 
2455836.585712 0.000000 0.000000 -26.404099 0.680522 -24.811178 -1.393013 -26.204191 -1.592921 0.680522 -0.199908 0.680522 1.183545   1   1  -1 
2455836.591440 0.000000 0.000000 -25.180084 0.679136 -24.811178 -1.393620 -26.204798 -0.368906 0.679136 1.024714 0.679136 1.183545   1   1  -1 
2455839.585007 0.000000 0.000000 -23.458640 0.910132 -24.811178 -1.311461 -26.122639 1.352538 0.910132 2.663999 0.910132 1.183545   1   1  -1 
2455839.590794 0.000000 0.000000 -25.200869 0.919769 -24.811178 -1.310605 -26.121783 -0.389691 0.919769 0.920914 0.919769 1.183545   1   1  -1 
2455842.549547 0.000000 0.000000 -22.047028 1.066299 -24.811178 -0.699621 -25.510799 2.764150 1.066299 3.463771 1.066299 1.183545   1   1  -1 
2455842.555033 0.000000 0.000000 -25.918735 0.873203 -24.811178 -0.698371 -25.509550 -1.107557 0.873203 -0.409185 0.873203 1.183545   1   1  -1 
2455845.575633 0.000000 0.000000 -25.259730 1.067738 -24.811178 -0.123716 -24.934894 -0.448552 1.067738 -0.324836 1.067738 1.183545   1   1  -1 
2455845.581258 0.000000 0.000000 -25.817378 0.922401 -24.811178 -0.122943 -24.934121 -1.006200 0.922401 -0.883257 0.922401 1.183545   1   1  -1 
2455870.498785 0.000000 0.000000 -26.611150 0.730627 -24.811178 -1.011279 -25.822457 -1.799972 0.730627 -0.788693 0.730627 1.183545   1   1  -1 
2455870.504422 0.000000 0.000000 -27.219360 0.718479 -24.811178 -1.012209 -25.823387 -2.408182 0.718479 -1.395973 0.718479 1.183545   1   1  -1 
2455874.532217 0.000000 0.000000 -26.523893 1.027595 -24.811178 -1.577188 -26.388366 -1.712715 1.027595 -0.135527 1.027595 1.183545   1   1  -1 
2455874.537437 0.000000 0.000000 -24.043101 1.390676 -24.811178 -1.577434 -26.388612 0.768077 1.390676 2.345511 1.390676 1.183545   1   1  -1 
2455878.549549 0.000000 0.000000 -26.332169 1.360956 -24.811178 -1.096512 -25.907690 -1.520991 1.360956 -0.424479 1.360956 1.183545   1   1  -1 
2455878.554965 0.000000 0.000000 -27.171511 1.321422 -24.811178 -1.095076 -25.906254 -2.360333 1.321422 -1.265257 1.321422 1.183545   1   1  -1 
2456020.892743 0.000000 0.000000 -26.398556 0.800504 -24.811178 0.322269 -24.488909 -1.587378 0.800504 -1.909647 0.800504 1.183545   1   1  -1 
2456020.898160 0.000000 0.000000 -24.498061 0.781449 -24.811178 0.322129 -24.489049 0.313117 0.781449 -0.009012 0.781449 1.183545   1   1  -1 
2456022.889397 0.000000 0.000000 -25.350339 0.994688 -24.811178 0.117290 -24.693888 -0.539161 0.994688 -0.656451 0.994688 1.183545   1   1  -1 
2456022.894884 0.000000 0.000000 -26.468069 1.113054 -24.811178 0.116322 -24.694856 -1.656891 1.113054 -1.773213 1.113054 1.183545   1   1  -1 
2456024.891353 0.000000 0.000000 -25.969708 0.857313 -24.811178 -0.329511 -25.140689 -1.158530 0.857313 -0.829019 0.857313 1.183545   1   1  -1 
2456024.897048 0.000000 0.000000 -25.325267 0.814076 -24.811178 -0.330927 -25.142105 -0.514089 0.814076 -0.183162 0.814076 1.183545   1   1  -1 
2456028.922257 0.000000 0.000000 -26.626536 0.690565 -24.811178 -0.961124 -25.772302 -1.815358 0.690565 -0.854234 0.690565 1.183545   1   1  -1 
2456029.892891 0.000000 0.000000 -27.734634 1.086998 -24.811178 -0.914197 -25.725375 -2.923456 1.086998 -2.009259 1.086998 1.183545   1   1  -1 
2456029.898354 0.000000 0.000000 -24.980386 1.038533 -24.811178 -0.913701 -25.724879 -0.169208 1.038533 0.744493 1.038533 1.183545   1   1  -1 
2456031.852968 0.000000 0.000000 -23.499732 0.817617 -24.811178 -0.616516 -25.427694 1.311446 0.817617 1.927962 0.817617 1.183545   1   1  -1 
2456052.857065 0.000000 0.000000 -27.077636 0.812636 -24.811178 -0.294013 -25.105191 -2.266458 0.812636 -1.972445 0.812636 1.183545   1   1  -1 
2456052.862482 0.000000 0.000000 -25.515691 0.787680 -24.811178 -0.296538 -25.107716 -0.704513 0.787680 -0.407975 0.787680 1.183545   1   1  -1 
2456053.851639 0.000000 0.000000 -27.718607 0.874947 -24.811178 -0.752108 -25.563286 -2.907429 0.874947 -2.155321 0.874947 1.183545   1   1  -1 
2456053.857114 0.000000 0.000000 -24.875823 0.828685 -24.811178 -0.754536 -25.565714 -0.064645 0.828685 0.689891 0.828685 1.183545   1   1  -1 
2456054.839916 0.000000 0.000000 -26.614037 0.533012 -24.811178 -1.152095 -25.963273 -1.802859 0.533012 -0.650764 0.533012 1.183545   1   1  -1 
2456055.886865 0.000000 0.000000 -26.560052 0.509706 -24.811178 -1.450369 -26.261547 -1.748874 0.509706 -0.298505 0.509706 1.183545   1   1  -1 
2456056.818146 0.000000 0.000000 -25.035898 0.893302 -24.811178 -1.568347 -26.379525 -0.224720 0.893302 1.343627 0.893302 1.183545   1   1  -1 
2456056.823714 0.000000 0.000000 -25.575505 0.813986 -24.811178 -1.568593 -26.379771 -0.764327 0.813986 0.804266 0.813986 1.183545   1   1  -1 
2456078.843392 0.000000 0.000000 -24.518196 0.647558 -24.811178 0.418621 -24.392557 0.292982 0.647558 -0.125639 0.647558 1.183545   1   1  -1 
2456078.849075 0.000000 0.000000 -24.174693 0.632973 -24.811178 0.417785 -24.393393 0.636485 0.632973 0.218700 0.632973 1.183545   1   1  -1 
2456081.832748 0.000000 0.000000 -22.774279 0.796018 -24.811178 -0.205344 -25.016522 2.036899 0.796018 2.242243 0.796018 1.183545   1   1  -1 
2456081.838651 0.000000 0.000000 -23.542613 0.647447 -24.811178 -0.206553 -25.017731 1.268565 0.647447 1.475118 0.647447 1.183545   1   1  -1 
2456085.820521 0.000000 0.000000 -24.535394 0.878497 -24.811178 -0.314942 -25.126120 0.275784 0.878497 0.590726 0.878497 1.183545   1   1  -1 
2456085.826250 0.000000 0.000000 -25.784214 0.917873 -24.811178 -0.313935 -25.125114 -0.973036 0.917873 -0.659100 0.917873 1.183545   1   1  -1 
2456088.742747 0.000000 0.000000 -24.555140 0.549399 -24.811178 0.366391 -24.444787 0.256038 0.549399 -0.110353 0.549399 1.183545   1   1  -1 
2456092.900369 0.000000 0.000000 -25.520468 0.628826 -24.811178 0.321242 -24.489936 -0.709290 0.628826 -1.030532 0.628826 1.183545   1   1  -1 
2456115.815540 0.000000 0.000000 -24.478774 0.776191 -24.811178 -0.929223 -25.740401 0.332404 0.776191 1.261627 0.776191 1.183545   1   1  -1 
2456118.809984 0.000000 0.000000 -25.405570 0.512854 -24.811178 0.256295 -24.554883 -0.594392 0.512854 -0.850687 0.512854 1.183545   1   1  -1 
2456121.820367 0.000000 0.000000 -25.220090 1.411859 -24.811178 0.659382 -24.151796 -0.408912 1.411859 -1.068294 1.411859 1.183545   1   1  -1 
2456149.686124 0.000000 0.000000 -25.751686 0.845009 -24.811178 0.318043 -24.493135 -0.940508 0.845009 -1.258551 0.845009 1.183545   1   1  -1 
2456154.723489 0.000000 0.000000 -23.590960 0.865117 -24.811178 -0.920300 -25.731478 1.220218 0.865117 2.140518 0.865117 1.183545   1   1  -1 
2456154.728442 0.000000 0.000000 -25.978785 1.281739 -24.811178 -0.919014 -25.730192 -1.167607 1.281739 -0.248593 1.281739 1.183545   1   1  -1 
2456166.527551 0.000000 0.000000 -23.896330 0.645517 -24.811178 0.628335 -24.182843 0.914848 0.645517 0.286513 0.645517 1.183545   1   1  -1 
2456168.609469 0.000000 0.000000 -25.596469 0.971404 -24.811178 -0.579268 -25.390446 -0.785291 0.971404 -0.206023 0.971404 1.183545   1   1  -1 
2456168.615105 0.000000 0.000000 -23.735823 0.857956 -24.811178 -0.581620 -25.392799 1.075355 0.857956 1.656976 0.857956 1.183545   1   1  -1 
2456171.510563 0.000000 0.000000 -25.064368 0.523911 -24.811178 -0.950354 -25.761532 -0.253190 0.523911 0.697164 0.523911 1.183545   1   1  -1 
2456173.694840 0.000000 0.000000 -23.658056 0.870055 -24.811178 -0.418608 -25.229786 1.153122 0.870055 1.571730 0.870055 1.183545   1   1  -1 
2456181.612869 0.000000 0.000000 -25.749650 0.609426 -24.811178 -0.073114 -24.884292 -0.938472 0.609426 -0.865358 0.609426 1.183545   1   1  -1 
2456186.623747 0.000000 0.000000 -24.370201 0.538290 -24.811178 0.556374 -24.254804 0.440977 0.538290 -0.115397 0.538290 1.183545   1   1  -1 
2456189.666838 0.000000 0.000000 -25.693203 1.709832 -24.811178 0.611922 -24.199256 -0.882025 1.709832 -1.493947 1.709832 1.183545   1   1  -1 
2456190.592865 0.000000 0.000000 -21.505898 0.873280 -24.811178 0.431279 -24.379899 3.305280 0.873280 2.874001 0.873280 1.183545   1   1  -1 
2456190.598548 0.000000 0.000000 -22.814816 0.820368 -24.811178 0.429936 -24.381243 1.996362 0.820368 1.566427 0.820368 1.183545   1   1  -1 
2456195.586272 0.000000 0.000000 -23.991425 0.911842 -24.811178 -0.518051 -25.329229 0.819753 0.911842 1.337804 0.911842 1.183545   1   1  -1 
2456195.591793 0.000000 0.000000 -25.301327 0.913007 -24.811178 -0.517608 -25.328786 -0.490149 0.913007 0.027459 0.913007 1.183545   1   1  -1 
2456198.564091 0.000000 0.000000 -19.336707 1.186346 -24.811178 0.364041 -24.447137 5.474471 1.186346 5.110430 1.186346 1.183545   1   1  -1 
2456198.569866 0.000000 0.000000 -24.445113 1.250845 -24.811178 0.366626 -24.444552 0.366065 1.250845 -0.000561 1.250845 1.183545   1   1  -1 
2456204.547188 0.000000 0.000000 -20.889997 0.781661 -24.811178 1.214019 -23.597160 3.921181 0.781661 2.707163 0.781661 1.183545   1   1  -1 
2456205.523197 0.000000 0.000000 -22.994646 0.447471 -24.811178 0.767985 -24.043194 1.816532 0.447471 1.048548 0.447471 1.183545   1   1  -1 
2456208.615737 0.000000 0.000000 -27.443259 0.942056 -24.811178 -0.697394 -25.508572 -2.632081 0.942056 -1.934687 0.942056 1.183545   1   1  -1 
2456209.540800 0.000000 0.000000 -25.491736 1.053758 -24.811178 -0.859873 -25.671052 -0.680558 1.053758 0.179316 1.053758 1.183545   1   1  -1 
2456210.532155 0.000000 0.000000 -25.261528 0.864183 -24.811178 -0.787849 -25.599027 -0.450350 0.864183 0.337499 0.864183 1.183545   1   1  -1 
2456212.523498 0.000000 0.000000 -25.294554 0.479583 -24.811178 0.125369 -24.685809 -0.483376 0.479583 -0.608745 0.479583 1.183545   1   1  -1 
2456217.523649 0.000000 0.000000 -19.703787 0.740951 -24.811178 3.427563 -21.383615 5.107391 0.740951 1.679828 0.740951 1.183545   1   1  -1 
2456217.529482 0.000000 0.000000 -19.326386 0.723468 -24.811178 3.428981 -21.382197 5.484792 0.723468 2.055811 0.723468 1.183545   1   1  -1 
2456218.587951 0.000000 0.000000 -19.082533 0.783291 -24.811178 3.524638 -21.286540 5.728645 0.783291 2.204007 0.783291 1.183545   1   1  -1 
2456219.500319 0.000000 0.000000 -19.527157 0.495656 -24.811178 3.353228 -21.457950 5.284021 0.495656 1.930793 0.495656 1.183545   1   1  -1 
2456220.491327 0.000000 0.000000 -20.168133 0.783227 -24.811178 2.934805 -21.876373 4.643045 0.783227 1.708240 0.783227 1.183545   1   1  -1 
2456220.514069 0.000000 0.000000 -21.014052 0.640640 -24.811178 2.922827 -21.888351 3.797126 0.640640 0.874299 0.640640 1.183545   1   1  -1 
2456409.867093 0.000000 0.000000 -20.591699 1.234666 -24.811178 2.003028 -22.808150 4.219479 1.234666 2.216451 1.234666 1.183545   1   1  -1 
2456409.872719 0.000000 0.000000 -20.151012 1.190406 -24.811178 2.004083 -22.807095 4.660166 1.190406 2.656083 1.190406 1.183545   1   1  -1 
2456416.824768 0.000000 0.000000 -22.159939 1.100783 -24.811178 1.131469 -23.679710 2.651239 1.100783 1.519771 1.100783 1.183545   1   1  -1 
2456416.828565 0.000000 0.000000 -23.100921 1.091725 -24.811178 1.130667 -23.680511 1.710257 1.091725 0.579590 1.091725 1.183545   1   1  -1 
2456416.832443 0.000000 0.000000 -22.956212 1.133660 -24.811178 1.129849 -23.681329 1.854966 1.133660 0.725117 1.133660 1.183545   1   1  -1 
2456432.884915 0.000000 0.000000 -27.579236 0.787972 -24.811178 -0.173784 -24.984962 -2.768058 0.787972 -2.594274 0.787972 1.183545   1   1  -1 
2456432.890124 0.000000 0.000000 -26.715660 0.901606 -24.811178 -0.174183 -24.985361 -1.904482 0.901606 -1.730299 0.901606 1.183545   1   1  -1 
2456433.905268 0.000000 0.000000 -25.594069 1.477288 -24.811178 -0.210668 -25.021846 -0.782891 1.477288 -0.572223 1.477288 1.183545   1   1  -1 
2456433.910395 0.000000 0.000000 -28.401349 1.603077 -24.811178 -0.210645 -25.021823 -3.590171 1.603077 -3.379526 1.603077 1.183545   1   1  -1 
2456434.892458 0.000000 0.000000 -25.809648 0.969582 -24.811178 -0.170539 -24.981717 -0.998470 0.969582 -0.827931 0.969582 1.183545   1   1  -1 
2456434.898129 0.000000 0.000000 -23.506674 0.937709 -24.811178 -0.170112 -24.981290 1.304504 0.937709 1.474616 0.937709 1.183545   1   1  -1 
2456437.889188 0.000000 0.000000 -24.884604 0.801579 -24.811178 0.250460 -24.560718 -0.073426 0.801579 -0.323886 0.801579 1.183545   1   1  -1 
2456437.894720 0.000000 0.000000 -25.072705 0.735776 -24.811178 0.251414 -24.559764 -0.261527 0.735776 -0.512941 0.735776 1.183545   1   1  -1 
2456438.860772 0.000000 0.000000 -25.990651 0.640814 -24.811178 0.414871 -24.396307 -1.179473 0.640814 -1.594344 0.640814 1.183545   1   1  -1 
2456441.860316 0.000000 0.000000 -24.014503 0.846284 -24.811178 0.793505 -24.017673 0.796675 0.846284 0.003170 0.846284 1.183545   1   1  -1 
2456454.832361 0.000000 0.000000 -23.997808 0.709239 -24.811178 0.674278 -24.136900 0.813370 0.709239 0.139092 0.709239 1.183545   1   1  -1 
2456454.837894 0.000000 0.000000 -22.599444 0.711651 -24.811178 0.673452 -24.137726 2.211734 0.711651 1.538282 0.711651 1.183545   1   1  -1 
2456467.823190 0.000000 0.000000 -25.761156 1.255655 -24.811178 1.112049 -23.699129 -0.949978 1.255655 -2.062027 1.255655 1.183545   1   1  -1 
2456467.826929 0.000000 0.000000 -24.870329 1.113375 -24.811178 1.111682 -23.699496 -0.059151 1.113375 -1.170833 1.113375 1.183545   1   1  -1 
2456467.830702 0.000000 0.000000 -26.757156 1.185837 -24.811178 1.111311 -23.699867 -1.945978 1.185837 -3.057289 1.185837 1.183545   1   1  -1 
2456473.860840 0.000000 0.000000 -26.025579 1.051321 -24.811178 0.232159 -24.579019 -1.214401 1.051321 -1.446560 1.051321 1.183545   1   1  -1 
2456473.864821 0.000000 0.000000 -26.100899 1.016901 -24.811178 0.231925 -24.579253 -1.289721 1.016901 -1.521646 1.016901 1.183545   1   1  -1 
2456473.868595 0.000000 0.000000 -29.196466 1.098920 -24.811178 0.231704 -24.579474 -4.385288 1.098920 -4.616992 1.098920 1.183545   1   1  -1 
2456480.776552 0.000000 0.000000 -23.192493 0.996431 -24.811178 0.689215 -24.121963 1.618685 0.996431 0.929470 0.996431 1.183545   1   1  -1 
2456480.782281 0.000000 0.000000 -24.495239 0.925325 -24.811178 0.689570 -24.121608 0.315939 0.925325 -0.373631 0.925325 1.183545   1   1  -1 
2456481.631506 0.000000 0.000000 -26.796869 1.240759 -24.811178 0.728679 -24.082499 -1.985691 1.240759 -2.714370 1.240759 1.183545   1   1  -1 
2456481.637189 0.000000 0.000000 -26.767470 1.259412 -24.811178 0.728848 -24.082330 -1.956292 1.259412 -2.685140 1.259412 1.183545   1   1  -1 
2456501.599929 0.000000 0.000000 -24.740542 0.631664 -24.811178 0.792627 -24.018551 0.070636 0.631664 -0.721991 0.631664 1.183545   1   1  -1 
2456523.744316 0.000000 0.000000 -25.807160 0.567478 -24.811178 0.434976 -24.376203 -0.995982 0.567478 -1.430957 0.567478 1.183545   1   1  -1 
2456524.691276 0.000000 0.000000 -25.319964 0.703132 -24.811178 0.343087 -24.468091 -0.508786 0.703132 -0.851873 0.703132 1.183545   1   1  -1 
2456524.696693 0.000000 0.000000 -24.516845 0.716695 -24.811178 0.342540 -24.468638 0.294333 0.716695 -0.048207 0.716695 1.183545   1   1  -1 
2456525.743740 0.000000 0.000000 -25.822667 0.637734 -24.811178 0.235313 -24.575865 -1.011489 0.637734 -1.246802 0.637734 1.183545   1   1  -1 
2456569.534062 0.000000 0.000000 -26.502332 1.076929 -24.811178 0.715226 -24.095952 -1.691154 1.076929 -2.406380 1.076929 1.183545   1   1  -1 
2456585.564665 0.000000 0.000000 -24.318027 0.855663 -24.811178 -0.030500 -24.841678 0.493151 0.855663 0.523651 0.855663 1.183545   1   1  -1 
2456585.568473 0.000000 0.000000 -25.604567 0.828824 -24.811178 -0.030778 -24.841956 -0.793389 0.828824 -0.762611 0.828824 1.183545   1   1  -1 
2456585.572350 0.000000 0.000000 -26.300858 0.846101 -24.811178 -0.031061 -24.842239 -1.489680 0.846101 -1.458619 0.846101 1.183545   1   1  -1 
2456586.547688 0.000000 0.000000 -22.976857 0.928572 -24.811178 -0.105222 -24.916400 1.834321 0.928572 1.939543 0.928572 1.183545   1   1  -1 
2456586.551530 0.000000 0.000000 -24.816035 0.993006 -24.811178 -0.105523 -24.916701 -0.004857 0.993006 0.100666 0.993006 1.183545   1   1  -1 
2456586.555442 0.000000 0.000000 -25.499232 1.030307 -24.811178 -0.105829 -24.917007 -0.688054 1.030307 -0.582225 1.030307 1.183545   1   1  -1 
2456590.510961 0.000000 0.000000 -24.188890 1.367518 -24.811178 -0.330251 -25.141429 0.622288 1.367518 0.952539 1.367518 1.183545   1   1  -1 
2456590.514943 0.000000 0.000000 -26.805340 1.522789 -24.811178 -0.330265 -25.141443 -1.994162 1.522789 -1.663897 1.522789 1.183545   1   1  -1 
2456590.518611 0.000000 0.000000 -28.066154 1.287716 -24.811178 -0.330277 -25.141455 -3.254976 1.287716 -2.924699 1.287716 1.183545   1   1  -1 
2456765.917789 0.000000 0.000000 -25.232175 0.712210 -24.811178 0.321392 -24.489786 -0.420997 0.712210 -0.742389 0.712210 1.183545   1   1  -1 
2456765.923021 0.000000 0.000000 -25.375142 0.718686 -24.811178 0.321168 -24.490010 -0.563964 0.718686 -0.885132 0.718686 1.183545   1   1  -1 
2456789.854143 0.000000 0.000000 -27.340576 0.783119 -24.811178 -0.134340 -24.945518 -2.529398 0.783119 -2.395058 0.783119 1.183545   1   1  -1 
2456789.859722 0.000000 0.000000 -26.773936 0.810184 -24.811178 -0.132965 -24.944143 -1.962758 0.810184 -1.829793 0.810184 1.183545   1   1  -1 
2456806.890179 0.000000 0.000000 -27.483229 0.848654 -24.811178 0.331867 -24.479311 -2.672051 0.848654 -3.003918 0.848654 1.183545   1   1  -1 
2456829.893363 0.000000 0.000000 -28.440148 0.544726 -24.811178 -0.895933 -25.707111 -3.628970 0.544726 -2.733037 0.544726 1.183545   1   1  -1 
2456857.748704 0.000000 0.000000 -25.370298 0.916881 -24.811178 0.591150 -24.220028 -0.559120 0.916881 -1.150270 0.916881 1.183545   1   1  -1 
2456857.754433 0.000000 0.000000 -26.513555 0.896024 -24.811178 0.590209 -24.220970 -1.702377 0.896024 -2.292585 0.896024 1.183545   1   1  -1 
2456866.784629 0.000000 0.000000 -28.725741 0.744866 -24.811178 -0.125952 -24.937130 -3.914563 0.744866 -3.788611 0.744866 1.183545   1   1  -1 
2456896.727940 0.000000 0.000000 -25.463793 1.053796 -24.811178 0.572010 -24.239169 -0.652615 1.053796 -1.224624 1.053796 1.183545   1   1  -1 
2456896.733287 0.000000 0.000000 -23.350729 1.302275 -24.811178 0.571696 -24.239482 1.460449 1.302275 0.888753 1.302275 1.183545   1   1  -1 
2457146.919889 0.000000 0.000000 -25.875665 0.544417 -24.811178 0.276711 -24.534467 -1.064487 0.544417 -1.341198 0.544417 1.183545   1   1  -1 
2457176.844500 0.000000 0.000000 -13.102205 0.482556 -12.412362 -0.382404 -12.794766 -0.689843 0.482556 -0.307439 0.482556 1.183545   1   2  -1 
2457180.950532 0.000000 0.000000 -12.827294 0.611496 -12.412362 -0.446482 -12.858844 -0.414932 0.611496 0.031550 0.611496 1.183545   1   2  -1 
2457180.956053 0.000000 0.000000 -12.819042 0.642310 -12.412362 -0.446465 -12.858827 -0.406680 0.642310 0.039785 0.642310 1.183545   1   2  -1 
2457307.523708 0.000000 0.000000 -13.332331 0.569213 -12.412362 -0.297443 -12.709805 -0.919969 0.569213 -0.622526 0.569213 1.183545   1   2  -1 
2457307.529113 0.000000 0.000000 -13.026912 0.591603 -12.412362 -0.296836 -12.709198 -0.614550 0.591603 -0.317714 0.591603 1.183545   1   2  -1 
2457879.840329 0.000000 0.000000 -11.576868 0.840815 -12.412362 0.074852 -12.337511 0.835494 0.840815 0.760643 0.840815 1.183545   1   2  -1 
2457968.637355 0.000000 0.000000 -11.203839 0.766025 -12.412362 0.663939 -11.748423 1.208523 0.766025 0.544584 0.766025 1.183545   1   2  -1 
2460042.883932 0.000000 0.000000 -58.442022 0.194366 -59.169103 0.941918 -58.227185 0.727081 0.194366 -0.214837 0.194366 0.200767   0   0  -1 
2460042.889532 0.000000 0.000000 -58.629252 0.197675 -59.169103 0.944354 -58.224749 0.539851 0.197675 -0.404503 0.197675 0.200767   0   0  -1 
2460043.870973 0.000000 0.000000 -58.219986 0.231538 -59.169103 1.334562 -57.834541 0.949117 0.231538 -0.385445 0.231538 0.200767   0   0  -1 
2460043.876677 0.000000 0.000000 -57.899291 0.215486 -59.169103 1.336557 -57.832546 1.269812 0.215486 -0.066745 0.215486 0.200767   0   0  -1 
2460044.793251 0.000000 0.000000 -56.849206 0.238014 -59.169103 1.601467 -57.567636 2.319897 0.238014 0.718430 0.238014 0.200767   0   0  -1 
2460044.798982 0.000000 0.000000 -57.145893 0.236508 -59.169103 1.602739 -57.566364 2.023210 0.236508 0.420471 0.236508 0.200767   0   0  -1 
2460045.773704 0.000000 0.000000 -57.007798 0.527086 -59.169103 1.739979 -57.429124 2.161305 0.527086 0.421326 0.527086 0.200767   0   0  -1 
2460045.779649 0.000000 0.000000 -56.938954 0.356358 -59.169103 1.740315 -57.428788 2.230149 0.356358 0.489834 0.356358 0.200767   0   0  -1 
2460046.786658 0.000000 0.000000 -57.040367 0.216596 -59.169103 1.707813 -57.461291 2.128736 0.216596 0.420924 0.216596 0.200767   0   0  -1 
2460046.792204 0.000000 0.000000 -57.278637 0.200898 -59.169103 1.707150 -57.461954 1.890466 0.200898 0.183317 0.200898 0.200767   0   0  -1 
2460047.789500 0.000000 0.000000 -57.927209 0.215835 -59.169103 1.508891 -57.660212 1.241894 0.215835 -0.266997 0.215835 0.200767   0   0  -1 
2460047.795047 0.000000 0.000000 -58.119277 0.207999 -59.169103 1.507380 -57.661723 1.049826 0.207999 -0.457554 0.207999 0.200767   0   0  -1 
2460048.783364 0.000000 0.000000 -58.118469 0.259180 -59.169103 1.179966 -57.989137 1.050634 0.259180 -0.129332 0.259180 0.200767   0   0  -1 
2460048.789012 0.000000 0.000000 -58.073804 0.241587 -59.169103 1.177810 -57.991293 1.095299 0.241587 -0.082511 0.241587 0.200767   0   0  -1 
2460049.801102 0.000000 0.000000 -58.859288 0.223882 -59.169103 0.758239 -58.410864 0.309815 0.223882 -0.448424 0.223882 0.200767   0   0  -1 
2460049.806533 0.000000 0.000000 -58.376523 0.237350 -59.169103 0.755864 -58.413239 0.792580 0.237350 0.036716 0.237350 0.200767   0   0  -1 
2460050.776767 0.000000 0.000000 -58.619721 0.220926 -59.169103 0.328967 -58.840136 0.549382 0.220926 0.220415 0.220926 0.200767   0   0  -1 
2460050.782471 0.000000 0.000000 -58.676295 0.212336 -59.169103 0.326492 -58.842611 0.492808 0.212336 0.166316 0.212336 0.200767   0   0  -1 
2460068.823617 0.000000 0.000000 -57.564815 0.250917 -59.169103 1.483701 -57.685402 1.604288 0.250917 0.120587 0.250917 0.200767   0   0  -1 
2460068.829253 0.000000 0.000000 -57.865247 0.315822 -59.169103 1.483501 -57.685602 1.303856 0.315822 -0.179645 0.315822 0.200767   0   0  -1 
2460073.775251 0.000000 0.000000 -58.686864 0.273036 -59.169103 -0.054491 -59.223594 0.482239 0.273036 0.536730 0.273036 0.200767   0   0  -1 
2460073.780774 0.000000 0.000000 -59.826438 0.249282 -59.169103 -0.057288 -59.226392 -0.657335 0.249282 -0.600046 0.249282 0.200767   0   0  -1 
2460076.728213 0.000000 0.000000 -60.233316 0.253446 -59.169103 -1.335691 -60.504794 -1.064213 0.253446 0.271478 0.253446 0.200767   0   0  -1 
2460076.733797 0.000000 0.000000 -60.562447 0.242470 -59.169103 -1.337218 -60.506322 -1.393344 0.242470 -0.056125 0.242470 0.200767   0   0  -1 
2460077.755001 0.000000 0.000000 -61.037365 0.312506 -59.169103 -1.525151 -60.694254 -1.868262 0.312506 -0.343111 0.312506 0.200767   0   0  -1 
2460077.760768 0.000000 0.000000 -61.187467 0.301092 -59.169103 -1.525663 -60.694766 -2.018364 0.301092 -0.492701 0.301092 0.200767   0   0  -1 
2460078.818364 0.000000 0.000000 -61.107816 0.236131 -59.169103 -1.507577 -60.676680 -1.938713 0.236131 -0.431136 0.236131 0.200767   0   0  -1 
2460078.823976 0.000000 0.000000 -60.811890 0.231515 -59.169103 -1.506882 -60.675985 -1.642787 0.231515 -0.135905 0.231515 0.200767   0   0  -1 
2460079.846559 0.000000 0.000000 -60.159488 0.225727 -59.169103 -1.278352 -60.447456 -0.990385 0.225727 0.287968 0.225727 0.200767   0   0  -1 
2460079.852048 0.000000 0.000000 -60.314338 0.228638 -59.169103 -1.276603 -60.445706 -1.145235 0.228638 0.131368 0.228638 0.200767   0   0  -1 
2460080.730235 0.000000 0.000000 -59.799608 0.243529 -59.169103 -0.934228 -60.103331 -0.630505 0.243529 0.303723 0.243529 0.200767   0   0  -1 
2460080.735864 0.000000 0.000000 -59.979018 0.224766 -59.169103 -0.931670 -60.100773 -0.809915 0.224766 0.121755 0.224766 0.200767   0   0  -1 
2460082.755256 0.000000 0.000000 -59.155917 0.286786 -59.169103 0.157802 -59.011301 0.013186 0.286786 -0.144616 0.286786 0.200767   0   0  -1 
2460082.760842 0.000000 0.000000 -58.974641 0.259323 -59.169103 0.161007 -59.008097 0.194462 0.259323 0.033456 0.259323 0.200767   0   0  -1 
2460086.748603 0.000000 0.000000 -57.379791 0.193185 -59.169103 1.587435 -57.581668 1.789312 0.193185 0.201877 0.193185 0.200767   0   0  -1 
2460086.754324 0.000000 0.000000 -57.655925 0.208316 -59.169103 1.587529 -57.581574 1.513178 0.208316 -0.074351 0.208316 0.200767   0   0  -1 
2460199.601214 0.000000 0.000000 -60.237827 0.389251 -59.169103 -0.528156 -59.697260 -1.068724 0.389251 -0.540567 0.389251 0.200767   0   0  -1 
2460199.607025 0.000000 0.000000 -59.321609 0.381438 -59.169103 -0.528894 -59.697997 -0.152506 0.381438 0.376388 0.381438 0.200767   0   0  -1 
2460201.515076 0.000000 0.000000 -59.992946 0.272613 -59.169103 -0.844735 -60.013838 -0.823843 0.272613 0.020892 0.272613 0.200767   0   0  -1 
2460201.520627 0.000000 0.000000 -59.837838 0.294212 -59.169103 -0.845781 -60.014884 -0.668735 0.294212 0.177046 0.294212 0.200767   0   0  -1 
2460202.533617 0.000000 0.000000 -60.316621 0.232737 -59.169103 -1.033891 -60.202994 -1.147518 0.232737 -0.113627 0.232737 0.200767   0   0  -1 
2460202.539273 0.000000 0.000000 -60.064845 0.220468 -59.169103 -1.034895 -60.203998 -0.895742 0.220468 0.139153 0.220468 0.200767   0   0  -1 
2460203.571018 0.000000 0.000000 -60.190673 0.337253 -59.169103 -1.197899 -60.367002 -1.021570 0.337253 0.176329 0.337253 0.200767   0   0  -1 
2460203.577196 0.000000 0.000000 -60.378625 0.360328 -59.169103 -1.198722 -60.367825 -1.209522 0.360328 -0.010800 0.360328 0.200767   0   0  -1 
2460204.530857 0.000000 0.000000 -60.576471 0.197030 -59.169103 -1.295854 -60.464957 -1.407368 0.197030 -0.111514 0.197030 0.200767   0   0  -1 
2460204.536387 0.000000 0.000000 -60.449009 0.208547 -59.169103 -1.296225 -60.465328 -1.279906 0.208547 0.016319 0.208547 0.200767   0   0  -1 
2460205.516019 0.000000 0.000000 -60.633611 0.244280 -59.169103 -1.321625 -60.490729 -1.464508 0.244280 -0.142882 0.244280 0.200767   0   0  -1 
2460205.521490 0.000000 0.000000 -60.604071 0.216530 -59.169103 -1.321532 -60.490635 -1.434968 0.216530 -0.113436 0.216530 0.200767   0   0  -1 
2460206.534104 0.000000 0.000000 -60.273073 0.247014 -59.169103 -1.257282 -60.426385 -1.103970 0.247014 0.153312 0.247014 0.200767   0   0  -1 
2460206.539634 0.000000 0.000000 -60.618007 0.225863 -59.169103 -1.256676 -60.425779 -1.448904 0.225863 -0.192228 0.225863 0.200767   0   0  -1 
2460208.612713 0.000000 0.000000 -59.998253 0.238171 -59.169103 -0.859217 -60.028320 -0.829150 0.238171 0.030067 0.238171 0.200767   0   0  -1 
2460208.618030 0.000000 0.000000 -59.687757 0.245322 -59.169103 -0.857838 -60.026941 -0.518654 0.245322 0.339184 0.245322 0.200767   0   0  -1 
2460209.504007 0.000000 0.000000 -59.606726 0.494812 -59.169103 -0.612926 -59.782029 -0.437623 0.494812 0.175303 0.494812 0.200767   0   0  -1 
2460209.509978 0.000000 0.000000 -59.406245 0.441044 -59.169103 -0.611199 -59.780302 -0.237142 0.441044 0.374057 0.441044 0.200767   0   0  -1 
2460210.587394 0.000000 0.000000 -59.811154 0.275366 -59.169103 -0.295757 -59.464860 -0.642051 0.275366 -0.346294 0.275366 0.200767   0   0  -1 
2460210.593026 0.000000 0.000000 -59.626164 0.295408 -59.169103 -0.294126 -59.463229 -0.457061 0.295408 -0.162935 0.295408 0.200767   0   0  -1 
2460211.516295 0.000000 0.000000 -58.909396 0.380462 -59.169103 -0.038921 -59.208024 0.259707 0.380462 0.298628 0.380462 0.200767   0   0  -1 
2460211.522268 0.000000 0.000000 -58.728326 0.306169 -59.169103 -0.037376 -59.206479 0.440777 0.306169 0.478153 0.306169 0.200767   0   0  -1 
