# Tc_folded model 
-1.500000 1.493605 
-1.499000 1.498851 
-1.498000 1.503973 
-1.497000 1.508974 
-1.496000 1.513854 
-1.495000 1.518616 
-1.494000 1.523260 
-1.493000 1.527788 
-1.492000 1.532202 
-1.491000 1.536503 
-1.490000 1.540693 
-1.489000 1.544772 
-1.488000 1.548743 
-1.487000 1.552606 
-1.486000 1.556363 
-1.485000 1.560016 
-1.484000 1.563566 
-1.483000 1.567014 
-1.482000 1.570361 
-1.481000 1.573609 
-1.480000 1.576758 
-1.479000 1.579811 
-1.478000 1.582769 
-1.477000 1.585632 
-1.476000 1.588402 
-1.475000 1.591081 
-1.474000 1.593669 
-1.473000 1.596167 
-1.472000 1.598576 
-1.471000 1.600899 
-1.470000 1.603136 
-1.469000 1.605287 
-1.468000 1.607355 
-1.467000 1.609340 
-1.466000 1.611243 
-1.465000 1.613065 
-1.464000 1.614808 
-1.463000 1.616472 
-1.462000 1.618059 
-1.461000 1.619569 
-1.460000 1.621004 
-1.459000 1.622364 
-1.458000 1.623650 
-1.457000 1.624863 
-1.456000 1.626005 
-1.455000 1.627076 
-1.454000 1.628077 
-1.453000 1.629008 
-1.452000 1.629872 
-1.451000 1.630668 
-1.450000 1.631398 
-1.449000 1.632063 
-1.448000 1.632662 
-1.447000 1.633198 
-1.446000 1.633670 
-1.445000 1.634080 
-1.444000 1.634429 
-1.443000 1.634717 
-1.442000 1.634945 
-1.441000 1.635114 
-1.440000 1.635224 
-1.439000 1.635277 
-1.438000 1.635272 
-1.437000 1.635211 
-1.436000 1.635095 
-1.435000 1.634924 
-1.434000 1.634698 
-1.433000 1.634419 
-1.432000 1.634088 
-1.431000 1.633704 
-1.430000 1.633268 
-1.429000 1.632782 
-1.428000 1.632245 
-1.427000 1.631659 
-1.426000 1.631023 
-1.425000 1.630339 
-1.424000 1.629608 
-1.423000 1.628829 
-1.422000 1.628003 
-1.421000 1.627131 
-1.420000 1.626214 
-1.419000 1.625252 
-1.418000 1.624245 
-1.417000 1.623194 
-1.416000 1.622100 
-1.415000 1.620964 
-1.414000 1.619785 
-1.413000 1.618564 
-1.412000 1.617301 
-1.411000 1.615998 
-1.410000 1.614655 
-1.409000 1.613271 
-1.408000 1.611849 
-1.407000 1.610387 
-1.406000 1.608887 
-1.405000 1.607349 
-1.404000 1.605773 
-1.403000 1.604160 
-1.402000 1.602511 
-1.401000 1.600825 
-1.400000 1.599103 
-1.399000 1.597346 
-1.398000 1.595554 
-1.397000 1.593727 
-1.396000 1.591867 
-1.395000 1.589972 
-1.394000 1.588044 
-1.393000 1.586083 
-1.392000 1.584089 
-1.391000 1.582063 
-1.390000 1.580004 
-1.389000 1.577915 
-1.388000 1.575794 
-1.387000 1.573642 
-1.386000 1.571460 
-1.385000 1.569247 
-1.384000 1.567005 
-1.383000 1.564733 
-1.382000 1.562432 
-1.381000 1.560102 
-1.380000 1.557743 
-1.379000 1.555356 
-1.378000 1.552942 
-1.377000 1.550499 
-1.376000 1.548029 
-1.375000 1.545533 
-1.374000 1.543009 
-1.373000 1.540459 
-1.372000 1.537883 
-1.371000 1.535281 
-1.370000 1.532653 
-1.369000 1.530000 
-1.368000 1.527321 
-1.367000 1.524618 
-1.366000 1.521890 
-1.365000 1.519138 
-1.364000 1.516362 
-1.363000 1.513562 
-1.362000 1.510739 
-1.361000 1.507892 
-1.360000 1.505022 
-1.359000 1.502129 
-1.358000 1.499213 
-1.357000 1.496275 
-1.356000 1.493315 
-1.355000 1.490333 
-1.354000 1.487329 
-1.353000 1.484304 
-1.352000 1.481257 
-1.351000 1.478189 
-1.350000 1.475100 
-1.349000 1.471991 
-1.348000 1.468861 
-1.347000 1.465710 
-1.346000 1.462540 
-1.345000 1.459350 
-1.344000 1.456139 
-1.343000 1.452910 
-1.342000 1.449661 
-1.341000 1.446392 
-1.340000 1.443105 
-1.339000 1.439799 
-1.338000 1.436474 
-1.337000 1.433131 
-1.336000 1.429769 
-1.335000 1.426389 
-1.334000 1.422991 
-1.333000 1.419575 
-1.332000 1.416142 
-1.331000 1.412691 
-1.330000 1.409223 
-1.329000 1.405737 
-1.328000 1.402235 
-1.327000 1.398715 
-1.326000 1.395179 
-1.325000 1.391626 
-1.324000 1.388056 
-1.323000 1.384470 
-1.322000 1.380868 
-1.321000 1.377250 
-1.320000 1.373616 
-1.319000 1.369966 
-1.318000 1.366301 
-1.317000 1.362619 
-1.316000 1.358923 
-1.315000 1.355211 
-1.314000 1.351484 
-1.313000 1.347741 
-1.312000 1.343984 
-1.311000 1.340212 
-1.310000 1.336425 
-1.309000 1.332624 
-1.308000 1.328808 
-1.307000 1.324978 
-1.306000 1.321133 
-1.305000 1.317274 
-1.304000 1.313401 
-1.303000 1.309514 
-1.302000 1.305614 
-1.301000 1.301699 
-1.300000 1.297771 
-1.299000 1.293829 
-1.298000 1.289874 
-1.297000 1.285906 
-1.296000 1.281924 
-1.295000 1.277928 
-1.294000 1.273920 
-1.293000 1.269899 
-1.292000 1.265865 
-1.291000 1.261818 
-1.290000 1.257758 
-1.289000 1.253685 
-1.288000 1.249600 
-1.287000 1.245503 
-1.286000 1.241393 
-1.285000 1.237270 
-1.284000 1.233136 
-1.283000 1.228989 
-1.282000 1.224830 
-1.281000 1.220658 
-1.280000 1.216475 
-1.279000 1.212280 
-1.278000 1.208073 
-1.277000 1.203855 
-1.276000 1.199624 
-1.275000 1.195382 
-1.274000 1.191129 
-1.273000 1.186864 
-1.272000 1.182587 
-1.271000 1.178299 
-1.270000 1.174000 
-1.269000 1.169689 
-1.268000 1.165367 
-1.267000 1.161034 
-1.266000 1.156690 
-1.265000 1.152335 
-1.264000 1.147969 
-1.263000 1.143592 
-1.262000 1.139205 
-1.261000 1.134806 
-1.260000 1.130397 
-1.259000 1.125976 
-1.258000 1.121546 
-1.257000 1.117104 
-1.256000 1.112652 
-1.255000 1.108190 
-1.254000 1.103717 
-1.253000 1.099233 
-1.252000 1.094739 
-1.251000 1.090235 
-1.250000 1.085721 
-1.249000 1.081196 
-1.248000 1.076661 
-1.247000 1.072116 
-1.246000 1.067561 
-1.245000 1.062995 
-1.244000 1.058420 
-1.243000 1.053834 
-1.242000 1.049239 
-1.241000 1.044634 
-1.240000 1.040018 
-1.239000 1.035393 
-1.238000 1.030758 
-1.237000 1.026113 
-1.236000 1.021459 
-1.235000 1.016794 
-1.234000 1.012120 
-1.233000 1.007436 
-1.232000 1.002743 
-1.231000 0.998040 
-1.230000 0.993327 
-1.229000 0.988605 
-1.228000 0.983874 
-1.227000 0.979132 
-1.226000 0.974382 
-1.225000 0.969621 
-1.224000 0.964852 
-1.223000 0.960073 
-1.222000 0.955284 
-1.221000 0.950486 
-1.220000 0.945679 
-1.219000 0.940863 
-1.218000 0.936037 
-1.217000 0.931202 
-1.216000 0.926357 
-1.215000 0.921504 
-1.214000 0.916641 
-1.213000 0.911769 
-1.212000 0.906888 
-1.211000 0.901997 
-1.210000 0.897098 
-1.209000 0.892189 
-1.208000 0.887272 
-1.207000 0.882345 
-1.206000 0.877409 
-1.205000 0.872464 
-1.204000 0.867509 
-1.203000 0.862546 
-1.202000 0.857574 
-1.201000 0.852593 
-1.200000 0.847603 
-1.199000 0.842603 
-1.198000 0.837595 
-1.197000 0.832578 
-1.196000 0.827552 
-1.195000 0.822516 
-1.194000 0.817472 
-1.193000 0.812419 
-1.192000 0.807357 
-1.191000 0.802286 
-1.190000 0.797206 
-1.189000 0.792117 
-1.188000 0.787020 
-1.187000 0.781913 
-1.186000 0.776798 
-1.185000 0.771673 
-1.184000 0.766540 
-1.183000 0.761398 
-1.182000 0.756247 
-1.181000 0.751087 
-1.180000 0.745918 
-1.179000 0.740740 
-1.178000 0.735554 
-1.177000 0.730358 
-1.176000 0.725154 
-1.175000 0.719941 
-1.174000 0.714719 
-1.173000 0.709488 
-1.172000 0.704248 
-1.171000 0.698999 
-1.170000 0.693742 
-1.169000 0.688475 
-1.168000 0.683200 
-1.167000 0.677916 
-1.166000 0.672623 
-1.165000 0.667321 
-1.164000 0.662010 
-1.163000 0.656690 
-1.162000 0.651361 
-1.161000 0.646024 
-1.160000 0.640678 
-1.159000 0.635322 
-1.158000 0.629958 
-1.157000 0.624585 
-1.156000 0.619203 
-1.155000 0.613812 
-1.154000 0.608412 
-1.153000 0.603003 
-1.152000 0.597585 
-1.151000 0.592158 
-1.150000 0.586722 
-1.149000 0.581262 
-1.148000 0.575808 
-1.147000 0.570345 
-1.146000 0.564873 
-1.145000 0.559392 
-1.144000 0.553903 
-1.143000 0.548404 
-1.142000 0.542896 
-1.141000 0.537379 
-1.140000 0.531853 
-1.139000 0.526317 
-1.138000 0.520773 
-1.137000 0.515220 
-1.136000 0.509657 
-1.135000 0.504085 
-1.134000 0.498504 
-1.133000 0.492914 
-1.132000 0.487315 
-1.131000 0.481707 
-1.130000 0.476089 
-1.129000 0.470462 
-1.128000 0.464826 
-1.127000 0.459181 
-1.126000 0.453526 
-1.125000 0.447863 
-1.124000 0.442189 
-1.123000 0.436507 
-1.122000 0.430815 
-1.121000 0.425114 
-1.120000 0.419403 
-1.119000 0.413683 
-1.118000 0.407954 
-1.117000 0.402215 
-1.116000 0.396467 
-1.115000 0.390710 
-1.114000 0.384943 
-1.113000 0.379166 
-1.112000 0.373380 
-1.111000 0.367584 
-1.110000 0.361779 
-1.109000 0.355964 
-1.108000 0.350140 
-1.107000 0.344306 
-1.106000 0.338462 
-1.105000 0.332609 
-1.104000 0.326746 
-1.103000 0.320874 
-1.102000 0.314991 
-1.101000 0.309099 
-1.100000 0.303197 
-1.099000 0.297286 
-1.098000 0.291364 
-1.097000 0.285433 
-1.096000 0.279492 
-1.095000 0.273541 
-1.094000 0.267580 
-1.093000 0.261609 
-1.092000 0.255629 
-1.091000 0.249638 
-1.090000 0.243637 
-1.089000 0.237627 
-1.088000 0.231606 
-1.087000 0.225575 
-1.086000 0.219534 
-1.085000 0.213483 
-1.084000 0.207422 
-1.083000 0.201351 
-1.082000 0.195269 
-1.081000 0.189177 
-1.080000 0.183075 
-1.079000 0.176963 
-1.078000 0.170841 
-1.077000 0.164708 
-1.076000 0.158564 
-1.075000 0.152411 
-1.074000 0.146247 
-1.073000 0.140072 
-1.072000 0.133887 
-1.071000 0.127692 
-1.070000 0.121486 
-1.069000 0.115269 
-1.068000 0.109042 
-1.067000 0.102805 
-1.066000 0.096556 
-1.065000 0.090297 
-1.064000 0.084028 
-1.063000 0.077747 
-1.062000 0.071456 
-1.061000 0.065154 
-1.060000 0.058842 
-1.059000 0.052518 
-1.058000 0.046184 
-1.057000 0.039838 
-1.056000 0.033482 
-1.055000 0.027115 
-1.054000 0.020737 
-1.053000 0.014347 
-1.052000 0.007947 
-1.051000 0.001536 
-1.050000 -0.004887 
-1.049000 -0.011320 
-1.048000 -0.017765 
-1.047000 -0.024221 
-1.046000 -0.030689 
-1.045000 -0.037167 
-1.044000 -0.043657 
-1.043000 -0.050158 
-1.042000 -0.056671 
-1.041000 -0.063195 
-1.040000 -0.069730 
-1.039000 -0.076277 
-1.038000 -0.082835 
-1.037000 -0.089405 
-1.036000 -0.095987 
-1.035000 -0.102580 
-1.034000 -0.109185 
-1.033000 -0.115801 
-1.032000 -0.122429 
-1.031000 -0.129069 
-1.030000 -0.135720 
-1.029000 -0.142384 
-1.028000 -0.149059 
-1.027000 -0.155746 
-1.026000 -0.162445 
-1.025000 -0.169156 
-1.024000 -0.175878 
-1.023000 -0.182613 
-1.022000 -0.189360 
-1.021000 -0.196119 
-1.020000 -0.202890 
-1.019000 -0.209673 
-1.018000 -0.216468 
-1.017000 -0.223276 
-1.016000 -0.230095 
-1.015000 -0.236927 
-1.014000 -0.243772 
-1.013000 -0.250628 
-1.012000 -0.257497 
-1.011000 -0.264378 
-1.010000 -0.271272 
-1.009000 -0.278178 
-1.008000 -0.285097 
-1.007000 -0.292028 
-1.006000 -0.298972 
-1.005000 -0.305929 
-1.004000 -0.312898 
-1.003000 -0.319879 
-1.002000 -0.326874 
-1.001000 -0.333881 
-1.000000 -0.340900 
-0.999000 -0.347933 
-0.998000 -0.354978 
-0.997000 -0.362037 
-0.996000 -0.369108 
-0.995000 -0.376192 
-0.994000 -0.383289 
-0.993000 -0.390399 
-0.992000 -0.397522 
-0.991000 -0.404658 
-0.990000 -0.411807 
-0.989000 -0.418969 
-0.988000 -0.426144 
-0.987000 -0.433333 
-0.986000 -0.440534 
-0.985000 -0.447749 
-0.984000 -0.454977 
-0.983000 -0.462219 
-0.982000 -0.469473 
-0.981000 -0.476741 
-0.980000 -0.484023 
-0.979000 -0.491317 
-0.978000 -0.498626 
-0.977000 -0.505947 
-0.976000 -0.513282 
-0.975000 -0.520631 
-0.974000 -0.527993 
-0.973000 -0.535368 
-0.972000 -0.542757 
-0.971000 -0.550160 
-0.970000 -0.557576 
-0.969000 -0.565006 
-0.968000 -0.572450 
-0.967000 -0.579907 
-0.966000 -0.587378 
-0.965000 -0.594863 
-0.964000 -0.602361 
-0.963000 -0.609873 
-0.962000 -0.617399 
-0.961000 -0.624939 
-0.960000 -0.632492 
-0.959000 -0.640060 
-0.958000 -0.647641 
-0.957000 -0.655236 
-0.956000 -0.662845 
-0.955000 -0.670468 
-0.954000 -0.678104 
-0.953000 -0.685755 
-0.952000 -0.693420 
-0.951000 -0.701098 
-0.950000 -0.708790 
-0.949000 -0.716497 
-0.948000 -0.724217 
-0.947000 -0.731952 
-0.946000 -0.739700 
-0.945000 -0.747462 
-0.944000 -0.755238 
-0.943000 -0.763029 
-0.942000 -0.770833 
-0.941000 -0.778651 
-0.940000 -0.786483 
-0.939000 -0.794329 
-0.938000 -0.802190 
-0.937000 -0.810064 
-0.936000 -0.817952 
-0.935000 -0.825854 
-0.934000 -0.833770 
-0.933000 -0.841700 
-0.932000 -0.849644 
-0.931000 -0.857602 
-0.930000 -0.865573 
-0.929000 -0.873559 
-0.928000 -0.881558 
-0.927000 -0.889572 
-0.926000 -0.897599 
-0.925000 -0.905640 
-0.924000 -0.913695 
-0.923000 -0.921763 
-0.922000 -0.929846 
-0.921000 -0.937941 
-0.920000 -0.946051 
-0.919000 -0.954174 
-0.918000 -0.962311 
-0.917000 -0.970462 
-0.916000 -0.978625 
-0.915000 -0.986803 
-0.914000 -0.994994 
-0.913000 -1.003198 
-0.912000 -1.011415 
-0.911000 -1.019646 
-0.910000 -1.027890 
-0.909000 -1.036147 
-0.908000 -1.044418 
-0.907000 -1.052701 
-0.906000 -1.060997 
-0.905000 -1.069306 
-0.904000 -1.077628 
-0.903000 -1.085963 
-0.902000 -1.094311 
-0.901000 -1.102671 
-0.900000 -1.111043 
-0.899000 -1.119428 
-0.898000 -1.127825 
-0.897000 -1.136235 
-0.896000 -1.144657 
-0.895000 -1.153090 
-0.894000 -1.161536 
-0.893000 -1.169993 
-0.892000 -1.178463 
-0.891000 -1.186943 
-0.890000 -1.195436 
-0.889000 -1.203939 
-0.888000 -1.212454 
-0.887000 -1.220980 
-0.886000 -1.229516 
-0.885000 -1.238064 
-0.884000 -1.246622 
-0.883000 -1.255191 
-0.882000 -1.263770 
-0.881000 -1.272359 
-0.880000 -1.280958 
-0.879000 -1.289567 
-0.878000 -1.298186 
-0.877000 -1.306814 
-0.876000 -1.315451 
-0.875000 -1.324097 
-0.874000 -1.332752 
-0.873000 -1.341416 
-0.872000 -1.350088 
-0.871000 -1.358769 
-0.870000 -1.367457 
-0.869000 -1.376153 
-0.868000 -1.384857 
-0.867000 -1.393568 
-0.866000 -1.402285 
-0.865000 -1.411010 
-0.864000 -1.419741 
-0.863000 -1.428478 
-0.862000 -1.437221 
-0.861000 -1.445970 
-0.860000 -1.454723 
-0.859000 -1.463482 
-0.858000 -1.472246 
-0.857000 -1.481013 
-0.856000 -1.489785 
-0.855000 -1.498560 
-0.854000 -1.507339 
-0.853000 -1.516120 
-0.852000 -1.524904 
-0.851000 -1.533690 
-0.850000 -1.542477 
-0.849000 -1.551266 
-0.848000 -1.560056 
-0.847000 -1.568846 
-0.846000 -1.577636 
-0.845000 -1.586426 
-0.844000 -1.595215 
-0.843000 -1.604002 
-0.842000 -1.612787 
-0.841000 -1.621570 
-0.840000 -1.630350 
-0.839000 -1.639127 
-0.838000 -1.647899 
-0.837000 -1.656667 
-0.836000 -1.665430 
-0.835000 -1.674187 
-0.834000 -1.682937 
-0.833000 -1.691681 
-0.832000 -1.700417 
-0.831000 -1.709144 
-0.830000 -1.717863 
-0.829000 -1.726572 
-0.828000 -1.735270 
-0.827000 -1.743958 
-0.826000 -1.752634 
-0.825000 -1.761297 
-0.824000 -1.769947 
-0.823000 -1.778582 
-0.822000 -1.787203 
-0.821000 -1.795808 
-0.820000 -1.804396 
-0.819000 -1.812967 
-0.818000 -1.821520 
-0.817000 -1.830053 
-0.816000 -1.838565 
-0.815000 -1.847057 
-0.814000 -1.855526 
-0.813000 -1.863973 
-0.812000 -1.872394 
-0.811000 -1.880791 
-0.810000 -1.889161 
-0.809000 -1.897504 
-0.808000 -1.905818 
-0.807000 -1.914102 
-0.806000 -1.922356 
-0.805000 -1.930577 
-0.804000 -1.938764 
-0.803000 -1.946918 
-0.802000 -1.955035 
-0.801000 -1.963114 
-0.800000 -1.971156 
-0.799000 -1.979157 
-0.798000 -1.987116 
-0.797000 -1.995033 
-0.796000 -2.002905 
-0.795000 -2.010732 
-0.794000 -2.018511 
-0.793000 -2.026241 
-0.792000 -2.033920 
-0.791000 -2.041548 
-0.790000 -2.049121 
-0.789000 -2.056638 
-0.788000 -2.064098 
-0.787000 -2.071499 
-0.786000 -2.078839 
-0.785000 -2.086116 
-0.784000 -2.093328 
-0.783000 -2.100474 
-0.782000 -2.107550 
-0.781000 -2.114556 
-0.780000 -2.121489 
-0.779000 -2.128347 
-0.778000 -2.135128 
-0.777000 -2.141830 
-0.776000 -2.148450 
-0.775000 -2.154987 
-0.774000 -2.161437 
-0.773000 -2.167799 
-0.772000 -2.174070 
-0.771000 -2.180248 
-0.770000 -2.186330 
-0.769000 -2.192314 
-0.768000 -2.198196 
-0.767000 -2.203975 
-0.766000 -2.209648 
-0.765000 -2.215212 
-0.764000 -2.220664 
-0.763000 -2.226002 
-0.762000 -2.231222 
-0.761000 -2.236322 
-0.760000 -2.241298 
-0.759000 -2.246148 
-0.758000 -2.250869 
-0.757000 -2.255457 
-0.756000 -2.259909 
-0.755000 -2.264223 
-0.754000 -2.268394 
-0.753000 -2.272420 
-0.752000 -2.276298 
-0.751000 -2.280023 
-0.750000 -2.283593 
-0.749000 -2.287003 
-0.748000 -2.290251 
-0.747000 -2.293333 
-0.746000 -2.296245 
-0.745000 -2.298984 
-0.744000 -2.301546 
-0.743000 -2.303927 
-0.742000 -2.306123 
-0.741000 -2.308131 
-0.740000 -2.309947 
-0.739000 -2.311567 
-0.738000 -2.312986 
-0.737000 -2.314202 
-0.736000 -2.315210 
-0.735000 -2.316006 
-0.734000 -2.316585 
-0.733000 -2.316945 
-0.732000 -2.317081 
-0.731000 -2.316989 
-0.730000 -2.316664 
-0.729000 -2.316104 
-0.728000 -2.315302 
-0.727000 -2.314256 
-0.726000 -2.312961 
-0.725000 -2.311413 
-0.724000 -2.309609 
-0.723000 -2.307543 
-0.722000 -2.305211 
-0.721000 -2.302611 
-0.720000 -2.299736 
-0.719000 -2.296585 
-0.718000 -2.293151 
-0.717000 -2.289432 
-0.716000 -2.285423 
-0.715000 -2.281121 
-0.714000 -2.276521 
-0.713000 -2.271620 
-0.712000 -2.266414 
-0.711000 -2.260899 
-0.710000 -2.255072 
-0.709000 -2.248928 
-0.708000 -2.242465 
-0.707000 -2.235679 
-0.706000 -2.228566 
-0.705000 -2.221124 
-0.704000 -2.213350 
-0.703000 -2.205239 
-0.702000 -2.196790 
-0.701000 -2.187999 
-0.700000 -2.178864 
-0.699000 -2.169382 
-0.698000 -2.159551 
-0.697000 -2.149369 
-0.696000 -2.138833 
-0.695000 -2.127942 
-0.694000 -2.116694 
-0.693000 -2.105087 
-0.692000 -2.093120 
-0.691000 -2.080791 
-0.690000 -2.068100 
-0.689000 -2.055045 
-0.688000 -2.041627 
-0.687000 -2.027844 
-0.686000 -2.013696 
-0.685000 -1.999184 
-0.684000 -1.984307 
-0.683000 -1.969066 
-0.682000 -1.953462 
-0.681000 -1.937495 
-0.680000 -1.921167 
-0.679000 -1.904479 
-0.678000 -1.887433 
-0.677000 -1.870031 
-0.676000 -1.852274 
-0.675000 -1.834166 
-0.674000 -1.815709 
-0.673000 -1.796905 
-0.672000 -1.777759 
-0.671000 -1.758273 
-0.670000 -1.738451 
-0.669000 -1.718297 
-0.668000 -1.697816 
-0.667000 -1.677012 
-0.666000 -1.655889 
-0.665000 -1.634453 
-0.664000 -1.612708 
-0.663000 -1.590661 
-0.662000 -1.568318 
-0.661000 -1.545683 
-0.660000 -1.522763 
-0.659000 -1.499565 
-0.658000 -1.476096 
-0.657000 -1.452362 
-0.656000 -1.428370 
-0.655000 -1.404128 
-0.654000 -1.379642 
-0.653000 -1.354922 
-0.652000 -1.329974 
-0.651000 -1.304806 
-0.650000 -1.279428 
-0.649000 -1.253777 
-0.648000 -1.228000 
-0.647000 -1.202037 
-0.646000 -1.175897 
-0.645000 -1.149588 
-0.644000 -1.123119 
-0.643000 -1.096499 
-0.642000 -1.069738 
-0.641000 -1.042844 
-0.640000 -1.015827 
-0.639000 -0.988696 
-0.638000 -0.961459 
-0.637000 -0.934128 
-0.636000 -0.906710 
-0.635000 -0.879215 
-0.634000 -0.851652 
-0.633000 -0.824031 
-0.632000 -0.796361 
-0.631000 -0.768651 
-0.630000 -0.740910 
-0.629000 -0.713147 
-0.628000 -0.685372 
-0.627000 -0.657592 
-0.626000 -0.629818 
-0.625000 -0.602057 
-0.624000 -0.574318 
-0.623000 -0.546610 
-0.622000 -0.518942 
-0.621000 -0.491321 
-0.620000 -0.463755 
-0.619000 -0.436252 
-0.618000 -0.408821 
-0.617000 -0.381469 
-0.616000 -0.354203 
-0.615000 -0.327031 
-0.614000 -0.299960 
-0.613000 -0.272996 
-0.612000 -0.246147 
-0.611000 -0.219420 
-0.610000 -0.192819 
-0.609000 -0.166353 
-0.608000 -0.140027 
-0.607000 -0.113846 
-0.606000 -0.087816 
-0.605000 -0.061943 
-0.604000 -0.036233 
-0.603000 -0.010689 
-0.602000 0.014683 
-0.601000 0.039878 
-0.600000 0.064892 
-0.599000 0.089721 
-0.598000 0.114360 
-0.597000 0.138806 
-0.596000 0.163055 
-0.595000 0.187104 
-0.594000 0.210949 
-0.593000 0.234587 
-0.592000 0.258015 
-0.591000 0.281230 
-0.590000 0.304230 
-0.589000 0.327013 
-0.588000 0.349575 
-0.587000 0.371916 
-0.586000 0.394033 
-0.585000 0.415924 
-0.584000 0.437588 
-0.583000 0.459023 
-0.582000 0.480228 
-0.581000 0.501202 
-0.580000 0.521944 
-0.579000 0.542453 
-0.578000 0.562728 
-0.577000 0.582769 
-0.576000 0.602574 
-0.575000 0.622145 
-0.574000 0.641481 
-0.573000 0.660580 
-0.572000 0.679445 
-0.571000 0.698073 
-0.570000 0.716467 
-0.569000 0.734625 
-0.568000 0.752549 
-0.567000 0.770239 
-0.566000 0.787696 
-0.565000 0.804919 
-0.564000 0.821911 
-0.563000 0.838671 
-0.562000 0.855201 
-0.561000 0.871501 
-0.560000 0.887573 
-0.559000 0.903417 
-0.558000 0.919035 
-0.557000 0.934429 
-0.556000 0.949598 
-0.555000 0.964546 
-0.554000 0.979272 
-0.553000 0.993778 
-0.552000 1.008067 
-0.551000 1.022139 
-0.550000 1.035995 
-0.549000 1.049638 
-0.548000 1.063070 
-0.547000 1.076290 
-0.546000 1.089303 
-0.545000 1.102108 
-0.544000 1.114708 
-0.543000 1.127104 
-0.542000 1.139299 
-0.541000 1.151294 
-0.540000 1.163090 
-0.539000 1.174690 
-0.538000 1.186096 
-0.537000 1.197309 
-0.536000 1.208331 
-0.535000 1.219164 
-0.534000 1.229810 
-0.533000 1.240270 
-0.532000 1.250547 
-0.531000 1.260643 
-0.530000 1.270558 
-0.529000 1.280296 
-0.528000 1.289858 
-0.527000 1.299246 
-0.526000 1.308462 
-0.525000 1.317508 
-0.524000 1.326385 
-0.523000 1.335095 
-0.522000 1.343641 
-0.521000 1.352024 
-0.520000 1.360245 
-0.519000 1.368308 
-0.518000 1.376213 
-0.517000 1.383963 
-0.516000 1.391558 
-0.515000 1.399002 
-0.514000 1.406296 
-0.513000 1.413441 
-0.512000 1.420440 
-0.511000 1.427293 
-0.510000 1.434004 
-0.509000 1.440572 
-0.508000 1.447002 
-0.507000 1.453293 
-0.506000 1.459448 
-0.505000 1.465468 
-0.504000 1.471355 
-0.503000 1.477110 
-0.502000 1.482736 
-0.501000 1.488234 
-0.500000 1.493605 
-0.499000 1.498851 
-0.498000 1.503973 
-0.497000 1.508974 
-0.496000 1.513854 
-0.495000 1.518616 
-0.494000 1.523260 
-0.493000 1.527788 
-0.492000 1.532202 
-0.491000 1.536503 
-0.490000 1.540693 
-0.489000 1.544772 
-0.488000 1.548743 
-0.487000 1.552606 
-0.486000 1.556363 
-0.485000 1.560016 
-0.484000 1.563566 
-0.483000 1.567014 
-0.482000 1.570361 
-0.481000 1.573609 
-0.480000 1.576758 
-0.479000 1.579811 
-0.478000 1.582769 
-0.477000 1.585632 
-0.476000 1.588402 
-0.475000 1.591081 
-0.474000 1.593669 
-0.473000 1.596167 
-0.472000 1.598576 
-0.471000 1.600899 
-0.470000 1.603136 
-0.469000 1.605287 
-0.468000 1.607355 
-0.467000 1.609340 
-0.466000 1.611243 
-0.465000 1.613065 
-0.464000 1.614808 
-0.463000 1.616472 
-0.462000 1.618059 
-0.461000 1.619569 
-0.460000 1.621004 
-0.459000 1.622364 
-0.458000 1.623650 
-0.457000 1.624863 
-0.456000 1.626005 
-0.455000 1.627076 
-0.454000 1.628077 
-0.453000 1.629008 
-0.452000 1.629872 
-0.451000 1.630668 
-0.450000 1.631398 
-0.449000 1.632063 
-0.448000 1.632662 
-0.447000 1.633198 
-0.446000 1.633670 
-0.445000 1.634080 
-0.444000 1.634429 
-0.443000 1.634717 
-0.442000 1.634945 
-0.441000 1.635114 
-0.440000 1.635224 
-0.439000 1.635277 
-0.438000 1.635272 
-0.437000 1.635211 
-0.436000 1.635095 
-0.435000 1.634924 
-0.434000 1.634698 
-0.433000 1.634419 
-0.432000 1.634088 
-0.431000 1.633704 
-0.430000 1.633268 
-0.429000 1.632782 
-0.428000 1.632245 
-0.427000 1.631659 
-0.426000 1.631023 
-0.425000 1.630339 
-0.424000 1.629608 
-0.423000 1.628829 
-0.422000 1.628003 
-0.421000 1.627131 
-0.420000 1.626214 
-0.419000 1.625252 
-0.418000 1.624245 
-0.417000 1.623194 
-0.416000 1.622100 
-0.415000 1.620964 
-0.414000 1.619785 
-0.413000 1.618564 
-0.412000 1.617301 
-0.411000 1.615998 
-0.410000 1.614655 
-0.409000 1.613271 
-0.408000 1.611849 
-0.407000 1.610387 
-0.406000 1.608887 
-0.405000 1.607349 
-0.404000 1.605773 
-0.403000 1.604160 
-0.402000 1.602511 
-0.401000 1.600825 
-0.400000 1.599103 
-0.399000 1.597346 
-0.398000 1.595554 
-0.397000 1.593727 
-0.396000 1.591867 
-0.395000 1.589972 
-0.394000 1.588044 
-0.393000 1.586083 
-0.392000 1.584089 
-0.391000 1.582063 
-0.390000 1.580004 
-0.389000 1.577915 
-0.388000 1.575794 
-0.387000 1.573642 
-0.386000 1.571460 
-0.385000 1.569247 
-0.384000 1.567005 
-0.383000 1.564733 
-0.382000 1.562432 
-0.381000 1.560102 
-0.380000 1.557743 
-0.379000 1.555356 
-0.378000 1.552942 
-0.377000 1.550499 
-0.376000 1.548029 
-0.375000 1.545533 
-0.374000 1.543009 
-0.373000 1.540459 
-0.372000 1.537883 
-0.371000 1.535281 
-0.370000 1.532653 
-0.369000 1.530000 
-0.368000 1.527321 
-0.367000 1.524618 
-0.366000 1.521890 
-0.365000 1.519138 
-0.364000 1.516362 
-0.363000 1.513562 
-0.362000 1.510739 
-0.361000 1.507892 
-0.360000 1.505022 
-0.359000 1.502129 
-0.358000 1.499213 
-0.357000 1.496275 
-0.356000 1.493315 
-0.355000 1.490333 
-0.354000 1.487329 
-0.353000 1.484304 
-0.352000 1.481257 
-0.351000 1.478189 
-0.350000 1.475100 
-0.349000 1.471991 
-0.348000 1.468861 
-0.347000 1.465710 
-0.346000 1.462540 
-0.345000 1.459350 
-0.344000 1.456139 
-0.343000 1.452910 
-0.342000 1.449661 
-0.341000 1.446392 
-0.340000 1.443105 
-0.339000 1.439799 
-0.338000 1.436474 
-0.337000 1.433131 
-0.336000 1.429769 
-0.335000 1.426389 
-0.334000 1.422991 
-0.333000 1.419575 
-0.332000 1.416142 
-0.331000 1.412691 
-0.330000 1.409223 
-0.329000 1.405737 
-0.328000 1.402235 
-0.327000 1.398715 
-0.326000 1.395179 
-0.325000 1.391626 
-0.324000 1.388056 
-0.323000 1.384470 
-0.322000 1.380868 
-0.321000 1.377250 
-0.320000 1.373616 
-0.319000 1.369966 
-0.318000 1.366301 
-0.317000 1.362619 
-0.316000 1.358923 
-0.315000 1.355211 
-0.314000 1.351484 
-0.313000 1.347741 
-0.312000 1.343984 
-0.311000 1.340212 
-0.310000 1.336425 
-0.309000 1.332624 
-0.308000 1.328808 
-0.307000 1.324978 
-0.306000 1.321133 
-0.305000 1.317274 
-0.304000 1.313401 
-0.303000 1.309514 
-0.302000 1.305614 
-0.301000 1.301699 
-0.300000 1.297771 
-0.299000 1.293829 
-0.298000 1.289874 
-0.297000 1.285906 
-0.296000 1.281924 
-0.295000 1.277928 
-0.294000 1.273920 
-0.293000 1.269899 
-0.292000 1.265865 
-0.291000 1.261818 
-0.290000 1.257758 
-0.289000 1.253685 
-0.288000 1.249600 
-0.287000 1.245503 
-0.286000 1.241393 
-0.285000 1.237270 
-0.284000 1.233136 
-0.283000 1.228989 
-0.282000 1.224830 
-0.281000 1.220658 
-0.280000 1.216475 
-0.279000 1.212280 
-0.278000 1.208073 
-0.277000 1.203855 
-0.276000 1.199624 
-0.275000 1.195382 
-0.274000 1.191129 
-0.273000 1.186864 
-0.272000 1.182587 
-0.271000 1.178299 
-0.270000 1.174000 
-0.269000 1.169689 
-0.268000 1.165367 
-0.267000 1.161034 
-0.266000 1.156690 
-0.265000 1.152335 
-0.264000 1.147969 
-0.263000 1.143592 
-0.262000 1.139205 
-0.261000 1.134806 
-0.260000 1.130397 
-0.259000 1.125976 
-0.258000 1.121546 
-0.257000 1.117104 
-0.256000 1.112652 
-0.255000 1.108190 
-0.254000 1.103717 
-0.253000 1.099233 
-0.252000 1.094739 
-0.251000 1.090235 
-0.250000 1.085721 
-0.249000 1.081196 
-0.248000 1.076661 
-0.247000 1.072116 
-0.246000 1.067561 
-0.245000 1.062995 
-0.244000 1.058420 
-0.243000 1.053834 
-0.242000 1.049239 
-0.241000 1.044634 
-0.240000 1.040018 
-0.239000 1.035393 
-0.238000 1.030758 
-0.237000 1.026113 
-0.236000 1.021459 
-0.235000 1.016794 
-0.234000 1.012120 
-0.233000 1.007436 
-0.232000 1.002743 
-0.231000 0.998040 
-0.230000 0.993327 
-0.229000 0.988605 
-0.228000 0.983874 
-0.227000 0.979132 
-0.226000 0.974382 
-0.225000 0.969621 
-0.224000 0.964852 
-0.223000 0.960073 
-0.222000 0.955284 
-0.221000 0.950486 
-0.220000 0.945679 
-0.219000 0.940863 
-0.218000 0.936037 
-0.217000 0.931202 
-0.216000 0.926357 
-0.215000 0.921504 
-0.214000 0.916641 
-0.213000 0.911769 
-0.212000 0.906888 
-0.211000 0.901997 
-0.210000 0.897098 
-0.209000 0.892189 
-0.208000 0.887272 
-0.207000 0.882345 
-0.206000 0.877409 
-0.205000 0.872464 
-0.204000 0.867509 
-0.203000 0.862546 
-0.202000 0.857574 
-0.201000 0.852593 
-0.200000 0.847603 
-0.199000 0.842603 
-0.198000 0.837595 
-0.197000 0.832578 
-0.196000 0.827552 
-0.195000 0.822516 
-0.194000 0.817472 
-0.193000 0.812419 
-0.192000 0.807357 
-0.191000 0.802286 
-0.190000 0.797206 
-0.189000 0.792117 
-0.188000 0.787020 
-0.187000 0.781913 
-0.186000 0.776798 
-0.185000 0.771673 
-0.184000 0.766540 
-0.183000 0.761398 
-0.182000 0.756247 
-0.181000 0.751087 
-0.180000 0.745918 
-0.179000 0.740740 
-0.178000 0.735554 
-0.177000 0.730358 
-0.176000 0.725154 
-0.175000 0.719941 
-0.174000 0.714719 
-0.173000 0.709488 
-0.172000 0.704248 
-0.171000 0.698999 
-0.170000 0.693742 
-0.169000 0.688475 
-0.168000 0.683200 
-0.167000 0.677916 
-0.166000 0.672623 
-0.165000 0.667321 
-0.164000 0.662010 
-0.163000 0.656690 
-0.162000 0.651361 
-0.161000 0.646024 
-0.160000 0.640678 
-0.159000 0.635322 
-0.158000 0.629958 
-0.157000 0.624585 
-0.156000 0.619203 
-0.155000 0.613812 
-0.154000 0.608412 
-0.153000 0.603003 
-0.152000 0.597585 
-0.151000 0.592158 
-0.150000 0.586722 
-0.149000 0.581262 
-0.148000 0.575808 
-0.147000 0.570345 
-0.146000 0.564873 
-0.145000 0.559392 
-0.144000 0.553903 
-0.143000 0.548404 
-0.142000 0.542896 
-0.141000 0.537379 
-0.140000 0.531853 
-0.139000 0.526317 
-0.138000 0.520773 
-0.137000 0.515220 
-0.136000 0.509657 
-0.135000 0.504085 
-0.134000 0.498504 
-0.133000 0.492914 
-0.132000 0.487315 
-0.131000 0.481707 
-0.130000 0.476089 
-0.129000 0.470462 
-0.128000 0.464826 
-0.127000 0.459181 
-0.126000 0.453526 
-0.125000 0.447863 
-0.124000 0.442189 
-0.123000 0.436507 
-0.122000 0.430815 
-0.121000 0.425114 
-0.120000 0.419403 
-0.119000 0.413683 
-0.118000 0.407954 
-0.117000 0.402215 
-0.116000 0.396467 
-0.115000 0.390710 
-0.114000 0.384943 
-0.113000 0.379166 
-0.112000 0.373380 
-0.111000 0.367584 
-0.110000 0.361779 
-0.109000 0.355964 
-0.108000 0.350140 
-0.107000 0.344306 
-0.106000 0.338462 
-0.105000 0.332609 
-0.104000 0.326746 
-0.103000 0.320874 
-0.102000 0.314991 
-0.101000 0.309099 
-0.100000 0.303197 
-0.099000 0.297286 
-0.098000 0.291364 
-0.097000 0.285433 
-0.096000 0.279492 
-0.095000 0.273541 
-0.094000 0.267580 
-0.093000 0.261609 
-0.092000 0.255629 
-0.091000 0.249638 
-0.090000 0.243637 
-0.089000 0.237627 
-0.088000 0.231606 
-0.087000 0.225575 
-0.086000 0.219534 
-0.085000 0.213483 
-0.084000 0.207422 
-0.083000 0.201351 
-0.082000 0.195269 
-0.081000 0.189177 
-0.080000 0.183075 
-0.079000 0.176963 
-0.078000 0.170841 
-0.077000 0.164708 
-0.076000 0.158564 
-0.075000 0.152411 
-0.074000 0.146247 
-0.073000 0.140072 
-0.072000 0.133887 
-0.071000 0.127692 
-0.070000 0.121486 
-0.069000 0.115269 
-0.068000 0.109042 
-0.067000 0.102805 
-0.066000 0.096556 
-0.065000 0.090297 
-0.064000 0.084028 
-0.063000 0.077747 
-0.062000 0.071456 
-0.061000 0.065154 
-0.060000 0.058842 
-0.059000 0.052518 
-0.058000 0.046184 
-0.057000 0.039838 
-0.056000 0.033482 
-0.055000 0.027115 
-0.054000 0.020737 
-0.053000 0.014347 
-0.052000 0.007947 
-0.051000 0.001536 
-0.050000 -0.004887 
-0.049000 -0.011320 
-0.048000 -0.017765 
-0.047000 -0.024221 
-0.046000 -0.030689 
-0.045000 -0.037167 
-0.044000 -0.043657 
-0.043000 -0.050158 
-0.042000 -0.056671 
-0.041000 -0.063195 
-0.040000 -0.069730 
-0.039000 -0.076277 
-0.038000 -0.082835 
-0.037000 -0.089405 
-0.036000 -0.095987 
-0.035000 -0.102580 
-0.034000 -0.109185 
-0.033000 -0.115801 
-0.032000 -0.122429 
-0.031000 -0.129069 
-0.030000 -0.135720 
-0.029000 -0.142384 
-0.028000 -0.149059 
-0.027000 -0.155746 
-0.026000 -0.162445 
-0.025000 -0.169156 
-0.024000 -0.175878 
-0.023000 -0.182613 
-0.022000 -0.189360 
-0.021000 -0.196119 
-0.020000 -0.202890 
-0.019000 -0.209673 
-0.018000 -0.216468 
-0.017000 -0.223276 
-0.016000 -0.230095 
-0.015000 -0.236927 
-0.014000 -0.243772 
-0.013000 -0.250628 
-0.012000 -0.257497 
-0.011000 -0.264378 
-0.010000 -0.271272 
-0.009000 -0.278178 
-0.008000 -0.285097 
-0.007000 -0.292028 
-0.006000 -0.298972 
-0.005000 -0.305929 
-0.004000 -0.312898 
-0.003000 -0.319879 
-0.002000 -0.326874 
-0.001000 -0.333881 
-0.000000 -0.340900 
0.001000 -0.347933 
0.002000 -0.354978 
0.003000 -0.362037 
0.004000 -0.369108 
0.005000 -0.376192 
0.006000 -0.383289 
0.007000 -0.390399 
0.008000 -0.397522 
0.009000 -0.404658 
0.010000 -0.411807 
0.011000 -0.418969 
0.012000 -0.426144 
0.013000 -0.433333 
0.014000 -0.440534 
0.015000 -0.447749 
0.016000 -0.454977 
0.017000 -0.462219 
0.018000 -0.469473 
0.019000 -0.476741 
0.020000 -0.484023 
0.021000 -0.491317 
0.022000 -0.498626 
0.023000 -0.505947 
0.024000 -0.513282 
0.025000 -0.520631 
0.026000 -0.527993 
0.027000 -0.535368 
0.028000 -0.542757 
0.029000 -0.550160 
0.030000 -0.557576 
0.031000 -0.565006 
0.032000 -0.572450 
0.033000 -0.579907 
0.034000 -0.587378 
0.035000 -0.594863 
0.036000 -0.602361 
0.037000 -0.609873 
0.038000 -0.617399 
0.039000 -0.624939 
0.040000 -0.632492 
0.041000 -0.640060 
0.042000 -0.647641 
0.043000 -0.655236 
0.044000 -0.662845 
0.045000 -0.670468 
0.046000 -0.678104 
0.047000 -0.685755 
0.048000 -0.693420 
0.049000 -0.701098 
0.050000 -0.708790 
0.051000 -0.716497 
0.052000 -0.724217 
0.053000 -0.731952 
0.054000 -0.739700 
0.055000 -0.747462 
0.056000 -0.755238 
0.057000 -0.763029 
0.058000 -0.770833 
0.059000 -0.778651 
0.060000 -0.786483 
0.061000 -0.794329 
0.062000 -0.802190 
0.063000 -0.810064 
0.064000 -0.817952 
0.065000 -0.825854 
0.066000 -0.833770 
0.067000 -0.841700 
0.068000 -0.849644 
0.069000 -0.857602 
0.070000 -0.865573 
0.071000 -0.873559 
0.072000 -0.881558 
0.073000 -0.889572 
0.074000 -0.897599 
0.075000 -0.905640 
0.076000 -0.913695 
0.077000 -0.921763 
0.078000 -0.929846 
0.079000 -0.937941 
0.080000 -0.946051 
0.081000 -0.954174 
0.082000 -0.962311 
0.083000 -0.970462 
0.084000 -0.978625 
0.085000 -0.986803 
0.086000 -0.994994 
0.087000 -1.003198 
0.088000 -1.011415 
0.089000 -1.019646 
0.090000 -1.027890 
0.091000 -1.036147 
0.092000 -1.044418 
0.093000 -1.052701 
0.094000 -1.060997 
0.095000 -1.069306 
0.096000 -1.077628 
0.097000 -1.085963 
0.098000 -1.094311 
0.099000 -1.102671 
0.100000 -1.111043 
0.101000 -1.119428 
0.102000 -1.127825 
0.103000 -1.136235 
0.104000 -1.144657 
0.105000 -1.153090 
0.106000 -1.161536 
0.107000 -1.169993 
0.108000 -1.178463 
0.109000 -1.186943 
0.110000 -1.195436 
0.111000 -1.203939 
0.112000 -1.212454 
0.113000 -1.220980 
0.114000 -1.229516 
0.115000 -1.238064 
0.116000 -1.246622 
0.117000 -1.255191 
0.118000 -1.263770 
0.119000 -1.272359 
0.120000 -1.280958 
0.121000 -1.289567 
0.122000 -1.298186 
0.123000 -1.306814 
0.124000 -1.315451 
0.125000 -1.324097 
0.126000 -1.332752 
0.127000 -1.341416 
0.128000 -1.350088 
0.129000 -1.358769 
0.130000 -1.367457 
0.131000 -1.376153 
0.132000 -1.384857 
0.133000 -1.393568 
0.134000 -1.402285 
0.135000 -1.411010 
0.136000 -1.419741 
0.137000 -1.428478 
0.138000 -1.437221 
0.139000 -1.445970 
0.140000 -1.454723 
0.141000 -1.463482 
0.142000 -1.472246 
0.143000 -1.481013 
0.144000 -1.489785 
0.145000 -1.498560 
0.146000 -1.507339 
0.147000 -1.516120 
0.148000 -1.524904 
0.149000 -1.533690 
0.150000 -1.542477 
0.151000 -1.551266 
0.152000 -1.560056 
0.153000 -1.568846 
0.154000 -1.577636 
0.155000 -1.586426 
0.156000 -1.595215 
0.157000 -1.604002 
0.158000 -1.612787 
0.159000 -1.621570 
0.160000 -1.630350 
0.161000 -1.639127 
0.162000 -1.647899 
0.163000 -1.656667 
0.164000 -1.665430 
0.165000 -1.674187 
0.166000 -1.682937 
0.167000 -1.691681 
0.168000 -1.700417 
0.169000 -1.709144 
0.170000 -1.717863 
0.171000 -1.726572 
0.172000 -1.735270 
0.173000 -1.743958 
0.174000 -1.752634 
0.175000 -1.761297 
0.176000 -1.769947 
0.177000 -1.778582 
0.178000 -1.787203 
0.179000 -1.795808 
0.180000 -1.804396 
0.181000 -1.812967 
0.182000 -1.821520 
0.183000 -1.830053 
0.184000 -1.838565 
0.185000 -1.847057 
0.186000 -1.855526 
0.187000 -1.863973 
0.188000 -1.872394 
0.189000 -1.880791 
0.190000 -1.889161 
0.191000 -1.897504 
0.192000 -1.905818 
0.193000 -1.914102 
0.194000 -1.922356 
0.195000 -1.930577 
0.196000 -1.938764 
0.197000 -1.946918 
0.198000 -1.955035 
0.199000 -1.963114 
0.200000 -1.971156 
0.201000 -1.979157 
0.202000 -1.987116 
0.203000 -1.995033 
0.204000 -2.002905 
0.205000 -2.010732 
0.206000 -2.018511 
0.207000 -2.026241 
0.208000 -2.033920 
0.209000 -2.041548 
0.210000 -2.049121 
0.211000 -2.056638 
0.212000 -2.064098 
0.213000 -2.071499 
0.214000 -2.078839 
0.215000 -2.086116 
0.216000 -2.093328 
0.217000 -2.100474 
0.218000 -2.107550 
0.219000 -2.114556 
0.220000 -2.121489 
0.221000 -2.128347 
0.222000 -2.135128 
0.223000 -2.141830 
0.224000 -2.148450 
0.225000 -2.154987 
0.226000 -2.161437 
0.227000 -2.167799 
0.228000 -2.174070 
0.229000 -2.180248 
0.230000 -2.186330 
0.231000 -2.192314 
0.232000 -2.198196 
0.233000 -2.203975 
0.234000 -2.209648 
0.235000 -2.215212 
0.236000 -2.220664 
0.237000 -2.226002 
0.238000 -2.231222 
0.239000 -2.236322 
0.240000 -2.241298 
0.241000 -2.246148 
0.242000 -2.250869 
0.243000 -2.255457 
0.244000 -2.259909 
0.245000 -2.264223 
0.246000 -2.268394 
0.247000 -2.272420 
0.248000 -2.276298 
0.249000 -2.280023 
0.250000 -2.283593 
0.251000 -2.287003 
0.252000 -2.290251 
0.253000 -2.293333 
0.254000 -2.296245 
0.255000 -2.298984 
0.256000 -2.301546 
0.257000 -2.303927 
0.258000 -2.306123 
0.259000 -2.308131 
0.260000 -2.309947 
0.261000 -2.311567 
0.262000 -2.312986 
0.263000 -2.314202 
0.264000 -2.315210 
0.265000 -2.316006 
0.266000 -2.316585 
0.267000 -2.316945 
0.268000 -2.317081 
0.269000 -2.316989 
0.270000 -2.316664 
0.271000 -2.316104 
0.272000 -2.315302 
0.273000 -2.314256 
0.274000 -2.312961 
0.275000 -2.311413 
0.276000 -2.309609 
0.277000 -2.307543 
0.278000 -2.305211 
0.279000 -2.302611 
0.280000 -2.299736 
0.281000 -2.296585 
0.282000 -2.293151 
0.283000 -2.289432 
0.284000 -2.285423 
0.285000 -2.281121 
0.286000 -2.276521 
0.287000 -2.271620 
0.288000 -2.266414 
0.289000 -2.260899 
0.290000 -2.255072 
0.291000 -2.248928 
0.292000 -2.242465 
0.293000 -2.235679 
0.294000 -2.228566 
0.295000 -2.221124 
0.296000 -2.213350 
0.297000 -2.205239 
0.298000 -2.196790 
0.299000 -2.187999 
0.300000 -2.178864 
0.301000 -2.169382 
0.302000 -2.159551 
0.303000 -2.149369 
0.304000 -2.138833 
0.305000 -2.127942 
0.306000 -2.116694 
0.307000 -2.105087 
0.308000 -2.093120 
0.309000 -2.080791 
0.310000 -2.068100 
0.311000 -2.055045 
0.312000 -2.041627 
0.313000 -2.027844 
0.314000 -2.013696 
0.315000 -1.999184 
0.316000 -1.984307 
0.317000 -1.969066 
0.318000 -1.953462 
0.319000 -1.937495 
0.320000 -1.921167 
0.321000 -1.904479 
0.322000 -1.887433 
0.323000 -1.870031 
0.324000 -1.852274 
0.325000 -1.834166 
0.326000 -1.815709 
0.327000 -1.796905 
0.328000 -1.777759 
0.329000 -1.758273 
0.330000 -1.738451 
0.331000 -1.718297 
0.332000 -1.697816 
0.333000 -1.677012 
0.334000 -1.655889 
0.335000 -1.634453 
0.336000 -1.612708 
0.337000 -1.590661 
0.338000 -1.568318 
0.339000 -1.545683 
0.340000 -1.522763 
0.341000 -1.499565 
0.342000 -1.476096 
0.343000 -1.452362 
0.344000 -1.428370 
0.345000 -1.404128 
0.346000 -1.379642 
0.347000 -1.354922 
0.348000 -1.329974 
0.349000 -1.304806 
0.350000 -1.279428 
0.351000 -1.253777 
0.352000 -1.228000 
0.353000 -1.202037 
0.354000 -1.175897 
0.355000 -1.149588 
0.356000 -1.123119 
0.357000 -1.096499 
0.358000 -1.069738 
0.359000 -1.042844 
0.360000 -1.015827 
0.361000 -0.988696 
0.362000 -0.961459 
0.363000 -0.934128 
0.364000 -0.906710 
0.365000 -0.879215 
0.366000 -0.851652 
0.367000 -0.824031 
0.368000 -0.796361 
0.369000 -0.768651 
0.370000 -0.740910 
0.371000 -0.713147 
0.372000 -0.685372 
0.373000 -0.657592 
0.374000 -0.629818 
0.375000 -0.602057 
0.376000 -0.574318 
0.377000 -0.546610 
0.378000 -0.518942 
0.379000 -0.491321 
0.380000 -0.463755 
0.381000 -0.436252 
0.382000 -0.408821 
0.383000 -0.381469 
0.384000 -0.354203 
0.385000 -0.327031 
0.386000 -0.299960 
0.387000 -0.272996 
0.388000 -0.246147 
0.389000 -0.219420 
0.390000 -0.192819 
0.391000 -0.166353 
0.392000 -0.140027 
0.393000 -0.113846 
0.394000 -0.087816 
0.395000 -0.061943 
0.396000 -0.036233 
0.397000 -0.010689 
0.398000 0.014683 
0.399000 0.039878 
0.400000 0.064892 
0.401000 0.089721 
0.402000 0.114360 
0.403000 0.138806 
0.404000 0.163055 
0.405000 0.187104 
0.406000 0.210949 
0.407000 0.234587 
0.408000 0.258015 
0.409000 0.281230 
0.410000 0.304230 
0.411000 0.327013 
0.412000 0.349575 
0.413000 0.371916 
0.414000 0.394033 
0.415000 0.415924 
0.416000 0.437588 
0.417000 0.459023 
0.418000 0.480228 
0.419000 0.501202 
0.420000 0.521944 
0.421000 0.542453 
0.422000 0.562728 
0.423000 0.582769 
0.424000 0.602574 
0.425000 0.622145 
0.426000 0.641481 
0.427000 0.660580 
0.428000 0.679445 
0.429000 0.698073 
0.430000 0.716467 
0.431000 0.734625 
0.432000 0.752549 
0.433000 0.770239 
0.434000 0.787696 
0.435000 0.804919 
0.436000 0.821911 
0.437000 0.838671 
0.438000 0.855201 
0.439000 0.871501 
0.440000 0.887573 
0.441000 0.903417 
0.442000 0.919035 
0.443000 0.934429 
0.444000 0.949598 
0.445000 0.964546 
0.446000 0.979272 
0.447000 0.993778 
0.448000 1.008067 
0.449000 1.022139 
0.450000 1.035995 
0.451000 1.049638 
0.452000 1.063070 
0.453000 1.076290 
0.454000 1.089303 
0.455000 1.102108 
0.456000 1.114708 
0.457000 1.127104 
0.458000 1.139299 
0.459000 1.151294 
0.460000 1.163090 
0.461000 1.174690 
0.462000 1.186096 
0.463000 1.197309 
0.464000 1.208331 
0.465000 1.219164 
0.466000 1.229810 
0.467000 1.240270 
0.468000 1.250547 
0.469000 1.260643 
0.470000 1.270558 
0.471000 1.280296 
0.472000 1.289858 
0.473000 1.299246 
0.474000 1.308462 
0.475000 1.317508 
0.476000 1.326385 
0.477000 1.335095 
0.478000 1.343641 
0.479000 1.352024 
0.480000 1.360245 
0.481000 1.368308 
0.482000 1.376213 
0.483000 1.383963 
0.484000 1.391558 
0.485000 1.399002 
0.486000 1.406296 
0.487000 1.413441 
0.488000 1.420440 
0.489000 1.427293 
0.490000 1.434004 
0.491000 1.440572 
0.492000 1.447002 
0.493000 1.453293 
0.494000 1.459448 
0.495000 1.465468 
0.496000 1.471355 
0.497000 1.477110 
0.498000 1.482736 
0.499000 1.488234 
0.500000 1.493605 
0.501000 1.498851 
0.502000 1.503973 
0.503000 1.508974 
0.504000 1.513854 
0.505000 1.518616 
0.506000 1.523260 
0.507000 1.527788 
0.508000 1.532202 
0.509000 1.536503 
0.510000 1.540693 
0.511000 1.544772 
0.512000 1.548743 
0.513000 1.552606 
0.514000 1.556363 
0.515000 1.560016 
0.516000 1.563566 
0.517000 1.567014 
0.518000 1.570361 
0.519000 1.573609 
0.520000 1.576758 
0.521000 1.579811 
0.522000 1.582769 
0.523000 1.585632 
0.524000 1.588402 
0.525000 1.591081 
0.526000 1.593669 
0.527000 1.596167 
0.528000 1.598576 
0.529000 1.600899 
0.530000 1.603136 
0.531000 1.605287 
0.532000 1.607355 
0.533000 1.609340 
0.534000 1.611243 
0.535000 1.613065 
0.536000 1.614808 
0.537000 1.616472 
0.538000 1.618059 
0.539000 1.619569 
0.540000 1.621004 
0.541000 1.622364 
0.542000 1.623650 
0.543000 1.624863 
0.544000 1.626005 
0.545000 1.627076 
0.546000 1.628077 
0.547000 1.629008 
0.548000 1.629872 
0.549000 1.630668 
0.550000 1.631398 
0.551000 1.632063 
0.552000 1.632662 
0.553000 1.633198 
0.554000 1.633670 
0.555000 1.634080 
0.556000 1.634429 
0.557000 1.634717 
0.558000 1.634945 
0.559000 1.635114 
0.560000 1.635224 
0.561000 1.635277 
0.562000 1.635272 
0.563000 1.635211 
0.564000 1.635095 
0.565000 1.634924 
0.566000 1.634698 
0.567000 1.634419 
0.568000 1.634088 
0.569000 1.633704 
0.570000 1.633268 
0.571000 1.632782 
0.572000 1.632245 
0.573000 1.631659 
0.574000 1.631023 
0.575000 1.630339 
0.576000 1.629608 
0.577000 1.628829 
0.578000 1.628003 
0.579000 1.627131 
0.580000 1.626214 
0.581000 1.625252 
0.582000 1.624245 
0.583000 1.623194 
0.584000 1.622100 
0.585000 1.620964 
0.586000 1.619785 
0.587000 1.618564 
0.588000 1.617301 
0.589000 1.615998 
0.590000 1.614655 
0.591000 1.613271 
0.592000 1.611849 
0.593000 1.610387 
0.594000 1.608887 
0.595000 1.607349 
0.596000 1.605773 
0.597000 1.604160 
0.598000 1.602511 
0.599000 1.600825 
0.600000 1.599103 
0.601000 1.597346 
0.602000 1.595554 
0.603000 1.593727 
0.604000 1.591867 
0.605000 1.589972 
0.606000 1.588044 
0.607000 1.586083 
0.608000 1.584089 
0.609000 1.582063 
0.610000 1.580004 
0.611000 1.577915 
0.612000 1.575794 
0.613000 1.573642 
0.614000 1.571460 
0.615000 1.569247 
0.616000 1.567005 
0.617000 1.564733 
0.618000 1.562432 
0.619000 1.560102 
0.620000 1.557743 
0.621000 1.555356 
0.622000 1.552942 
0.623000 1.550499 
0.624000 1.548029 
0.625000 1.545533 
0.626000 1.543009 
0.627000 1.540459 
0.628000 1.537883 
0.629000 1.535281 
0.630000 1.532653 
0.631000 1.530000 
0.632000 1.527321 
0.633000 1.524618 
0.634000 1.521890 
0.635000 1.519138 
0.636000 1.516362 
0.637000 1.513562 
0.638000 1.510739 
0.639000 1.507892 
0.640000 1.505022 
0.641000 1.502129 
0.642000 1.499213 
0.643000 1.496275 
0.644000 1.493315 
0.645000 1.490333 
0.646000 1.487329 
0.647000 1.484304 
0.648000 1.481257 
0.649000 1.478189 
0.650000 1.475100 
0.651000 1.471991 
0.652000 1.468861 
0.653000 1.465710 
0.654000 1.462540 
0.655000 1.459350 
0.656000 1.456139 
0.657000 1.452910 
0.658000 1.449661 
0.659000 1.446392 
0.660000 1.443105 
0.661000 1.439799 
0.662000 1.436474 
0.663000 1.433131 
0.664000 1.429769 
0.665000 1.426389 
0.666000 1.422991 
0.667000 1.419575 
0.668000 1.416142 
0.669000 1.412691 
0.670000 1.409223 
0.671000 1.405737 
0.672000 1.402235 
0.673000 1.398715 
0.674000 1.395179 
0.675000 1.391626 
0.676000 1.388056 
0.677000 1.384470 
0.678000 1.380868 
0.679000 1.377250 
0.680000 1.373616 
0.681000 1.369966 
0.682000 1.366301 
0.683000 1.362619 
0.684000 1.358923 
0.685000 1.355211 
0.686000 1.351484 
0.687000 1.347741 
0.688000 1.343984 
0.689000 1.340212 
0.690000 1.336425 
0.691000 1.332624 
0.692000 1.328808 
0.693000 1.324978 
0.694000 1.321133 
0.695000 1.317274 
0.696000 1.313401 
0.697000 1.309514 
0.698000 1.305614 
0.699000 1.301699 
0.700000 1.297771 
0.701000 1.293829 
0.702000 1.289874 
0.703000 1.285906 
0.704000 1.281924 
0.705000 1.277928 
0.706000 1.273920 
0.707000 1.269899 
0.708000 1.265865 
0.709000 1.261818 
0.710000 1.257758 
0.711000 1.253685 
0.712000 1.249600 
0.713000 1.245503 
0.714000 1.241393 
0.715000 1.237270 
0.716000 1.233136 
0.717000 1.228989 
0.718000 1.224830 
0.719000 1.220658 
0.720000 1.216475 
0.721000 1.212280 
0.722000 1.208073 
0.723000 1.203855 
0.724000 1.199624 
0.725000 1.195382 
0.726000 1.191129 
0.727000 1.186864 
0.728000 1.182587 
0.729000 1.178299 
0.730000 1.174000 
0.731000 1.169689 
0.732000 1.165367 
0.733000 1.161034 
0.734000 1.156690 
0.735000 1.152335 
0.736000 1.147969 
0.737000 1.143592 
0.738000 1.139205 
0.739000 1.134806 
0.740000 1.130397 
0.741000 1.125976 
0.742000 1.121546 
0.743000 1.117104 
0.744000 1.112652 
0.745000 1.108190 
0.746000 1.103717 
0.747000 1.099233 
0.748000 1.094739 
0.749000 1.090235 
0.750000 1.085721 
0.751000 1.081196 
0.752000 1.076661 
0.753000 1.072116 
0.754000 1.067561 
0.755000 1.062995 
0.756000 1.058420 
0.757000 1.053834 
0.758000 1.049239 
0.759000 1.044634 
0.760000 1.040018 
0.761000 1.035393 
0.762000 1.030758 
0.763000 1.026113 
0.764000 1.021459 
0.765000 1.016794 
0.766000 1.012120 
0.767000 1.007436 
0.768000 1.002743 
0.769000 0.998040 
0.770000 0.993327 
0.771000 0.988605 
0.772000 0.983874 
0.773000 0.979132 
0.774000 0.974382 
0.775000 0.969621 
0.776000 0.964852 
0.777000 0.960073 
0.778000 0.955284 
0.779000 0.950486 
0.780000 0.945679 
0.781000 0.940863 
0.782000 0.936037 
0.783000 0.931202 
0.784000 0.926357 
0.785000 0.921504 
0.786000 0.916641 
0.787000 0.911769 
0.788000 0.906888 
0.789000 0.901997 
0.790000 0.897098 
0.791000 0.892189 
0.792000 0.887272 
0.793000 0.882345 
0.794000 0.877409 
0.795000 0.872464 
0.796000 0.867509 
0.797000 0.862546 
0.798000 0.857574 
0.799000 0.852593 
0.800000 0.847603 
0.801000 0.842603 
0.802000 0.837595 
0.803000 0.832578 
0.804000 0.827552 
0.805000 0.822516 
0.806000 0.817472 
0.807000 0.812419 
0.808000 0.807357 
0.809000 0.802286 
0.810000 0.797206 
0.811000 0.792117 
0.812000 0.787020 
0.813000 0.781913 
0.814000 0.776798 
0.815000 0.771673 
0.816000 0.766540 
0.817000 0.761398 
0.818000 0.756247 
0.819000 0.751087 
0.820000 0.745918 
0.821000 0.740740 
0.822000 0.735554 
0.823000 0.730358 
0.824000 0.725154 
0.825000 0.719941 
0.826000 0.714719 
0.827000 0.709488 
0.828000 0.704248 
0.829000 0.698999 
0.830000 0.693742 
0.831000 0.688475 
0.832000 0.683200 
0.833000 0.677916 
0.834000 0.672623 
0.835000 0.667321 
0.836000 0.662010 
0.837000 0.656690 
0.838000 0.651361 
0.839000 0.646024 
0.840000 0.640678 
0.841000 0.635322 
0.842000 0.629958 
0.843000 0.624585 
0.844000 0.619203 
0.845000 0.613812 
0.846000 0.608412 
0.847000 0.603003 
0.848000 0.597585 
0.849000 0.592158 
0.850000 0.586722 
0.851000 0.581262 
0.852000 0.575808 
0.853000 0.570345 
0.854000 0.564873 
0.855000 0.559392 
0.856000 0.553903 
0.857000 0.548404 
0.858000 0.542896 
0.859000 0.537379 
0.860000 0.531853 
0.861000 0.526317 
0.862000 0.520773 
0.863000 0.515220 
0.864000 0.509657 
0.865000 0.504085 
0.866000 0.498504 
0.867000 0.492914 
0.868000 0.487315 
0.869000 0.481707 
0.870000 0.476089 
0.871000 0.470462 
0.872000 0.464826 
0.873000 0.459181 
0.874000 0.453526 
0.875000 0.447863 
0.876000 0.442189 
0.877000 0.436507 
0.878000 0.430815 
0.879000 0.425114 
0.880000 0.419403 
0.881000 0.413683 
0.882000 0.407954 
0.883000 0.402215 
0.884000 0.396467 
0.885000 0.390710 
0.886000 0.384943 
0.887000 0.379166 
0.888000 0.373380 
0.889000 0.367584 
0.890000 0.361779 
0.891000 0.355964 
0.892000 0.350140 
0.893000 0.344306 
0.894000 0.338462 
0.895000 0.332609 
0.896000 0.326746 
0.897000 0.320874 
0.898000 0.314991 
0.899000 0.309099 
0.900000 0.303197 
0.901000 0.297286 
0.902000 0.291364 
0.903000 0.285433 
0.904000 0.279492 
0.905000 0.273541 
0.906000 0.267580 
0.907000 0.261609 
0.908000 0.255629 
0.909000 0.249638 
0.910000 0.243637 
0.911000 0.237627 
0.912000 0.231606 
0.913000 0.225575 
0.914000 0.219534 
0.915000 0.213483 
0.916000 0.207422 
0.917000 0.201351 
0.918000 0.195269 
0.919000 0.189177 
0.920000 0.183075 
0.921000 0.176963 
0.922000 0.170841 
0.923000 0.164708 
0.924000 0.158564 
0.925000 0.152411 
0.926000 0.146247 
0.927000 0.140072 
0.928000 0.133887 
0.929000 0.127692 
0.930000 0.121486 
0.931000 0.115269 
0.932000 0.109042 
0.933000 0.102805 
0.934000 0.096556 
0.935000 0.090297 
0.936000 0.084028 
0.937000 0.077747 
0.938000 0.071456 
0.939000 0.065154 
0.940000 0.058842 
0.941000 0.052518 
0.942000 0.046184 
0.943000 0.039838 
0.944000 0.033482 
0.945000 0.027115 
0.946000 0.020737 
0.947000 0.014347 
0.948000 0.007947 
0.949000 0.001536 
0.950000 -0.004887 
0.951000 -0.011320 
0.952000 -0.017765 
0.953000 -0.024221 
0.954000 -0.030689 
0.955000 -0.037167 
0.956000 -0.043657 
0.957000 -0.050158 
0.958000 -0.056671 
0.959000 -0.063195 
0.960000 -0.069730 
0.961000 -0.076277 
0.962000 -0.082835 
0.963000 -0.089405 
0.964000 -0.095987 
0.965000 -0.102580 
0.966000 -0.109185 
0.967000 -0.115801 
0.968000 -0.122429 
0.969000 -0.129069 
0.970000 -0.135720 
0.971000 -0.142384 
0.972000 -0.149059 
0.973000 -0.155746 
0.974000 -0.162445 
0.975000 -0.169156 
0.976000 -0.175878 
0.977000 -0.182613 
0.978000 -0.189360 
0.979000 -0.196119 
0.980000 -0.202890 
0.981000 -0.209673 
0.982000 -0.216468 
0.983000 -0.223276 
0.984000 -0.230095 
0.985000 -0.236927 
0.986000 -0.243772 
0.987000 -0.250628 
0.988000 -0.257497 
0.989000 -0.264378 
0.990000 -0.271272 
0.991000 -0.278178 
0.992000 -0.285097 
0.993000 -0.292028 
0.994000 -0.298972 
0.995000 -0.305929 
0.996000 -0.312898 
0.997000 -0.319879 
0.998000 -0.326874 
0.999000 -0.333881 
1.000000 -0.340900 
1.001000 -0.347933 
1.002000 -0.354978 
1.003000 -0.362037 
1.004000 -0.369108 
1.005000 -0.376192 
1.006000 -0.383289 
1.007000 -0.390399 
1.008000 -0.397522 
1.009000 -0.404658 
1.010000 -0.411807 
1.011000 -0.418969 
1.012000 -0.426144 
1.013000 -0.433333 
1.014000 -0.440534 
1.015000 -0.447749 
1.016000 -0.454977 
1.017000 -0.462219 
1.018000 -0.469473 
1.019000 -0.476741 
1.020000 -0.484023 
1.021000 -0.491317 
1.022000 -0.498626 
1.023000 -0.505947 
1.024000 -0.513282 
1.025000 -0.520631 
1.026000 -0.527993 
1.027000 -0.535368 
1.028000 -0.542757 
1.029000 -0.550160 
1.030000 -0.557576 
1.031000 -0.565006 
1.032000 -0.572450 
1.033000 -0.579907 
1.034000 -0.587378 
1.035000 -0.594863 
1.036000 -0.602361 
1.037000 -0.609873 
1.038000 -0.617399 
1.039000 -0.624939 
1.040000 -0.632492 
1.041000 -0.640060 
1.042000 -0.647641 
1.043000 -0.655236 
1.044000 -0.662845 
1.045000 -0.670468 
1.046000 -0.678104 
1.047000 -0.685755 
1.048000 -0.693420 
1.049000 -0.701098 
1.050000 -0.708790 
1.051000 -0.716497 
1.052000 -0.724217 
1.053000 -0.731952 
1.054000 -0.739700 
1.055000 -0.747462 
1.056000 -0.755238 
1.057000 -0.763029 
1.058000 -0.770833 
1.059000 -0.778651 
1.060000 -0.786483 
1.061000 -0.794329 
1.062000 -0.802190 
1.063000 -0.810064 
1.064000 -0.817952 
1.065000 -0.825854 
1.066000 -0.833770 
1.067000 -0.841700 
1.068000 -0.849644 
1.069000 -0.857602 
1.070000 -0.865573 
1.071000 -0.873559 
1.072000 -0.881558 
1.073000 -0.889572 
1.074000 -0.897599 
1.075000 -0.905640 
1.076000 -0.913695 
1.077000 -0.921763 
1.078000 -0.929846 
1.079000 -0.937941 
1.080000 -0.946051 
1.081000 -0.954174 
1.082000 -0.962311 
1.083000 -0.970462 
1.084000 -0.978625 
1.085000 -0.986803 
1.086000 -0.994994 
1.087000 -1.003198 
1.088000 -1.011415 
1.089000 -1.019646 
1.090000 -1.027890 
1.091000 -1.036147 
1.092000 -1.044418 
1.093000 -1.052701 
1.094000 -1.060997 
1.095000 -1.069306 
1.096000 -1.077628 
1.097000 -1.085963 
1.098000 -1.094311 
1.099000 -1.102671 
1.100000 -1.111043 
1.101000 -1.119428 
1.102000 -1.127825 
1.103000 -1.136235 
1.104000 -1.144657 
1.105000 -1.153090 
1.106000 -1.161536 
1.107000 -1.169993 
1.108000 -1.178463 
1.109000 -1.186943 
1.110000 -1.195436 
1.111000 -1.203939 
1.112000 -1.212454 
1.113000 -1.220980 
1.114000 -1.229516 
1.115000 -1.238064 
1.116000 -1.246622 
1.117000 -1.255191 
1.118000 -1.263770 
1.119000 -1.272359 
1.120000 -1.280958 
1.121000 -1.289567 
1.122000 -1.298186 
1.123000 -1.306814 
1.124000 -1.315451 
1.125000 -1.324097 
1.126000 -1.332752 
1.127000 -1.341416 
1.128000 -1.350088 
1.129000 -1.358769 
1.130000 -1.367457 
1.131000 -1.376153 
1.132000 -1.384857 
1.133000 -1.393568 
1.134000 -1.402285 
1.135000 -1.411010 
1.136000 -1.419741 
1.137000 -1.428478 
1.138000 -1.437221 
1.139000 -1.445970 
1.140000 -1.454723 
1.141000 -1.463482 
1.142000 -1.472246 
1.143000 -1.481013 
1.144000 -1.489785 
1.145000 -1.498560 
1.146000 -1.507339 
1.147000 -1.516120 
1.148000 -1.524904 
1.149000 -1.533690 
1.150000 -1.542477 
1.151000 -1.551266 
1.152000 -1.560056 
1.153000 -1.568846 
1.154000 -1.577636 
1.155000 -1.586426 
1.156000 -1.595215 
1.157000 -1.604002 
1.158000 -1.612787 
1.159000 -1.621570 
1.160000 -1.630350 
1.161000 -1.639127 
1.162000 -1.647899 
1.163000 -1.656667 
1.164000 -1.665430 
1.165000 -1.674187 
1.166000 -1.682937 
1.167000 -1.691681 
1.168000 -1.700417 
1.169000 -1.709144 
1.170000 -1.717863 
1.171000 -1.726572 
1.172000 -1.735270 
1.173000 -1.743958 
1.174000 -1.752634 
1.175000 -1.761297 
1.176000 -1.769947 
1.177000 -1.778582 
1.178000 -1.787203 
1.179000 -1.795808 
1.180000 -1.804396 
1.181000 -1.812967 
1.182000 -1.821520 
1.183000 -1.830053 
1.184000 -1.838565 
1.185000 -1.847057 
1.186000 -1.855526 
1.187000 -1.863973 
1.188000 -1.872394 
1.189000 -1.880791 
1.190000 -1.889161 
1.191000 -1.897504 
1.192000 -1.905818 
1.193000 -1.914102 
1.194000 -1.922356 
1.195000 -1.930577 
1.196000 -1.938764 
1.197000 -1.946918 
1.198000 -1.955035 
1.199000 -1.963114 
1.200000 -1.971156 
1.201000 -1.979157 
1.202000 -1.987116 
1.203000 -1.995033 
1.204000 -2.002905 
1.205000 -2.010732 
1.206000 -2.018511 
1.207000 -2.026241 
1.208000 -2.033920 
1.209000 -2.041548 
1.210000 -2.049121 
1.211000 -2.056638 
1.212000 -2.064098 
1.213000 -2.071499 
1.214000 -2.078839 
1.215000 -2.086116 
1.216000 -2.093328 
1.217000 -2.100474 
1.218000 -2.107550 
1.219000 -2.114556 
1.220000 -2.121489 
1.221000 -2.128347 
1.222000 -2.135128 
1.223000 -2.141830 
1.224000 -2.148450 
1.225000 -2.154987 
1.226000 -2.161437 
1.227000 -2.167799 
1.228000 -2.174070 
1.229000 -2.180248 
1.230000 -2.186330 
1.231000 -2.192314 
1.232000 -2.198196 
1.233000 -2.203975 
1.234000 -2.209648 
1.235000 -2.215212 
1.236000 -2.220664 
1.237000 -2.226002 
1.238000 -2.231222 
1.239000 -2.236322 
1.240000 -2.241298 
1.241000 -2.246148 
1.242000 -2.250869 
1.243000 -2.255457 
1.244000 -2.259909 
1.245000 -2.264223 
1.246000 -2.268394 
1.247000 -2.272420 
1.248000 -2.276298 
1.249000 -2.280023 
1.250000 -2.283593 
1.251000 -2.287003 
1.252000 -2.290251 
1.253000 -2.293333 
1.254000 -2.296245 
1.255000 -2.298984 
1.256000 -2.301546 
1.257000 -2.303927 
1.258000 -2.306123 
1.259000 -2.308131 
1.260000 -2.309947 
1.261000 -2.311567 
1.262000 -2.312986 
1.263000 -2.314202 
1.264000 -2.315210 
1.265000 -2.316006 
1.266000 -2.316585 
1.267000 -2.316945 
1.268000 -2.317081 
1.269000 -2.316989 
1.270000 -2.316664 
1.271000 -2.316104 
1.272000 -2.315302 
1.273000 -2.314256 
1.274000 -2.312961 
1.275000 -2.311413 
1.276000 -2.309609 
1.277000 -2.307543 
1.278000 -2.305211 
1.279000 -2.302611 
1.280000 -2.299736 
1.281000 -2.296585 
1.282000 -2.293151 
1.283000 -2.289432 
1.284000 -2.285423 
1.285000 -2.281121 
1.286000 -2.276521 
1.287000 -2.271620 
1.288000 -2.266414 
1.289000 -2.260899 
1.290000 -2.255072 
1.291000 -2.248928 
1.292000 -2.242465 
1.293000 -2.235679 
1.294000 -2.228566 
1.295000 -2.221124 
1.296000 -2.213350 
1.297000 -2.205239 
1.298000 -2.196790 
1.299000 -2.187999 
1.300000 -2.178864 
1.301000 -2.169382 
1.302000 -2.159551 
1.303000 -2.149369 
1.304000 -2.138833 
1.305000 -2.127942 
1.306000 -2.116694 
1.307000 -2.105087 
1.308000 -2.093120 
1.309000 -2.080791 
1.310000 -2.068100 
1.311000 -2.055045 
1.312000 -2.041627 
1.313000 -2.027844 
1.314000 -2.013696 
1.315000 -1.999184 
1.316000 -1.984307 
1.317000 -1.969066 
1.318000 -1.953462 
1.319000 -1.937495 
1.320000 -1.921167 
1.321000 -1.904479 
1.322000 -1.887433 
1.323000 -1.870031 
1.324000 -1.852274 
1.325000 -1.834166 
1.326000 -1.815709 
1.327000 -1.796905 
1.328000 -1.777759 
1.329000 -1.758273 
1.330000 -1.738451 
1.331000 -1.718297 
1.332000 -1.697816 
1.333000 -1.677012 
1.334000 -1.655889 
1.335000 -1.634453 
1.336000 -1.612708 
1.337000 -1.590661 
1.338000 -1.568318 
1.339000 -1.545683 
1.340000 -1.522763 
1.341000 -1.499565 
1.342000 -1.476096 
1.343000 -1.452362 
1.344000 -1.428370 
1.345000 -1.404128 
1.346000 -1.379642 
1.347000 -1.354922 
1.348000 -1.329974 
1.349000 -1.304806 
1.350000 -1.279428 
1.351000 -1.253777 
1.352000 -1.228000 
1.353000 -1.202037 
1.354000 -1.175897 
1.355000 -1.149588 
1.356000 -1.123119 
1.357000 -1.096499 
1.358000 -1.069738 
1.359000 -1.042844 
1.360000 -1.015827 
1.361000 -0.988696 
1.362000 -0.961459 
1.363000 -0.934128 
1.364000 -0.906710 
1.365000 -0.879215 
1.366000 -0.851652 
1.367000 -0.824031 
1.368000 -0.796361 
1.369000 -0.768651 
1.370000 -0.740910 
1.371000 -0.713147 
1.372000 -0.685372 
1.373000 -0.657592 
1.374000 -0.629818 
1.375000 -0.602057 
1.376000 -0.574318 
1.377000 -0.546610 
1.378000 -0.518942 
1.379000 -0.491321 
1.380000 -0.463755 
1.381000 -0.436252 
1.382000 -0.408821 
1.383000 -0.381469 
1.384000 -0.354203 
1.385000 -0.327031 
1.386000 -0.299960 
1.387000 -0.272996 
1.388000 -0.246147 
1.389000 -0.219420 
1.390000 -0.192819 
1.391000 -0.166353 
1.392000 -0.140027 
1.393000 -0.113846 
1.394000 -0.087816 
1.395000 -0.061943 
1.396000 -0.036233 
1.397000 -0.010689 
1.398000 0.014683 
1.399000 0.039878 
1.400000 0.064892 
1.401000 0.089721 
1.402000 0.114360 
1.403000 0.138806 
1.404000 0.163055 
1.405000 0.187104 
1.406000 0.210949 
1.407000 0.234587 
1.408000 0.258015 
1.409000 0.281230 
1.410000 0.304230 
1.411000 0.327013 
1.412000 0.349575 
1.413000 0.371916 
1.414000 0.394033 
1.415000 0.415924 
1.416000 0.437588 
1.417000 0.459023 
1.418000 0.480228 
1.419000 0.501202 
1.420000 0.521944 
1.421000 0.542453 
1.422000 0.562728 
1.423000 0.582769 
1.424000 0.602574 
1.425000 0.622145 
1.426000 0.641481 
1.427000 0.660580 
1.428000 0.679445 
1.429000 0.698073 
1.430000 0.716467 
1.431000 0.734625 
1.432000 0.752549 
1.433000 0.770239 
1.434000 0.787696 
1.435000 0.804919 
1.436000 0.821911 
1.437000 0.838671 
1.438000 0.855201 
1.439000 0.871501 
1.440000 0.887573 
1.441000 0.903417 
1.442000 0.919035 
1.443000 0.934429 
1.444000 0.949598 
1.445000 0.964546 
1.446000 0.979272 
1.447000 0.993778 
1.448000 1.008067 
1.449000 1.022139 
1.450000 1.035995 
1.451000 1.049638 
1.452000 1.063070 
1.453000 1.076290 
1.454000 1.089303 
1.455000 1.102108 
1.456000 1.114708 
1.457000 1.127104 
1.458000 1.139299 
1.459000 1.151294 
1.460000 1.163090 
1.461000 1.174690 
1.462000 1.186096 
1.463000 1.197309 
1.464000 1.208331 
1.465000 1.219164 
1.466000 1.229810 
1.467000 1.240270 
1.468000 1.250547 
1.469000 1.260643 
1.470000 1.270558 
1.471000 1.280296 
1.472000 1.289858 
1.473000 1.299246 
1.474000 1.308462 
1.475000 1.317508 
1.476000 1.326385 
1.477000 1.335095 
1.478000 1.343641 
1.479000 1.352024 
1.480000 1.360245 
1.481000 1.368308 
1.482000 1.376213 
1.483000 1.383963 
1.484000 1.391558 
1.485000 1.399002 
1.486000 1.406296 
1.487000 1.413441 
1.488000 1.420440 
1.489000 1.427293 
1.490000 1.434004 
1.491000 1.440572 
1.492000 1.447002 
1.493000 1.453293 
1.494000 1.459448 
1.495000 1.465468 
1.496000 1.471355 
1.497000 1.477110 
1.498000 1.482736 
1.499000 1.488234 
