# Tref_folded model 
-1.500000 -1.192127 
-1.499000 -1.197264 
-1.498000 -1.202361 
-1.497000 -1.207418 
-1.496000 -1.212436 
-1.495000 -1.217414 
-1.494000 -1.222352 
-1.493000 -1.227251 
-1.492000 -1.232111 
-1.491000 -1.236932 
-1.490000 -1.241714 
-1.489000 -1.246456 
-1.488000 -1.251160 
-1.487000 -1.255824 
-1.486000 -1.260451 
-1.485000 -1.265038 
-1.484000 -1.269587 
-1.483000 -1.274097 
-1.482000 -1.278569 
-1.481000 -1.283002 
-1.480000 -1.287397 
-1.479000 -1.291755 
-1.478000 -1.296074 
-1.477000 -1.300355 
-1.476000 -1.304598 
-1.475000 -1.308803 
-1.474000 -1.312970 
-1.473000 -1.317100 
-1.472000 -1.321192 
-1.471000 -1.325247 
-1.470000 -1.329264 
-1.469000 -1.333244 
-1.468000 -1.337186 
-1.467000 -1.341092 
-1.466000 -1.344960 
-1.465000 -1.348791 
-1.464000 -1.352585 
-1.463000 -1.356342 
-1.462000 -1.360062 
-1.461000 -1.363746 
-1.460000 -1.367392 
-1.459000 -1.371002 
-1.458000 -1.374576 
-1.457000 -1.378113 
-1.456000 -1.381613 
-1.455000 -1.385077 
-1.454000 -1.388505 
-1.453000 -1.391897 
-1.452000 -1.395252 
-1.451000 -1.398571 
-1.450000 -1.401854 
-1.449000 -1.405101 
-1.448000 -1.408313 
-1.447000 -1.411488 
-1.446000 -1.414627 
-1.445000 -1.417731 
-1.444000 -1.420799 
-1.443000 -1.423832 
-1.442000 -1.426828 
-1.441000 -1.429790 
-1.440000 -1.432715 
-1.439000 -1.435606 
-1.438000 -1.438461 
-1.437000 -1.441281 
-1.436000 -1.444065 
-1.435000 -1.446814 
-1.434000 -1.449528 
-1.433000 -1.452207 
-1.432000 -1.454851 
-1.431000 -1.457460 
-1.430000 -1.460034 
-1.429000 -1.462573 
-1.428000 -1.465078 
-1.427000 -1.467547 
-1.426000 -1.469982 
-1.425000 -1.472382 
-1.424000 -1.474747 
-1.423000 -1.477078 
-1.422000 -1.479374 
-1.421000 -1.481635 
-1.420000 -1.483862 
-1.419000 -1.486055 
-1.418000 -1.488213 
-1.417000 -1.490337 
-1.416000 -1.492426 
-1.415000 -1.494481 
-1.414000 -1.496502 
-1.413000 -1.498488 
-1.412000 -1.500441 
-1.411000 -1.502359 
-1.410000 -1.504243 
-1.409000 -1.506093 
-1.408000 -1.507909 
-1.407000 -1.509691 
-1.406000 -1.511439 
-1.405000 -1.513153 
-1.404000 -1.514833 
-1.403000 -1.516479 
-1.402000 -1.518091 
-1.401000 -1.519669 
-1.400000 -1.521214 
-1.399000 -1.522725 
-1.398000 -1.524202 
-1.397000 -1.525645 
-1.396000 -1.527054 
-1.395000 -1.528430 
-1.394000 -1.529772 
-1.393000 -1.531081 
-1.392000 -1.532356 
-1.391000 -1.533597 
-1.390000 -1.534805 
-1.389000 -1.535979 
-1.388000 -1.537119 
-1.387000 -1.538226 
-1.386000 -1.539300 
-1.385000 -1.540339 
-1.384000 -1.541346 
-1.383000 -1.542319 
-1.382000 -1.543258 
-1.381000 -1.544164 
-1.380000 -1.545037 
-1.379000 -1.545876 
-1.378000 -1.546682 
-1.377000 -1.547455 
-1.376000 -1.548194 
-1.375000 -1.548899 
-1.374000 -1.549571 
-1.373000 -1.550210 
-1.372000 -1.550816 
-1.371000 -1.551388 
-1.370000 -1.551927 
-1.369000 -1.552432 
-1.368000 -1.552904 
-1.367000 -1.553343 
-1.366000 -1.553748 
-1.365000 -1.554121 
-1.364000 -1.554459 
-1.363000 -1.554765 
-1.362000 -1.555037 
-1.361000 -1.555276 
-1.360000 -1.555481 
-1.359000 -1.555653 
-1.358000 -1.555792 
-1.357000 -1.555897 
-1.356000 -1.555969 
-1.355000 -1.556008 
-1.354000 -1.556013 
-1.353000 -1.555985 
-1.352000 -1.555924 
-1.351000 -1.555829 
-1.350000 -1.555700 
-1.349000 -1.555539 
-1.348000 -1.555344 
-1.347000 -1.555115 
-1.346000 -1.554853 
-1.345000 -1.554558 
-1.344000 -1.554229 
-1.343000 -1.553866 
-1.342000 -1.553470 
-1.341000 -1.553041 
-1.340000 -1.552578 
-1.339000 -1.552081 
-1.338000 -1.551551 
-1.337000 -1.550987 
-1.336000 -1.550390 
-1.335000 -1.549759 
-1.334000 -1.549094 
-1.333000 -1.548396 
-1.332000 -1.547664 
-1.331000 -1.546898 
-1.330000 -1.546099 
-1.329000 -1.545266 
-1.328000 -1.544399 
-1.327000 -1.543498 
-1.326000 -1.542563 
-1.325000 -1.541594 
-1.324000 -1.540592 
-1.323000 -1.539555 
-1.322000 -1.538485 
-1.321000 -1.537380 
-1.320000 -1.536242 
-1.319000 -1.535069 
-1.318000 -1.533862 
-1.317000 -1.532621 
-1.316000 -1.531346 
-1.315000 -1.530037 
-1.314000 -1.528694 
-1.313000 -1.527316 
-1.312000 -1.525904 
-1.311000 -1.524458 
-1.310000 -1.522977 
-1.309000 -1.521461 
-1.308000 -1.519912 
-1.307000 -1.518328 
-1.306000 -1.516709 
-1.305000 -1.515055 
-1.304000 -1.513367 
-1.303000 -1.511644 
-1.302000 -1.509887 
-1.301000 -1.508095 
-1.300000 -1.506267 
-1.299000 -1.504405 
-1.298000 -1.502508 
-1.297000 -1.500577 
-1.296000 -1.498610 
-1.295000 -1.496608 
-1.294000 -1.494570 
-1.293000 -1.492498 
-1.292000 -1.490390 
-1.291000 -1.488247 
-1.290000 -1.486069 
-1.289000 -1.483856 
-1.288000 -1.481607 
-1.287000 -1.479322 
-1.286000 -1.477002 
-1.285000 -1.474646 
-1.284000 -1.472254 
-1.283000 -1.469827 
-1.282000 -1.467364 
-1.281000 -1.464865 
-1.280000 -1.462330 
-1.279000 -1.459759 
-1.278000 -1.457152 
-1.277000 -1.454509 
-1.276000 -1.451830 
-1.275000 -1.449115 
-1.274000 -1.446363 
-1.273000 -1.443575 
-1.272000 -1.440750 
-1.271000 -1.437889 
-1.270000 -1.434991 
-1.269000 -1.432057 
-1.268000 -1.429085 
-1.267000 -1.426077 
-1.266000 -1.423032 
-1.265000 -1.419951 
-1.264000 -1.416832 
-1.263000 -1.413676 
-1.262000 -1.410483 
-1.261000 -1.407252 
-1.260000 -1.403984 
-1.259000 -1.400679 
-1.258000 -1.397337 
-1.257000 -1.393956 
-1.256000 -1.390538 
-1.255000 -1.387083 
-1.254000 -1.383589 
-1.253000 -1.380058 
-1.252000 -1.376489 
-1.251000 -1.372881 
-1.250000 -1.369236 
-1.249000 -1.365552 
-1.248000 -1.361830 
-1.247000 -1.358070 
-1.246000 -1.354271 
-1.245000 -1.350433 
-1.244000 -1.346557 
-1.243000 -1.342642 
-1.242000 -1.338688 
-1.241000 -1.334695 
-1.240000 -1.330664 
-1.239000 -1.326593 
-1.238000 -1.322483 
-1.237000 -1.318333 
-1.236000 -1.314144 
-1.235000 -1.309916 
-1.234000 -1.305648 
-1.233000 -1.301340 
-1.232000 -1.296993 
-1.231000 -1.292606 
-1.230000 -1.288178 
-1.229000 -1.283711 
-1.228000 -1.279203 
-1.227000 -1.274656 
-1.226000 -1.270067 
-1.225000 -1.265439 
-1.224000 -1.260769 
-1.223000 -1.256059 
-1.222000 -1.251309 
-1.221000 -1.246517 
-1.220000 -1.241684 
-1.219000 -1.236810 
-1.218000 -1.231895 
-1.217000 -1.226939 
-1.216000 -1.221941 
-1.215000 -1.216902 
-1.214000 -1.211821 
-1.213000 -1.206698 
-1.212000 -1.201534 
-1.211000 -1.196327 
-1.210000 -1.191078 
-1.209000 -1.185788 
-1.208000 -1.180454 
-1.207000 -1.175079 
-1.206000 -1.169661 
-1.205000 -1.164200 
-1.204000 -1.158696 
-1.203000 -1.153150 
-1.202000 -1.147560 
-1.201000 -1.141928 
-1.200000 -1.136252 
-1.199000 -1.130533 
-1.198000 -1.124771 
-1.197000 -1.118964 
-1.196000 -1.113115 
-1.195000 -1.107221 
-1.194000 -1.101283 
-1.193000 -1.095302 
-1.192000 -1.089276 
-1.191000 -1.083206 
-1.190000 -1.077091 
-1.189000 -1.070932 
-1.188000 -1.064729 
-1.187000 -1.058480 
-1.186000 -1.052187 
-1.185000 -1.045849 
-1.184000 -1.039465 
-1.183000 -1.033037 
-1.182000 -1.026562 
-1.181000 -1.020043 
-1.180000 -1.013478 
-1.179000 -1.006867 
-1.178000 -1.000210 
-1.177000 -0.993507 
-1.176000 -0.986758 
-1.175000 -0.979963 
-1.174000 -0.973121 
-1.173000 -0.966233 
-1.172000 -0.959298 
-1.171000 -0.952317 
-1.170000 -0.945289 
-1.169000 -0.938214 
-1.168000 -0.931091 
-1.167000 -0.923922 
-1.166000 -0.916705 
-1.165000 -0.909440 
-1.164000 -0.902128 
-1.163000 -0.894768 
-1.162000 -0.887361 
-1.161000 -0.879905 
-1.160000 -0.872401 
-1.159000 -0.864850 
-1.158000 -0.857249 
-1.157000 -0.849601 
-1.156000 -0.841903 
-1.155000 -0.834157 
-1.154000 -0.826362 
-1.153000 -0.818519 
-1.152000 -0.810626 
-1.151000 -0.802684 
-1.150000 -0.794692 
-1.149000 -0.786652 
-1.148000 -0.778561 
-1.147000 -0.770421 
-1.146000 -0.762232 
-1.145000 -0.753992 
-1.144000 -0.745702 
-1.143000 -0.737363 
-1.142000 -0.728973 
-1.141000 -0.720532 
-1.140000 -0.712041 
-1.139000 -0.703500 
-1.138000 -0.694908 
-1.137000 -0.686265 
-1.136000 -0.677571 
-1.135000 -0.668826 
-1.134000 -0.660030 
-1.133000 -0.651183 
-1.132000 -0.642285 
-1.131000 -0.633335 
-1.130000 -0.624334 
-1.129000 -0.615280 
-1.128000 -0.606176 
-1.127000 -0.597019 
-1.126000 -0.587811 
-1.125000 -0.578550 
-1.124000 -0.569238 
-1.123000 -0.559873 
-1.122000 -0.550456 
-1.121000 -0.540986 
-1.120000 -0.531465 
-1.119000 -0.521890 
-1.118000 -0.512263 
-1.117000 -0.502583 
-1.116000 -0.492851 
-1.115000 -0.483066 
-1.114000 -0.473228 
-1.113000 -0.463336 
-1.112000 -0.453392 
-1.111000 -0.443395 
-1.110000 -0.433344 
-1.109000 -0.423241 
-1.108000 -0.413084 
-1.107000 -0.402873 
-1.106000 -0.392610 
-1.105000 -0.382292 
-1.104000 -0.371922 
-1.103000 -0.361498 
-1.102000 -0.351020 
-1.101000 -0.340489 
-1.100000 -0.329904 
-1.099000 -0.319265 
-1.098000 -0.308573 
-1.097000 -0.297827 
-1.096000 -0.287027 
-1.095000 -0.276174 
-1.094000 -0.265267 
-1.093000 -0.254306 
-1.092000 -0.243291 
-1.091000 -0.232223 
-1.090000 -0.221101 
-1.089000 -0.209925 
-1.088000 -0.198695 
-1.087000 -0.187412 
-1.086000 -0.176075 
-1.085000 -0.164685 
-1.084000 -0.153241 
-1.083000 -0.141743 
-1.082000 -0.130192 
-1.081000 -0.118588 
-1.080000 -0.106930 
-1.079000 -0.095219 
-1.078000 -0.083454 
-1.077000 -0.071637 
-1.076000 -0.059766 
-1.075000 -0.047842 
-1.074000 -0.035866 
-1.073000 -0.023836 
-1.072000 -0.011754 
-1.071000 0.000380 
-1.070000 0.012567 
-1.069000 0.024807 
-1.068000 0.037099 
-1.067000 0.049442 
-1.066000 0.061838 
-1.065000 0.074285 
-1.064000 0.086784 
-1.063000 0.099335 
-1.062000 0.111937 
-1.061000 0.124589 
-1.060000 0.137293 
-1.059000 0.150047 
-1.058000 0.162851 
-1.057000 0.175706 
-1.056000 0.188611 
-1.055000 0.201565 
-1.054000 0.214569 
-1.053000 0.227623 
-1.052000 0.240725 
-1.051000 0.253875 
-1.050000 0.267075 
-1.049000 0.280322 
-1.048000 0.293617 
-1.047000 0.306959 
-1.046000 0.320348 
-1.045000 0.333785 
-1.044000 0.347267 
-1.043000 0.360796 
-1.042000 0.374370 
-1.041000 0.387990 
-1.040000 0.401654 
-1.039000 0.415363 
-1.038000 0.429116 
-1.037000 0.442912 
-1.036000 0.456751 
-1.035000 0.470634 
-1.034000 0.484558 
-1.033000 0.498524 
-1.032000 0.512531 
-1.031000 0.526579 
-1.030000 0.540667 
-1.029000 0.554794 
-1.028000 0.568961 
-1.027000 0.583166 
-1.026000 0.597409 
-1.025000 0.611689 
-1.024000 0.626005 
-1.023000 0.640358 
-1.022000 0.654746 
-1.021000 0.669168 
-1.020000 0.683625 
-1.019000 0.698115 
-1.018000 0.712637 
-1.017000 0.727191 
-1.016000 0.741776 
-1.015000 0.756392 
-1.014000 0.771037 
-1.013000 0.785710 
-1.012000 0.800412 
-1.011000 0.815140 
-1.010000 0.829895 
-1.009000 0.844675 
-1.008000 0.859480 
-1.007000 0.874308 
-1.006000 0.889158 
-1.005000 0.904030 
-1.004000 0.918923 
-1.003000 0.933835 
-1.002000 0.948767 
-1.001000 0.963715 
-1.000000 0.978681 
-0.999000 0.993661 
-0.998000 1.008656 
-0.997000 1.023665 
-0.996000 1.038686 
-0.995000 1.053717 
-0.994000 1.068759 
-0.993000 1.083809 
-0.992000 1.098867 
-0.991000 1.113931 
-0.990000 1.129000 
-0.989000 1.144073 
-0.988000 1.159148 
-0.987000 1.174224 
-0.986000 1.189300 
-0.985000 1.204375 
-0.984000 1.219446 
-0.983000 1.234513 
-0.982000 1.249574 
-0.981000 1.264628 
-0.980000 1.279674 
-0.979000 1.294709 
-0.978000 1.309732 
-0.977000 1.324743 
-0.976000 1.339738 
-0.975000 1.354717 
-0.974000 1.369678 
-0.973000 1.384620 
-0.972000 1.399541 
-0.971000 1.414438 
-0.970000 1.429311 
-0.969000 1.444158 
-0.968000 1.458977 
-0.967000 1.473766 
-0.966000 1.488524 
-0.965000 1.503249 
-0.964000 1.517939 
-0.963000 1.532591 
-0.962000 1.547206 
-0.961000 1.561779 
-0.960000 1.576310 
-0.959000 1.590797 
-0.958000 1.605238 
-0.957000 1.619630 
-0.956000 1.633973 
-0.955000 1.648263 
-0.954000 1.662500 
-0.953000 1.676680 
-0.952000 1.690802 
-0.951000 1.704865 
-0.950000 1.718865 
-0.949000 1.732801 
-0.948000 1.746670 
-0.947000 1.760471 
-0.946000 1.774202 
-0.945000 1.787861 
-0.944000 1.801444 
-0.943000 1.814951 
-0.942000 1.828378 
-0.941000 1.841725 
-0.940000 1.854988 
-0.939000 1.868166 
-0.938000 1.881256 
-0.937000 1.894256 
-0.936000 1.907164 
-0.935000 1.919978 
-0.934000 1.932696 
-0.933000 1.945314 
-0.932000 1.957832 
-0.931000 1.970246 
-0.930000 1.982555 
-0.929000 1.994757 
-0.928000 2.006849 
-0.927000 2.018828 
-0.926000 2.030693 
-0.925000 2.042442 
-0.924000 2.054072 
-0.923000 2.065581 
-0.922000 2.076967 
-0.921000 2.088227 
-0.920000 2.099360 
-0.919000 2.110363 
-0.918000 2.121234 
-0.917000 2.131971 
-0.916000 2.142571 
-0.915000 2.153034 
-0.914000 2.163355 
-0.913000 2.173534 
-0.912000 2.183568 
-0.911000 2.193455 
-0.910000 2.203193 
-0.909000 2.212780 
-0.908000 2.222213 
-0.907000 2.231492 
-0.906000 2.240614 
-0.905000 2.249576 
-0.904000 2.258377 
-0.903000 2.267016 
-0.902000 2.275489 
-0.901000 2.283796 
-0.900000 2.291934 
-0.899000 2.299902 
-0.898000 2.307697 
-0.897000 2.315319 
-0.896000 2.322765 
-0.895000 2.330033 
-0.894000 2.337122 
-0.893000 2.344031 
-0.892000 2.350758 
-0.891000 2.357300 
-0.890000 2.363658 
-0.889000 2.369828 
-0.888000 2.375810 
-0.887000 2.381603 
-0.886000 2.387205 
-0.885000 2.392614 
-0.884000 2.397830 
-0.883000 2.402851 
-0.882000 2.407676 
-0.881000 2.412304 
-0.880000 2.416734 
-0.879000 2.420964 
-0.878000 2.424995 
-0.877000 2.428824 
-0.876000 2.432451 
-0.875000 2.435875 
-0.874000 2.439096 
-0.873000 2.442112 
-0.872000 2.444923 
-0.871000 2.447528 
-0.870000 2.449926 
-0.869000 2.452118 
-0.868000 2.454103 
-0.867000 2.455879 
-0.866000 2.457447 
-0.865000 2.458807 
-0.864000 2.459958 
-0.863000 2.460900 
-0.862000 2.461632 
-0.861000 2.462156 
-0.860000 2.462469 
-0.859000 2.462574 
-0.858000 2.462469 
-0.857000 2.462155 
-0.856000 2.461631 
-0.855000 2.460899 
-0.854000 2.459958 
-0.853000 2.458809 
-0.852000 2.457452 
-0.851000 2.455887 
-0.850000 2.454116 
-0.849000 2.452138 
-0.848000 2.449953 
-0.847000 2.447564 
-0.846000 2.444970 
-0.845000 2.442172 
-0.844000 2.439171 
-0.843000 2.435967 
-0.842000 2.432562 
-0.841000 2.428957 
-0.840000 2.425152 
-0.839000 2.421149 
-0.838000 2.416948 
-0.837000 2.412551 
-0.836000 2.407959 
-0.835000 2.403172 
-0.834000 2.398194 
-0.833000 2.393023 
-0.832000 2.387663 
-0.831000 2.382114 
-0.830000 2.376377 
-0.829000 2.370455 
-0.828000 2.364348 
-0.827000 2.358058 
-0.826000 2.351588 
-0.825000 2.344937 
-0.824000 2.338108 
-0.823000 2.331103 
-0.822000 2.323923 
-0.821000 2.316571 
-0.820000 2.309047 
-0.819000 2.301353 
-0.818000 2.293492 
-0.817000 2.285465 
-0.816000 2.277274 
-0.815000 2.268921 
-0.814000 2.260408 
-0.813000 2.251736 
-0.812000 2.242909 
-0.811000 2.233927 
-0.810000 2.224793 
-0.809000 2.215508 
-0.808000 2.206076 
-0.807000 2.196497 
-0.806000 2.186774 
-0.805000 2.176909 
-0.804000 2.166904 
-0.803000 2.156761 
-0.802000 2.146483 
-0.801000 2.136071 
-0.800000 2.125527 
-0.799000 2.114854 
-0.798000 2.104054 
-0.797000 2.093129 
-0.796000 2.082081 
-0.795000 2.070913 
-0.794000 2.059626 
-0.793000 2.048223 
-0.792000 2.036705 
-0.791000 2.025076 
-0.790000 2.013337 
-0.789000 2.001490 
-0.788000 1.989538 
-0.787000 1.977483 
-0.786000 1.965326 
-0.785000 1.953071 
-0.784000 1.940719 
-0.783000 1.928272 
-0.782000 1.915733 
-0.781000 1.903103 
-0.780000 1.890386 
-0.779000 1.877582 
-0.778000 1.864695 
-0.777000 1.851725 
-0.776000 1.838676 
-0.775000 1.825550 
-0.774000 1.812347 
-0.773000 1.799072 
-0.772000 1.785725 
-0.771000 1.772308 
-0.770000 1.758824 
-0.769000 1.745275 
-0.768000 1.731663 
-0.767000 1.717989 
-0.766000 1.704256 
-0.765000 1.690465 
-0.764000 1.676619 
-0.763000 1.662720 
-0.762000 1.648768 
-0.761000 1.634767 
-0.760000 1.620719 
-0.759000 1.606624 
-0.758000 1.592484 
-0.757000 1.578303 
-0.756000 1.564081 
-0.755000 1.549820 
-0.754000 1.535522 
-0.753000 1.521189 
-0.752000 1.506822 
-0.751000 1.492423 
-0.750000 1.477994 
-0.749000 1.463537 
-0.748000 1.449052 
-0.747000 1.434543 
-0.746000 1.420009 
-0.745000 1.405454 
-0.744000 1.390878 
-0.743000 1.376284 
-0.742000 1.361671 
-0.741000 1.347043 
-0.740000 1.332400 
-0.739000 1.317745 
-0.738000 1.303078 
-0.737000 1.288400 
-0.736000 1.273714 
-0.735000 1.259021 
-0.734000 1.244321 
-0.733000 1.229617 
-0.732000 1.214910 
-0.731000 1.200200 
-0.730000 1.185490 
-0.729000 1.170780 
-0.728000 1.156072 
-0.727000 1.141367 
-0.726000 1.126666 
-0.725000 1.111970 
-0.724000 1.097281 
-0.723000 1.082599 
-0.722000 1.067926 
-0.721000 1.053263 
-0.720000 1.038610 
-0.719000 1.023970 
-0.718000 1.009343 
-0.717000 0.994729 
-0.716000 0.980131 
-0.715000 0.965548 
-0.714000 0.950983 
-0.713000 0.936435 
-0.712000 0.921907 
-0.711000 0.907398 
-0.710000 0.892909 
-0.709000 0.878442 
-0.708000 0.863998 
-0.707000 0.849577 
-0.706000 0.835179 
-0.705000 0.820807 
-0.704000 0.806460 
-0.703000 0.792139 
-0.702000 0.777846 
-0.701000 0.763580 
-0.700000 0.749344 
-0.699000 0.735136 
-0.698000 0.720958 
-0.697000 0.706811 
-0.696000 0.692696 
-0.695000 0.678612 
-0.694000 0.664561 
-0.693000 0.650544 
-0.692000 0.636560 
-0.691000 0.622610 
-0.690000 0.608696 
-0.689000 0.594817 
-0.688000 0.580974 
-0.687000 0.567167 
-0.686000 0.553398 
-0.685000 0.539667 
-0.684000 0.525973 
-0.683000 0.512319 
-0.682000 0.498703 
-0.681000 0.485127 
-0.680000 0.471591 
-0.679000 0.458095 
-0.678000 0.444640 
-0.677000 0.431227 
-0.676000 0.417855 
-0.675000 0.404525 
-0.674000 0.391237 
-0.673000 0.377992 
-0.672000 0.364790 
-0.671000 0.351632 
-0.670000 0.338518 
-0.669000 0.325447 
-0.668000 0.312421 
-0.667000 0.299440 
-0.666000 0.286503 
-0.665000 0.273612 
-0.664000 0.260767 
-0.663000 0.247967 
-0.662000 0.235213 
-0.661000 0.222506 
-0.660000 0.209845 
-0.659000 0.197231 
-0.658000 0.184664 
-0.657000 0.172144 
-0.656000 0.159672 
-0.655000 0.147247 
-0.654000 0.134870 
-0.653000 0.122541 
-0.652000 0.110260 
-0.651000 0.098027 
-0.650000 0.085843 
-0.649000 0.073707 
-0.648000 0.061621 
-0.647000 0.049583 
-0.646000 0.037594 
-0.645000 0.025654 
-0.644000 0.013763 
-0.643000 0.001922 
-0.642000 -0.009870 
-0.641000 -0.021612 
-0.640000 -0.033305 
-0.639000 -0.044947 
-0.638000 -0.056540 
-0.637000 -0.068083 
-0.636000 -0.079577 
-0.635000 -0.091020 
-0.634000 -0.102413 
-0.633000 -0.113755 
-0.632000 -0.125048 
-0.631000 -0.136290 
-0.630000 -0.147482 
-0.629000 -0.158624 
-0.628000 -0.169715 
-0.627000 -0.180756 
-0.626000 -0.191747 
-0.625000 -0.202687 
-0.624000 -0.213577 
-0.623000 -0.224416 
-0.622000 -0.235205 
-0.621000 -0.245943 
-0.620000 -0.256631 
-0.619000 -0.267269 
-0.618000 -0.277856 
-0.617000 -0.288392 
-0.616000 -0.298879 
-0.615000 -0.309314 
-0.614000 -0.319700 
-0.613000 -0.330035 
-0.612000 -0.340319 
-0.611000 -0.350554 
-0.610000 -0.360738 
-0.609000 -0.370872 
-0.608000 -0.380956 
-0.607000 -0.390989 
-0.606000 -0.400973 
-0.605000 -0.410906 
-0.604000 -0.420790 
-0.603000 -0.430623 
-0.602000 -0.440407 
-0.601000 -0.450140 
-0.600000 -0.459824 
-0.599000 -0.469459 
-0.598000 -0.479043 
-0.597000 -0.488578 
-0.596000 -0.498064 
-0.595000 -0.507500 
-0.594000 -0.516886 
-0.593000 -0.526224 
-0.592000 -0.535512 
-0.591000 -0.544750 
-0.590000 -0.553940 
-0.589000 -0.563081 
-0.588000 -0.572173 
-0.587000 -0.581216 
-0.586000 -0.590210 
-0.585000 -0.599155 
-0.584000 -0.608052 
-0.583000 -0.616901 
-0.582000 -0.625701 
-0.581000 -0.634452 
-0.580000 -0.643156 
-0.579000 -0.651811 
-0.578000 -0.660418 
-0.577000 -0.668977 
-0.576000 -0.677489 
-0.575000 -0.685952 
-0.574000 -0.694368 
-0.573000 -0.702736 
-0.572000 -0.711057 
-0.571000 -0.719331 
-0.570000 -0.727557 
-0.569000 -0.735736 
-0.568000 -0.743868 
-0.567000 -0.751952 
-0.566000 -0.759990 
-0.565000 -0.767981 
-0.564000 -0.775926 
-0.563000 -0.783824 
-0.562000 -0.791675 
-0.561000 -0.799480 
-0.560000 -0.807239 
-0.559000 -0.814952 
-0.558000 -0.822618 
-0.557000 -0.830239 
-0.556000 -0.837814 
-0.555000 -0.845343 
-0.554000 -0.852826 
-0.553000 -0.860264 
-0.552000 -0.867656 
-0.551000 -0.875004 
-0.550000 -0.882306 
-0.549000 -0.889562 
-0.548000 -0.896774 
-0.547000 -0.903941 
-0.546000 -0.911063 
-0.545000 -0.918141 
-0.544000 -0.925174 
-0.543000 -0.932163 
-0.542000 -0.939107 
-0.541000 -0.946007 
-0.540000 -0.952863 
-0.539000 -0.959674 
-0.538000 -0.966442 
-0.537000 -0.973166 
-0.536000 -0.979847 
-0.535000 -0.986484 
-0.534000 -0.993077 
-0.533000 -0.999627 
-0.532000 -1.006134 
-0.531000 -1.012597 
-0.530000 -1.019018 
-0.529000 -1.025395 
-0.528000 -1.031730 
-0.527000 -1.038022 
-0.526000 -1.044271 
-0.525000 -1.050478 
-0.524000 -1.056642 
-0.523000 -1.062764 
-0.522000 -1.068844 
-0.521000 -1.074882 
-0.520000 -1.080878 
-0.519000 -1.086832 
-0.518000 -1.092744 
-0.517000 -1.098614 
-0.516000 -1.104443 
-0.515000 -1.110230 
-0.514000 -1.115976 
-0.513000 -1.121680 
-0.512000 -1.127344 
-0.511000 -1.132966 
-0.510000 -1.138547 
-0.509000 -1.144088 
-0.508000 -1.149587 
-0.507000 -1.155046 
-0.506000 -1.160465 
-0.505000 -1.165842 
-0.504000 -1.171180 
-0.503000 -1.176477 
-0.502000 -1.181734 
-0.501000 -1.186950 
-0.500000 -1.192127 
-0.499000 -1.197264 
-0.498000 -1.202361 
-0.497000 -1.207418 
-0.496000 -1.212436 
-0.495000 -1.217414 
-0.494000 -1.222352 
-0.493000 -1.227251 
-0.492000 -1.232111 
-0.491000 -1.236932 
-0.490000 -1.241714 
-0.489000 -1.246456 
-0.488000 -1.251160 
-0.487000 -1.255824 
-0.486000 -1.260451 
-0.485000 -1.265038 
-0.484000 -1.269587 
-0.483000 -1.274097 
-0.482000 -1.278569 
-0.481000 -1.283002 
-0.480000 -1.287397 
-0.479000 -1.291755 
-0.478000 -1.296074 
-0.477000 -1.300355 
-0.476000 -1.304598 
-0.475000 -1.308803 
-0.474000 -1.312970 
-0.473000 -1.317100 
-0.472000 -1.321192 
-0.471000 -1.325247 
-0.470000 -1.329264 
-0.469000 -1.333244 
-0.468000 -1.337186 
-0.467000 -1.341092 
-0.466000 -1.344960 
-0.465000 -1.348791 
-0.464000 -1.352585 
-0.463000 -1.356342 
-0.462000 -1.360062 
-0.461000 -1.363746 
-0.460000 -1.367392 
-0.459000 -1.371002 
-0.458000 -1.374576 
-0.457000 -1.378113 
-0.456000 -1.381613 
-0.455000 -1.385077 
-0.454000 -1.388505 
-0.453000 -1.391897 
-0.452000 -1.395252 
-0.451000 -1.398571 
-0.450000 -1.401854 
-0.449000 -1.405101 
-0.448000 -1.408313 
-0.447000 -1.411488 
-0.446000 -1.414627 
-0.445000 -1.417731 
-0.444000 -1.420799 
-0.443000 -1.423832 
-0.442000 -1.426828 
-0.441000 -1.429790 
-0.440000 -1.432715 
-0.439000 -1.435606 
-0.438000 -1.438461 
-0.437000 -1.441281 
-0.436000 -1.444065 
-0.435000 -1.446814 
-0.434000 -1.449528 
-0.433000 -1.452207 
-0.432000 -1.454851 
-0.431000 -1.457460 
-0.430000 -1.460034 
-0.429000 -1.462573 
-0.428000 -1.465078 
-0.427000 -1.467547 
-0.426000 -1.469982 
-0.425000 -1.472382 
-0.424000 -1.474747 
-0.423000 -1.477078 
-0.422000 -1.479374 
-0.421000 -1.481635 
-0.420000 -1.483862 
-0.419000 -1.486055 
-0.418000 -1.488213 
-0.417000 -1.490337 
-0.416000 -1.492426 
-0.415000 -1.494481 
-0.414000 -1.496502 
-0.413000 -1.498488 
-0.412000 -1.500441 
-0.411000 -1.502359 
-0.410000 -1.504243 
-0.409000 -1.506093 
-0.408000 -1.507909 
-0.407000 -1.509691 
-0.406000 -1.511439 
-0.405000 -1.513153 
-0.404000 -1.514833 
-0.403000 -1.516479 
-0.402000 -1.518091 
-0.401000 -1.519669 
-0.400000 -1.521214 
-0.399000 -1.522725 
-0.398000 -1.524202 
-0.397000 -1.525645 
-0.396000 -1.527054 
-0.395000 -1.528430 
-0.394000 -1.529772 
-0.393000 -1.531081 
-0.392000 -1.532356 
-0.391000 -1.533597 
-0.390000 -1.534805 
-0.389000 -1.535979 
-0.388000 -1.537119 
-0.387000 -1.538226 
-0.386000 -1.539300 
-0.385000 -1.540339 
-0.384000 -1.541346 
-0.383000 -1.542319 
-0.382000 -1.543258 
-0.381000 -1.544164 
-0.380000 -1.545037 
-0.379000 -1.545876 
-0.378000 -1.546682 
-0.377000 -1.547455 
-0.376000 -1.548194 
-0.375000 -1.548899 
-0.374000 -1.549571 
-0.373000 -1.550210 
-0.372000 -1.550816 
-0.371000 -1.551388 
-0.370000 -1.551927 
-0.369000 -1.552432 
-0.368000 -1.552904 
-0.367000 -1.553343 
-0.366000 -1.553748 
-0.365000 -1.554121 
-0.364000 -1.554459 
-0.363000 -1.554765 
-0.362000 -1.555037 
-0.361000 -1.555276 
-0.360000 -1.555481 
-0.359000 -1.555653 
-0.358000 -1.555792 
-0.357000 -1.555897 
-0.356000 -1.555969 
-0.355000 -1.556008 
-0.354000 -1.556013 
-0.353000 -1.555985 
-0.352000 -1.555924 
-0.351000 -1.555829 
-0.350000 -1.555700 
-0.349000 -1.555539 
-0.348000 -1.555344 
-0.347000 -1.555115 
-0.346000 -1.554853 
-0.345000 -1.554558 
-0.344000 -1.554229 
-0.343000 -1.553866 
-0.342000 -1.553470 
-0.341000 -1.553041 
-0.340000 -1.552578 
-0.339000 -1.552081 
-0.338000 -1.551551 
-0.337000 -1.550987 
-0.336000 -1.550390 
-0.335000 -1.549759 
-0.334000 -1.549094 
-0.333000 -1.548396 
-0.332000 -1.547664 
-0.331000 -1.546898 
-0.330000 -1.546099 
-0.329000 -1.545266 
-0.328000 -1.544399 
-0.327000 -1.543498 
-0.326000 -1.542563 
-0.325000 -1.541594 
-0.324000 -1.540592 
-0.323000 -1.539555 
-0.322000 -1.538485 
-0.321000 -1.537380 
-0.320000 -1.536242 
-0.319000 -1.535069 
-0.318000 -1.533862 
-0.317000 -1.532621 
-0.316000 -1.531346 
-0.315000 -1.530037 
-0.314000 -1.528694 
-0.313000 -1.527316 
-0.312000 -1.525904 
-0.311000 -1.524458 
-0.310000 -1.522977 
-0.309000 -1.521461 
-0.308000 -1.519912 
-0.307000 -1.518328 
-0.306000 -1.516709 
-0.305000 -1.515055 
-0.304000 -1.513367 
-0.303000 -1.511644 
-0.302000 -1.509887 
-0.301000 -1.508095 
-0.300000 -1.506267 
-0.299000 -1.504405 
-0.298000 -1.502508 
-0.297000 -1.500577 
-0.296000 -1.498610 
-0.295000 -1.496608 
-0.294000 -1.494570 
-0.293000 -1.492498 
-0.292000 -1.490390 
-0.291000 -1.488247 
-0.290000 -1.486069 
-0.289000 -1.483856 
-0.288000 -1.481607 
-0.287000 -1.479322 
-0.286000 -1.477002 
-0.285000 -1.474646 
-0.284000 -1.472254 
-0.283000 -1.469827 
-0.282000 -1.467364 
-0.281000 -1.464865 
-0.280000 -1.462330 
-0.279000 -1.459759 
-0.278000 -1.457152 
-0.277000 -1.454509 
-0.276000 -1.451830 
-0.275000 -1.449115 
-0.274000 -1.446363 
-0.273000 -1.443575 
-0.272000 -1.440750 
-0.271000 -1.437889 
-0.270000 -1.434991 
-0.269000 -1.432057 
-0.268000 -1.429085 
-0.267000 -1.426077 
-0.266000 -1.423032 
-0.265000 -1.419951 
-0.264000 -1.416832 
-0.263000 -1.413676 
-0.262000 -1.410483 
-0.261000 -1.407252 
-0.260000 -1.403984 
-0.259000 -1.400679 
-0.258000 -1.397337 
-0.257000 -1.393956 
-0.256000 -1.390538 
-0.255000 -1.387083 
-0.254000 -1.383589 
-0.253000 -1.380058 
-0.252000 -1.376489 
-0.251000 -1.372881 
-0.250000 -1.369236 
-0.249000 -1.365552 
-0.248000 -1.361830 
-0.247000 -1.358070 
-0.246000 -1.354271 
-0.245000 -1.350433 
-0.244000 -1.346557 
-0.243000 -1.342642 
-0.242000 -1.338688 
-0.241000 -1.334695 
-0.240000 -1.330664 
-0.239000 -1.326593 
-0.238000 -1.322483 
-0.237000 -1.318333 
-0.236000 -1.314144 
-0.235000 -1.309916 
-0.234000 -1.305648 
-0.233000 -1.301340 
-0.232000 -1.296993 
-0.231000 -1.292606 
-0.230000 -1.288178 
-0.229000 -1.283711 
-0.228000 -1.279203 
-0.227000 -1.274656 
-0.226000 -1.270067 
-0.225000 -1.265439 
-0.224000 -1.260769 
-0.223000 -1.256059 
-0.222000 -1.251309 
-0.221000 -1.246517 
-0.220000 -1.241684 
-0.219000 -1.236810 
-0.218000 -1.231895 
-0.217000 -1.226939 
-0.216000 -1.221941 
-0.215000 -1.216902 
-0.214000 -1.211821 
-0.213000 -1.206698 
-0.212000 -1.201534 
-0.211000 -1.196327 
-0.210000 -1.191078 
-0.209000 -1.185788 
-0.208000 -1.180454 
-0.207000 -1.175079 
-0.206000 -1.169661 
-0.205000 -1.164200 
-0.204000 -1.158696 
-0.203000 -1.153150 
-0.202000 -1.147560 
-0.201000 -1.141928 
-0.200000 -1.136252 
-0.199000 -1.130533 
-0.198000 -1.124771 
-0.197000 -1.118964 
-0.196000 -1.113115 
-0.195000 -1.107221 
-0.194000 -1.101283 
-0.193000 -1.095302 
-0.192000 -1.089276 
-0.191000 -1.083206 
-0.190000 -1.077091 
-0.189000 -1.070932 
-0.188000 -1.064729 
-0.187000 -1.058480 
-0.186000 -1.052187 
-0.185000 -1.045849 
-0.184000 -1.039465 
-0.183000 -1.033037 
-0.182000 -1.026562 
-0.181000 -1.020043 
-0.180000 -1.013478 
-0.179000 -1.006867 
-0.178000 -1.000210 
-0.177000 -0.993507 
-0.176000 -0.986758 
-0.175000 -0.979963 
-0.174000 -0.973121 
-0.173000 -0.966233 
-0.172000 -0.959298 
-0.171000 -0.952317 
-0.170000 -0.945289 
-0.169000 -0.938214 
-0.168000 -0.931091 
-0.167000 -0.923922 
-0.166000 -0.916705 
-0.165000 -0.909440 
-0.164000 -0.902128 
-0.163000 -0.894768 
-0.162000 -0.887361 
-0.161000 -0.879905 
-0.160000 -0.872401 
-0.159000 -0.864850 
-0.158000 -0.857249 
-0.157000 -0.849601 
-0.156000 -0.841903 
-0.155000 -0.834157 
-0.154000 -0.826362 
-0.153000 -0.818519 
-0.152000 -0.810626 
-0.151000 -0.802684 
-0.150000 -0.794692 
-0.149000 -0.786652 
-0.148000 -0.778561 
-0.147000 -0.770421 
-0.146000 -0.762232 
-0.145000 -0.753992 
-0.144000 -0.745702 
-0.143000 -0.737363 
-0.142000 -0.728973 
-0.141000 -0.720532 
-0.140000 -0.712041 
-0.139000 -0.703500 
-0.138000 -0.694908 
-0.137000 -0.686265 
-0.136000 -0.677571 
-0.135000 -0.668826 
-0.134000 -0.660030 
-0.133000 -0.651183 
-0.132000 -0.642285 
-0.131000 -0.633335 
-0.130000 -0.624334 
-0.129000 -0.615280 
-0.128000 -0.606176 
-0.127000 -0.597019 
-0.126000 -0.587811 
-0.125000 -0.578550 
-0.124000 -0.569238 
-0.123000 -0.559873 
-0.122000 -0.550456 
-0.121000 -0.540986 
-0.120000 -0.531465 
-0.119000 -0.521890 
-0.118000 -0.512263 
-0.117000 -0.502583 
-0.116000 -0.492851 
-0.115000 -0.483066 
-0.114000 -0.473228 
-0.113000 -0.463336 
-0.112000 -0.453392 
-0.111000 -0.443395 
-0.110000 -0.433344 
-0.109000 -0.423241 
-0.108000 -0.413084 
-0.107000 -0.402873 
-0.106000 -0.392610 
-0.105000 -0.382292 
-0.104000 -0.371922 
-0.103000 -0.361498 
-0.102000 -0.351020 
-0.101000 -0.340489 
-0.100000 -0.329904 
-0.099000 -0.319265 
-0.098000 -0.308573 
-0.097000 -0.297827 
-0.096000 -0.287027 
-0.095000 -0.276174 
-0.094000 -0.265267 
-0.093000 -0.254306 
-0.092000 -0.243291 
-0.091000 -0.232223 
-0.090000 -0.221101 
-0.089000 -0.209925 
-0.088000 -0.198695 
-0.087000 -0.187412 
-0.086000 -0.176075 
-0.085000 -0.164685 
-0.084000 -0.153241 
-0.083000 -0.141743 
-0.082000 -0.130192 
-0.081000 -0.118588 
-0.080000 -0.106930 
-0.079000 -0.095219 
-0.078000 -0.083454 
-0.077000 -0.071637 
-0.076000 -0.059766 
-0.075000 -0.047842 
-0.074000 -0.035866 
-0.073000 -0.023836 
-0.072000 -0.011754 
-0.071000 0.000380 
-0.070000 0.012567 
-0.069000 0.024807 
-0.068000 0.037099 
-0.067000 0.049442 
-0.066000 0.061838 
-0.065000 0.074285 
-0.064000 0.086784 
-0.063000 0.099335 
-0.062000 0.111937 
-0.061000 0.124589 
-0.060000 0.137293 
-0.059000 0.150047 
-0.058000 0.162851 
-0.057000 0.175706 
-0.056000 0.188611 
-0.055000 0.201565 
-0.054000 0.214569 
-0.053000 0.227623 
-0.052000 0.240725 
-0.051000 0.253875 
-0.050000 0.267075 
-0.049000 0.280322 
-0.048000 0.293617 
-0.047000 0.306959 
-0.046000 0.320348 
-0.045000 0.333785 
-0.044000 0.347267 
-0.043000 0.360796 
-0.042000 0.374370 
-0.041000 0.387990 
-0.040000 0.401654 
-0.039000 0.415363 
-0.038000 0.429116 
-0.037000 0.442912 
-0.036000 0.456751 
-0.035000 0.470634 
-0.034000 0.484558 
-0.033000 0.498524 
-0.032000 0.512531 
-0.031000 0.526579 
-0.030000 0.540667 
-0.029000 0.554794 
-0.028000 0.568961 
-0.027000 0.583166 
-0.026000 0.597409 
-0.025000 0.611689 
-0.024000 0.626005 
-0.023000 0.640358 
-0.022000 0.654746 
-0.021000 0.669168 
-0.020000 0.683625 
-0.019000 0.698115 
-0.018000 0.712637 
-0.017000 0.727191 
-0.016000 0.741776 
-0.015000 0.756392 
-0.014000 0.771037 
-0.013000 0.785710 
-0.012000 0.800412 
-0.011000 0.815140 
-0.010000 0.829895 
-0.009000 0.844675 
-0.008000 0.859480 
-0.007000 0.874308 
-0.006000 0.889158 
-0.005000 0.904030 
-0.004000 0.918923 
-0.003000 0.933835 
-0.002000 0.948767 
-0.001000 0.963715 
-0.000000 0.978681 
0.001000 0.993661 
0.002000 1.008656 
0.003000 1.023665 
0.004000 1.038686 
0.005000 1.053717 
0.006000 1.068759 
0.007000 1.083809 
0.008000 1.098867 
0.009000 1.113931 
0.010000 1.129000 
0.011000 1.144073 
0.012000 1.159148 
0.013000 1.174224 
0.014000 1.189300 
0.015000 1.204375 
0.016000 1.219446 
0.017000 1.234513 
0.018000 1.249574 
0.019000 1.264628 
0.020000 1.279674 
0.021000 1.294709 
0.022000 1.309732 
0.023000 1.324743 
0.024000 1.339738 
0.025000 1.354717 
0.026000 1.369678 
0.027000 1.384620 
0.028000 1.399541 
0.029000 1.414438 
0.030000 1.429311 
0.031000 1.444158 
0.032000 1.458977 
0.033000 1.473766 
0.034000 1.488524 
0.035000 1.503249 
0.036000 1.517939 
0.037000 1.532591 
0.038000 1.547206 
0.039000 1.561779 
0.040000 1.576310 
0.041000 1.590797 
0.042000 1.605238 
0.043000 1.619630 
0.044000 1.633973 
0.045000 1.648263 
0.046000 1.662500 
0.047000 1.676680 
0.048000 1.690802 
0.049000 1.704865 
0.050000 1.718865 
0.051000 1.732801 
0.052000 1.746670 
0.053000 1.760471 
0.054000 1.774202 
0.055000 1.787861 
0.056000 1.801444 
0.057000 1.814951 
0.058000 1.828378 
0.059000 1.841725 
0.060000 1.854988 
0.061000 1.868166 
0.062000 1.881256 
0.063000 1.894256 
0.064000 1.907164 
0.065000 1.919978 
0.066000 1.932696 
0.067000 1.945314 
0.068000 1.957832 
0.069000 1.970246 
0.070000 1.982555 
0.071000 1.994757 
0.072000 2.006849 
0.073000 2.018828 
0.074000 2.030693 
0.075000 2.042442 
0.076000 2.054072 
0.077000 2.065581 
0.078000 2.076967 
0.079000 2.088227 
0.080000 2.099360 
0.081000 2.110363 
0.082000 2.121234 
0.083000 2.131971 
0.084000 2.142571 
0.085000 2.153034 
0.086000 2.163355 
0.087000 2.173534 
0.088000 2.183568 
0.089000 2.193455 
0.090000 2.203193 
0.091000 2.212780 
0.092000 2.222213 
0.093000 2.231492 
0.094000 2.240614 
0.095000 2.249576 
0.096000 2.258377 
0.097000 2.267016 
0.098000 2.275489 
0.099000 2.283796 
0.100000 2.291934 
0.101000 2.299902 
0.102000 2.307697 
0.103000 2.315319 
0.104000 2.322765 
0.105000 2.330033 
0.106000 2.337122 
0.107000 2.344031 
0.108000 2.350758 
0.109000 2.357300 
0.110000 2.363658 
0.111000 2.369828 
0.112000 2.375810 
0.113000 2.381603 
0.114000 2.387205 
0.115000 2.392614 
0.116000 2.397830 
0.117000 2.402851 
0.118000 2.407676 
0.119000 2.412304 
0.120000 2.416734 
0.121000 2.420964 
0.122000 2.424995 
0.123000 2.428824 
0.124000 2.432451 
0.125000 2.435875 
0.126000 2.439096 
0.127000 2.442112 
0.128000 2.444923 
0.129000 2.447528 
0.130000 2.449926 
0.131000 2.452118 
0.132000 2.454103 
0.133000 2.455879 
0.134000 2.457447 
0.135000 2.458807 
0.136000 2.459958 
0.137000 2.460900 
0.138000 2.461632 
0.139000 2.462156 
0.140000 2.462469 
0.141000 2.462574 
0.142000 2.462469 
0.143000 2.462155 
0.144000 2.461631 
0.145000 2.460899 
0.146000 2.459958 
0.147000 2.458809 
0.148000 2.457452 
0.149000 2.455887 
0.150000 2.454116 
0.151000 2.452138 
0.152000 2.449953 
0.153000 2.447564 
0.154000 2.444970 
0.155000 2.442172 
0.156000 2.439171 
0.157000 2.435967 
0.158000 2.432562 
0.159000 2.428957 
0.160000 2.425152 
0.161000 2.421149 
0.162000 2.416948 
0.163000 2.412551 
0.164000 2.407959 
0.165000 2.403172 
0.166000 2.398194 
0.167000 2.393023 
0.168000 2.387663 
0.169000 2.382114 
0.170000 2.376377 
0.171000 2.370455 
0.172000 2.364348 
0.173000 2.358058 
0.174000 2.351588 
0.175000 2.344937 
0.176000 2.338108 
0.177000 2.331103 
0.178000 2.323923 
0.179000 2.316571 
0.180000 2.309047 
0.181000 2.301353 
0.182000 2.293492 
0.183000 2.285465 
0.184000 2.277274 
0.185000 2.268921 
0.186000 2.260408 
0.187000 2.251736 
0.188000 2.242909 
0.189000 2.233927 
0.190000 2.224793 
0.191000 2.215508 
0.192000 2.206076 
0.193000 2.196497 
0.194000 2.186774 
0.195000 2.176909 
0.196000 2.166904 
0.197000 2.156761 
0.198000 2.146483 
0.199000 2.136071 
0.200000 2.125527 
0.201000 2.114854 
0.202000 2.104054 
0.203000 2.093129 
0.204000 2.082081 
0.205000 2.070913 
0.206000 2.059626 
0.207000 2.048223 
0.208000 2.036705 
0.209000 2.025076 
0.210000 2.013337 
0.211000 2.001490 
0.212000 1.989538 
0.213000 1.977483 
0.214000 1.965326 
0.215000 1.953071 
0.216000 1.940719 
0.217000 1.928272 
0.218000 1.915733 
0.219000 1.903103 
0.220000 1.890386 
0.221000 1.877582 
0.222000 1.864695 
0.223000 1.851725 
0.224000 1.838676 
0.225000 1.825550 
0.226000 1.812347 
0.227000 1.799072 
0.228000 1.785725 
0.229000 1.772308 
0.230000 1.758824 
0.231000 1.745275 
0.232000 1.731663 
0.233000 1.717989 
0.234000 1.704256 
0.235000 1.690465 
0.236000 1.676619 
0.237000 1.662720 
0.238000 1.648768 
0.239000 1.634767 
0.240000 1.620719 
0.241000 1.606624 
0.242000 1.592484 
0.243000 1.578303 
0.244000 1.564081 
0.245000 1.549820 
0.246000 1.535522 
0.247000 1.521189 
0.248000 1.506822 
0.249000 1.492423 
0.250000 1.477994 
0.251000 1.463537 
0.252000 1.449052 
0.253000 1.434543 
0.254000 1.420009 
0.255000 1.405454 
0.256000 1.390878 
0.257000 1.376284 
0.258000 1.361671 
0.259000 1.347043 
0.260000 1.332400 
0.261000 1.317745 
0.262000 1.303078 
0.263000 1.288400 
0.264000 1.273714 
0.265000 1.259021 
0.266000 1.244321 
0.267000 1.229617 
0.268000 1.214910 
0.269000 1.200200 
0.270000 1.185490 
0.271000 1.170780 
0.272000 1.156072 
0.273000 1.141367 
0.274000 1.126666 
0.275000 1.111970 
0.276000 1.097281 
0.277000 1.082599 
0.278000 1.067926 
0.279000 1.053263 
0.280000 1.038610 
0.281000 1.023970 
0.282000 1.009343 
0.283000 0.994729 
0.284000 0.980131 
0.285000 0.965548 
0.286000 0.950983 
0.287000 0.936435 
0.288000 0.921907 
0.289000 0.907398 
0.290000 0.892909 
0.291000 0.878442 
0.292000 0.863998 
0.293000 0.849577 
0.294000 0.835179 
0.295000 0.820807 
0.296000 0.806460 
0.297000 0.792139 
0.298000 0.777846 
0.299000 0.763580 
0.300000 0.749344 
0.301000 0.735136 
0.302000 0.720958 
0.303000 0.706811 
0.304000 0.692696 
0.305000 0.678612 
0.306000 0.664561 
0.307000 0.650544 
0.308000 0.636560 
0.309000 0.622610 
0.310000 0.608696 
0.311000 0.594817 
0.312000 0.580974 
0.313000 0.567167 
0.314000 0.553398 
0.315000 0.539667 
0.316000 0.525973 
0.317000 0.512319 
0.318000 0.498703 
0.319000 0.485127 
0.320000 0.471591 
0.321000 0.458095 
0.322000 0.444640 
0.323000 0.431227 
0.324000 0.417855 
0.325000 0.404525 
0.326000 0.391237 
0.327000 0.377992 
0.328000 0.364790 
0.329000 0.351632 
0.330000 0.338518 
0.331000 0.325447 
0.332000 0.312421 
0.333000 0.299440 
0.334000 0.286503 
0.335000 0.273612 
0.336000 0.260767 
0.337000 0.247967 
0.338000 0.235213 
0.339000 0.222506 
0.340000 0.209845 
0.341000 0.197231 
0.342000 0.184664 
0.343000 0.172144 
0.344000 0.159672 
0.345000 0.147247 
0.346000 0.134870 
0.347000 0.122541 
0.348000 0.110260 
0.349000 0.098027 
0.350000 0.085843 
0.351000 0.073707 
0.352000 0.061621 
0.353000 0.049583 
0.354000 0.037594 
0.355000 0.025654 
0.356000 0.013763 
0.357000 0.001922 
0.358000 -0.009870 
0.359000 -0.021612 
0.360000 -0.033305 
0.361000 -0.044947 
0.362000 -0.056540 
0.363000 -0.068083 
0.364000 -0.079577 
0.365000 -0.091020 
0.366000 -0.102413 
0.367000 -0.113755 
0.368000 -0.125048 
0.369000 -0.136290 
0.370000 -0.147482 
0.371000 -0.158624 
0.372000 -0.169715 
0.373000 -0.180756 
0.374000 -0.191747 
0.375000 -0.202687 
0.376000 -0.213577 
0.377000 -0.224416 
0.378000 -0.235205 
0.379000 -0.245943 
0.380000 -0.256631 
0.381000 -0.267269 
0.382000 -0.277856 
0.383000 -0.288392 
0.384000 -0.298879 
0.385000 -0.309314 
0.386000 -0.319700 
0.387000 -0.330035 
0.388000 -0.340319 
0.389000 -0.350554 
0.390000 -0.360738 
0.391000 -0.370872 
0.392000 -0.380956 
0.393000 -0.390989 
0.394000 -0.400973 
0.395000 -0.410906 
0.396000 -0.420790 
0.397000 -0.430623 
0.398000 -0.440407 
0.399000 -0.450140 
0.400000 -0.459824 
0.401000 -0.469459 
0.402000 -0.479043 
0.403000 -0.488578 
0.404000 -0.498064 
0.405000 -0.507500 
0.406000 -0.516886 
0.407000 -0.526224 
0.408000 -0.535512 
0.409000 -0.544750 
0.410000 -0.553940 
0.411000 -0.563081 
0.412000 -0.572173 
0.413000 -0.581216 
0.414000 -0.590210 
0.415000 -0.599155 
0.416000 -0.608052 
0.417000 -0.616901 
0.418000 -0.625701 
0.419000 -0.634452 
0.420000 -0.643156 
0.421000 -0.651811 
0.422000 -0.660418 
0.423000 -0.668977 
0.424000 -0.677489 
0.425000 -0.685952 
0.426000 -0.694368 
0.427000 -0.702736 
0.428000 -0.711057 
0.429000 -0.719331 
0.430000 -0.727557 
0.431000 -0.735736 
0.432000 -0.743868 
0.433000 -0.751952 
0.434000 -0.759990 
0.435000 -0.767981 
0.436000 -0.775926 
0.437000 -0.783824 
0.438000 -0.791675 
0.439000 -0.799480 
0.440000 -0.807239 
0.441000 -0.814952 
0.442000 -0.822618 
0.443000 -0.830239 
0.444000 -0.837814 
0.445000 -0.845343 
0.446000 -0.852826 
0.447000 -0.860264 
0.448000 -0.867656 
0.449000 -0.875004 
0.450000 -0.882306 
0.451000 -0.889562 
0.452000 -0.896774 
0.453000 -0.903941 
0.454000 -0.911063 
0.455000 -0.918141 
0.456000 -0.925174 
0.457000 -0.932163 
0.458000 -0.939107 
0.459000 -0.946007 
0.460000 -0.952863 
0.461000 -0.959674 
0.462000 -0.966442 
0.463000 -0.973166 
0.464000 -0.979847 
0.465000 -0.986484 
0.466000 -0.993077 
0.467000 -0.999627 
0.468000 -1.006134 
0.469000 -1.012597 
0.470000 -1.019018 
0.471000 -1.025395 
0.472000 -1.031730 
0.473000 -1.038022 
0.474000 -1.044271 
0.475000 -1.050478 
0.476000 -1.056642 
0.477000 -1.062764 
0.478000 -1.068844 
0.479000 -1.074882 
0.480000 -1.080878 
0.481000 -1.086832 
0.482000 -1.092744 
0.483000 -1.098614 
0.484000 -1.104443 
0.485000 -1.110230 
0.486000 -1.115976 
0.487000 -1.121680 
0.488000 -1.127344 
0.489000 -1.132966 
0.490000 -1.138547 
0.491000 -1.144088 
0.492000 -1.149587 
0.493000 -1.155046 
0.494000 -1.160465 
0.495000 -1.165842 
0.496000 -1.171180 
0.497000 -1.176477 
0.498000 -1.181734 
0.499000 -1.186950 
0.500000 -1.192127 
0.501000 -1.197264 
0.502000 -1.202361 
0.503000 -1.207418 
0.504000 -1.212436 
0.505000 -1.217414 
0.506000 -1.222352 
0.507000 -1.227251 
0.508000 -1.232111 
0.509000 -1.236932 
0.510000 -1.241714 
0.511000 -1.246456 
0.512000 -1.251160 
0.513000 -1.255824 
0.514000 -1.260451 
0.515000 -1.265038 
0.516000 -1.269587 
0.517000 -1.274097 
0.518000 -1.278569 
0.519000 -1.283002 
0.520000 -1.287397 
0.521000 -1.291755 
0.522000 -1.296074 
0.523000 -1.300355 
0.524000 -1.304598 
0.525000 -1.308803 
0.526000 -1.312970 
0.527000 -1.317100 
0.528000 -1.321192 
0.529000 -1.325247 
0.530000 -1.329264 
0.531000 -1.333244 
0.532000 -1.337186 
0.533000 -1.341092 
0.534000 -1.344960 
0.535000 -1.348791 
0.536000 -1.352585 
0.537000 -1.356342 
0.538000 -1.360062 
0.539000 -1.363746 
0.540000 -1.367392 
0.541000 -1.371002 
0.542000 -1.374576 
0.543000 -1.378113 
0.544000 -1.381613 
0.545000 -1.385077 
0.546000 -1.388505 
0.547000 -1.391897 
0.548000 -1.395252 
0.549000 -1.398571 
0.550000 -1.401854 
0.551000 -1.405101 
0.552000 -1.408313 
0.553000 -1.411488 
0.554000 -1.414627 
0.555000 -1.417731 
0.556000 -1.420799 
0.557000 -1.423832 
0.558000 -1.426828 
0.559000 -1.429790 
0.560000 -1.432715 
0.561000 -1.435606 
0.562000 -1.438461 
0.563000 -1.441281 
0.564000 -1.444065 
0.565000 -1.446814 
0.566000 -1.449528 
0.567000 -1.452207 
0.568000 -1.454851 
0.569000 -1.457460 
0.570000 -1.460034 
0.571000 -1.462573 
0.572000 -1.465078 
0.573000 -1.467547 
0.574000 -1.469982 
0.575000 -1.472382 
0.576000 -1.474747 
0.577000 -1.477078 
0.578000 -1.479374 
0.579000 -1.481635 
0.580000 -1.483862 
0.581000 -1.486055 
0.582000 -1.488213 
0.583000 -1.490337 
0.584000 -1.492426 
0.585000 -1.494481 
0.586000 -1.496502 
0.587000 -1.498488 
0.588000 -1.500441 
0.589000 -1.502359 
0.590000 -1.504243 
0.591000 -1.506093 
0.592000 -1.507909 
0.593000 -1.509691 
0.594000 -1.511439 
0.595000 -1.513153 
0.596000 -1.514833 
0.597000 -1.516479 
0.598000 -1.518091 
0.599000 -1.519669 
0.600000 -1.521214 
0.601000 -1.522725 
0.602000 -1.524202 
0.603000 -1.525645 
0.604000 -1.527054 
0.605000 -1.528430 
0.606000 -1.529772 
0.607000 -1.531081 
0.608000 -1.532356 
0.609000 -1.533597 
0.610000 -1.534805 
0.611000 -1.535979 
0.612000 -1.537119 
0.613000 -1.538226 
0.614000 -1.539300 
0.615000 -1.540339 
0.616000 -1.541346 
0.617000 -1.542319 
0.618000 -1.543258 
0.619000 -1.544164 
0.620000 -1.545037 
0.621000 -1.545876 
0.622000 -1.546682 
0.623000 -1.547455 
0.624000 -1.548194 
0.625000 -1.548899 
0.626000 -1.549571 
0.627000 -1.550210 
0.628000 -1.550816 
0.629000 -1.551388 
0.630000 -1.551927 
0.631000 -1.552432 
0.632000 -1.552904 
0.633000 -1.553343 
0.634000 -1.553748 
0.635000 -1.554121 
0.636000 -1.554459 
0.637000 -1.554765 
0.638000 -1.555037 
0.639000 -1.555276 
0.640000 -1.555481 
0.641000 -1.555653 
0.642000 -1.555792 
0.643000 -1.555897 
0.644000 -1.555969 
0.645000 -1.556008 
0.646000 -1.556013 
0.647000 -1.555985 
0.648000 -1.555924 
0.649000 -1.555829 
0.650000 -1.555700 
0.651000 -1.555539 
0.652000 -1.555344 
0.653000 -1.555115 
0.654000 -1.554853 
0.655000 -1.554558 
0.656000 -1.554229 
0.657000 -1.553866 
0.658000 -1.553470 
0.659000 -1.553041 
0.660000 -1.552578 
0.661000 -1.552081 
0.662000 -1.551551 
0.663000 -1.550987 
0.664000 -1.550390 
0.665000 -1.549759 
0.666000 -1.549094 
0.667000 -1.548396 
0.668000 -1.547664 
0.669000 -1.546898 
0.670000 -1.546099 
0.671000 -1.545266 
0.672000 -1.544399 
0.673000 -1.543498 
0.674000 -1.542563 
0.675000 -1.541594 
0.676000 -1.540592 
0.677000 -1.539555 
0.678000 -1.538485 
0.679000 -1.537380 
0.680000 -1.536242 
0.681000 -1.535069 
0.682000 -1.533862 
0.683000 -1.532621 
0.684000 -1.531346 
0.685000 -1.530037 
0.686000 -1.528694 
0.687000 -1.527316 
0.688000 -1.525904 
0.689000 -1.524458 
0.690000 -1.522977 
0.691000 -1.521461 
0.692000 -1.519912 
0.693000 -1.518328 
0.694000 -1.516709 
0.695000 -1.515055 
0.696000 -1.513367 
0.697000 -1.511644 
0.698000 -1.509887 
0.699000 -1.508095 
0.700000 -1.506267 
0.701000 -1.504405 
0.702000 -1.502508 
0.703000 -1.500577 
0.704000 -1.498610 
0.705000 -1.496608 
0.706000 -1.494570 
0.707000 -1.492498 
0.708000 -1.490390 
0.709000 -1.488247 
0.710000 -1.486069 
0.711000 -1.483856 
0.712000 -1.481607 
0.713000 -1.479322 
0.714000 -1.477002 
0.715000 -1.474646 
0.716000 -1.472254 
0.717000 -1.469827 
0.718000 -1.467364 
0.719000 -1.464865 
0.720000 -1.462330 
0.721000 -1.459759 
0.722000 -1.457152 
0.723000 -1.454509 
0.724000 -1.451830 
0.725000 -1.449115 
0.726000 -1.446363 
0.727000 -1.443575 
0.728000 -1.440750 
0.729000 -1.437889 
0.730000 -1.434991 
0.731000 -1.432057 
0.732000 -1.429085 
0.733000 -1.426077 
0.734000 -1.423032 
0.735000 -1.419951 
0.736000 -1.416832 
0.737000 -1.413676 
0.738000 -1.410483 
0.739000 -1.407252 
0.740000 -1.403984 
0.741000 -1.400679 
0.742000 -1.397337 
0.743000 -1.393956 
0.744000 -1.390538 
0.745000 -1.387083 
0.746000 -1.383589 
0.747000 -1.380058 
0.748000 -1.376489 
0.749000 -1.372881 
0.750000 -1.369236 
0.751000 -1.365552 
0.752000 -1.361830 
0.753000 -1.358070 
0.754000 -1.354271 
0.755000 -1.350433 
0.756000 -1.346557 
0.757000 -1.342642 
0.758000 -1.338688 
0.759000 -1.334695 
0.760000 -1.330664 
0.761000 -1.326593 
0.762000 -1.322483 
0.763000 -1.318333 
0.764000 -1.314144 
0.765000 -1.309916 
0.766000 -1.305648 
0.767000 -1.301340 
0.768000 -1.296993 
0.769000 -1.292606 
0.770000 -1.288178 
0.771000 -1.283711 
0.772000 -1.279203 
0.773000 -1.274656 
0.774000 -1.270067 
0.775000 -1.265439 
0.776000 -1.260769 
0.777000 -1.256059 
0.778000 -1.251309 
0.779000 -1.246517 
0.780000 -1.241684 
0.781000 -1.236810 
0.782000 -1.231895 
0.783000 -1.226939 
0.784000 -1.221941 
0.785000 -1.216902 
0.786000 -1.211821 
0.787000 -1.206698 
0.788000 -1.201534 
0.789000 -1.196327 
0.790000 -1.191078 
0.791000 -1.185788 
0.792000 -1.180454 
0.793000 -1.175079 
0.794000 -1.169661 
0.795000 -1.164200 
0.796000 -1.158696 
0.797000 -1.153150 
0.798000 -1.147560 
0.799000 -1.141928 
0.800000 -1.136252 
0.801000 -1.130533 
0.802000 -1.124771 
0.803000 -1.118964 
0.804000 -1.113115 
0.805000 -1.107221 
0.806000 -1.101283 
0.807000 -1.095302 
0.808000 -1.089276 
0.809000 -1.083206 
0.810000 -1.077091 
0.811000 -1.070932 
0.812000 -1.064729 
0.813000 -1.058480 
0.814000 -1.052187 
0.815000 -1.045849 
0.816000 -1.039465 
0.817000 -1.033037 
0.818000 -1.026562 
0.819000 -1.020043 
0.820000 -1.013478 
0.821000 -1.006867 
0.822000 -1.000210 
0.823000 -0.993507 
0.824000 -0.986758 
0.825000 -0.979963 
0.826000 -0.973121 
0.827000 -0.966233 
0.828000 -0.959298 
0.829000 -0.952317 
0.830000 -0.945289 
0.831000 -0.938214 
0.832000 -0.931091 
0.833000 -0.923922 
0.834000 -0.916705 
0.835000 -0.909440 
0.836000 -0.902128 
0.837000 -0.894768 
0.838000 -0.887361 
0.839000 -0.879905 
0.840000 -0.872401 
0.841000 -0.864850 
0.842000 -0.857249 
0.843000 -0.849601 
0.844000 -0.841903 
0.845000 -0.834157 
0.846000 -0.826362 
0.847000 -0.818519 
0.848000 -0.810626 
0.849000 -0.802684 
0.850000 -0.794692 
0.851000 -0.786652 
0.852000 -0.778561 
0.853000 -0.770421 
0.854000 -0.762232 
0.855000 -0.753992 
0.856000 -0.745702 
0.857000 -0.737363 
0.858000 -0.728973 
0.859000 -0.720532 
0.860000 -0.712041 
0.861000 -0.703500 
0.862000 -0.694908 
0.863000 -0.686265 
0.864000 -0.677571 
0.865000 -0.668826 
0.866000 -0.660030 
0.867000 -0.651183 
0.868000 -0.642285 
0.869000 -0.633335 
0.870000 -0.624334 
0.871000 -0.615280 
0.872000 -0.606176 
0.873000 -0.597019 
0.874000 -0.587811 
0.875000 -0.578550 
0.876000 -0.569238 
0.877000 -0.559873 
0.878000 -0.550456 
0.879000 -0.540986 
0.880000 -0.531465 
0.881000 -0.521890 
0.882000 -0.512263 
0.883000 -0.502583 
0.884000 -0.492851 
0.885000 -0.483066 
0.886000 -0.473228 
0.887000 -0.463336 
0.888000 -0.453392 
0.889000 -0.443395 
0.890000 -0.433344 
0.891000 -0.423241 
0.892000 -0.413084 
0.893000 -0.402873 
0.894000 -0.392610 
0.895000 -0.382292 
0.896000 -0.371922 
0.897000 -0.361498 
0.898000 -0.351020 
0.899000 -0.340489 
0.900000 -0.329904 
0.901000 -0.319265 
0.902000 -0.308573 
0.903000 -0.297827 
0.904000 -0.287027 
0.905000 -0.276174 
0.906000 -0.265267 
0.907000 -0.254306 
0.908000 -0.243291 
0.909000 -0.232223 
0.910000 -0.221101 
0.911000 -0.209925 
0.912000 -0.198695 
0.913000 -0.187412 
0.914000 -0.176075 
0.915000 -0.164685 
0.916000 -0.153241 
0.917000 -0.141743 
0.918000 -0.130192 
0.919000 -0.118588 
0.920000 -0.106930 
0.921000 -0.095219 
0.922000 -0.083454 
0.923000 -0.071637 
0.924000 -0.059766 
0.925000 -0.047842 
0.926000 -0.035866 
0.927000 -0.023836 
0.928000 -0.011754 
0.929000 0.000380 
0.930000 0.012567 
0.931000 0.024807 
0.932000 0.037099 
0.933000 0.049442 
0.934000 0.061838 
0.935000 0.074285 
0.936000 0.086784 
0.937000 0.099335 
0.938000 0.111937 
0.939000 0.124589 
0.940000 0.137293 
0.941000 0.150047 
0.942000 0.162851 
0.943000 0.175706 
0.944000 0.188611 
0.945000 0.201565 
0.946000 0.214569 
0.947000 0.227623 
0.948000 0.240725 
0.949000 0.253875 
0.950000 0.267075 
0.951000 0.280322 
0.952000 0.293617 
0.953000 0.306959 
0.954000 0.320348 
0.955000 0.333785 
0.956000 0.347267 
0.957000 0.360796 
0.958000 0.374370 
0.959000 0.387990 
0.960000 0.401654 
0.961000 0.415363 
0.962000 0.429116 
0.963000 0.442912 
0.964000 0.456751 
0.965000 0.470634 
0.966000 0.484558 
0.967000 0.498524 
0.968000 0.512531 
0.969000 0.526579 
0.970000 0.540667 
0.971000 0.554794 
0.972000 0.568961 
0.973000 0.583166 
0.974000 0.597409 
0.975000 0.611689 
0.976000 0.626005 
0.977000 0.640358 
0.978000 0.654746 
0.979000 0.669168 
0.980000 0.683625 
0.981000 0.698115 
0.982000 0.712637 
0.983000 0.727191 
0.984000 0.741776 
0.985000 0.756392 
0.986000 0.771037 
0.987000 0.785710 
0.988000 0.800412 
0.989000 0.815140 
0.990000 0.829895 
0.991000 0.844675 
0.992000 0.859480 
0.993000 0.874308 
0.994000 0.889158 
0.995000 0.904030 
0.996000 0.918923 
0.997000 0.933835 
0.998000 0.948767 
0.999000 0.963715 
1.000000 0.978681 
1.001000 0.993661 
1.002000 1.008656 
1.003000 1.023665 
1.004000 1.038686 
1.005000 1.053717 
1.006000 1.068759 
1.007000 1.083809 
1.008000 1.098867 
1.009000 1.113931 
1.010000 1.129000 
1.011000 1.144073 
1.012000 1.159148 
1.013000 1.174224 
1.014000 1.189300 
1.015000 1.204375 
1.016000 1.219446 
1.017000 1.234513 
1.018000 1.249574 
1.019000 1.264628 
1.020000 1.279674 
1.021000 1.294709 
1.022000 1.309732 
1.023000 1.324743 
1.024000 1.339738 
1.025000 1.354717 
1.026000 1.369678 
1.027000 1.384620 
1.028000 1.399541 
1.029000 1.414438 
1.030000 1.429311 
1.031000 1.444158 
1.032000 1.458977 
1.033000 1.473766 
1.034000 1.488524 
1.035000 1.503249 
1.036000 1.517939 
1.037000 1.532591 
1.038000 1.547206 
1.039000 1.561779 
1.040000 1.576310 
1.041000 1.590797 
1.042000 1.605238 
1.043000 1.619630 
1.044000 1.633973 
1.045000 1.648263 
1.046000 1.662500 
1.047000 1.676680 
1.048000 1.690802 
1.049000 1.704865 
1.050000 1.718865 
1.051000 1.732801 
1.052000 1.746670 
1.053000 1.760471 
1.054000 1.774202 
1.055000 1.787861 
1.056000 1.801444 
1.057000 1.814951 
1.058000 1.828378 
1.059000 1.841725 
1.060000 1.854988 
1.061000 1.868166 
1.062000 1.881256 
1.063000 1.894256 
1.064000 1.907164 
1.065000 1.919978 
1.066000 1.932696 
1.067000 1.945314 
1.068000 1.957832 
1.069000 1.970246 
1.070000 1.982555 
1.071000 1.994757 
1.072000 2.006849 
1.073000 2.018828 
1.074000 2.030693 
1.075000 2.042442 
1.076000 2.054072 
1.077000 2.065581 
1.078000 2.076967 
1.079000 2.088227 
1.080000 2.099360 
1.081000 2.110363 
1.082000 2.121234 
1.083000 2.131971 
1.084000 2.142571 
1.085000 2.153034 
1.086000 2.163355 
1.087000 2.173534 
1.088000 2.183568 
1.089000 2.193455 
1.090000 2.203193 
1.091000 2.212780 
1.092000 2.222213 
1.093000 2.231492 
1.094000 2.240614 
1.095000 2.249576 
1.096000 2.258377 
1.097000 2.267016 
1.098000 2.275489 
1.099000 2.283796 
1.100000 2.291934 
1.101000 2.299902 
1.102000 2.307697 
1.103000 2.315319 
1.104000 2.322765 
1.105000 2.330033 
1.106000 2.337122 
1.107000 2.344031 
1.108000 2.350758 
1.109000 2.357300 
1.110000 2.363658 
1.111000 2.369828 
1.112000 2.375810 
1.113000 2.381603 
1.114000 2.387205 
1.115000 2.392614 
1.116000 2.397830 
1.117000 2.402851 
1.118000 2.407676 
1.119000 2.412304 
1.120000 2.416734 
1.121000 2.420964 
1.122000 2.424995 
1.123000 2.428824 
1.124000 2.432451 
1.125000 2.435875 
1.126000 2.439096 
1.127000 2.442112 
1.128000 2.444923 
1.129000 2.447528 
1.130000 2.449926 
1.131000 2.452118 
1.132000 2.454103 
1.133000 2.455879 
1.134000 2.457447 
1.135000 2.458807 
1.136000 2.459958 
1.137000 2.460900 
1.138000 2.461632 
1.139000 2.462156 
1.140000 2.462469 
1.141000 2.462574 
1.142000 2.462469 
1.143000 2.462155 
1.144000 2.461631 
1.145000 2.460899 
1.146000 2.459958 
1.147000 2.458809 
1.148000 2.457452 
1.149000 2.455887 
1.150000 2.454116 
1.151000 2.452138 
1.152000 2.449953 
1.153000 2.447564 
1.154000 2.444970 
1.155000 2.442172 
1.156000 2.439171 
1.157000 2.435967 
1.158000 2.432562 
1.159000 2.428957 
1.160000 2.425152 
1.161000 2.421149 
1.162000 2.416948 
1.163000 2.412551 
1.164000 2.407959 
1.165000 2.403172 
1.166000 2.398194 
1.167000 2.393023 
1.168000 2.387663 
1.169000 2.382114 
1.170000 2.376377 
1.171000 2.370455 
1.172000 2.364348 
1.173000 2.358058 
1.174000 2.351588 
1.175000 2.344937 
1.176000 2.338108 
1.177000 2.331103 
1.178000 2.323923 
1.179000 2.316571 
1.180000 2.309047 
1.181000 2.301353 
1.182000 2.293492 
1.183000 2.285465 
1.184000 2.277274 
1.185000 2.268921 
1.186000 2.260408 
1.187000 2.251736 
1.188000 2.242909 
1.189000 2.233927 
1.190000 2.224793 
1.191000 2.215508 
1.192000 2.206076 
1.193000 2.196497 
1.194000 2.186774 
1.195000 2.176909 
1.196000 2.166904 
1.197000 2.156761 
1.198000 2.146483 
1.199000 2.136071 
1.200000 2.125527 
1.201000 2.114854 
1.202000 2.104054 
1.203000 2.093129 
1.204000 2.082081 
1.205000 2.070913 
1.206000 2.059626 
1.207000 2.048223 
1.208000 2.036705 
1.209000 2.025076 
1.210000 2.013337 
1.211000 2.001490 
1.212000 1.989538 
1.213000 1.977483 
1.214000 1.965326 
1.215000 1.953071 
1.216000 1.940719 
1.217000 1.928272 
1.218000 1.915733 
1.219000 1.903103 
1.220000 1.890386 
1.221000 1.877582 
1.222000 1.864695 
1.223000 1.851725 
1.224000 1.838676 
1.225000 1.825550 
1.226000 1.812347 
1.227000 1.799072 
1.228000 1.785725 
1.229000 1.772308 
1.230000 1.758824 
1.231000 1.745275 
1.232000 1.731663 
1.233000 1.717989 
1.234000 1.704256 
1.235000 1.690465 
1.236000 1.676619 
1.237000 1.662720 
1.238000 1.648768 
1.239000 1.634767 
1.240000 1.620719 
1.241000 1.606624 
1.242000 1.592484 
1.243000 1.578303 
1.244000 1.564081 
1.245000 1.549820 
1.246000 1.535522 
1.247000 1.521189 
1.248000 1.506822 
1.249000 1.492423 
1.250000 1.477994 
1.251000 1.463537 
1.252000 1.449052 
1.253000 1.434543 
1.254000 1.420009 
1.255000 1.405454 
1.256000 1.390878 
1.257000 1.376284 
1.258000 1.361671 
1.259000 1.347043 
1.260000 1.332400 
1.261000 1.317745 
1.262000 1.303078 
1.263000 1.288400 
1.264000 1.273714 
1.265000 1.259021 
1.266000 1.244321 
1.267000 1.229617 
1.268000 1.214910 
1.269000 1.200200 
1.270000 1.185490 
1.271000 1.170780 
1.272000 1.156072 
1.273000 1.141367 
1.274000 1.126666 
1.275000 1.111970 
1.276000 1.097281 
1.277000 1.082599 
1.278000 1.067926 
1.279000 1.053263 
1.280000 1.038610 
1.281000 1.023970 
1.282000 1.009343 
1.283000 0.994729 
1.284000 0.980131 
1.285000 0.965548 
1.286000 0.950983 
1.287000 0.936435 
1.288000 0.921907 
1.289000 0.907398 
1.290000 0.892909 
1.291000 0.878442 
1.292000 0.863998 
1.293000 0.849577 
1.294000 0.835179 
1.295000 0.820807 
1.296000 0.806460 
1.297000 0.792139 
1.298000 0.777846 
1.299000 0.763580 
1.300000 0.749344 
1.301000 0.735136 
1.302000 0.720958 
1.303000 0.706811 
1.304000 0.692696 
1.305000 0.678612 
1.306000 0.664561 
1.307000 0.650544 
1.308000 0.636560 
1.309000 0.622610 
1.310000 0.608696 
1.311000 0.594817 
1.312000 0.580974 
1.313000 0.567167 
1.314000 0.553398 
1.315000 0.539667 
1.316000 0.525973 
1.317000 0.512319 
1.318000 0.498703 
1.319000 0.485127 
1.320000 0.471591 
1.321000 0.458095 
1.322000 0.444640 
1.323000 0.431227 
1.324000 0.417855 
1.325000 0.404525 
1.326000 0.391237 
1.327000 0.377992 
1.328000 0.364790 
1.329000 0.351632 
1.330000 0.338518 
1.331000 0.325447 
1.332000 0.312421 
1.333000 0.299440 
1.334000 0.286503 
1.335000 0.273612 
1.336000 0.260767 
1.337000 0.247967 
1.338000 0.235213 
1.339000 0.222506 
1.340000 0.209845 
1.341000 0.197231 
1.342000 0.184664 
1.343000 0.172144 
1.344000 0.159672 
1.345000 0.147247 
1.346000 0.134870 
1.347000 0.122541 
1.348000 0.110260 
1.349000 0.098027 
1.350000 0.085843 
1.351000 0.073707 
1.352000 0.061621 
1.353000 0.049583 
1.354000 0.037594 
1.355000 0.025654 
1.356000 0.013763 
1.357000 0.001922 
1.358000 -0.009870 
1.359000 -0.021612 
1.360000 -0.033305 
1.361000 -0.044947 
1.362000 -0.056540 
1.363000 -0.068083 
1.364000 -0.079577 
1.365000 -0.091020 
1.366000 -0.102413 
1.367000 -0.113755 
1.368000 -0.125048 
1.369000 -0.136290 
1.370000 -0.147482 
1.371000 -0.158624 
1.372000 -0.169715 
1.373000 -0.180756 
1.374000 -0.191747 
1.375000 -0.202687 
1.376000 -0.213577 
1.377000 -0.224416 
1.378000 -0.235205 
1.379000 -0.245943 
1.380000 -0.256631 
1.381000 -0.267269 
1.382000 -0.277856 
1.383000 -0.288392 
1.384000 -0.298879 
1.385000 -0.309314 
1.386000 -0.319700 
1.387000 -0.330035 
1.388000 -0.340319 
1.389000 -0.350554 
1.390000 -0.360738 
1.391000 -0.370872 
1.392000 -0.380956 
1.393000 -0.390989 
1.394000 -0.400973 
1.395000 -0.410906 
1.396000 -0.420790 
1.397000 -0.430623 
1.398000 -0.440407 
1.399000 -0.450140 
1.400000 -0.459824 
1.401000 -0.469459 
1.402000 -0.479043 
1.403000 -0.488578 
1.404000 -0.498064 
1.405000 -0.507500 
1.406000 -0.516886 
1.407000 -0.526224 
1.408000 -0.535512 
1.409000 -0.544750 
1.410000 -0.553940 
1.411000 -0.563081 
1.412000 -0.572173 
1.413000 -0.581216 
1.414000 -0.590210 
1.415000 -0.599155 
1.416000 -0.608052 
1.417000 -0.616901 
1.418000 -0.625701 
1.419000 -0.634452 
1.420000 -0.643156 
1.421000 -0.651811 
1.422000 -0.660418 
1.423000 -0.668977 
1.424000 -0.677489 
1.425000 -0.685952 
1.426000 -0.694368 
1.427000 -0.702736 
1.428000 -0.711057 
1.429000 -0.719331 
1.430000 -0.727557 
1.431000 -0.735736 
1.432000 -0.743868 
1.433000 -0.751952 
1.434000 -0.759990 
1.435000 -0.767981 
1.436000 -0.775926 
1.437000 -0.783824 
1.438000 -0.791675 
1.439000 -0.799480 
1.440000 -0.807239 
1.441000 -0.814952 
1.442000 -0.822618 
1.443000 -0.830239 
1.444000 -0.837814 
1.445000 -0.845343 
1.446000 -0.852826 
1.447000 -0.860264 
1.448000 -0.867656 
1.449000 -0.875004 
1.450000 -0.882306 
1.451000 -0.889562 
1.452000 -0.896774 
1.453000 -0.903941 
1.454000 -0.911063 
1.455000 -0.918141 
1.456000 -0.925174 
1.457000 -0.932163 
1.458000 -0.939107 
1.459000 -0.946007 
1.460000 -0.952863 
1.461000 -0.959674 
1.462000 -0.966442 
1.463000 -0.973166 
1.464000 -0.979847 
1.465000 -0.986484 
1.466000 -0.993077 
1.467000 -0.999627 
1.468000 -1.006134 
1.469000 -1.012597 
1.470000 -1.019018 
1.471000 -1.025395 
1.472000 -1.031730 
1.473000 -1.038022 
1.474000 -1.044271 
1.475000 -1.050478 
1.476000 -1.056642 
1.477000 -1.062764 
1.478000 -1.068844 
1.479000 -1.074882 
1.480000 -1.080878 
1.481000 -1.086832 
1.482000 -1.092744 
1.483000 -1.098614 
1.484000 -1.104443 
1.485000 -1.110230 
1.486000 -1.115976 
1.487000 -1.121680 
1.488000 -1.127344 
1.489000 -1.132966 
1.490000 -1.138547 
1.491000 -1.144088 
1.492000 -1.149587 
1.493000 -1.155046 
1.494000 -1.160465 
1.495000 -1.165842 
1.496000 -1.171180 
1.497000 -1.176477 
1.498000 -1.181734 
1.499000 -1.186950 
