# time Tc_folded Tref_folded value value_err offset model full_model val_compare val_compare_err residuals residuals_err jitter jitter_flag offset_flag subset_flag 
2455480.529186 -9.923193 0.024695 -10482.960657 0.485677 -10476.384461 1.350149 -10480.979204 -0.631304 0.485677 -1.981453 0.485677 1.489691   1   1  -1 
2455480.532970 -9.919409 0.024808 -10481.678693 0.440084 -10476.384461 1.351843 -10480.979742 0.652893 0.440084 -0.698951 0.440084 1.489691   1   1  -1 
2455480.536778 -9.915601 0.024922 -10480.431449 0.465046 -10476.384461 1.353548 -10480.980273 1.902372 0.465046 0.548824 0.465046 1.489691   1   1  -1 
2455482.554786 -7.897593 0.085252 -10476.128743 0.353905 -10476.384461 2.155648 -10478.852557 4.879462 0.353905 2.723814 0.353905 1.489691   1   1  -1 
2455484.542056 -5.910323 0.144663 -10475.755433 0.514319 -10476.384461 2.461169 -10475.324397 2.030134 0.514319 -0.431036 0.514319 1.489691   1   1  -1 
2455484.545828 -5.906551 0.144776 -10473.332240 0.532707 -10476.384461 2.461081 -10475.321730 4.450572 0.532707 1.989490 0.532707 1.489691   1   1  -1 
2455484.549671 -5.902708 0.144891 -10474.438386 0.508347 -10476.384461 2.460989 -10475.319027 3.341630 0.508347 0.880641 0.508347 1.489691   1   1  -1 
2455485.527184 -4.925195 0.174115 -10473.605978 0.432034 -10476.384461 2.350835 -10475.006620 3.751477 0.432034 1.400642 0.432034 1.489691   1   1  -1 
2455485.532971 -4.919408 0.174288 -10471.997247 0.445706 -10476.384461 2.349694 -10475.006541 5.358987 0.445706 3.009294 0.445706 1.489691   1   1  -1 
2455487.543214 -2.909165 0.234386 -10473.844627 0.404437 -10476.384461 1.698946 -10475.638564 3.492883 0.404437 1.793937 0.404437 1.489691   1   1  -1 
2455487.548897 -2.903482 0.234555 -10473.904015 0.401767 -10476.384461 1.696604 -10475.641761 3.434349 0.401767 1.737746 0.401767 1.489691   1   1  -1 
2455493.544252 3.091873 0.413792 -10479.814585 0.396600 -10476.384461 -0.588342 -10479.978464 -0.424463 0.396600 0.163879 0.396600 1.489691   1   1  -1 
2455493.550478 3.098099 0.413978 -10480.900282 0.405220 -10476.384461 -0.590013 -10479.983823 -1.506472 0.405220 -0.916459 0.405220 1.489691   1   1  -1 
2455495.535877 5.083498 0.473333 -10480.826331 0.401246 -10476.384461 -1.040109 -10481.625869 -0.240571 0.401246 0.799538 0.401246 1.489691   1   1  -1 
2455495.541664 5.089285 0.473506 -10480.647538 0.425418 -10476.384461 -1.041191 -10481.628233 -0.060496 0.425418 0.980695 0.425418 1.489691   1   1  -1 
2455498.517820 8.065441 0.562481 -10479.650410 0.663846 -10476.384461 -1.439822 -10479.076222 -2.014010 0.663846 -0.574188 0.663846 1.489691   1   1  -1 
2455498.523445 8.071066 0.562649 -10478.978096 0.600098 -10476.384461 -1.440296 -10479.074298 -1.344093 0.600098 0.096202 0.600098 1.489691   1   1  -1 
2455500.544007 10.091628 0.623056 -10479.588979 0.341836 -10476.384461 -1.547497 -10479.579134 -1.557342 0.341836 -0.009845 0.341836 1.489691   1   1  -1 
2455500.549389 10.097010 0.623217 -10479.646223 0.372174 -10476.384461 -1.547617 -10479.581368 -1.612472 0.372174 -0.064855 0.372174 1.489691   1   1  -1 
2455501.547102 11.094723 0.653044 -10479.228913 0.302659 -10476.384461 -1.555104 -10479.842133 -0.941884 0.302659 0.613220 0.302659 1.489691   1   1  -1 
2455501.552738 11.100359 0.653213 -10480.110772 0.289222 -10476.384461 -1.555062 -10479.842592 -1.823242 0.289222 -0.268180 0.289222 1.489691   1   1  -1 
2455505.514789 15.062410 0.771662 -10479.788974 0.344263 -10476.384461 -1.280733 -10480.352185 -0.717522 0.344263 0.563211 0.344263 1.489691   1   1  -1 
2455505.520425 15.068046 0.771830 -10479.398339 0.340728 -10476.384461 -1.279972 -10480.355849 -0.322462 0.340728 0.957510 0.340728 1.489691   1   1  -1 
2455507.517142 -16.384655 0.831524 -10482.165859 0.264981 -10476.384461 -0.934489 -10481.590067 -1.510281 0.264981 -0.575792 0.264981 1.489691   1   1  -1 
2455507.522824 -16.378973 0.831694 -10483.868821 0.270208 -10476.384461 -0.933278 -10481.592869 -3.209230 0.270208 -2.275952 0.270208 1.489691   1   1  -1 
2455509.518050 -14.383747 0.891343 -10482.136940 0.380261 -10476.384461 -0.419766 -10482.402402 -0.154304 0.380261 0.265462 0.380261 1.489691   1   1  -1 
2455509.523524 -14.378273 0.891506 -10481.842165 0.354765 -10476.384461 -0.418104 -10482.403702 0.143433 0.354765 0.561537 0.354765 1.489691   1   1  -1 
2455511.516449 -12.385348 0.951087 -10481.051242 0.398498 -10476.384461 0.281471 -10480.618548 -0.151222 0.398498 -0.432694 0.398498 1.489691   1   1  -1 
2455511.521935 -12.379862 0.951251 -10481.318563 0.396662 -10476.384461 0.283649 -10480.607526 -0.427388 0.396662 -0.711037 0.396662 1.489691   1   1  -1 
2455513.504562 -10.397235 0.010523 -10476.804338 0.418335 -10476.384461 1.136883 -10477.400580 1.733125 0.418335 0.596242 0.418335 1.489691   1   1  -1 
2455513.510244 -10.391553 0.010693 -10476.668251 0.441085 -10476.384461 1.139443 -10477.394052 1.865244 0.441085 0.725801 0.441085 1.489691   1   1  -1 
2455514.505835 -9.395962 0.040457 -10478.206203 0.335906 -10476.384461 1.582936 -10476.394407 -0.228860 0.335906 -1.811796 0.335906 1.489691   1   1  -1 
2455514.511356 -9.390441 0.040622 -10477.524806 0.341716 -10476.384461 1.585327 -10476.389481 0.450002 0.341716 -1.135325 0.341716 1.489691   1   1  -1 
2455519.503938 -4.397859 0.189880 -10474.517329 0.516685 -10476.384461 2.225900 -10473.720652 1.429223 0.516685 -0.796677 0.516685 1.489691   1   1  -1 
2455519.508811 -4.392986 0.190025 -10473.971305 0.498073 -10476.384461 2.224559 -10473.723286 1.976540 0.498073 -0.248019 0.498073 1.489691   1   1  -1 
2455523.508036 -0.393761 0.309586 -10476.567096 0.414917 -10476.384461 0.614456 -10478.059003 2.106363 0.414917 1.491907 0.414917 1.489691   1   1  -1 
2455523.513036 -0.388761 0.309735 -10476.426565 0.432885 -10476.384461 0.612377 -10478.064749 2.250561 0.432885 1.638184 0.432885 1.489691   1   1  -1 
2455524.521481 0.619684 0.339884 -10476.409103 0.333974 -10476.384461 0.211317 -10479.084348 2.886562 0.333974 2.675245 0.333974 1.489691   1   1  -1 
2455524.526446 0.624649 0.340032 -10475.818731 0.339194 -10476.384461 0.209441 -10479.087885 3.478595 0.339194 3.269154 0.339194 1.489691   1   1  -1 
2455653.900831 -3.798639 0.207794 -10479.122782 0.372304 -10476.384461 2.039088 -10477.533435 0.449742 0.372304 -1.589347 0.372304 1.489691   1   1  -1 
2455653.906410 -3.793060 0.207961 -10477.502514 0.368097 -10476.384461 2.037160 -10477.529974 2.064620 0.368097 0.027460 0.368097 1.489691   1   1  -1 
2455654.900357 -2.799113 0.237676 -10477.529507 0.407058 -10476.384461 1.653300 -10476.687219 0.811012 0.407058 -0.842288 0.407058 1.489691   1   1  -1 
2455654.905936 -2.793534 0.237842 -10476.951630 0.365708 -10476.384461 1.650971 -10476.682925 1.382266 0.365708 -0.268705 0.365708 1.489691   1   1  -1 
2455657.909222 0.209752 0.327628 -10477.608535 0.302855 -10476.384461 0.369693 -10476.607226 -0.631617 0.302855 -1.001309 0.302855 1.489691   1   1  -1 
2455657.914813 0.215343 0.327795 -10478.050098 0.315866 -10476.384461 0.367487 -10476.609531 -1.073080 0.315866 -1.440567 0.315866 1.489691   1   1  -1 
2455659.907949 2.208479 0.387382 -10477.046490 0.384743 -10476.384461 -0.333969 -10477.611131 0.230671 0.384743 0.564641 0.384743 1.489691   1   1  -1 
2455659.913540 2.214070 0.387549 -10478.198534 0.401510 -10476.384461 -0.335689 -10477.614183 -0.920040 0.401510 -0.584351 0.401510 1.489691   1   1  -1 
2455660.901884 3.202414 0.417097 -10478.330760 0.251174 -10476.384461 -0.617753 -10478.164868 -0.783644 0.251174 -0.165892 0.251174 1.489691   1   1  -1 
2455662.902485 5.203015 0.476906 -10478.461597 0.474458 -10476.384461 -1.062193 -10479.465884 -0.057906 0.474458 1.004287 0.474458 1.489691   1   1  -1 
2455662.908180 5.208710 0.477077 -10479.019990 0.454621 -10476.384461 -1.063232 -10479.470007 -0.613214 0.454621 0.450017 0.454621 1.489691   1   1  -1 
2455663.839263 6.139793 0.504912 -10481.021871 0.868606 -10476.384461 -1.216978 -10480.143105 -2.095744 0.868606 -0.878766 0.868606 1.489691   1   1  -1 
2455672.897729 15.198259 0.775723 -10477.289791 0.326960 -10476.384461 -1.262067 -10478.260603 -0.291255 0.326960 0.970812 0.326960 1.489691   1   1  -1 
2455672.902775 15.203305 0.775874 -10477.128218 0.300639 -10476.384461 -1.261361 -10478.260557 -0.129022 0.300639 1.132339 0.300639 1.489691   1   1  -1 
2455675.905453 -15.243435 0.865642 -10479.983143 0.211350 -10476.384461 -0.663189 -10478.703605 -1.942727 0.211350 -1.279538 0.211350 1.489691   1   1  -1 
2455679.879903 -11.268985 0.984461 -10481.249420 0.252289 -10476.384461 0.748514 -10479.581947 -0.918958 0.252289 -1.667473 0.252289 1.489691   1   1  -1 
2455679.885123 -11.263765 0.984617 -10482.070814 0.256851 -10476.384461 0.750795 -10479.583465 -1.736554 0.256851 -2.487349 0.256851 1.489691   1   1  -1 
2455712.893679 -11.704627 0.971437 -10477.596372 0.280177 -10476.384461 0.560986 -10476.805311 -0.230075 0.280177 -0.791061 0.280177 1.489691   1   1  -1 
2455715.864679 -8.733627 0.060258 -10473.715742 0.681733 -10476.384461 1.858397 -10474.621386 2.764041 0.681733 0.905644 0.681733 1.489691   1   1  -1 
2455715.867376 -8.730930 0.060339 -10473.898980 0.709421 -10476.384461 1.859461 -10474.620393 2.580874 0.709421 0.721413 0.709421 1.489691   1   1  -1 
2455715.869992 -8.728314 0.060417 -10473.445162 0.718389 -10476.384461 1.860492 -10474.619433 3.034763 0.718389 1.174271 0.718389 1.489691   1   1  -1 
2455715.872747 -8.725559 0.060499 -10473.903696 0.742414 -10476.384461 1.861578 -10474.618423 2.576305 0.742414 0.714727 0.742414 1.489691   1   1  -1 
2455727.859452 3.261146 0.418852 -10475.357665 0.528199 -10476.384461 -0.633164 -10476.504820 0.513991 0.528199 1.147155 0.528199 1.489691   1   1  -1 
2455727.863145 3.264839 0.418963 -10476.960737 0.516663 -10476.384461 -0.634128 -10476.504259 -1.090606 0.516663 -0.456478 0.516663 1.489691   1   1  -1 
2455727.866953 3.268647 0.419077 -10477.060026 0.559742 -10476.384461 -0.635121 -10476.503688 -1.191459 0.559742 -0.556338 0.559742 1.489691   1   1  -1 
2455735.809170 11.210864 0.656516 -10480.718295 0.263016 -10476.384461 -1.554046 -10479.467076 -2.805265 0.263016 -1.251219 0.263016 1.489691   1   1  -1 
2455754.777241 -3.270483 0.223584 -10475.455016 0.545675 -10476.384461 1.844120 -10476.099201 2.488305 0.545675 0.644185 0.545675 1.489691   1   1  -1 
2455755.755721 -2.292003 0.252836 -10477.021535 0.384396 -10476.384461 1.436923 -10475.233005 -0.351607 0.384396 -1.788530 0.384396 1.489691   1   1  -1 
2455769.736300 11.688576 0.670798 -10478.718338 0.338766 -10476.384461 -1.545437 -10479.223045 -1.040730 0.338766 0.504707 0.338766 1.489691   1   1  -1 
2455769.742075 11.694351 0.670971 -10479.209949 0.385157 -10476.384461 -1.545291 -10479.218093 -1.537147 0.385157 0.008144 0.385157 1.489691   1   1  -1 
2455776.628483 -14.868660 0.876846 -10477.854877 0.356174 -10476.384461 -0.561320 -10477.530227 -0.885970 0.356174 -0.324650 0.356174 1.489691   1   1  -1 
2455782.624998 -8.872145 0.056117 -10477.234320 0.380536 -10476.384461 1.803028 -10477.266177 1.834884 0.380536 0.031857 0.380536 1.489691   1   1  -1 
2455784.737667 -6.759476 0.119277 -10473.119634 0.272683 -10476.384461 2.413551 -10474.747810 4.041728 0.272683 1.628176 0.272683 1.489691   1   1  -1 
2455801.526698 10.029555 0.621200 -10477.714254 0.636570 -10476.384461 -1.546040 -10476.870494 -2.389800 0.636570 -0.843760 0.636570 1.489691   1   1  -1 
2455801.531628 10.034485 0.621347 -10478.348482 0.588581 -10476.384461 -1.546160 -10476.872029 -3.022613 0.588581 -1.476453 0.588581 1.489691   1   1  -1 
2455804.632333 13.135190 0.714046 -10479.889141 0.560283 -10476.384461 -1.476895 -10478.318173 -3.047863 0.560283 -1.570968 0.560283 1.489691   1   1  -1 
2455804.637669 13.140526 0.714205 -10479.356651 0.516075 -10476.384461 -1.476521 -10478.320568 -2.512604 0.516075 -1.036083 0.516075 1.489691   1   1  -1 
2455807.626267 16.129124 0.803552 -10477.952953 0.482855 -10476.384461 -1.115741 -10479.498616 0.429922 0.482855 1.545663 0.482855 1.489691   1   1  -1 
2455807.631162 16.134019 0.803698 -10477.762393 0.443292 -10476.384461 -1.114884 -10479.500239 0.622962 0.443292 1.737846 0.443292 1.489691   1   1  -1 
2455810.581550 -14.365011 0.891903 -10481.002505 0.377097 -10476.384461 -0.414073 -10479.948146 -1.468432 0.377097 -1.054359 0.377097 1.489691   1   1  -1 
2455810.586723 -14.359838 0.892057 -10480.282556 0.398696 -10476.384461 -0.412498 -10479.945048 -0.750007 0.398696 -0.337508 0.398696 1.489691   1   1  -1 
2455816.587002 -8.359559 0.071441 -10476.284284 0.479893 -10476.384461 2.000105 -10476.382698 2.098519 0.479893 0.098414 0.479893 1.489691   1   1  -1 
2455816.590578 -8.355983 0.071548 -10475.380232 0.444942 -10476.384461 2.001398 -10476.380744 3.001909 0.444942 1.000512 0.444942 1.489691   1   1  -1 
2455816.594154 -8.352407 0.071655 -10476.257023 0.438232 -10476.384461 2.002689 -10476.378785 2.124451 0.438232 0.121762 0.438232 1.489691   1   1  -1 
2455834.622073 9.675512 0.610616 -10480.909706 0.288686 -10476.384461 -1.535531 -10480.225170 -2.220067 0.288686 -0.684536 0.288686 1.489691   1   1  -1 
2455834.627593 9.681032 0.610781 -10481.704100 0.288262 -10476.384461 -1.535724 -10480.230416 -3.009408 0.288262 -1.473684 0.288262 1.489691   1   1  -1 
2455836.585712 11.639151 0.669320 -10482.497452 0.340261 -10476.384461 -1.546646 -10481.593864 -2.450234 0.340261 -0.903588 0.340261 1.489691   1   1  -1 
2455836.591440 11.644879 0.669492 -10483.216344 0.339568 -10476.384461 -1.546510 -10481.595970 -3.166884 0.339568 -1.620374 0.339568 1.489691   1   1  -1 
2455839.585007 14.638446 0.758987 -10480.984122 0.455066 -10476.384461 -1.334748 -10480.246680 -2.072190 0.455066 -0.737442 0.455066 1.489691   1   1  -1 
2455839.590794 14.644233 0.759160 -10480.862232 0.459884 -10476.384461 -1.334053 -10480.235309 -1.960976 0.459884 -0.626923 0.459884 1.489691   1   1  -1 
2455842.549547 -15.846432 0.847614 -10475.984718 0.533150 -10476.384461 -0.813675 -10475.544417 -1.253975 0.533150 -0.440301 0.533150 1.489691   1   1  -1 
2455842.555033 -15.840946 0.847778 -10475.769563 0.436601 -10476.384461 -0.812379 -10475.541741 -1.040201 0.436601 -0.227822 0.436601 1.489691   1   1  -1 
2455845.575633 -12.820346 0.938082 -10472.970844 0.533869 -10476.384461 0.112972 -10475.177015 2.319143 0.533869 2.206171 0.533869 1.489691   1   1  -1 
2455845.581258 -12.814721 0.938250 -10473.156417 0.461200 -10476.384461 0.115096 -10475.177863 2.136543 0.461200 2.021446 0.461200 1.489691   1   1  -1 
2455870.498785 12.102806 0.683182 -10481.818484 0.365314 -10476.384461 -1.532392 -10479.550043 -3.800833 0.365314 -2.268441 0.365314 1.489691   1   1  -1 
2455870.504422 12.108443 0.683350 -10481.151885 0.359240 -10476.384461 -1.532179 -10479.546517 -3.137547 0.359240 -1.605368 0.359240 1.489691   1   1  -1 
2455874.532217 16.136238 0.803765 -10477.728868 0.513797 -10476.384461 -1.114495 -10477.852317 -0.991046 0.513797 0.123449 0.513797 1.489691   1   1  -1 
2455874.537437 16.141458 0.803921 -10475.674380 0.695338 -10476.384461 -1.113580 -10477.852856 1.064897 0.695338 2.178476 0.695338 1.489691   1   1  -1 
2455878.549549 -13.295848 0.923866 -10474.975638 0.680478 -10476.384461 -0.061355 -10478.162571 3.125578 0.680478 3.186933 0.680478 1.489691   1   1  -1 
2455878.554965 -13.290432 0.924028 -10473.200640 0.660711 -10476.384461 -0.059429 -10478.161148 4.901079 0.660711 4.960508 0.660711 1.489691   1   1  -1 
2456020.892743 -4.750327 0.179342 -10474.892081 0.400252 -10476.384461 2.314014 -10475.351326 2.773259 0.400252 0.459245 0.400252 1.489691   1   1  -1 
2456020.898160 -4.744910 0.179504 -10474.995167 0.390725 -10476.384461 2.312798 -10475.355776 2.673407 0.390725 0.360609 0.390725 1.489691   1   1  -1 
2456022.889397 -2.753673 0.239034 -10478.871489 0.497344 -10476.384461 1.634290 -10477.451932 0.214733 0.497344 -1.419557 0.497344 1.489691   1   1  -1 
2456022.894884 -2.748186 0.239198 -10479.815426 0.556527 -10476.384461 1.631988 -10477.458609 -0.724829 0.556527 -2.356817 0.556527 1.489691   1   1  -1 
2456024.891353 -0.751717 0.298884 -10480.979281 0.428656 -10476.384461 0.765229 -10479.476446 -0.737606 0.428656 -1.502835 0.428656 1.489691   1   1  -1 
2456024.897048 -0.746022 0.299055 -10480.604419 0.407038 -10476.384461 0.762803 -10479.478001 -0.363615 0.407038 -1.126418 0.407038 1.489691   1   1  -1 
2456028.922257 3.279187 0.419392 -10477.908590 0.345283 -10476.384461 -0.637868 -10476.819077 -1.727380 0.345283 -1.089513 0.345283 1.489691   1   1  -1 
2456029.892891 4.249821 0.448410 -10478.166891 0.543499 -10476.384461 -0.870672 -10476.749725 -2.287839 0.543499 -1.417166 0.543499 1.489691   1   1  -1 
2456029.898354 4.255284 0.448573 -10478.569496 0.519266 -10476.384461 -0.871872 -10476.750129 -2.691239 0.519266 -1.819367 0.519266 1.489691   1   1  -1 
2456031.852968 6.209898 0.507008 -10477.024746 0.408809 -10476.384461 -1.227290 -10477.494411 -0.757625 0.408809 0.469665 0.408809 1.489691   1   1  -1 
2456052.857065 -6.235423 0.134944 -10480.793021 0.406318 -10476.384461 2.458737 -10477.664247 -0.670037 0.406318 -3.128774 0.406318 1.489691   1   1  -1 
2456052.862482 -6.230006 0.135106 -10480.156970 0.393840 -10476.384461 2.458939 -10477.667567 -0.030464 0.393840 -2.489403 0.393840 1.489691   1   1  -1 
2456053.851639 -5.240849 0.164678 -10480.816786 0.437473 -10476.384461 2.404736 -10477.772909 -0.639141 0.437473 -3.043877 0.437473 1.489691   1   1  -1 
2456053.857114 -5.235374 0.164841 -10476.986852 0.414343 -10476.384461 2.403944 -10477.769669 3.186761 0.414343 0.782817 0.414343 1.489691   1   1  -1 
2456054.839916 -4.252572 0.194223 -10479.578072 0.266506 -10476.384461 2.184585 -10476.632180 -0.761308 0.266506 -2.945892 0.266506 1.489691   1   1  -1 
2456055.886865 -3.205623 0.225523 -10478.308216 0.254853 -10476.384461 1.818659 -10475.487096 -1.002461 0.254853 -2.821120 0.254853 1.489691   1   1  -1 
2456056.818146 -2.274342 0.253364 -10476.145121 0.446651 -10476.384461 1.429254 -10475.090663 0.374796 0.446651 -1.054458 0.446651 1.489691   1   1  -1 
2456056.823714 -2.268774 0.253531 -10476.399813 0.406993 -10476.384461 1.426835 -10475.089724 0.116746 0.406993 -1.310089 0.406993 1.489691   1   1  -1 
2456078.843392 -13.698515 0.911828 -10475.070920 0.323779 -10476.384461 -0.200627 -10477.363829 2.092282 0.323779 2.292909 0.323779 1.489691   1   1  -1 
2456078.849075 -13.692832 0.911998 -10475.406297 0.316487 -10476.384461 -0.198715 -10477.364462 1.759450 0.316487 1.958165 0.316487 1.489691   1   1  -1 
2456081.832748 -10.709159 0.001198 -10477.091748 0.398009 -10476.384461 0.996626 -10478.055052 1.959930 0.398009 0.963304 0.398009 1.489691   1   1  -1 
2456081.838651 -10.703256 0.001374 -10477.350415 0.323723 -10476.384461 0.999272 -10478.053860 1.702716 0.323723 0.703445 0.323723 1.489691   1   1  -1 
2456085.820521 -6.721386 0.120416 -10474.269371 0.439249 -10476.384461 2.418517 -10472.929212 1.078358 0.439249 -1.340159 0.439249 1.489691   1   1  -1 
2456085.826250 -6.715657 0.120587 -10473.694203 0.458936 -10476.384461 2.419242 -10472.924869 1.649908 0.458936 -0.769334 0.458936 1.489691   1   1  -1 
2456088.742747 -3.799160 0.207778 -10472.336592 0.274700 -10476.384461 2.039268 -10472.307747 2.010423 0.274700 -0.028845 0.274700 1.489691   1   1  -1 
2456092.900369 0.358462 0.332074 -10477.981567 0.314413 -10476.384461 0.311457 -10476.091242 -1.578867 0.314413 -1.890325 0.314413 1.489691   1   1  -1 
2456115.815540 -10.175785 0.017143 -10474.774807 0.388096 -10476.384461 1.236674 -10472.606570 -0.931563 0.388096 -2.168237 0.388096 1.489691   1   1  -1 
2456118.809984 -7.181341 0.106665 -10471.978956 0.256427 -10476.384461 2.341737 -10472.681272 3.044053 0.256427 0.702316 0.256427 1.489691   1   1  -1 
2456121.820367 -4.170958 0.196663 -10475.055286 0.705930 -10476.384461 2.160194 -10474.448088 1.552996 0.705930 -0.607198 0.705930 1.489691   1   1  -1 
2456149.686124 -9.754619 0.029735 -10478.886301 0.422505 -10476.384461 1.425366 -10476.496152 -0.964783 0.422505 -2.390149 0.422505 1.489691   1   1  -1 
2456154.723489 -4.717254 0.180331 -10473.222066 0.432559 -10476.384461 2.306518 -10473.362034 2.446486 0.432559 0.139968 0.432559 1.489691   1   1  -1 
2456154.728442 -4.712301 0.180479 -10472.383548 0.640869 -10476.384461 2.305381 -10473.353475 3.275308 0.640869 0.969927 0.640869 1.489691   1   1  -1 
2456166.527551 7.086808 0.533224 -10482.638275 0.322758 -10476.384461 -1.341961 -10479.642261 -4.337976 0.322758 -2.996014 0.322758 1.489691   1   1  -1 
2456168.609469 9.168726 0.595465 -10483.235121 0.485702 -10476.384461 -1.513938 -10480.326891 -4.422168 0.485702 -2.908230 0.485702 1.489691   1   1  -1 
2456168.615105 9.174362 0.595633 -10482.078140 0.428978 -10476.384461 -1.514221 -10480.321238 -3.271123 0.428978 -1.756902 0.428978 1.489691   1   1  -1 
2456171.510563 12.069820 0.682196 -10477.310953 0.261955 -10476.384461 -1.533622 -10477.581231 -1.263344 0.261955 0.270278 0.261955 1.489691   1   1  -1 
2456173.694840 14.254097 0.747496 -10472.314153 0.435027 -10476.384461 -1.378291 -10476.337851 2.645407 0.435027 4.023698 0.435027 1.489691   1   1  -1 
2456181.612869 -11.277292 0.984213 -10475.571527 0.304713 -10476.384461 0.744886 -10477.351037 2.524396 0.304713 1.779510 0.304713 1.489691   1   1  -1 
2456186.623747 -6.266414 0.134018 -10470.871523 0.269145 -10476.384461 2.457473 -10472.267233 3.853183 0.269145 1.395710 0.269145 1.489691   1   1  -1 
2456189.666838 -3.223323 0.224993 -10471.752751 0.854916 -10476.384461 1.825636 -10472.903513 2.976397 0.854916 1.150762 0.854916 1.489691   1   1  -1 
2456190.592865 -2.297296 0.252678 -10474.982002 0.436640 -10476.384461 1.439219 -10473.620999 0.078216 0.436640 -1.361003 0.436640 1.489691   1   1  -1 
2456190.598548 -2.291613 0.252848 -10475.915820 0.410184 -10476.384461 1.436753 -10473.625839 -0.853228 0.410184 -2.289981 0.410184 1.489691   1   1  -1 
2456195.586272 2.696111 0.401960 -10476.324229 0.455921 -10476.384461 -0.478663 -10476.910223 0.107331 0.455921 0.585994 0.455921 1.489691   1   1  -1 
2456195.591793 2.701632 0.402125 -10476.833989 0.456503 -10476.384461 -0.480240 -10476.911890 -0.402339 0.456503 0.077901 0.456503 1.489691   1   1  -1 
2456198.564091 5.673930 0.490985 -10469.851121 0.593173 -10476.384461 -1.144003 -10474.956231 3.961107 0.593173 5.105110 0.593173 1.489691   1   1  -1 
2456198.569866 5.679705 0.491157 -10469.520142 0.625422 -10476.384461 -1.144956 -10474.954362 4.289264 0.625422 5.434220 0.625422 1.489691   1   1  -1 
2456204.547188 11.657027 0.669855 -10474.005151 0.390830 -10476.384461 -1.546217 -10475.985247 0.433879 0.390830 1.980096 0.390830 1.489691   1   1  -1 
2456205.523197 12.633036 0.699033 -10476.331744 0.223735 -10476.384461 -1.508034 -10476.580516 -1.259262 0.223735 0.248772 0.223735 1.489691   1   1  -1 
2456208.615737 15.725576 0.791488 -10479.274458 0.471028 -10476.384461 -1.183192 -10476.905617 -3.552033 0.471028 -2.368841 0.471028 1.489691   1   1  -1 
2456209.540800 16.650639 0.819143 -10475.726000 0.526879 -10476.384461 -1.019106 -10476.623224 -0.121882 0.526879 0.897224 0.526879 1.489691   1   1  -1 
2456210.532155 -15.807424 0.848781 -10475.727704 0.432092 -10476.384461 -0.804430 -10476.380573 -0.151561 0.432092 0.652869 0.432092 1.489691   1   1  -1 
2456212.523498 -13.816081 0.908314 -10470.032065 0.239792 -10476.384461 -0.239826 -10473.766990 3.495099 0.239792 3.734925 0.239792 1.489691   1   1  -1 
2456217.523649 -8.815930 0.057798 -10469.768240 0.370476 -10476.384461 1.825666 -10469.851548 1.908974 0.370476 0.083308 0.370476 1.489691   1   1  -1 
2456217.529482 -8.810097 0.057972 -10468.041405 0.361734 -10476.384461 1.828002 -10469.850360 3.636957 0.361734 1.808955 0.361734 1.489691   1   1  -1 
2456218.587951 -7.751628 0.089616 -10468.491163 0.391645 -10476.384461 2.199469 -10469.948302 3.656608 0.391645 1.457139 0.391645 1.489691   1   1  -1 
2456219.500319 -6.839260 0.116892 -10469.245686 0.247828 -10476.384461 2.402317 -10470.579111 3.735743 0.247828 1.333425 0.247828 1.489691   1   1  -1 
2456220.491327 -5.848252 0.146519 -10472.137625 0.391613 -10476.384461 2.459388 -10471.695221 2.016985 0.391613 -0.442404 0.391613 1.489691   1   1  -1 
2456220.514069 -5.825510 0.147199 -10472.572915 0.320320 -10476.384461 2.458556 -10471.723435 1.609076 0.320320 -0.849480 0.320320 1.489691   1   1  -1 
2456409.867093 16.280423 0.808075 -10475.673600 0.617333 -10476.384461 -1.088821 -10475.989421 -0.773000 0.617333 0.315821 0.617333 1.489691   1   1  -1 
2456409.872719 16.286049 0.808243 -10476.137178 0.595203 -10476.384461 -1.087803 -10475.996674 -1.228307 0.595203 -0.140504 0.595203 1.489691   1   1  -1 
2456416.824768 -10.211321 0.016081 -10472.302186 0.550392 -10476.384461 1.220668 -10472.109469 1.027951 0.550392 -0.192717 0.550392 1.489691   1   1  -1 
2456416.828565 -10.207524 0.016195 -10470.986675 0.545862 -10476.384461 1.222378 -10472.108923 2.344627 0.545862 1.122248 0.545862 1.489691   1   1  -1 
2456416.832443 -10.203646 0.016311 -10471.882453 0.566830 -10476.384461 1.224125 -10472.108366 1.450038 0.566830 0.225913 0.566830 1.489691   1   1  -1 
2456432.884915 5.848826 0.496213 -10474.962361 0.393986 -10476.384461 -1.172314 -10475.878738 -0.255937 0.393986 0.916377 0.393986 1.489691   1   1  -1 
2456432.890124 5.854035 0.496369 -10475.372110 0.450803 -10476.384461 -1.173140 -10475.879916 -0.665333 0.450803 0.507806 0.450803 1.489691   1   1  -1 
2456433.905268 6.869179 0.526718 -10472.852948 0.738644 -10476.384461 -1.315938 -10476.008778 1.839892 0.738644 3.155830 0.738644 1.489691   1   1  -1 
2456433.910395 6.874306 0.526871 -10474.512391 0.801539 -10476.384461 -1.316570 -10476.009327 0.180366 0.801539 1.496936 0.801539 1.489691   1   1  -1 
2456434.892458 7.856369 0.556231 -10475.434897 0.484791 -10476.384461 -1.421502 -10476.218987 -0.637412 0.484791 0.784090 0.484791 1.489691   1   1  -1 
2456434.898129 7.862040 0.556400 -10474.106533 0.468854 -10476.384461 -1.422017 -10476.221024 0.692473 0.468854 2.114491 0.468854 1.489691   1   1  -1 
2456437.889188 10.853099 0.645821 -10477.501611 0.400790 -10476.384461 -1.556015 -10478.153775 -0.903850 0.400790 0.652164 0.400790 1.489691   1   1  -1 
2456437.894720 10.858631 0.645986 -10477.202903 0.367888 -10476.384461 -1.556013 -10478.156975 -0.601941 0.367888 0.954072 0.367888 1.489691   1   1  -1 
2456438.860772 11.824683 0.674867 -10477.416873 0.320407 -10476.384461 -1.541725 -10478.518631 -0.439967 0.320407 1.101758 0.320407 1.489691   1   1  -1 
2456441.860316 14.824227 0.764541 -10477.889690 0.423142 -10476.384461 -1.311862 -10475.001996 -4.199556 0.423142 -2.887694 0.423142 1.489691   1   1  -1 
2456454.832361 -5.653146 0.152352 -10475.281861 0.354619 -10476.384461 2.449136 -10473.821742 0.989018 0.354619 -1.460119 0.354619 1.489691   1   1  -1 
2456454.837894 -5.647613 0.152517 -10474.118452 0.355826 -10476.384461 2.448743 -10473.812223 2.142514 0.355826 -0.306229 0.355826 1.489691   1   1  -1 
2456467.823190 7.337683 0.540724 -10478.702475 0.627828 -10476.384461 -1.370010 -10478.500590 -1.571895 0.627828 -0.201885 0.627828 1.489691   1   1  -1 
2456467.826929 7.341422 0.540836 -10477.017285 0.556688 -10476.384461 -1.370412 -10478.500175 0.112478 0.556688 1.482890 0.556688 1.489691   1   1  -1 
2456467.830702 7.345195 0.540949 -10477.517838 0.592918 -10476.384461 -1.370818 -10478.499740 -0.388916 0.592918 0.981902 0.592918 1.489691   1   1  -1 
2456473.860840 13.375333 0.721225 -10476.447652 0.525661 -10476.384461 -1.459176 -10475.998976 -1.907852 0.525661 -0.448676 0.525661 1.489691   1   1  -1 
2456473.864821 13.379314 0.721344 -10476.577531 0.508451 -10476.384461 -1.458867 -10475.996812 -2.039586 0.508451 -0.580719 0.508451 1.489691   1   1  -1 
2456473.868595 13.383088 0.721457 -10477.152422 0.549460 -10476.384461 -1.458573 -10475.994758 -2.616237 0.549460 -1.157664 0.549460 1.489691   1   1  -1 
2456480.776552 -13.158373 0.927976 -10477.791088 0.498216 -10476.384461 -0.012041 -10476.277033 -1.526096 0.498216 -1.514055 0.498216 1.489691   1   1  -1 
2456480.782281 -13.152644 0.928148 -10479.026503 0.462663 -10476.384461 -0.009966 -10476.277083 -2.759387 0.462663 -2.749420 0.462663 1.489691   1   1  -1 
2456481.631506 -12.303419 0.953536 -10479.243238 0.620379 -10476.384461 0.314129 -10476.246299 -2.682810 0.620379 -2.996939 0.620379 1.489691   1   1  -1 
2456481.637189 -12.297736 0.953706 -10479.719427 0.629706 -10476.384461 0.316405 -10476.245484 -3.157538 0.629706 -3.473943 0.629706 1.489691   1   1  -1 
2456501.599929 7.665004 0.550510 -10471.824389 0.315832 -10476.384461 -1.403514 -10475.081744 1.853842 0.315832 3.257355 0.315832 1.489691   1   1  -1 
2456523.744316 -3.640027 0.212536 -10476.503679 0.283739 -10476.384461 1.983092 -10475.321942 0.801355 0.283739 -1.181737 0.283739 1.489691   1   1  -1 
2456524.691276 -2.693067 0.240846 -10475.914483 0.351566 -10476.384461 1.608798 -10476.110244 1.804560 0.351566 0.195761 0.351566 1.489691   1   1  -1 
2456524.696693 -2.687650 0.241008 -10476.491657 0.358347 -10476.384461 1.606512 -10476.113165 1.228020 0.358347 -0.378492 0.358347 1.489691   1   1  -1 
2456525.743740 -1.640603 0.272310 -10476.578898 0.318867 -10476.384461 1.151509 -10475.930415 0.503026 0.318867 -0.648483 0.318867 1.489691   1   1  -1 
2456569.534062 8.700300 0.581461 -10476.206904 0.538465 -10476.384461 -1.487053 -10476.764359 -0.929598 0.538465 0.557455 0.538465 1.489691   1   1  -1 
2456585.564665 -8.718515 0.060710 -10473.765867 0.427831 -10476.384461 1.864351 -10473.559654 1.658139 0.427831 -0.206213 0.427831 1.489691   1   1  -1 
2456585.568473 -8.714707 0.060824 -10475.180778 0.414412 -10476.384461 1.865849 -10473.556462 0.241533 0.414412 -1.624316 0.414412 1.489691   1   1  -1 
2456585.572350 -8.710830 0.060940 -10474.743998 0.423051 -10476.384461 1.867372 -10473.553221 0.676596 0.423051 -1.190777 0.423051 1.489691   1   1  -1 
2456586.547688 -7.735492 0.090098 -10474.360620 0.464286 -10476.384461 2.204141 -10472.984620 0.828141 0.464286 -1.376000 0.464286 1.489691   1   1  -1 
2456586.551530 -7.731650 0.090213 -10474.580572 0.496503 -10476.384461 2.205248 -10472.983251 0.607927 0.496503 -1.597321 0.496503 1.489691   1   1  -1 
2456586.555442 -7.727738 0.090330 -10475.256026 0.515154 -10476.384461 2.206373 -10472.981862 -0.067790 0.515154 -2.274164 0.515154 1.489691   1   1  -1 
2456590.510961 -3.772219 0.208584 -10473.364197 0.683759 -10476.384461 2.029930 -10473.069828 1.735562 0.683759 -0.294369 0.683759 1.489691   1   1  -1 
2456590.514943 -3.768237 0.208703 -10471.788641 0.761395 -10476.384461 2.028544 -10473.070543 3.310445 0.761395 1.281902 0.761395 1.489691   1   1  -1 
2456590.518611 -3.764569 0.208812 -10472.177822 0.643858 -10476.384461 2.027266 -10473.071202 2.920646 0.643858 0.893380 0.643858 1.489691   1   1  -1 
2456765.917789 4.387518 0.452526 -10478.736988 0.356105 -10476.384461 -0.900552 -10477.783256 -1.854284 0.356105 -0.953732 0.356105 1.489691   1   1  -1 
2456765.923021 4.392750 0.452683 -10479.356033 0.359343 -10476.384461 -0.901672 -10477.786712 -2.470993 0.359343 -1.569321 0.359343 1.489691   1   1  -1 
2456789.854143 -5.125546 0.168125 -10471.510093 0.391560 -10476.384461 2.386980 -10471.293467 2.170354 0.391560 -0.216626 0.391560 1.489691   1   1  -1 
2456789.859722 -5.119967 0.168292 -10471.639643 0.405092 -10476.384461 2.386064 -10471.292330 2.038751 0.405092 -0.347313 0.405092 1.489691   1   1  -1 
2456806.890179 11.910490 0.677432 -10477.728101 0.424327 -10476.384461 -1.539097 -10477.505134 -1.762064 0.424327 -0.222967 0.424327 1.489691   1   1  -1 
2456829.893363 1.464256 0.365133 -10474.769093 0.272363 -10476.384461 -0.092535 -10474.360954 -0.500674 0.272363 -0.408139 0.272363 1.489691   1   1  -1 
2456857.748704 -4.129821 0.197893 -10473.725387 0.458440 -10476.384461 2.147590 -10472.627628 1.049831 0.458440 -1.097759 0.458440 1.489691   1   1  -1 
2456857.754433 -4.124092 0.198064 -10473.163228 0.448012 -10476.384461 2.145818 -10472.627966 1.610556 0.448012 -0.535262 0.448012 1.489691   1   1  -1 
2456866.784629 4.906104 0.468030 -10479.134302 0.372433 -10476.384461 -1.006327 -10479.224562 -0.916067 0.372433 0.090260 0.372433 1.489691   1   1  -1 
2456896.727940 1.399996 0.363212 -10476.588857 0.526898 -10476.384461 -0.070521 -10476.525026 -0.134352 0.526898 -0.063831 0.526898 1.489691   1   1  -1 
2456896.733287 1.405343 0.363372 -10476.057196 0.651138 -10476.384461 -0.072360 -10476.526583 0.397027 0.651138 0.469387 0.651138 1.489691   1   1  -1 
2457146.919889 -16.003400 0.842922 -10475.918297 0.272209 -10476.384461 -0.850201 -10474.205780 -2.562718 0.272209 -1.712517 0.272209 1.489691   1   1  -1 
2457176.844500 13.921211 0.737544 -10464.313000 0.241278 -10463.212190 -1.411942 -10464.493066 -1.231876 0.241278 0.180066 0.241278 1.489691   1   2  -1 
2457180.950532 -15.422176 0.860298 -10468.297390 0.305748 -10463.212190 -0.709502 -10465.845754 -3.161138 0.305748 -2.451636 0.305748 1.489691   1   2  -1 
2457180.956053 -15.416655 0.860463 -10469.641714 0.321155 -10463.212190 -0.708093 -10465.848157 -4.501650 0.321155 -3.793557 0.321155 1.489691   1   2  -1 
2457307.523708 10.802746 0.644315 -10460.965808 0.284606 -10463.212190 -1.555985 -10463.552555 1.030762 0.284606 2.586747 0.284606 1.489691   1   2  -1 
2457307.529113 10.808151 0.644477 -10461.174528 0.295801 -10463.212190 -1.555992 -10463.553469 0.822949 0.295801 2.378941 0.295801 1.489691   1   2  -1 
2457879.840329 14.479257 0.754228 -10463.101417 0.420408 -10463.212190 -1.353400 -10464.499080 0.044264 0.420408 1.397663 0.420408 1.489691   1   2  -1 
2457968.637355 2.928029 0.408894 -10461.424457 0.383012 -10463.212190 -0.543770 -10464.267816 2.299589 0.383012 2.843359 0.383012 1.489691   1   2  -1 
2460042.883932 3.310677 0.420333 -10467.619651 0.097183 -10468.622584 -0.646045 -10467.494422 -0.771274 0.097183 -0.125229 0.097183 1.010913   0   0  -1 
2460042.889532 3.316277 0.420501 -10467.826807 0.098837 -10468.622584 -0.647495 -10467.485895 -0.988406 0.098837 -0.340912 0.098837 1.010913   0   0  -1 
2460043.870973 4.297718 0.449842 -10467.810891 0.115769 -10468.622584 -0.881152 -10466.304469 -2.387574 0.115769 -1.506422 0.115769 1.010913   0   0  -1 
2460043.876677 4.303422 0.450012 -10467.827764 0.107743 -10468.622584 -0.882394 -10466.300321 -2.409838 0.107743 -1.527443 0.107743 1.010913   0   0  -1 
2460044.793251 5.219996 0.477414 -10466.216747 0.119007 -10468.622584 -1.065286 -10466.058814 -1.223220 0.119007 -0.157933 0.119007 1.010913   0   0  -1 
2460044.798982 5.225727 0.477585 -10466.355629 0.118254 -10468.622584 -1.066328 -10466.059663 -1.362294 0.118254 -0.295966 0.118254 1.010913   0   0  -1 
2460045.773704 6.200449 0.506725 -10468.947680 0.263543 -10468.622584 -1.225910 -10466.495334 -3.678256 0.263543 -2.452346 0.263543 1.010913   0   0  -1 
2460045.779649 6.206394 0.506903 -10468.728031 0.178179 -10468.622584 -1.226779 -10466.499327 -3.455483 0.178179 -2.228704 0.178179 1.010913   0   0  -1 
2460046.786658 7.213403 0.537009 -10466.718679 0.108298 -10468.622584 -1.356374 -10467.268670 -0.806383 0.108298 0.549991 0.108298 1.010913   0   0  -1 
2460046.792204 7.218949 0.537174 -10467.571100 0.100449 -10468.622584 -1.356994 -10467.273096 -1.654998 0.100449 -0.298004 0.100449 1.010913   0   0  -1 
2460047.789500 8.216245 0.566989 -10468.079684 0.107918 -10468.622584 -1.452179 -10468.028280 -1.503583 0.107918 -0.051404 0.107918 1.010913   0   0  -1 
2460047.795047 8.221792 0.567155 -10468.412170 0.104000 -10468.622584 -1.452620 -10468.032165 -1.832625 0.104000 -0.380005 0.104000 1.010913   0   0  -1 
2460048.783364 9.210109 0.596702 -10468.577566 0.129590 -10468.622584 -1.515992 -10468.672473 -1.421085 0.129590 0.094907 0.129590 1.010913   0   0  -1 
2460048.789012 9.215757 0.596871 -10468.027070 0.120793 -10468.622584 -1.516268 -10468.675917 -0.867421 0.120793 0.648847 0.120793 1.010913   0   0  -1 
2460049.801102 10.227847 0.627128 -10468.921797 0.111941 -10468.622584 -1.550290 -10469.289751 -1.182335 0.111941 0.367954 0.111941 1.010913   0   0  -1 
2460049.806533 10.233278 0.627290 -10469.044553 0.118675 -10468.622584 -1.550390 -10469.293109 -1.301833 0.118675 0.248556 0.118675 1.010913   0   0  -1 
2460050.776767 11.203512 0.656296 -10470.880979 0.110463 -10468.622584 -1.554125 -10469.916610 -2.518493 0.110463 -0.964369 0.110463 1.010913   0   0  -1 
2460050.782471 11.209216 0.656467 -10470.587932 0.106168 -10468.622584 -1.554064 -10469.920407 -2.221588 0.106168 -0.667525 0.106168 1.010913   0   0  -1 
2460068.823617 -4.199057 0.195823 -10467.442048 0.125458 -10468.622584 2.168684 -10467.130822 1.857458 0.125458 -0.311226 0.125458 1.010913   0   0  -1 
2460068.829253 -4.193421 0.195992 -10468.177705 0.157911 -10468.622584 2.166989 -10467.139660 1.128944 0.157911 -1.038045 0.157911 1.010913   0   0  -1 
2460073.775251 0.752577 0.343857 -10468.691416 0.136518 -10468.622584 0.161458 -10468.368070 -0.161888 0.136518 -0.323346 0.136518 1.010913   0   0  -1 
2460073.780774 0.758100 0.344022 -10468.532442 0.124641 -10468.622584 0.159402 -10468.369986 -0.003054 0.124641 -0.162456 0.124641 1.010913   0   0  -1 
2460076.728213 3.705539 0.432138 -10468.677012 0.126723 -10468.622584 -0.744986 -10469.522408 0.100410 0.126723 0.845396 0.126723 1.010913   0   0  -1 
2460076.733797 3.711123 0.432305 -10468.420636 0.121235 -10468.622584 -0.746337 -10469.523390 0.356417 0.121235 1.102754 0.121235 1.010913   0   0  -1 
2460077.755001 4.732327 0.462835 -10469.796842 0.156253 -10468.622584 -0.972058 -10469.554166 -1.214734 0.156253 -0.242676 0.156253 1.010913   0   0  -1 
2460077.760768 4.738094 0.463007 -10469.832216 0.150546 -10468.622584 -0.973214 -10469.553533 -1.251897 0.150546 -0.278683 0.150546 1.010913   0   0  -1 
2460078.818364 5.795690 0.494625 -10470.121344 0.118065 -10468.622584 -1.163830 -10469.335837 -1.949336 0.118065 -0.785507 0.118065 1.010913   0   0  -1 
2460078.823976 5.801302 0.494793 -10470.631326 0.115757 -10468.622584 -1.164731 -10469.334371 -2.461685 0.115757 -1.296955 0.115757 1.010913   0   0  -1 
2460079.846559 6.823885 0.525364 -10469.784428 0.112864 -10468.622584 -1.310323 -10469.103147 -1.991604 0.112864 -0.681281 0.112864 1.010913   0   0  -1 
2460079.852048 6.829374 0.525528 -10469.613740 0.114319 -10468.622584 -1.311007 -10469.102328 -1.822419 0.114319 -0.511412 0.114319 1.010913   0   0  -1 
2460080.730235 7.707561 0.551782 -10469.772583 0.121764 -10468.622584 -1.407615 -10469.070981 -2.109217 0.121764 -0.701602 0.121764 1.010913   0   0  -1 
2460080.735864 7.713190 0.551950 -10469.610615 0.112383 -10468.622584 -1.408154 -10469.071477 -1.947292 0.112383 -0.539138 0.112383 1.010913   0   0  -1 
2460082.755256 9.732582 0.612322 -10469.121371 0.143393 -10468.622584 -1.537479 -10469.683405 -0.975445 0.143393 0.562034 0.143393 1.010913   0   0  -1 
2460082.760842 9.738168 0.612489 -10468.518798 0.129661 -10468.622584 -1.537664 -10469.685616 -0.370846 0.129661 1.166818 0.129661 1.010913   0   0  -1 
2460086.748603 13.725929 0.731706 -10463.771857 0.096592 -10468.622584 -1.429962 -10466.863875 1.662056 0.096592 3.092018 0.096592 1.010913   0   0  -1 
2460086.754324 13.731650 0.731877 -10464.310069 0.104158 -10468.622584 -1.429451 -10466.858981 1.119461 0.104158 2.548912 0.104158 1.010913   0   0  -1 
2460199.601214 -7.219132 0.105535 -10467.857782 0.194625 -10468.622584 2.333850 -10469.315943 3.792011 0.194625 1.458161 0.194625 1.010913   0   0  -1 
2460199.607025 -7.213321 0.105709 -10469.302924 0.190719 -10468.622584 2.335078 -10469.308496 2.340650 0.190719 0.005572 0.190719 1.010913   0   0  -1 
2460201.515076 -5.305270 0.162752 -10466.554990 0.136306 -10468.622584 2.413660 -10466.928925 2.787595 0.136306 0.373935 0.136306 1.010913   0   0  -1 
2460201.520627 -5.299719 0.162918 -10466.389365 0.147106 -10468.622584 2.412920 -10466.925723 2.949278 0.147106 0.536358 0.147106 1.010913   0   0  -1 
2460202.533617 -4.286729 0.193202 -10465.659465 0.116368 -10468.622584 2.194544 -10466.682737 3.217816 0.116368 1.023272 0.116368 1.010913   0   0  -1 
2460202.539273 -4.281073 0.193371 -10465.508485 0.110234 -10468.622584 2.192905 -10466.682903 3.367324 0.110234 1.174418 0.110234 1.010913   0   0  -1 
2460203.571018 -3.249328 0.224216 -10465.844882 0.168626 -10468.622584 1.835847 -10466.865672 2.856637 0.168626 1.020790 0.168626 1.010913   0   0  -1 
2460203.577196 -3.243150 0.224401 -10465.648256 0.180164 -10468.622584 1.833425 -10466.867337 3.052506 0.180164 1.219081 0.180164 1.010913   0   0  -1 
2460204.530857 -2.289489 0.252911 -10467.427115 0.098515 -10468.622584 1.435831 -10467.135208 1.143925 0.098515 -0.291907 0.098515 1.010913   0   0  -1 
2460204.536387 -2.283959 0.253077 -10466.800940 0.104273 -10468.622584 1.433431 -10467.136706 1.769196 0.104273 0.335766 0.104273 1.010913   0   0  -1 
2460205.516019 -1.304327 0.282364 -10468.149301 0.122140 -10468.622584 1.004028 -10467.379833 0.234560 0.122140 -0.769468 0.122140 1.010913   0   0  -1 
2460205.521490 -1.298856 0.282527 -10467.759986 0.108265 -10468.622584 1.001638 -10467.381113 0.622765 0.108265 -0.378873 0.108265 1.010913   0   0  -1 
2460206.534104 -0.286242 0.312800 -10467.984215 0.123507 -10468.622584 0.569924 -10467.638643 0.224352 0.123507 -0.345572 0.123507 1.010913   0   0  -1 
2460206.539634 -0.280712 0.312965 -10467.395836 0.112931 -10468.622584 0.567644 -10467.640271 0.812079 0.112931 0.244435 0.112931 1.010913   0   0  -1 
2460208.612713 1.792367 0.374942 -10467.863703 0.119086 -10468.622584 -0.202054 -10468.496023 0.430267 0.119086 0.632320 0.119086 1.010913   0   0  -1 
2460208.618030 1.797684 0.375101 -10468.124237 0.122661 -10468.622584 -0.203788 -10468.498626 0.170600 0.122661 0.374389 0.122661 1.010913   0   0  -1 
2460209.504007 2.683661 0.401588 -10468.350357 0.247406 -10468.622584 -0.475100 -10468.930735 0.105278 0.247406 0.580378 0.247406 1.010913   0   0  -1 
2460209.509978 2.689632 0.401766 -10468.742438 0.220522 -10468.622584 -0.476810 -10468.933626 -0.285621 0.220522 0.191188 0.220522 1.010913   0   0  -1 
2460210.587394 3.767048 0.433977 -10468.232795 0.137683 -10468.622584 -0.759804 -10469.482085 0.489486 0.137683 1.249290 0.137683 1.010913   0   0  -1 
2460210.593026 3.772680 0.434145 -10467.916827 0.147704 -10468.622584 -0.761153 -10469.485280 0.807300 0.147704 1.568453 0.147704 1.010913   0   0  -1 
2460211.516295 4.695949 0.461747 -10469.090653 0.190231 -10468.622584 -0.964735 -10470.111568 0.056180 0.190231 1.020915 0.190231 1.010913   0   0  -1 
2460211.522268 4.701922 0.461926 -10468.782398 0.153085 -10468.622584 -0.965941 -10470.116406 0.368067 0.153085 1.334008 0.153085 1.010913   0   0  -1 
