# Tref_folded model 
-1.500000 -0.848082 
-1.499000 -0.854742 
-1.498000 -0.861362 
-1.497000 -0.867941 
-1.496000 -0.874481 
-1.495000 -0.880981 
-1.494000 -0.887441 
-1.493000 -0.893860 
-1.492000 -0.900240 
-1.491000 -0.906579 
-1.490000 -0.912879 
-1.489000 -0.919138 
-1.488000 -0.925357 
-1.487000 -0.931536 
-1.486000 -0.937674 
-1.485000 -0.943773 
-1.484000 -0.949831 
-1.483000 -0.955849 
-1.482000 -0.961827 
-1.481000 -0.967765 
-1.480000 -0.973663 
-1.479000 -0.979520 
-1.478000 -0.985338 
-1.477000 -0.991115 
-1.476000 -0.996852 
-1.475000 -1.002549 
-1.474000 -1.008205 
-1.473000 -1.013822 
-1.472000 -1.019398 
-1.471000 -1.024934 
-1.470000 -1.030430 
-1.469000 -1.035886 
-1.468000 -1.041302 
-1.467000 -1.046677 
-1.466000 -1.052013 
-1.465000 -1.057308 
-1.464000 -1.062563 
-1.463000 -1.067778 
-1.462000 -1.072953 
-1.461000 -1.078088 
-1.460000 -1.083183 
-1.459000 -1.088238 
-1.458000 -1.093253 
-1.457000 -1.098228 
-1.456000 -1.103162 
-1.455000 -1.108057 
-1.454000 -1.112912 
-1.453000 -1.117727 
-1.452000 -1.122501 
-1.451000 -1.127236 
-1.450000 -1.131931 
-1.449000 -1.136586 
-1.448000 -1.141201 
-1.447000 -1.145777 
-1.446000 -1.150312 
-1.445000 -1.154808 
-1.444000 -1.159264 
-1.443000 -1.163679 
-1.442000 -1.168056 
-1.441000 -1.172392 
-1.440000 -1.176689 
-1.439000 -1.180946 
-1.438000 -1.185163 
-1.437000 -1.189340 
-1.436000 -1.193478 
-1.435000 -1.197576 
-1.434000 -1.201635 
-1.433000 -1.205654 
-1.432000 -1.209633 
-1.431000 -1.213573 
-1.430000 -1.217473 
-1.429000 -1.221334 
-1.428000 -1.225155 
-1.427000 -1.228937 
-1.426000 -1.232679 
-1.425000 -1.236382 
-1.424000 -1.240045 
-1.423000 -1.243669 
-1.422000 -1.247253 
-1.421000 -1.250799 
-1.420000 -1.254305 
-1.419000 -1.257771 
-1.418000 -1.261198 
-1.417000 -1.264586 
-1.416000 -1.267935 
-1.415000 -1.271245 
-1.414000 -1.274515 
-1.413000 -1.277746 
-1.412000 -1.280938 
-1.411000 -1.284091 
-1.410000 -1.287204 
-1.409000 -1.290279 
-1.408000 -1.293315 
-1.407000 -1.296311 
-1.406000 -1.299269 
-1.405000 -1.302187 
-1.404000 -1.305067 
-1.403000 -1.307907 
-1.402000 -1.310709 
-1.401000 -1.313471 
-1.400000 -1.316195 
-1.399000 -1.318880 
-1.398000 -1.321526 
-1.397000 -1.324133 
-1.396000 -1.326701 
-1.395000 -1.329231 
-1.394000 -1.331722 
-1.393000 -1.334174 
-1.392000 -1.336587 
-1.391000 -1.338962 
-1.390000 -1.341298 
-1.389000 -1.343595 
-1.388000 -1.345854 
-1.387000 -1.348074 
-1.386000 -1.350255 
-1.385000 -1.352398 
-1.384000 -1.354503 
-1.383000 -1.356568 
-1.382000 -1.358596 
-1.381000 -1.360584 
-1.380000 -1.362535 
-1.379000 -1.364447 
-1.378000 -1.366320 
-1.377000 -1.368155 
-1.376000 -1.369951 
-1.375000 -1.371710 
-1.374000 -1.373429 
-1.373000 -1.375111 
-1.372000 -1.376754 
-1.371000 -1.378359 
-1.370000 -1.379925 
-1.369000 -1.381453 
-1.368000 -1.382943 
-1.367000 -1.384395 
-1.366000 -1.385809 
-1.365000 -1.387184 
-1.364000 -1.388521 
-1.363000 -1.389820 
-1.362000 -1.391081 
-1.361000 -1.392303 
-1.360000 -1.393488 
-1.359000 -1.394634 
-1.358000 -1.395743 
-1.357000 -1.396813 
-1.356000 -1.397845 
-1.355000 -1.398839 
-1.354000 -1.399795 
-1.353000 -1.400713 
-1.352000 -1.401593 
-1.351000 -1.402435 
-1.350000 -1.403239 
-1.349000 -1.404005 
-1.348000 -1.404734 
-1.347000 -1.405424 
-1.346000 -1.406076 
-1.345000 -1.406690 
-1.344000 -1.407267 
-1.343000 -1.407805 
-1.342000 -1.408306 
-1.341000 -1.408769 
-1.340000 -1.409194 
-1.339000 -1.409581 
-1.338000 -1.409930 
-1.337000 -1.410242 
-1.336000 -1.410515 
-1.335000 -1.410751 
-1.334000 -1.410949 
-1.333000 -1.411109 
-1.332000 -1.411232 
-1.331000 -1.411316 
-1.330000 -1.411363 
-1.329000 -1.411373 
-1.328000 -1.411344 
-1.327000 -1.411278 
-1.326000 -1.411174 
-1.325000 -1.411032 
-1.324000 -1.410852 
-1.323000 -1.410635 
-1.322000 -1.410380 
-1.321000 -1.410088 
-1.320000 -1.409758 
-1.319000 -1.409390 
-1.318000 -1.408984 
-1.317000 -1.408541 
-1.316000 -1.408060 
-1.315000 -1.407541 
-1.314000 -1.406985 
-1.313000 -1.406391 
-1.312000 -1.405759 
-1.311000 -1.405090 
-1.310000 -1.404383 
-1.309000 -1.403639 
-1.308000 -1.402857 
-1.307000 -1.402037 
-1.306000 -1.401180 
-1.305000 -1.400285 
-1.304000 -1.399352 
-1.303000 -1.398382 
-1.302000 -1.397374 
-1.301000 -1.396328 
-1.300000 -1.395245 
-1.299000 -1.394124 
-1.298000 -1.392966 
-1.297000 -1.391770 
-1.296000 -1.390537 
-1.295000 -1.389265 
-1.294000 -1.387957 
-1.293000 -1.386610 
-1.292000 -1.385226 
-1.291000 -1.383805 
-1.290000 -1.382345 
-1.289000 -1.380849 
-1.288000 -1.379314 
-1.287000 -1.377742 
-1.286000 -1.376132 
-1.285000 -1.374485 
-1.284000 -1.372800 
-1.283000 -1.371077 
-1.282000 -1.369317 
-1.281000 -1.367519 
-1.280000 -1.365684 
-1.279000 -1.363810 
-1.278000 -1.361900 
-1.277000 -1.359951 
-1.276000 -1.357965 
-1.275000 -1.355941 
-1.274000 -1.353880 
-1.273000 -1.351781 
-1.272000 -1.349644 
-1.271000 -1.347470 
-1.270000 -1.345258 
-1.269000 -1.343008 
-1.268000 -1.340720 
-1.267000 -1.338395 
-1.266000 -1.336032 
-1.265000 -1.333632 
-1.264000 -1.331193 
-1.263000 -1.328717 
-1.262000 -1.326204 
-1.261000 -1.323652 
-1.260000 -1.321063 
-1.259000 -1.318436 
-1.258000 -1.315771 
-1.257000 -1.313069 
-1.256000 -1.310329 
-1.255000 -1.307551 
-1.254000 -1.304735 
-1.253000 -1.301881 
-1.252000 -1.298990 
-1.251000 -1.296061 
-1.250000 -1.293094 
-1.249000 -1.290089 
-1.248000 -1.287047 
-1.247000 -1.283966 
-1.246000 -1.280848 
-1.245000 -1.277692 
-1.244000 -1.274498 
-1.243000 -1.271266 
-1.242000 -1.267997 
-1.241000 -1.264689 
-1.240000 -1.261344 
-1.239000 -1.257961 
-1.238000 -1.254539 
-1.237000 -1.251080 
-1.236000 -1.247583 
-1.235000 -1.244048 
-1.234000 -1.240475 
-1.233000 -1.236865 
-1.232000 -1.233216 
-1.231000 -1.229529 
-1.230000 -1.225805 
-1.229000 -1.222042 
-1.228000 -1.218241 
-1.227000 -1.214403 
-1.226000 -1.210526 
-1.225000 -1.206612 
-1.224000 -1.202659 
-1.223000 -1.198669 
-1.222000 -1.194640 
-1.221000 -1.190573 
-1.220000 -1.186469 
-1.219000 -1.182326 
-1.218000 -1.178145 
-1.217000 -1.173927 
-1.216000 -1.169670 
-1.215000 -1.165375 
-1.214000 -1.161042 
-1.213000 -1.156671 
-1.212000 -1.152262 
-1.211000 -1.147814 
-1.210000 -1.143329 
-1.209000 -1.138806 
-1.208000 -1.134244 
-1.207000 -1.129644 
-1.206000 -1.125007 
-1.205000 -1.120331 
-1.204000 -1.115617 
-1.203000 -1.110865 
-1.202000 -1.106074 
-1.201000 -1.101246 
-1.200000 -1.096380 
-1.199000 -1.091475 
-1.198000 -1.086532 
-1.197000 -1.081551 
-1.196000 -1.076532 
-1.195000 -1.071475 
-1.194000 -1.066379 
-1.193000 -1.061246 
-1.192000 -1.056074 
-1.191000 -1.050864 
-1.190000 -1.045616 
-1.189000 -1.040330 
-1.188000 -1.035006 
-1.187000 -1.029644 
-1.186000 -1.024243 
-1.185000 -1.018805 
-1.184000 -1.013328 
-1.183000 -1.007813 
-1.182000 -1.002260 
-1.181000 -0.996669 
-1.180000 -0.991039 
-1.179000 -0.985372 
-1.178000 -0.979667 
-1.177000 -0.973923 
-1.176000 -0.968141 
-1.175000 -0.962322 
-1.174000 -0.956464 
-1.173000 -0.950568 
-1.172000 -0.944634 
-1.171000 -0.938662 
-1.170000 -0.932652 
-1.169000 -0.926605 
-1.168000 -0.920519 
-1.167000 -0.914395 
-1.166000 -0.908233 
-1.165000 -0.902033 
-1.164000 -0.895795 
-1.163000 -0.889520 
-1.162000 -0.883206 
-1.161000 -0.876855 
-1.160000 -0.870465 
-1.159000 -0.864038 
-1.158000 -0.857573 
-1.157000 -0.851071 
-1.156000 -0.844530 
-1.155000 -0.837952 
-1.154000 -0.831336 
-1.153000 -0.824682 
-1.152000 -0.817991 
-1.151000 -0.811262 
-1.150000 -0.804496 
-1.149000 -0.797691 
-1.148000 -0.790850 
-1.147000 -0.783971 
-1.146000 -0.777054 
-1.145000 -0.770100 
-1.144000 -0.763108 
-1.143000 -0.756080 
-1.142000 -0.749013 
-1.141000 -0.741910 
-1.140000 -0.734769 
-1.139000 -0.727591 
-1.138000 -0.720376 
-1.137000 -0.713124 
-1.136000 -0.705835 
-1.135000 -0.698509 
-1.134000 -0.691145 
-1.133000 -0.683745 
-1.132000 -0.676308 
-1.131000 -0.668834 
-1.130000 -0.661324 
-1.129000 -0.653777 
-1.128000 -0.646193 
-1.127000 -0.638572 
-1.126000 -0.630915 
-1.125000 -0.623222 
-1.124000 -0.615492 
-1.123000 -0.607726 
-1.122000 -0.599924 
-1.121000 -0.592085 
-1.120000 -0.584210 
-1.119000 -0.576300 
-1.118000 -0.568353 
-1.117000 -0.560371 
-1.116000 -0.552352 
-1.115000 -0.544298 
-1.114000 -0.536209 
-1.113000 -0.528083 
-1.112000 -0.519923 
-1.111000 -0.511727 
-1.110000 -0.503495 
-1.109000 -0.495229 
-1.108000 -0.486927 
-1.107000 -0.478591 
-1.106000 -0.470219 
-1.105000 -0.461813 
-1.104000 -0.453372 
-1.103000 -0.444897 
-1.102000 -0.436387 
-1.101000 -0.427843 
-1.100000 -0.419264 
-1.099000 -0.410652 
-1.098000 -0.402005 
-1.097000 -0.393324 
-1.096000 -0.384610 
-1.095000 -0.375862 
-1.094000 -0.367081 
-1.093000 -0.358266 
-1.092000 -0.349418 
-1.091000 -0.340537 
-1.090000 -0.331623 
-1.089000 -0.322677 
-1.088000 -0.313697 
-1.087000 -0.304685 
-1.086000 -0.295641 
-1.085000 -0.286564 
-1.084000 -0.277456 
-1.083000 -0.268315 
-1.082000 -0.259143 
-1.081000 -0.249940 
-1.080000 -0.240705 
-1.079000 -0.231438 
-1.078000 -0.222141 
-1.077000 -0.212813 
-1.076000 -0.203454 
-1.075000 -0.194065 
-1.074000 -0.184645 
-1.073000 -0.175196 
-1.072000 -0.165716 
-1.071000 -0.156207 
-1.070000 -0.146668 
-1.069000 -0.137100 
-1.068000 -0.127503 
-1.067000 -0.117877 
-1.066000 -0.108222 
-1.065000 -0.098539 
-1.064000 -0.088828 
-1.063000 -0.079089 
-1.062000 -0.069322 
-1.061000 -0.059527 
-1.060000 -0.049705 
-1.059000 -0.039857 
-1.058000 -0.029981 
-1.057000 -0.020079 
-1.056000 -0.010151 
-1.055000 -0.000197 
-1.054000 0.009783 
-1.053000 0.019789 
-1.052000 0.029819 
-1.051000 0.039875 
-1.050000 0.049955 
-1.049000 0.060059 
-1.048000 0.070188 
-1.047000 0.080340 
-1.046000 0.090516 
-1.045000 0.100714 
-1.044000 0.110936 
-1.043000 0.121180 
-1.042000 0.131446 
-1.041000 0.141735 
-1.040000 0.152044 
-1.039000 0.162375 
-1.038000 0.172727 
-1.037000 0.183099 
-1.036000 0.193492 
-1.035000 0.203904 
-1.034000 0.214336 
-1.033000 0.224787 
-1.032000 0.235257 
-1.031000 0.245745 
-1.030000 0.256251 
-1.029000 0.266774 
-1.028000 0.277315 
-1.027000 0.287873 
-1.026000 0.298447 
-1.025000 0.309037 
-1.024000 0.319643 
-1.023000 0.330264 
-1.022000 0.340900 
-1.021000 0.351550 
-1.020000 0.362214 
-1.019000 0.372891 
-1.018000 0.383582 
-1.017000 0.394285 
-1.016000 0.405000 
-1.015000 0.415727 
-1.014000 0.426465 
-1.013000 0.437214 
-1.012000 0.447973 
-1.011000 0.458742 
-1.010000 0.469520 
-1.009000 0.480307 
-1.008000 0.491103 
-1.007000 0.501906 
-1.006000 0.512717 
-1.005000 0.523534 
-1.004000 0.534357 
-1.003000 0.545187 
-1.002000 0.556021 
-1.001000 0.566860 
-1.000000 0.577703 
-0.999000 0.588550 
-0.998000 0.599400 
-0.997000 0.610252 
-0.996000 0.621106 
-0.995000 0.631962 
-0.994000 0.642818 
-0.993000 0.653674 
-0.992000 0.664530 
-0.991000 0.675384 
-0.990000 0.686237 
-0.989000 0.697088 
-0.988000 0.707936 
-0.987000 0.718780 
-0.986000 0.729620 
-0.985000 0.740456 
-0.984000 0.751286 
-0.983000 0.762109 
-0.982000 0.772926 
-0.981000 0.783736 
-0.980000 0.794538 
-0.979000 0.805331 
-0.978000 0.816114 
-0.977000 0.826888 
-0.976000 0.837650 
-0.975000 0.848401 
-0.974000 0.859140 
-0.973000 0.869867 
-0.972000 0.880579 
-0.971000 0.891277 
-0.970000 0.901960 
-0.969000 0.912628 
-0.968000 0.923279 
-0.967000 0.933913 
-0.966000 0.944528 
-0.965000 0.955125 
-0.964000 0.965703 
-0.963000 0.976260 
-0.962000 0.986797 
-0.961000 0.997311 
-0.960000 1.007803 
-0.959000 1.018272 
-0.958000 1.028716 
-0.957000 1.039136 
-0.956000 1.049530 
-0.955000 1.059897 
-0.954000 1.070237 
-0.953000 1.080549 
-0.952000 1.090832 
-0.951000 1.101085 
-0.950000 1.111308 
-0.949000 1.121499 
-0.948000 1.131658 
-0.947000 1.141784 
-0.946000 1.151876 
-0.945000 1.161933 
-0.944000 1.171955 
-0.943000 1.181940 
-0.942000 1.191888 
-0.941000 1.201797 
-0.940000 1.211668 
-0.939000 1.221498 
-0.938000 1.231288 
-0.937000 1.241036 
-0.936000 1.250742 
-0.935000 1.260404 
-0.934000 1.270022 
-0.933000 1.279595 
-0.932000 1.289122 
-0.931000 1.298602 
-0.930000 1.308034 
-0.929000 1.317417 
-0.928000 1.326751 
-0.927000 1.336034 
-0.926000 1.345266 
-0.925000 1.354445 
-0.924000 1.363571 
-0.923000 1.372643 
-0.922000 1.381661 
-0.921000 1.390622 
-0.920000 1.399526 
-0.919000 1.408373 
-0.918000 1.417161 
-0.917000 1.425890 
-0.916000 1.434558 
-0.915000 1.443165 
-0.914000 1.451710 
-0.913000 1.460191 
-0.912000 1.468609 
-0.911000 1.476961 
-0.910000 1.485248 
-0.909000 1.493468 
-0.908000 1.501621 
-0.907000 1.509705 
-0.906000 1.517719 
-0.905000 1.525664 
-0.904000 1.533537 
-0.903000 1.541338 
-0.902000 1.549067 
-0.901000 1.556721 
-0.900000 1.564301 
-0.899000 1.571805 
-0.898000 1.579233 
-0.897000 1.586584 
-0.896000 1.593856 
-0.895000 1.601050 
-0.894000 1.608164 
-0.893000 1.615197 
-0.892000 1.622148 
-0.891000 1.629017 
-0.890000 1.635804 
-0.889000 1.642506 
-0.888000 1.649123 
-0.887000 1.655655 
-0.886000 1.662100 
-0.885000 1.668458 
-0.884000 1.674728 
-0.883000 1.680910 
-0.882000 1.687001 
-0.881000 1.693003 
-0.880000 1.698913 
-0.879000 1.704732 
-0.878000 1.710458 
-0.877000 1.716090 
-0.876000 1.721629 
-0.875000 1.727073 
-0.874000 1.732421 
-0.873000 1.737674 
-0.872000 1.742829 
-0.871000 1.747887 
-0.870000 1.752846 
-0.869000 1.757707 
-0.868000 1.762468 
-0.867000 1.767130 
-0.866000 1.771690 
-0.865000 1.776149 
-0.864000 1.780506 
-0.863000 1.784760 
-0.862000 1.788911 
-0.861000 1.792958 
-0.860000 1.796901 
-0.859000 1.800740 
-0.858000 1.804472 
-0.857000 1.808099 
-0.856000 1.811620 
-0.855000 1.815033 
-0.854000 1.818339 
-0.853000 1.821537 
-0.852000 1.824627 
-0.851000 1.827608 
-0.850000 1.830480 
-0.849000 1.833242 
-0.848000 1.835894 
-0.847000 1.838435 
-0.846000 1.840866 
-0.845000 1.843185 
-0.844000 1.845393 
-0.843000 1.847490 
-0.842000 1.849474 
-0.841000 1.851345 
-0.840000 1.853104 
-0.839000 1.854750 
-0.838000 1.856282 
-0.837000 1.857701 
-0.836000 1.859006 
-0.835000 1.860197 
-0.834000 1.861274 
-0.833000 1.862236 
-0.832000 1.863084 
-0.831000 1.863818 
-0.830000 1.864436 
-0.829000 1.864940 
-0.828000 1.865328 
-0.827000 1.865601 
-0.826000 1.865760 
-0.825000 1.865803 
-0.824000 1.865730 
-0.823000 1.865543 
-0.822000 1.865240 
-0.821000 1.864822 
-0.820000 1.864288 
-0.819000 1.863639 
-0.818000 1.862875 
-0.817000 1.861996 
-0.816000 1.861002 
-0.815000 1.859893 
-0.814000 1.858669 
-0.813000 1.857331 
-0.812000 1.855878 
-0.811000 1.854311 
-0.810000 1.852629 
-0.809000 1.850834 
-0.808000 1.848925 
-0.807000 1.846902 
-0.806000 1.844766 
-0.805000 1.842518 
-0.804000 1.840156 
-0.803000 1.837682 
-0.802000 1.835096 
-0.801000 1.832398 
-0.800000 1.829589 
-0.799000 1.826668 
-0.798000 1.823637 
-0.797000 1.820496 
-0.796000 1.817244 
-0.795000 1.813883 
-0.794000 1.810413 
-0.793000 1.806834 
-0.792000 1.803148 
-0.791000 1.799353 
-0.790000 1.795451 
-0.789000 1.791442 
-0.788000 1.787327 
-0.787000 1.783106 
-0.786000 1.778780 
-0.785000 1.774349 
-0.784000 1.769815 
-0.783000 1.765176 
-0.782000 1.760435 
-0.781000 1.755591 
-0.780000 1.750646 
-0.779000 1.745599 
-0.778000 1.740452 
-0.777000 1.735205 
-0.776000 1.729859 
-0.775000 1.724415 
-0.774000 1.718872 
-0.773000 1.713233 
-0.772000 1.707496 
-0.771000 1.701665 
-0.770000 1.695738 
-0.769000 1.689716 
-0.768000 1.683601 
-0.767000 1.677394 
-0.766000 1.671094 
-0.765000 1.664702 
-0.764000 1.658221 
-0.763000 1.651649 
-0.762000 1.644989 
-0.761000 1.638240 
-0.760000 1.631404 
-0.759000 1.624481 
-0.758000 1.617472 
-0.757000 1.610379 
-0.756000 1.603201 
-0.755000 1.595940 
-0.754000 1.588597 
-0.753000 1.581172 
-0.752000 1.573667 
-0.751000 1.566081 
-0.750000 1.558417 
-0.749000 1.550674 
-0.748000 1.542854 
-0.747000 1.534958 
-0.746000 1.526986 
-0.745000 1.518940 
-0.744000 1.510820 
-0.743000 1.502627 
-0.742000 1.494362 
-0.741000 1.486027 
-0.740000 1.477621 
-0.739000 1.469146 
-0.738000 1.460603 
-0.737000 1.451992 
-0.736000 1.443315 
-0.735000 1.434573 
-0.734000 1.425766 
-0.733000 1.416896 
-0.732000 1.407962 
-0.731000 1.398967 
-0.730000 1.389911 
-0.729000 1.380795 
-0.728000 1.371620 
-0.727000 1.362388 
-0.726000 1.353097 
-0.725000 1.343751 
-0.724000 1.334350 
-0.723000 1.324894 
-0.722000 1.315385 
-0.721000 1.305823 
-0.720000 1.296210 
-0.719000 1.286546 
-0.718000 1.276832 
-0.717000 1.267070 
-0.716000 1.257260 
-0.715000 1.247402 
-0.714000 1.237499 
-0.713000 1.227551 
-0.712000 1.217559 
-0.711000 1.207523 
-0.710000 1.197445 
-0.709000 1.187326 
-0.708000 1.177166 
-0.707000 1.166967 
-0.706000 1.156729 
-0.705000 1.146453 
-0.704000 1.136140 
-0.703000 1.125791 
-0.702000 1.115407 
-0.701000 1.104989 
-0.700000 1.094538 
-0.699000 1.084054 
-0.698000 1.073538 
-0.697000 1.062992 
-0.696000 1.052416 
-0.695000 1.041810 
-0.694000 1.031177 
-0.693000 1.020516 
-0.692000 1.009829 
-0.691000 0.999116 
-0.690000 0.988379 
-0.689000 0.977617 
-0.688000 0.966833 
-0.687000 0.956026 
-0.686000 0.945198 
-0.685000 0.934348 
-0.684000 0.923480 
-0.683000 0.912592 
-0.682000 0.901686 
-0.681000 0.890762 
-0.680000 0.879822 
-0.679000 0.868865 
-0.678000 0.857894 
-0.677000 0.846909 
-0.676000 0.835909 
-0.675000 0.824897 
-0.674000 0.813873 
-0.673000 0.802838 
-0.672000 0.791792 
-0.671000 0.780736 
-0.670000 0.769671 
-0.669000 0.758597 
-0.668000 0.747516 
-0.667000 0.736428 
-0.666000 0.725333 
-0.665000 0.714233 
-0.664000 0.703128 
-0.663000 0.692019 
-0.662000 0.680907 
-0.661000 0.669791 
-0.660000 0.658673 
-0.659000 0.647554 
-0.658000 0.636434 
-0.657000 0.625314 
-0.656000 0.614194 
-0.655000 0.603075 
-0.654000 0.591958 
-0.653000 0.580843 
-0.652000 0.569731 
-0.651000 0.558622 
-0.650000 0.547518 
-0.649000 0.536418 
-0.648000 0.525324 
-0.647000 0.514235 
-0.646000 0.503153 
-0.645000 0.492078 
-0.644000 0.481011 
-0.643000 0.469951 
-0.642000 0.458901 
-0.641000 0.447860 
-0.640000 0.436828 
-0.639000 0.425807 
-0.638000 0.414796 
-0.637000 0.403797 
-0.636000 0.392810 
-0.635000 0.381836 
-0.634000 0.370874 
-0.633000 0.359925 
-0.632000 0.348991 
-0.631000 0.338071 
-0.630000 0.327165 
-0.629000 0.316275 
-0.628000 0.305401 
-0.627000 0.294543 
-0.626000 0.283702 
-0.625000 0.272878 
-0.624000 0.262071 
-0.623000 0.251282 
-0.622000 0.240512 
-0.621000 0.229761 
-0.620000 0.219029 
-0.619000 0.208317 
-0.618000 0.197625 
-0.617000 0.186953 
-0.616000 0.176302 
-0.615000 0.165673 
-0.614000 0.155065 
-0.613000 0.144479 
-0.612000 0.133916 
-0.611000 0.123375 
-0.610000 0.112858 
-0.609000 0.102364 
-0.608000 0.091894 
-0.607000 0.081449 
-0.606000 0.071028 
-0.605000 0.060631 
-0.604000 0.050260 
-0.603000 0.039915 
-0.602000 0.029596 
-0.601000 0.019302 
-0.600000 0.009035 
-0.599000 -0.001205 
-0.598000 -0.011417 
-0.597000 -0.021603 
-0.596000 -0.031761 
-0.595000 -0.041890 
-0.594000 -0.051992 
-0.593000 -0.062065 
-0.592000 -0.072109 
-0.591000 -0.082124 
-0.590000 -0.092109 
-0.589000 -0.102065 
-0.588000 -0.111991 
-0.587000 -0.121887 
-0.586000 -0.131753 
-0.585000 -0.141588 
-0.584000 -0.151392 
-0.583000 -0.161165 
-0.582000 -0.170906 
-0.581000 -0.180616 
-0.580000 -0.190295 
-0.579000 -0.199941 
-0.578000 -0.209555 
-0.577000 -0.219137 
-0.576000 -0.228686 
-0.575000 -0.238202 
-0.574000 -0.247685 
-0.573000 -0.257135 
-0.572000 -0.266551 
-0.571000 -0.275934 
-0.570000 -0.285283 
-0.569000 -0.294598 
-0.568000 -0.303879 
-0.567000 -0.313126 
-0.566000 -0.322338 
-0.565000 -0.331516 
-0.564000 -0.340658 
-0.563000 -0.349766 
-0.562000 -0.358839 
-0.561000 -0.367876 
-0.560000 -0.376878 
-0.559000 -0.385844 
-0.558000 -0.394775 
-0.557000 -0.403669 
-0.556000 -0.412528 
-0.555000 -0.421351 
-0.554000 -0.430137 
-0.553000 -0.438887 
-0.552000 -0.447600 
-0.551000 -0.456277 
-0.550000 -0.464917 
-0.549000 -0.473520 
-0.548000 -0.482086 
-0.547000 -0.490615 
-0.546000 -0.499106 
-0.545000 -0.507561 
-0.544000 -0.515977 
-0.543000 -0.524357 
-0.542000 -0.532699 
-0.541000 -0.541003 
-0.540000 -0.549269 
-0.539000 -0.557497 
-0.538000 -0.565687 
-0.537000 -0.573839 
-0.536000 -0.581953 
-0.535000 -0.590029 
-0.534000 -0.598066 
-0.533000 -0.606065 
-0.532000 -0.614026 
-0.531000 -0.621948 
-0.530000 -0.629831 
-0.529000 -0.637675 
-0.528000 -0.645481 
-0.527000 -0.653248 
-0.526000 -0.660976 
-0.525000 -0.668665 
-0.524000 -0.676315 
-0.523000 -0.683926 
-0.522000 -0.691498 
-0.521000 -0.699030 
-0.520000 -0.706524 
-0.519000 -0.713978 
-0.518000 -0.721392 
-0.517000 -0.728768 
-0.516000 -0.736103 
-0.515000 -0.743400 
-0.514000 -0.750657 
-0.513000 -0.757874 
-0.512000 -0.765051 
-0.511000 -0.772189 
-0.510000 -0.779288 
-0.509000 -0.786346 
-0.508000 -0.793365 
-0.507000 -0.800344 
-0.506000 -0.807284 
-0.505000 -0.814183 
-0.504000 -0.821043 
-0.503000 -0.827862 
-0.502000 -0.834642 
-0.501000 -0.841382 
-0.500000 -0.848082 
-0.499000 -0.854742 
-0.498000 -0.861362 
-0.497000 -0.867941 
-0.496000 -0.874481 
-0.495000 -0.880981 
-0.494000 -0.887441 
-0.493000 -0.893860 
-0.492000 -0.900240 
-0.491000 -0.906579 
-0.490000 -0.912879 
-0.489000 -0.919138 
-0.488000 -0.925357 
-0.487000 -0.931536 
-0.486000 -0.937674 
-0.485000 -0.943773 
-0.484000 -0.949831 
-0.483000 -0.955849 
-0.482000 -0.961827 
-0.481000 -0.967765 
-0.480000 -0.973663 
-0.479000 -0.979520 
-0.478000 -0.985338 
-0.477000 -0.991115 
-0.476000 -0.996852 
-0.475000 -1.002549 
-0.474000 -1.008205 
-0.473000 -1.013822 
-0.472000 -1.019398 
-0.471000 -1.024934 
-0.470000 -1.030430 
-0.469000 -1.035886 
-0.468000 -1.041302 
-0.467000 -1.046677 
-0.466000 -1.052013 
-0.465000 -1.057308 
-0.464000 -1.062563 
-0.463000 -1.067778 
-0.462000 -1.072953 
-0.461000 -1.078088 
-0.460000 -1.083183 
-0.459000 -1.088238 
-0.458000 -1.093253 
-0.457000 -1.098228 
-0.456000 -1.103162 
-0.455000 -1.108057 
-0.454000 -1.112912 
-0.453000 -1.117727 
-0.452000 -1.122501 
-0.451000 -1.127236 
-0.450000 -1.131931 
-0.449000 -1.136586 
-0.448000 -1.141201 
-0.447000 -1.145777 
-0.446000 -1.150312 
-0.445000 -1.154808 
-0.444000 -1.159264 
-0.443000 -1.163679 
-0.442000 -1.168056 
-0.441000 -1.172392 
-0.440000 -1.176689 
-0.439000 -1.180946 
-0.438000 -1.185163 
-0.437000 -1.189340 
-0.436000 -1.193478 
-0.435000 -1.197576 
-0.434000 -1.201635 
-0.433000 -1.205654 
-0.432000 -1.209633 
-0.431000 -1.213573 
-0.430000 -1.217473 
-0.429000 -1.221334 
-0.428000 -1.225155 
-0.427000 -1.228937 
-0.426000 -1.232679 
-0.425000 -1.236382 
-0.424000 -1.240045 
-0.423000 -1.243669 
-0.422000 -1.247253 
-0.421000 -1.250799 
-0.420000 -1.254305 
-0.419000 -1.257771 
-0.418000 -1.261198 
-0.417000 -1.264586 
-0.416000 -1.267935 
-0.415000 -1.271245 
-0.414000 -1.274515 
-0.413000 -1.277746 
-0.412000 -1.280938 
-0.411000 -1.284091 
-0.410000 -1.287204 
-0.409000 -1.290279 
-0.408000 -1.293315 
-0.407000 -1.296311 
-0.406000 -1.299269 
-0.405000 -1.302187 
-0.404000 -1.305067 
-0.403000 -1.307907 
-0.402000 -1.310709 
-0.401000 -1.313471 
-0.400000 -1.316195 
-0.399000 -1.318880 
-0.398000 -1.321526 
-0.397000 -1.324133 
-0.396000 -1.326701 
-0.395000 -1.329231 
-0.394000 -1.331722 
-0.393000 -1.334174 
-0.392000 -1.336587 
-0.391000 -1.338962 
-0.390000 -1.341298 
-0.389000 -1.343595 
-0.388000 -1.345854 
-0.387000 -1.348074 
-0.386000 -1.350255 
-0.385000 -1.352398 
-0.384000 -1.354503 
-0.383000 -1.356568 
-0.382000 -1.358596 
-0.381000 -1.360584 
-0.380000 -1.362535 
-0.379000 -1.364447 
-0.378000 -1.366320 
-0.377000 -1.368155 
-0.376000 -1.369951 
-0.375000 -1.371710 
-0.374000 -1.373429 
-0.373000 -1.375111 
-0.372000 -1.376754 
-0.371000 -1.378359 
-0.370000 -1.379925 
-0.369000 -1.381453 
-0.368000 -1.382943 
-0.367000 -1.384395 
-0.366000 -1.385809 
-0.365000 -1.387184 
-0.364000 -1.388521 
-0.363000 -1.389820 
-0.362000 -1.391081 
-0.361000 -1.392303 
-0.360000 -1.393488 
-0.359000 -1.394634 
-0.358000 -1.395743 
-0.357000 -1.396813 
-0.356000 -1.397845 
-0.355000 -1.398839 
-0.354000 -1.399795 
-0.353000 -1.400713 
-0.352000 -1.401593 
-0.351000 -1.402435 
-0.350000 -1.403239 
-0.349000 -1.404005 
-0.348000 -1.404734 
-0.347000 -1.405424 
-0.346000 -1.406076 
-0.345000 -1.406690 
-0.344000 -1.407267 
-0.343000 -1.407805 
-0.342000 -1.408306 
-0.341000 -1.408769 
-0.340000 -1.409194 
-0.339000 -1.409581 
-0.338000 -1.409930 
-0.337000 -1.410242 
-0.336000 -1.410515 
-0.335000 -1.410751 
-0.334000 -1.410949 
-0.333000 -1.411109 
-0.332000 -1.411232 
-0.331000 -1.411316 
-0.330000 -1.411363 
-0.329000 -1.411373 
-0.328000 -1.411344 
-0.327000 -1.411278 
-0.326000 -1.411174 
-0.325000 -1.411032 
-0.324000 -1.410852 
-0.323000 -1.410635 
-0.322000 -1.410380 
-0.321000 -1.410088 
-0.320000 -1.409758 
-0.319000 -1.409390 
-0.318000 -1.408984 
-0.317000 -1.408541 
-0.316000 -1.408060 
-0.315000 -1.407541 
-0.314000 -1.406985 
-0.313000 -1.406391 
-0.312000 -1.405759 
-0.311000 -1.405090 
-0.310000 -1.404383 
-0.309000 -1.403639 
-0.308000 -1.402857 
-0.307000 -1.402037 
-0.306000 -1.401180 
-0.305000 -1.400285 
-0.304000 -1.399352 
-0.303000 -1.398382 
-0.302000 -1.397374 
-0.301000 -1.396328 
-0.300000 -1.395245 
-0.299000 -1.394124 
-0.298000 -1.392966 
-0.297000 -1.391770 
-0.296000 -1.390537 
-0.295000 -1.389265 
-0.294000 -1.387957 
-0.293000 -1.386610 
-0.292000 -1.385226 
-0.291000 -1.383805 
-0.290000 -1.382345 
-0.289000 -1.380849 
-0.288000 -1.379314 
-0.287000 -1.377742 
-0.286000 -1.376132 
-0.285000 -1.374485 
-0.284000 -1.372800 
-0.283000 -1.371077 
-0.282000 -1.369317 
-0.281000 -1.367519 
-0.280000 -1.365684 
-0.279000 -1.363810 
-0.278000 -1.361900 
-0.277000 -1.359951 
-0.276000 -1.357965 
-0.275000 -1.355941 
-0.274000 -1.353880 
-0.273000 -1.351781 
-0.272000 -1.349644 
-0.271000 -1.347470 
-0.270000 -1.345258 
-0.269000 -1.343008 
-0.268000 -1.340720 
-0.267000 -1.338395 
-0.266000 -1.336032 
-0.265000 -1.333632 
-0.264000 -1.331193 
-0.263000 -1.328717 
-0.262000 -1.326204 
-0.261000 -1.323652 
-0.260000 -1.321063 
-0.259000 -1.318436 
-0.258000 -1.315771 
-0.257000 -1.313069 
-0.256000 -1.310329 
-0.255000 -1.307551 
-0.254000 -1.304735 
-0.253000 -1.301881 
-0.252000 -1.298990 
-0.251000 -1.296061 
-0.250000 -1.293094 
-0.249000 -1.290089 
-0.248000 -1.287047 
-0.247000 -1.283966 
-0.246000 -1.280848 
-0.245000 -1.277692 
-0.244000 -1.274498 
-0.243000 -1.271266 
-0.242000 -1.267997 
-0.241000 -1.264689 
-0.240000 -1.261344 
-0.239000 -1.257961 
-0.238000 -1.254539 
-0.237000 -1.251080 
-0.236000 -1.247583 
-0.235000 -1.244048 
-0.234000 -1.240475 
-0.233000 -1.236865 
-0.232000 -1.233216 
-0.231000 -1.229529 
-0.230000 -1.225805 
-0.229000 -1.222042 
-0.228000 -1.218241 
-0.227000 -1.214403 
-0.226000 -1.210526 
-0.225000 -1.206612 
-0.224000 -1.202659 
-0.223000 -1.198669 
-0.222000 -1.194640 
-0.221000 -1.190573 
-0.220000 -1.186469 
-0.219000 -1.182326 
-0.218000 -1.178145 
-0.217000 -1.173927 
-0.216000 -1.169670 
-0.215000 -1.165375 
-0.214000 -1.161042 
-0.213000 -1.156671 
-0.212000 -1.152262 
-0.211000 -1.147814 
-0.210000 -1.143329 
-0.209000 -1.138806 
-0.208000 -1.134244 
-0.207000 -1.129644 
-0.206000 -1.125007 
-0.205000 -1.120331 
-0.204000 -1.115617 
-0.203000 -1.110865 
-0.202000 -1.106074 
-0.201000 -1.101246 
-0.200000 -1.096380 
-0.199000 -1.091475 
-0.198000 -1.086532 
-0.197000 -1.081551 
-0.196000 -1.076532 
-0.195000 -1.071475 
-0.194000 -1.066379 
-0.193000 -1.061246 
-0.192000 -1.056074 
-0.191000 -1.050864 
-0.190000 -1.045616 
-0.189000 -1.040330 
-0.188000 -1.035006 
-0.187000 -1.029644 
-0.186000 -1.024243 
-0.185000 -1.018805 
-0.184000 -1.013328 
-0.183000 -1.007813 
-0.182000 -1.002260 
-0.181000 -0.996669 
-0.180000 -0.991039 
-0.179000 -0.985372 
-0.178000 -0.979667 
-0.177000 -0.973923 
-0.176000 -0.968141 
-0.175000 -0.962322 
-0.174000 -0.956464 
-0.173000 -0.950568 
-0.172000 -0.944634 
-0.171000 -0.938662 
-0.170000 -0.932652 
-0.169000 -0.926605 
-0.168000 -0.920519 
-0.167000 -0.914395 
-0.166000 -0.908233 
-0.165000 -0.902033 
-0.164000 -0.895795 
-0.163000 -0.889520 
-0.162000 -0.883206 
-0.161000 -0.876855 
-0.160000 -0.870465 
-0.159000 -0.864038 
-0.158000 -0.857573 
-0.157000 -0.851071 
-0.156000 -0.844530 
-0.155000 -0.837952 
-0.154000 -0.831336 
-0.153000 -0.824682 
-0.152000 -0.817991 
-0.151000 -0.811262 
-0.150000 -0.804496 
-0.149000 -0.797691 
-0.148000 -0.790850 
-0.147000 -0.783971 
-0.146000 -0.777054 
-0.145000 -0.770100 
-0.144000 -0.763108 
-0.143000 -0.756080 
-0.142000 -0.749013 
-0.141000 -0.741910 
-0.140000 -0.734769 
-0.139000 -0.727591 
-0.138000 -0.720376 
-0.137000 -0.713124 
-0.136000 -0.705835 
-0.135000 -0.698509 
-0.134000 -0.691145 
-0.133000 -0.683745 
-0.132000 -0.676308 
-0.131000 -0.668834 
-0.130000 -0.661324 
-0.129000 -0.653777 
-0.128000 -0.646193 
-0.127000 -0.638572 
-0.126000 -0.630915 
-0.125000 -0.623222 
-0.124000 -0.615492 
-0.123000 -0.607726 
-0.122000 -0.599924 
-0.121000 -0.592085 
-0.120000 -0.584210 
-0.119000 -0.576300 
-0.118000 -0.568353 
-0.117000 -0.560371 
-0.116000 -0.552352 
-0.115000 -0.544298 
-0.114000 -0.536209 
-0.113000 -0.528083 
-0.112000 -0.519923 
-0.111000 -0.511727 
-0.110000 -0.503495 
-0.109000 -0.495229 
-0.108000 -0.486927 
-0.107000 -0.478591 
-0.106000 -0.470219 
-0.105000 -0.461813 
-0.104000 -0.453372 
-0.103000 -0.444897 
-0.102000 -0.436387 
-0.101000 -0.427843 
-0.100000 -0.419264 
-0.099000 -0.410652 
-0.098000 -0.402005 
-0.097000 -0.393324 
-0.096000 -0.384610 
-0.095000 -0.375862 
-0.094000 -0.367081 
-0.093000 -0.358266 
-0.092000 -0.349418 
-0.091000 -0.340537 
-0.090000 -0.331623 
-0.089000 -0.322677 
-0.088000 -0.313697 
-0.087000 -0.304685 
-0.086000 -0.295641 
-0.085000 -0.286564 
-0.084000 -0.277456 
-0.083000 -0.268315 
-0.082000 -0.259143 
-0.081000 -0.249940 
-0.080000 -0.240705 
-0.079000 -0.231438 
-0.078000 -0.222141 
-0.077000 -0.212813 
-0.076000 -0.203454 
-0.075000 -0.194065 
-0.074000 -0.184645 
-0.073000 -0.175196 
-0.072000 -0.165716 
-0.071000 -0.156207 
-0.070000 -0.146668 
-0.069000 -0.137100 
-0.068000 -0.127503 
-0.067000 -0.117877 
-0.066000 -0.108222 
-0.065000 -0.098539 
-0.064000 -0.088828 
-0.063000 -0.079089 
-0.062000 -0.069322 
-0.061000 -0.059527 
-0.060000 -0.049705 
-0.059000 -0.039857 
-0.058000 -0.029981 
-0.057000 -0.020079 
-0.056000 -0.010151 
-0.055000 -0.000197 
-0.054000 0.009783 
-0.053000 0.019789 
-0.052000 0.029819 
-0.051000 0.039875 
-0.050000 0.049955 
-0.049000 0.060059 
-0.048000 0.070188 
-0.047000 0.080340 
-0.046000 0.090516 
-0.045000 0.100714 
-0.044000 0.110936 
-0.043000 0.121180 
-0.042000 0.131446 
-0.041000 0.141735 
-0.040000 0.152044 
-0.039000 0.162375 
-0.038000 0.172727 
-0.037000 0.183099 
-0.036000 0.193492 
-0.035000 0.203904 
-0.034000 0.214336 
-0.033000 0.224787 
-0.032000 0.235257 
-0.031000 0.245745 
-0.030000 0.256251 
-0.029000 0.266774 
-0.028000 0.277315 
-0.027000 0.287873 
-0.026000 0.298447 
-0.025000 0.309037 
-0.024000 0.319643 
-0.023000 0.330264 
-0.022000 0.340900 
-0.021000 0.351550 
-0.020000 0.362214 
-0.019000 0.372891 
-0.018000 0.383582 
-0.017000 0.394285 
-0.016000 0.405000 
-0.015000 0.415727 
-0.014000 0.426465 
-0.013000 0.437214 
-0.012000 0.447973 
-0.011000 0.458742 
-0.010000 0.469520 
-0.009000 0.480307 
-0.008000 0.491103 
-0.007000 0.501906 
-0.006000 0.512717 
-0.005000 0.523534 
-0.004000 0.534357 
-0.003000 0.545187 
-0.002000 0.556021 
-0.001000 0.566860 
-0.000000 0.577703 
0.001000 0.588550 
0.002000 0.599400 
0.003000 0.610252 
0.004000 0.621106 
0.005000 0.631962 
0.006000 0.642818 
0.007000 0.653674 
0.008000 0.664530 
0.009000 0.675384 
0.010000 0.686237 
0.011000 0.697088 
0.012000 0.707936 
0.013000 0.718780 
0.014000 0.729620 
0.015000 0.740456 
0.016000 0.751286 
0.017000 0.762109 
0.018000 0.772926 
0.019000 0.783736 
0.020000 0.794538 
0.021000 0.805331 
0.022000 0.816114 
0.023000 0.826888 
0.024000 0.837650 
0.025000 0.848401 
0.026000 0.859140 
0.027000 0.869867 
0.028000 0.880579 
0.029000 0.891277 
0.030000 0.901960 
0.031000 0.912628 
0.032000 0.923279 
0.033000 0.933913 
0.034000 0.944528 
0.035000 0.955125 
0.036000 0.965703 
0.037000 0.976260 
0.038000 0.986797 
0.039000 0.997311 
0.040000 1.007803 
0.041000 1.018272 
0.042000 1.028716 
0.043000 1.039136 
0.044000 1.049530 
0.045000 1.059897 
0.046000 1.070237 
0.047000 1.080549 
0.048000 1.090832 
0.049000 1.101085 
0.050000 1.111308 
0.051000 1.121499 
0.052000 1.131658 
0.053000 1.141784 
0.054000 1.151876 
0.055000 1.161933 
0.056000 1.171955 
0.057000 1.181940 
0.058000 1.191888 
0.059000 1.201797 
0.060000 1.211668 
0.061000 1.221498 
0.062000 1.231288 
0.063000 1.241036 
0.064000 1.250742 
0.065000 1.260404 
0.066000 1.270022 
0.067000 1.279595 
0.068000 1.289122 
0.069000 1.298602 
0.070000 1.308034 
0.071000 1.317417 
0.072000 1.326751 
0.073000 1.336034 
0.074000 1.345266 
0.075000 1.354445 
0.076000 1.363571 
0.077000 1.372643 
0.078000 1.381661 
0.079000 1.390622 
0.080000 1.399526 
0.081000 1.408373 
0.082000 1.417161 
0.083000 1.425890 
0.084000 1.434558 
0.085000 1.443165 
0.086000 1.451710 
0.087000 1.460191 
0.088000 1.468609 
0.089000 1.476961 
0.090000 1.485248 
0.091000 1.493468 
0.092000 1.501621 
0.093000 1.509705 
0.094000 1.517719 
0.095000 1.525664 
0.096000 1.533537 
0.097000 1.541338 
0.098000 1.549067 
0.099000 1.556721 
0.100000 1.564301 
0.101000 1.571805 
0.102000 1.579233 
0.103000 1.586584 
0.104000 1.593856 
0.105000 1.601050 
0.106000 1.608164 
0.107000 1.615197 
0.108000 1.622148 
0.109000 1.629017 
0.110000 1.635804 
0.111000 1.642506 
0.112000 1.649123 
0.113000 1.655655 
0.114000 1.662100 
0.115000 1.668458 
0.116000 1.674728 
0.117000 1.680910 
0.118000 1.687001 
0.119000 1.693003 
0.120000 1.698913 
0.121000 1.704732 
0.122000 1.710458 
0.123000 1.716090 
0.124000 1.721629 
0.125000 1.727073 
0.126000 1.732421 
0.127000 1.737674 
0.128000 1.742829 
0.129000 1.747887 
0.130000 1.752846 
0.131000 1.757707 
0.132000 1.762468 
0.133000 1.767130 
0.134000 1.771690 
0.135000 1.776149 
0.136000 1.780506 
0.137000 1.784760 
0.138000 1.788911 
0.139000 1.792958 
0.140000 1.796901 
0.141000 1.800740 
0.142000 1.804472 
0.143000 1.808099 
0.144000 1.811620 
0.145000 1.815033 
0.146000 1.818339 
0.147000 1.821537 
0.148000 1.824627 
0.149000 1.827608 
0.150000 1.830480 
0.151000 1.833242 
0.152000 1.835894 
0.153000 1.838435 
0.154000 1.840866 
0.155000 1.843185 
0.156000 1.845393 
0.157000 1.847490 
0.158000 1.849474 
0.159000 1.851345 
0.160000 1.853104 
0.161000 1.854750 
0.162000 1.856282 
0.163000 1.857701 
0.164000 1.859006 
0.165000 1.860197 
0.166000 1.861274 
0.167000 1.862236 
0.168000 1.863084 
0.169000 1.863818 
0.170000 1.864436 
0.171000 1.864940 
0.172000 1.865328 
0.173000 1.865601 
0.174000 1.865760 
0.175000 1.865803 
0.176000 1.865730 
0.177000 1.865543 
0.178000 1.865240 
0.179000 1.864822 
0.180000 1.864288 
0.181000 1.863639 
0.182000 1.862875 
0.183000 1.861996 
0.184000 1.861002 
0.185000 1.859893 
0.186000 1.858669 
0.187000 1.857331 
0.188000 1.855878 
0.189000 1.854311 
0.190000 1.852629 
0.191000 1.850834 
0.192000 1.848925 
0.193000 1.846902 
0.194000 1.844766 
0.195000 1.842518 
0.196000 1.840156 
0.197000 1.837682 
0.198000 1.835096 
0.199000 1.832398 
0.200000 1.829589 
0.201000 1.826668 
0.202000 1.823637 
0.203000 1.820496 
0.204000 1.817244 
0.205000 1.813883 
0.206000 1.810413 
0.207000 1.806834 
0.208000 1.803148 
0.209000 1.799353 
0.210000 1.795451 
0.211000 1.791442 
0.212000 1.787327 
0.213000 1.783106 
0.214000 1.778780 
0.215000 1.774349 
0.216000 1.769815 
0.217000 1.765176 
0.218000 1.760435 
0.219000 1.755591 
0.220000 1.750646 
0.221000 1.745599 
0.222000 1.740452 
0.223000 1.735205 
0.224000 1.729859 
0.225000 1.724415 
0.226000 1.718872 
0.227000 1.713233 
0.228000 1.707496 
0.229000 1.701665 
0.230000 1.695738 
0.231000 1.689716 
0.232000 1.683601 
0.233000 1.677394 
0.234000 1.671094 
0.235000 1.664702 
0.236000 1.658221 
0.237000 1.651649 
0.238000 1.644989 
0.239000 1.638240 
0.240000 1.631404 
0.241000 1.624481 
0.242000 1.617472 
0.243000 1.610379 
0.244000 1.603201 
0.245000 1.595940 
0.246000 1.588597 
0.247000 1.581172 
0.248000 1.573667 
0.249000 1.566081 
0.250000 1.558417 
0.251000 1.550674 
0.252000 1.542854 
0.253000 1.534958 
0.254000 1.526986 
0.255000 1.518940 
0.256000 1.510820 
0.257000 1.502627 
0.258000 1.494362 
0.259000 1.486027 
0.260000 1.477621 
0.261000 1.469146 
0.262000 1.460603 
0.263000 1.451992 
0.264000 1.443315 
0.265000 1.434573 
0.266000 1.425766 
0.267000 1.416896 
0.268000 1.407962 
0.269000 1.398967 
0.270000 1.389911 
0.271000 1.380795 
0.272000 1.371620 
0.273000 1.362388 
0.274000 1.353097 
0.275000 1.343751 
0.276000 1.334350 
0.277000 1.324894 
0.278000 1.315385 
0.279000 1.305823 
0.280000 1.296210 
0.281000 1.286546 
0.282000 1.276832 
0.283000 1.267070 
0.284000 1.257260 
0.285000 1.247402 
0.286000 1.237499 
0.287000 1.227551 
0.288000 1.217559 
0.289000 1.207523 
0.290000 1.197445 
0.291000 1.187326 
0.292000 1.177166 
0.293000 1.166967 
0.294000 1.156729 
0.295000 1.146453 
0.296000 1.136140 
0.297000 1.125791 
0.298000 1.115407 
0.299000 1.104989 
0.300000 1.094538 
0.301000 1.084054 
0.302000 1.073538 
0.303000 1.062992 
0.304000 1.052416 
0.305000 1.041810 
0.306000 1.031177 
0.307000 1.020516 
0.308000 1.009829 
0.309000 0.999116 
0.310000 0.988379 
0.311000 0.977617 
0.312000 0.966833 
0.313000 0.956026 
0.314000 0.945198 
0.315000 0.934348 
0.316000 0.923480 
0.317000 0.912592 
0.318000 0.901686 
0.319000 0.890762 
0.320000 0.879822 
0.321000 0.868865 
0.322000 0.857894 
0.323000 0.846909 
0.324000 0.835909 
0.325000 0.824897 
0.326000 0.813873 
0.327000 0.802838 
0.328000 0.791792 
0.329000 0.780736 
0.330000 0.769671 
0.331000 0.758597 
0.332000 0.747516 
0.333000 0.736428 
0.334000 0.725333 
0.335000 0.714233 
0.336000 0.703128 
0.337000 0.692019 
0.338000 0.680907 
0.339000 0.669791 
0.340000 0.658673 
0.341000 0.647554 
0.342000 0.636434 
0.343000 0.625314 
0.344000 0.614194 
0.345000 0.603075 
0.346000 0.591958 
0.347000 0.580843 
0.348000 0.569731 
0.349000 0.558622 
0.350000 0.547518 
0.351000 0.536418 
0.352000 0.525324 
0.353000 0.514235 
0.354000 0.503153 
0.355000 0.492078 
0.356000 0.481011 
0.357000 0.469951 
0.358000 0.458901 
0.359000 0.447860 
0.360000 0.436828 
0.361000 0.425807 
0.362000 0.414796 
0.363000 0.403797 
0.364000 0.392810 
0.365000 0.381836 
0.366000 0.370874 
0.367000 0.359925 
0.368000 0.348991 
0.369000 0.338071 
0.370000 0.327165 
0.371000 0.316275 
0.372000 0.305401 
0.373000 0.294543 
0.374000 0.283702 
0.375000 0.272878 
0.376000 0.262071 
0.377000 0.251282 
0.378000 0.240512 
0.379000 0.229761 
0.380000 0.219029 
0.381000 0.208317 
0.382000 0.197625 
0.383000 0.186953 
0.384000 0.176302 
0.385000 0.165673 
0.386000 0.155065 
0.387000 0.144479 
0.388000 0.133916 
0.389000 0.123375 
0.390000 0.112858 
0.391000 0.102364 
0.392000 0.091894 
0.393000 0.081449 
0.394000 0.071028 
0.395000 0.060631 
0.396000 0.050260 
0.397000 0.039915 
0.398000 0.029596 
0.399000 0.019302 
0.400000 0.009035 
0.401000 -0.001205 
0.402000 -0.011417 
0.403000 -0.021603 
0.404000 -0.031761 
0.405000 -0.041890 
0.406000 -0.051992 
0.407000 -0.062065 
0.408000 -0.072109 
0.409000 -0.082124 
0.410000 -0.092109 
0.411000 -0.102065 
0.412000 -0.111991 
0.413000 -0.121887 
0.414000 -0.131753 
0.415000 -0.141588 
0.416000 -0.151392 
0.417000 -0.161165 
0.418000 -0.170906 
0.419000 -0.180616 
0.420000 -0.190295 
0.421000 -0.199941 
0.422000 -0.209555 
0.423000 -0.219137 
0.424000 -0.228686 
0.425000 -0.238202 
0.426000 -0.247685 
0.427000 -0.257135 
0.428000 -0.266551 
0.429000 -0.275934 
0.430000 -0.285283 
0.431000 -0.294598 
0.432000 -0.303879 
0.433000 -0.313126 
0.434000 -0.322338 
0.435000 -0.331516 
0.436000 -0.340658 
0.437000 -0.349766 
0.438000 -0.358839 
0.439000 -0.367876 
0.440000 -0.376878 
0.441000 -0.385844 
0.442000 -0.394775 
0.443000 -0.403669 
0.444000 -0.412528 
0.445000 -0.421351 
0.446000 -0.430137 
0.447000 -0.438887 
0.448000 -0.447600 
0.449000 -0.456277 
0.450000 -0.464917 
0.451000 -0.473520 
0.452000 -0.482086 
0.453000 -0.490615 
0.454000 -0.499106 
0.455000 -0.507561 
0.456000 -0.515977 
0.457000 -0.524357 
0.458000 -0.532699 
0.459000 -0.541003 
0.460000 -0.549269 
0.461000 -0.557497 
0.462000 -0.565687 
0.463000 -0.573839 
0.464000 -0.581953 
0.465000 -0.590029 
0.466000 -0.598066 
0.467000 -0.606065 
0.468000 -0.614026 
0.469000 -0.621948 
0.470000 -0.629831 
0.471000 -0.637675 
0.472000 -0.645481 
0.473000 -0.653248 
0.474000 -0.660976 
0.475000 -0.668665 
0.476000 -0.676315 
0.477000 -0.683926 
0.478000 -0.691498 
0.479000 -0.699030 
0.480000 -0.706524 
0.481000 -0.713978 
0.482000 -0.721392 
0.483000 -0.728768 
0.484000 -0.736103 
0.485000 -0.743400 
0.486000 -0.750657 
0.487000 -0.757874 
0.488000 -0.765051 
0.489000 -0.772189 
0.490000 -0.779288 
0.491000 -0.786346 
0.492000 -0.793365 
0.493000 -0.800344 
0.494000 -0.807284 
0.495000 -0.814183 
0.496000 -0.821043 
0.497000 -0.827862 
0.498000 -0.834642 
0.499000 -0.841382 
0.500000 -0.848082 
0.501000 -0.854742 
0.502000 -0.861362 
0.503000 -0.867941 
0.504000 -0.874481 
0.505000 -0.880981 
0.506000 -0.887441 
0.507000 -0.893860 
0.508000 -0.900240 
0.509000 -0.906579 
0.510000 -0.912879 
0.511000 -0.919138 
0.512000 -0.925357 
0.513000 -0.931536 
0.514000 -0.937674 
0.515000 -0.943773 
0.516000 -0.949831 
0.517000 -0.955849 
0.518000 -0.961827 
0.519000 -0.967765 
0.520000 -0.973663 
0.521000 -0.979520 
0.522000 -0.985338 
0.523000 -0.991115 
0.524000 -0.996852 
0.525000 -1.002549 
0.526000 -1.008205 
0.527000 -1.013822 
0.528000 -1.019398 
0.529000 -1.024934 
0.530000 -1.030430 
0.531000 -1.035886 
0.532000 -1.041302 
0.533000 -1.046677 
0.534000 -1.052013 
0.535000 -1.057308 
0.536000 -1.062563 
0.537000 -1.067778 
0.538000 -1.072953 
0.539000 -1.078088 
0.540000 -1.083183 
0.541000 -1.088238 
0.542000 -1.093253 
0.543000 -1.098228 
0.544000 -1.103162 
0.545000 -1.108057 
0.546000 -1.112912 
0.547000 -1.117727 
0.548000 -1.122501 
0.549000 -1.127236 
0.550000 -1.131931 
0.551000 -1.136586 
0.552000 -1.141201 
0.553000 -1.145777 
0.554000 -1.150312 
0.555000 -1.154808 
0.556000 -1.159264 
0.557000 -1.163679 
0.558000 -1.168056 
0.559000 -1.172392 
0.560000 -1.176689 
0.561000 -1.180946 
0.562000 -1.185163 
0.563000 -1.189340 
0.564000 -1.193478 
0.565000 -1.197576 
0.566000 -1.201635 
0.567000 -1.205654 
0.568000 -1.209633 
0.569000 -1.213573 
0.570000 -1.217473 
0.571000 -1.221334 
0.572000 -1.225155 
0.573000 -1.228937 
0.574000 -1.232679 
0.575000 -1.236382 
0.576000 -1.240045 
0.577000 -1.243669 
0.578000 -1.247253 
0.579000 -1.250799 
0.580000 -1.254305 
0.581000 -1.257771 
0.582000 -1.261198 
0.583000 -1.264586 
0.584000 -1.267935 
0.585000 -1.271245 
0.586000 -1.274515 
0.587000 -1.277746 
0.588000 -1.280938 
0.589000 -1.284091 
0.590000 -1.287204 
0.591000 -1.290279 
0.592000 -1.293315 
0.593000 -1.296311 
0.594000 -1.299269 
0.595000 -1.302187 
0.596000 -1.305067 
0.597000 -1.307907 
0.598000 -1.310709 
0.599000 -1.313471 
0.600000 -1.316195 
0.601000 -1.318880 
0.602000 -1.321526 
0.603000 -1.324133 
0.604000 -1.326701 
0.605000 -1.329231 
0.606000 -1.331722 
0.607000 -1.334174 
0.608000 -1.336587 
0.609000 -1.338962 
0.610000 -1.341298 
0.611000 -1.343595 
0.612000 -1.345854 
0.613000 -1.348074 
0.614000 -1.350255 
0.615000 -1.352398 
0.616000 -1.354503 
0.617000 -1.356568 
0.618000 -1.358596 
0.619000 -1.360584 
0.620000 -1.362535 
0.621000 -1.364447 
0.622000 -1.366320 
0.623000 -1.368155 
0.624000 -1.369951 
0.625000 -1.371710 
0.626000 -1.373429 
0.627000 -1.375111 
0.628000 -1.376754 
0.629000 -1.378359 
0.630000 -1.379925 
0.631000 -1.381453 
0.632000 -1.382943 
0.633000 -1.384395 
0.634000 -1.385809 
0.635000 -1.387184 
0.636000 -1.388521 
0.637000 -1.389820 
0.638000 -1.391081 
0.639000 -1.392303 
0.640000 -1.393488 
0.641000 -1.394634 
0.642000 -1.395743 
0.643000 -1.396813 
0.644000 -1.397845 
0.645000 -1.398839 
0.646000 -1.399795 
0.647000 -1.400713 
0.648000 -1.401593 
0.649000 -1.402435 
0.650000 -1.403239 
0.651000 -1.404005 
0.652000 -1.404734 
0.653000 -1.405424 
0.654000 -1.406076 
0.655000 -1.406690 
0.656000 -1.407267 
0.657000 -1.407805 
0.658000 -1.408306 
0.659000 -1.408769 
0.660000 -1.409194 
0.661000 -1.409581 
0.662000 -1.409930 
0.663000 -1.410242 
0.664000 -1.410515 
0.665000 -1.410751 
0.666000 -1.410949 
0.667000 -1.411109 
0.668000 -1.411232 
0.669000 -1.411316 
0.670000 -1.411363 
0.671000 -1.411373 
0.672000 -1.411344 
0.673000 -1.411278 
0.674000 -1.411174 
0.675000 -1.411032 
0.676000 -1.410852 
0.677000 -1.410635 
0.678000 -1.410380 
0.679000 -1.410088 
0.680000 -1.409758 
0.681000 -1.409390 
0.682000 -1.408984 
0.683000 -1.408541 
0.684000 -1.408060 
0.685000 -1.407541 
0.686000 -1.406985 
0.687000 -1.406391 
0.688000 -1.405759 
0.689000 -1.405090 
0.690000 -1.404383 
0.691000 -1.403639 
0.692000 -1.402857 
0.693000 -1.402037 
0.694000 -1.401180 
0.695000 -1.400285 
0.696000 -1.399352 
0.697000 -1.398382 
0.698000 -1.397374 
0.699000 -1.396328 
0.700000 -1.395245 
0.701000 -1.394124 
0.702000 -1.392966 
0.703000 -1.391770 
0.704000 -1.390537 
0.705000 -1.389265 
0.706000 -1.387957 
0.707000 -1.386610 
0.708000 -1.385226 
0.709000 -1.383805 
0.710000 -1.382345 
0.711000 -1.380849 
0.712000 -1.379314 
0.713000 -1.377742 
0.714000 -1.376132 
0.715000 -1.374485 
0.716000 -1.372800 
0.717000 -1.371077 
0.718000 -1.369317 
0.719000 -1.367519 
0.720000 -1.365684 
0.721000 -1.363810 
0.722000 -1.361900 
0.723000 -1.359951 
0.724000 -1.357965 
0.725000 -1.355941 
0.726000 -1.353880 
0.727000 -1.351781 
0.728000 -1.349644 
0.729000 -1.347470 
0.730000 -1.345258 
0.731000 -1.343008 
0.732000 -1.340720 
0.733000 -1.338395 
0.734000 -1.336032 
0.735000 -1.333632 
0.736000 -1.331193 
0.737000 -1.328717 
0.738000 -1.326204 
0.739000 -1.323652 
0.740000 -1.321063 
0.741000 -1.318436 
0.742000 -1.315771 
0.743000 -1.313069 
0.744000 -1.310329 
0.745000 -1.307551 
0.746000 -1.304735 
0.747000 -1.301881 
0.748000 -1.298990 
0.749000 -1.296061 
0.750000 -1.293094 
0.751000 -1.290089 
0.752000 -1.287047 
0.753000 -1.283966 
0.754000 -1.280848 
0.755000 -1.277692 
0.756000 -1.274498 
0.757000 -1.271266 
0.758000 -1.267997 
0.759000 -1.264689 
0.760000 -1.261344 
0.761000 -1.257961 
0.762000 -1.254539 
0.763000 -1.251080 
0.764000 -1.247583 
0.765000 -1.244048 
0.766000 -1.240475 
0.767000 -1.236865 
0.768000 -1.233216 
0.769000 -1.229529 
0.770000 -1.225805 
0.771000 -1.222042 
0.772000 -1.218241 
0.773000 -1.214403 
0.774000 -1.210526 
0.775000 -1.206612 
0.776000 -1.202659 
0.777000 -1.198669 
0.778000 -1.194640 
0.779000 -1.190573 
0.780000 -1.186469 
0.781000 -1.182326 
0.782000 -1.178145 
0.783000 -1.173927 
0.784000 -1.169670 
0.785000 -1.165375 
0.786000 -1.161042 
0.787000 -1.156671 
0.788000 -1.152262 
0.789000 -1.147814 
0.790000 -1.143329 
0.791000 -1.138806 
0.792000 -1.134244 
0.793000 -1.129644 
0.794000 -1.125007 
0.795000 -1.120331 
0.796000 -1.115617 
0.797000 -1.110865 
0.798000 -1.106074 
0.799000 -1.101246 
0.800000 -1.096380 
0.801000 -1.091475 
0.802000 -1.086532 
0.803000 -1.081551 
0.804000 -1.076532 
0.805000 -1.071475 
0.806000 -1.066379 
0.807000 -1.061246 
0.808000 -1.056074 
0.809000 -1.050864 
0.810000 -1.045616 
0.811000 -1.040330 
0.812000 -1.035006 
0.813000 -1.029644 
0.814000 -1.024243 
0.815000 -1.018805 
0.816000 -1.013328 
0.817000 -1.007813 
0.818000 -1.002260 
0.819000 -0.996669 
0.820000 -0.991039 
0.821000 -0.985372 
0.822000 -0.979667 
0.823000 -0.973923 
0.824000 -0.968141 
0.825000 -0.962322 
0.826000 -0.956464 
0.827000 -0.950568 
0.828000 -0.944634 
0.829000 -0.938662 
0.830000 -0.932652 
0.831000 -0.926605 
0.832000 -0.920519 
0.833000 -0.914395 
0.834000 -0.908233 
0.835000 -0.902033 
0.836000 -0.895795 
0.837000 -0.889520 
0.838000 -0.883206 
0.839000 -0.876855 
0.840000 -0.870465 
0.841000 -0.864038 
0.842000 -0.857573 
0.843000 -0.851071 
0.844000 -0.844530 
0.845000 -0.837952 
0.846000 -0.831336 
0.847000 -0.824682 
0.848000 -0.817991 
0.849000 -0.811262 
0.850000 -0.804496 
0.851000 -0.797691 
0.852000 -0.790850 
0.853000 -0.783971 
0.854000 -0.777054 
0.855000 -0.770100 
0.856000 -0.763108 
0.857000 -0.756080 
0.858000 -0.749013 
0.859000 -0.741910 
0.860000 -0.734769 
0.861000 -0.727591 
0.862000 -0.720376 
0.863000 -0.713124 
0.864000 -0.705835 
0.865000 -0.698509 
0.866000 -0.691145 
0.867000 -0.683745 
0.868000 -0.676308 
0.869000 -0.668834 
0.870000 -0.661324 
0.871000 -0.653777 
0.872000 -0.646193 
0.873000 -0.638572 
0.874000 -0.630915 
0.875000 -0.623222 
0.876000 -0.615492 
0.877000 -0.607726 
0.878000 -0.599924 
0.879000 -0.592085 
0.880000 -0.584210 
0.881000 -0.576300 
0.882000 -0.568353 
0.883000 -0.560371 
0.884000 -0.552352 
0.885000 -0.544298 
0.886000 -0.536209 
0.887000 -0.528083 
0.888000 -0.519923 
0.889000 -0.511727 
0.890000 -0.503495 
0.891000 -0.495229 
0.892000 -0.486927 
0.893000 -0.478591 
0.894000 -0.470219 
0.895000 -0.461813 
0.896000 -0.453372 
0.897000 -0.444897 
0.898000 -0.436387 
0.899000 -0.427843 
0.900000 -0.419264 
0.901000 -0.410652 
0.902000 -0.402005 
0.903000 -0.393324 
0.904000 -0.384610 
0.905000 -0.375862 
0.906000 -0.367081 
0.907000 -0.358266 
0.908000 -0.349418 
0.909000 -0.340537 
0.910000 -0.331623 
0.911000 -0.322677 
0.912000 -0.313697 
0.913000 -0.304685 
0.914000 -0.295641 
0.915000 -0.286564 
0.916000 -0.277456 
0.917000 -0.268315 
0.918000 -0.259143 
0.919000 -0.249940 
0.920000 -0.240705 
0.921000 -0.231438 
0.922000 -0.222141 
0.923000 -0.212813 
0.924000 -0.203454 
0.925000 -0.194065 
0.926000 -0.184645 
0.927000 -0.175196 
0.928000 -0.165716 
0.929000 -0.156207 
0.930000 -0.146668 
0.931000 -0.137100 
0.932000 -0.127503 
0.933000 -0.117877 
0.934000 -0.108222 
0.935000 -0.098539 
0.936000 -0.088828 
0.937000 -0.079089 
0.938000 -0.069322 
0.939000 -0.059527 
0.940000 -0.049705 
0.941000 -0.039857 
0.942000 -0.029981 
0.943000 -0.020079 
0.944000 -0.010151 
0.945000 -0.000197 
0.946000 0.009783 
0.947000 0.019789 
0.948000 0.029819 
0.949000 0.039875 
0.950000 0.049955 
0.951000 0.060059 
0.952000 0.070188 
0.953000 0.080340 
0.954000 0.090516 
0.955000 0.100714 
0.956000 0.110936 
0.957000 0.121180 
0.958000 0.131446 
0.959000 0.141735 
0.960000 0.152044 
0.961000 0.162375 
0.962000 0.172727 
0.963000 0.183099 
0.964000 0.193492 
0.965000 0.203904 
0.966000 0.214336 
0.967000 0.224787 
0.968000 0.235257 
0.969000 0.245745 
0.970000 0.256251 
0.971000 0.266774 
0.972000 0.277315 
0.973000 0.287873 
0.974000 0.298447 
0.975000 0.309037 
0.976000 0.319643 
0.977000 0.330264 
0.978000 0.340900 
0.979000 0.351550 
0.980000 0.362214 
0.981000 0.372891 
0.982000 0.383582 
0.983000 0.394285 
0.984000 0.405000 
0.985000 0.415727 
0.986000 0.426465 
0.987000 0.437214 
0.988000 0.447973 
0.989000 0.458742 
0.990000 0.469520 
0.991000 0.480307 
0.992000 0.491103 
0.993000 0.501906 
0.994000 0.512717 
0.995000 0.523534 
0.996000 0.534357 
0.997000 0.545187 
0.998000 0.556021 
0.999000 0.566860 
1.000000 0.577703 
1.001000 0.588550 
1.002000 0.599400 
1.003000 0.610252 
1.004000 0.621106 
1.005000 0.631962 
1.006000 0.642818 
1.007000 0.653674 
1.008000 0.664530 
1.009000 0.675384 
1.010000 0.686237 
1.011000 0.697088 
1.012000 0.707936 
1.013000 0.718780 
1.014000 0.729620 
1.015000 0.740456 
1.016000 0.751286 
1.017000 0.762109 
1.018000 0.772926 
1.019000 0.783736 
1.020000 0.794538 
1.021000 0.805331 
1.022000 0.816114 
1.023000 0.826888 
1.024000 0.837650 
1.025000 0.848401 
1.026000 0.859140 
1.027000 0.869867 
1.028000 0.880579 
1.029000 0.891277 
1.030000 0.901960 
1.031000 0.912628 
1.032000 0.923279 
1.033000 0.933913 
1.034000 0.944528 
1.035000 0.955125 
1.036000 0.965703 
1.037000 0.976260 
1.038000 0.986797 
1.039000 0.997311 
1.040000 1.007803 
1.041000 1.018272 
1.042000 1.028716 
1.043000 1.039136 
1.044000 1.049530 
1.045000 1.059897 
1.046000 1.070237 
1.047000 1.080549 
1.048000 1.090832 
1.049000 1.101085 
1.050000 1.111308 
1.051000 1.121499 
1.052000 1.131658 
1.053000 1.141784 
1.054000 1.151876 
1.055000 1.161933 
1.056000 1.171955 
1.057000 1.181940 
1.058000 1.191888 
1.059000 1.201797 
1.060000 1.211668 
1.061000 1.221498 
1.062000 1.231288 
1.063000 1.241036 
1.064000 1.250742 
1.065000 1.260404 
1.066000 1.270022 
1.067000 1.279595 
1.068000 1.289122 
1.069000 1.298602 
1.070000 1.308034 
1.071000 1.317417 
1.072000 1.326751 
1.073000 1.336034 
1.074000 1.345266 
1.075000 1.354445 
1.076000 1.363571 
1.077000 1.372643 
1.078000 1.381661 
1.079000 1.390622 
1.080000 1.399526 
1.081000 1.408373 
1.082000 1.417161 
1.083000 1.425890 
1.084000 1.434558 
1.085000 1.443165 
1.086000 1.451710 
1.087000 1.460191 
1.088000 1.468609 
1.089000 1.476961 
1.090000 1.485248 
1.091000 1.493468 
1.092000 1.501621 
1.093000 1.509705 
1.094000 1.517719 
1.095000 1.525664 
1.096000 1.533537 
1.097000 1.541338 
1.098000 1.549067 
1.099000 1.556721 
1.100000 1.564301 
1.101000 1.571805 
1.102000 1.579233 
1.103000 1.586584 
1.104000 1.593856 
1.105000 1.601050 
1.106000 1.608164 
1.107000 1.615197 
1.108000 1.622148 
1.109000 1.629017 
1.110000 1.635804 
1.111000 1.642506 
1.112000 1.649123 
1.113000 1.655655 
1.114000 1.662100 
1.115000 1.668458 
1.116000 1.674728 
1.117000 1.680910 
1.118000 1.687001 
1.119000 1.693003 
1.120000 1.698913 
1.121000 1.704732 
1.122000 1.710458 
1.123000 1.716090 
1.124000 1.721629 
1.125000 1.727073 
1.126000 1.732421 
1.127000 1.737674 
1.128000 1.742829 
1.129000 1.747887 
1.130000 1.752846 
1.131000 1.757707 
1.132000 1.762468 
1.133000 1.767130 
1.134000 1.771690 
1.135000 1.776149 
1.136000 1.780506 
1.137000 1.784760 
1.138000 1.788911 
1.139000 1.792958 
1.140000 1.796901 
1.141000 1.800740 
1.142000 1.804472 
1.143000 1.808099 
1.144000 1.811620 
1.145000 1.815033 
1.146000 1.818339 
1.147000 1.821537 
1.148000 1.824627 
1.149000 1.827608 
1.150000 1.830480 
1.151000 1.833242 
1.152000 1.835894 
1.153000 1.838435 
1.154000 1.840866 
1.155000 1.843185 
1.156000 1.845393 
1.157000 1.847490 
1.158000 1.849474 
1.159000 1.851345 
1.160000 1.853104 
1.161000 1.854750 
1.162000 1.856282 
1.163000 1.857701 
1.164000 1.859006 
1.165000 1.860197 
1.166000 1.861274 
1.167000 1.862236 
1.168000 1.863084 
1.169000 1.863818 
1.170000 1.864436 
1.171000 1.864940 
1.172000 1.865328 
1.173000 1.865601 
1.174000 1.865760 
1.175000 1.865803 
1.176000 1.865730 
1.177000 1.865543 
1.178000 1.865240 
1.179000 1.864822 
1.180000 1.864288 
1.181000 1.863639 
1.182000 1.862875 
1.183000 1.861996 
1.184000 1.861002 
1.185000 1.859893 
1.186000 1.858669 
1.187000 1.857331 
1.188000 1.855878 
1.189000 1.854311 
1.190000 1.852629 
1.191000 1.850834 
1.192000 1.848925 
1.193000 1.846902 
1.194000 1.844766 
1.195000 1.842518 
1.196000 1.840156 
1.197000 1.837682 
1.198000 1.835096 
1.199000 1.832398 
1.200000 1.829589 
1.201000 1.826668 
1.202000 1.823637 
1.203000 1.820496 
1.204000 1.817244 
1.205000 1.813883 
1.206000 1.810413 
1.207000 1.806834 
1.208000 1.803148 
1.209000 1.799353 
1.210000 1.795451 
1.211000 1.791442 
1.212000 1.787327 
1.213000 1.783106 
1.214000 1.778780 
1.215000 1.774349 
1.216000 1.769815 
1.217000 1.765176 
1.218000 1.760435 
1.219000 1.755591 
1.220000 1.750646 
1.221000 1.745599 
1.222000 1.740452 
1.223000 1.735205 
1.224000 1.729859 
1.225000 1.724415 
1.226000 1.718872 
1.227000 1.713233 
1.228000 1.707496 
1.229000 1.701665 
1.230000 1.695738 
1.231000 1.689716 
1.232000 1.683601 
1.233000 1.677394 
1.234000 1.671094 
1.235000 1.664702 
1.236000 1.658221 
1.237000 1.651649 
1.238000 1.644989 
1.239000 1.638240 
1.240000 1.631404 
1.241000 1.624481 
1.242000 1.617472 
1.243000 1.610379 
1.244000 1.603201 
1.245000 1.595940 
1.246000 1.588597 
1.247000 1.581172 
1.248000 1.573667 
1.249000 1.566081 
1.250000 1.558417 
1.251000 1.550674 
1.252000 1.542854 
1.253000 1.534958 
1.254000 1.526986 
1.255000 1.518940 
1.256000 1.510820 
1.257000 1.502627 
1.258000 1.494362 
1.259000 1.486027 
1.260000 1.477621 
1.261000 1.469146 
1.262000 1.460603 
1.263000 1.451992 
1.264000 1.443315 
1.265000 1.434573 
1.266000 1.425766 
1.267000 1.416896 
1.268000 1.407962 
1.269000 1.398967 
1.270000 1.389911 
1.271000 1.380795 
1.272000 1.371620 
1.273000 1.362388 
1.274000 1.353097 
1.275000 1.343751 
1.276000 1.334350 
1.277000 1.324894 
1.278000 1.315385 
1.279000 1.305823 
1.280000 1.296210 
1.281000 1.286546 
1.282000 1.276832 
1.283000 1.267070 
1.284000 1.257260 
1.285000 1.247402 
1.286000 1.237499 
1.287000 1.227551 
1.288000 1.217559 
1.289000 1.207523 
1.290000 1.197445 
1.291000 1.187326 
1.292000 1.177166 
1.293000 1.166967 
1.294000 1.156729 
1.295000 1.146453 
1.296000 1.136140 
1.297000 1.125791 
1.298000 1.115407 
1.299000 1.104989 
1.300000 1.094538 
1.301000 1.084054 
1.302000 1.073538 
1.303000 1.062992 
1.304000 1.052416 
1.305000 1.041810 
1.306000 1.031177 
1.307000 1.020516 
1.308000 1.009829 
1.309000 0.999116 
1.310000 0.988379 
1.311000 0.977617 
1.312000 0.966833 
1.313000 0.956026 
1.314000 0.945198 
1.315000 0.934348 
1.316000 0.923480 
1.317000 0.912592 
1.318000 0.901686 
1.319000 0.890762 
1.320000 0.879822 
1.321000 0.868865 
1.322000 0.857894 
1.323000 0.846909 
1.324000 0.835909 
1.325000 0.824897 
1.326000 0.813873 
1.327000 0.802838 
1.328000 0.791792 
1.329000 0.780736 
1.330000 0.769671 
1.331000 0.758597 
1.332000 0.747516 
1.333000 0.736428 
1.334000 0.725333 
1.335000 0.714233 
1.336000 0.703128 
1.337000 0.692019 
1.338000 0.680907 
1.339000 0.669791 
1.340000 0.658673 
1.341000 0.647554 
1.342000 0.636434 
1.343000 0.625314 
1.344000 0.614194 
1.345000 0.603075 
1.346000 0.591958 
1.347000 0.580843 
1.348000 0.569731 
1.349000 0.558622 
1.350000 0.547518 
1.351000 0.536418 
1.352000 0.525324 
1.353000 0.514235 
1.354000 0.503153 
1.355000 0.492078 
1.356000 0.481011 
1.357000 0.469951 
1.358000 0.458901 
1.359000 0.447860 
1.360000 0.436828 
1.361000 0.425807 
1.362000 0.414796 
1.363000 0.403797 
1.364000 0.392810 
1.365000 0.381836 
1.366000 0.370874 
1.367000 0.359925 
1.368000 0.348991 
1.369000 0.338071 
1.370000 0.327165 
1.371000 0.316275 
1.372000 0.305401 
1.373000 0.294543 
1.374000 0.283702 
1.375000 0.272878 
1.376000 0.262071 
1.377000 0.251282 
1.378000 0.240512 
1.379000 0.229761 
1.380000 0.219029 
1.381000 0.208317 
1.382000 0.197625 
1.383000 0.186953 
1.384000 0.176302 
1.385000 0.165673 
1.386000 0.155065 
1.387000 0.144479 
1.388000 0.133916 
1.389000 0.123375 
1.390000 0.112858 
1.391000 0.102364 
1.392000 0.091894 
1.393000 0.081449 
1.394000 0.071028 
1.395000 0.060631 
1.396000 0.050260 
1.397000 0.039915 
1.398000 0.029596 
1.399000 0.019302 
1.400000 0.009035 
1.401000 -0.001205 
1.402000 -0.011417 
1.403000 -0.021603 
1.404000 -0.031761 
1.405000 -0.041890 
1.406000 -0.051992 
1.407000 -0.062065 
1.408000 -0.072109 
1.409000 -0.082124 
1.410000 -0.092109 
1.411000 -0.102065 
1.412000 -0.111991 
1.413000 -0.121887 
1.414000 -0.131753 
1.415000 -0.141588 
1.416000 -0.151392 
1.417000 -0.161165 
1.418000 -0.170906 
1.419000 -0.180616 
1.420000 -0.190295 
1.421000 -0.199941 
1.422000 -0.209555 
1.423000 -0.219137 
1.424000 -0.228686 
1.425000 -0.238202 
1.426000 -0.247685 
1.427000 -0.257135 
1.428000 -0.266551 
1.429000 -0.275934 
1.430000 -0.285283 
1.431000 -0.294598 
1.432000 -0.303879 
1.433000 -0.313126 
1.434000 -0.322338 
1.435000 -0.331516 
1.436000 -0.340658 
1.437000 -0.349766 
1.438000 -0.358839 
1.439000 -0.367876 
1.440000 -0.376878 
1.441000 -0.385844 
1.442000 -0.394775 
1.443000 -0.403669 
1.444000 -0.412528 
1.445000 -0.421351 
1.446000 -0.430137 
1.447000 -0.438887 
1.448000 -0.447600 
1.449000 -0.456277 
1.450000 -0.464917 
1.451000 -0.473520 
1.452000 -0.482086 
1.453000 -0.490615 
1.454000 -0.499106 
1.455000 -0.507561 
1.456000 -0.515977 
1.457000 -0.524357 
1.458000 -0.532699 
1.459000 -0.541003 
1.460000 -0.549269 
1.461000 -0.557497 
1.462000 -0.565687 
1.463000 -0.573839 
1.464000 -0.581953 
1.465000 -0.590029 
1.466000 -0.598066 
1.467000 -0.606065 
1.468000 -0.614026 
1.469000 -0.621948 
1.470000 -0.629831 
1.471000 -0.637675 
1.472000 -0.645481 
1.473000 -0.653248 
1.474000 -0.660976 
1.475000 -0.668665 
1.476000 -0.676315 
1.477000 -0.683926 
1.478000 -0.691498 
1.479000 -0.699030 
1.480000 -0.706524 
1.481000 -0.713978 
1.482000 -0.721392 
1.483000 -0.728768 
1.484000 -0.736103 
1.485000 -0.743400 
1.486000 -0.750657 
1.487000 -0.757874 
1.488000 -0.765051 
1.489000 -0.772189 
1.490000 -0.779288 
1.491000 -0.786346 
1.492000 -0.793365 
1.493000 -0.800344 
1.494000 -0.807284 
1.495000 -0.814183 
1.496000 -0.821043 
1.497000 -0.827862 
1.498000 -0.834642 
1.499000 -0.841382 
