# Tref_folded model 
-1.500000 -1.498874 
-1.499000 -1.493954 
-1.498000 -1.488811 
-1.497000 -1.483441 
-1.496000 -1.477844 
-1.495000 -1.472016 
-1.494000 -1.465956 
-1.493000 -1.459662 
-1.492000 -1.453133 
-1.491000 -1.446366 
-1.490000 -1.439362 
-1.489000 -1.432117 
-1.488000 -1.424632 
-1.487000 -1.416904 
-1.486000 -1.408933 
-1.485000 -1.400718 
-1.484000 -1.392258 
-1.483000 -1.383553 
-1.482000 -1.374602 
-1.481000 -1.365405 
-1.480000 -1.355961 
-1.479000 -1.346271 
-1.478000 -1.336334 
-1.477000 -1.326151 
-1.476000 -1.315723 
-1.475000 -1.305050 
-1.474000 -1.294132 
-1.473000 -1.282971 
-1.472000 -1.271567 
-1.471000 -1.259923 
-1.470000 -1.248038 
-1.469000 -1.235916 
-1.468000 -1.223557 
-1.467000 -1.210964 
-1.466000 -1.198139 
-1.465000 -1.185084 
-1.464000 -1.171802 
-1.463000 -1.158294 
-1.462000 -1.144565 
-1.461000 -1.130617 
-1.460000 -1.116454 
-1.459000 -1.102077 
-1.458000 -1.087493 
-1.457000 -1.072703 
-1.456000 -1.057711 
-1.455000 -1.042523 
-1.454000 -1.027141 
-1.453000 -1.011571 
-1.452000 -0.995817 
-1.451000 -0.979883 
-1.450000 -0.963774 
-1.449000 -0.947495 
-1.448000 -0.931052 
-1.447000 -0.914449 
-1.446000 -0.897691 
-1.445000 -0.880785 
-1.444000 -0.863736 
-1.443000 -0.846501 
-1.442000 -0.829181 
-1.441000 -0.811735 
-1.440000 -0.794168 
-1.439000 -0.776487 
-1.438000 -0.758698 
-1.437000 -0.740805 
-1.436000 -0.722817 
-1.435000 -0.704739 
-1.434000 -0.686577 
-1.433000 -0.668337 
-1.432000 -0.650026 
-1.431000 -0.631650 
-1.430000 -0.613215 
-1.429000 -0.594728 
-1.428000 -0.576195 
-1.427000 -0.557622 
-1.426000 -0.539015 
-1.425000 -0.520381 
-1.424000 -0.501726 
-1.423000 -0.483056 
-1.422000 -0.464377 
-1.421000 -0.445695 
-1.420000 -0.427017 
-1.419000 -0.408347 
-1.418000 -0.389692 
-1.417000 -0.371058 
-1.416000 -0.352450 
-1.415000 -0.333874 
-1.414000 -0.315336 
-1.413000 -0.296840 
-1.412000 -0.278392 
-1.411000 -0.259997 
-1.410000 -0.241661 
-1.409000 -0.223387 
-1.408000 -0.205182 
-1.407000 -0.187050 
-1.406000 -0.168994 
-1.405000 -0.151021 
-1.404000 -0.133134 
-1.403000 -0.115337 
-1.402000 -0.097634 
-1.401000 -0.080030 
-1.400000 -0.062528 
-1.399000 -0.045132 
-1.398000 -0.027845 
-1.397000 -0.010671 
-1.396000 0.006386 
-1.395000 0.023325 
-1.394000 0.040142 
-1.393000 0.056833 
-1.392000 0.073396 
-1.391000 0.089829 
-1.390000 0.106129 
-1.389000 0.122294 
-1.388000 0.138321 
-1.387000 0.154209 
-1.386000 0.169955 
-1.385000 0.185558 
-1.384000 0.201015 
-1.383000 0.216325 
-1.382000 0.231487 
-1.381000 0.246500 
-1.380000 0.261361 
-1.379000 0.276070 
-1.378000 0.290626 
-1.377000 0.305028 
-1.376000 0.319275 
-1.375000 0.333365 
-1.374000 0.347300 
-1.373000 0.361077 
-1.372000 0.374697 
-1.371000 0.388158 
-1.370000 0.401462 
-1.369000 0.414607 
-1.368000 0.427593 
-1.367000 0.440421 
-1.366000 0.453090 
-1.365000 0.465600 
-1.364000 0.477952 
-1.363000 0.490146 
-1.362000 0.502181 
-1.361000 0.514059 
-1.360000 0.525780 
-1.359000 0.537344 
-1.358000 0.548752 
-1.357000 0.560004 
-1.356000 0.571101 
-1.355000 0.582044 
-1.354000 0.592832 
-1.353000 0.603468 
-1.352000 0.613952 
-1.351000 0.624284 
-1.350000 0.634466 
-1.349000 0.644498 
-1.348000 0.654382 
-1.347000 0.664118 
-1.346000 0.673707 
-1.345000 0.683150 
-1.344000 0.692449 
-1.343000 0.701604 
-1.342000 0.710616 
-1.341000 0.719488 
-1.340000 0.728219 
-1.339000 0.736811 
-1.338000 0.745265 
-1.337000 0.753582 
-1.336000 0.761763 
-1.335000 0.769810 
-1.334000 0.777725 
-1.333000 0.785507 
-1.332000 0.793158 
-1.331000 0.800680 
-1.330000 0.808074 
-1.329000 0.815341 
-1.328000 0.822482 
-1.327000 0.829498 
-1.326000 0.836392 
-1.325000 0.843163 
-1.324000 0.849814 
-1.323000 0.856346 
-1.322000 0.862759 
-1.321000 0.869056 
-1.320000 0.875237 
-1.319000 0.881303 
-1.318000 0.887257 
-1.317000 0.893099 
-1.316000 0.898830 
-1.315000 0.904452 
-1.314000 0.909966 
-1.313000 0.915373 
-1.312000 0.920675 
-1.311000 0.925872 
-1.310000 0.930966 
-1.309000 0.935958 
-1.308000 0.940849 
-1.307000 0.945641 
-1.306000 0.950334 
-1.305000 0.954930 
-1.304000 0.959431 
-1.303000 0.963836 
-1.302000 0.968148 
-1.301000 0.972367 
-1.300000 0.976494 
-1.299000 0.980532 
-1.298000 0.984480 
-1.297000 0.988340 
-1.296000 0.992113 
-1.295000 0.995800 
-1.294000 0.999402 
-1.293000 1.002921 
-1.292000 1.006357 
-1.291000 1.009711 
-1.290000 1.012984 
-1.289000 1.016178 
-1.288000 1.019293 
-1.287000 1.022331 
-1.286000 1.025292 
-1.285000 1.028177 
-1.284000 1.030988 
-1.283000 1.033724 
-1.282000 1.036388 
-1.281000 1.038981 
-1.280000 1.041502 
-1.279000 1.043953 
-1.278000 1.046335 
-1.277000 1.048649 
-1.276000 1.050895 
-1.275000 1.053075 
-1.274000 1.055189 
-1.273000 1.057239 
-1.272000 1.059224 
-1.271000 1.061147 
-1.270000 1.063007 
-1.269000 1.064805 
-1.268000 1.066543 
-1.267000 1.068221 
-1.266000 1.069840 
-1.265000 1.071400 
-1.264000 1.072903 
-1.263000 1.074349 
-1.262000 1.075739 
-1.261000 1.077073 
-1.260000 1.078353 
-1.259000 1.079578 
-1.258000 1.080751 
-1.257000 1.081871 
-1.256000 1.082938 
-1.255000 1.083955 
-1.254000 1.084921 
-1.253000 1.085837 
-1.252000 1.086704 
-1.251000 1.087522 
-1.250000 1.088292 
-1.249000 1.089014 
-1.248000 1.089690 
-1.247000 1.090320 
-1.246000 1.090904 
-1.245000 1.091443 
-1.244000 1.091937 
-1.243000 1.092388 
-1.242000 1.092795 
-1.241000 1.093160 
-1.240000 1.093482 
-1.239000 1.093763 
-1.238000 1.094002 
-1.237000 1.094201 
-1.236000 1.094360 
-1.235000 1.094479 
-1.234000 1.094559 
-1.233000 1.094600 
-1.232000 1.094603 
-1.231000 1.094569 
-1.230000 1.094497 
-1.229000 1.094389 
-1.228000 1.094245 
-1.227000 1.094064 
-1.226000 1.093849 
-1.225000 1.093598 
-1.224000 1.093313 
-1.223000 1.092994 
-1.222000 1.092641 
-1.221000 1.092255 
-1.220000 1.091836 
-1.219000 1.091385 
-1.218000 1.090902 
-1.217000 1.090387 
-1.216000 1.089841 
-1.215000 1.089265 
-1.214000 1.088657 
-1.213000 1.088020 
-1.212000 1.087353 
-1.211000 1.086657 
-1.210000 1.085931 
-1.209000 1.085177 
-1.208000 1.084395 
-1.207000 1.083585 
-1.206000 1.082747 
-1.205000 1.081881 
-1.204000 1.080989 
-1.203000 1.080070 
-1.202000 1.079125 
-1.201000 1.078154 
-1.200000 1.077157 
-1.199000 1.076134 
-1.198000 1.075087 
-1.197000 1.074015 
-1.196000 1.072918 
-1.195000 1.071797 
-1.194000 1.070652 
-1.193000 1.069483 
-1.192000 1.068291 
-1.191000 1.067075 
-1.190000 1.065837 
-1.189000 1.064576 
-1.188000 1.063293 
-1.187000 1.061988 
-1.186000 1.060661 
-1.185000 1.059312 
-1.184000 1.057942 
-1.183000 1.056551 
-1.182000 1.055139 
-1.181000 1.053706 
-1.180000 1.052253 
-1.179000 1.050780 
-1.178000 1.049287 
-1.177000 1.047774 
-1.176000 1.046241 
-1.175000 1.044689 
-1.174000 1.043118 
-1.173000 1.041529 
-1.172000 1.039920 
-1.171000 1.038293 
-1.170000 1.036648 
-1.169000 1.034984 
-1.168000 1.033303 
-1.167000 1.031604 
-1.166000 1.029888 
-1.165000 1.028154 
-1.164000 1.026403 
-1.163000 1.024635 
-1.162000 1.022850 
-1.161000 1.021049 
-1.160000 1.019231 
-1.159000 1.017397 
-1.158000 1.015547 
-1.157000 1.013681 
-1.156000 1.011799 
-1.155000 1.009902 
-1.154000 1.007989 
-1.153000 1.006061 
-1.152000 1.004118 
-1.151000 1.002159 
-1.150000 1.000186 
-1.149000 0.998198 
-1.148000 0.996196 
-1.147000 0.994179 
-1.146000 0.992148 
-1.145000 0.990103 
-1.144000 0.988044 
-1.143000 0.985971 
-1.142000 0.983884 
-1.141000 0.981783 
-1.140000 0.979670 
-1.139000 0.977543 
-1.138000 0.975402 
-1.137000 0.973249 
-1.136000 0.971082 
-1.135000 0.968903 
-1.134000 0.966711 
-1.133000 0.964507 
-1.132000 0.962290 
-1.131000 0.960060 
-1.130000 0.957819 
-1.129000 0.955565 
-1.128000 0.953299 
-1.127000 0.951021 
-1.126000 0.948731 
-1.125000 0.946430 
-1.124000 0.944117 
-1.123000 0.941793 
-1.122000 0.939457 
-1.121000 0.937109 
-1.120000 0.934751 
-1.119000 0.932381 
-1.118000 0.930001 
-1.117000 0.927609 
-1.116000 0.925207 
-1.115000 0.922793 
-1.114000 0.920370 
-1.113000 0.917935 
-1.112000 0.915490 
-1.111000 0.913035 
-1.110000 0.910569 
-1.109000 0.908093 
-1.108000 0.905607 
-1.107000 0.903111 
-1.106000 0.900605 
-1.105000 0.898088 
-1.104000 0.895562 
-1.103000 0.893027 
-1.102000 0.890481 
-1.101000 0.887926 
-1.100000 0.885361 
-1.099000 0.882787 
-1.098000 0.880203 
-1.097000 0.877610 
-1.096000 0.875008 
-1.095000 0.872397 
-1.094000 0.869776 
-1.093000 0.867146 
-1.092000 0.864508 
-1.091000 0.861860 
-1.090000 0.859203 
-1.089000 0.856538 
-1.088000 0.853864 
-1.087000 0.851181 
-1.086000 0.848489 
-1.085000 0.845789 
-1.084000 0.843080 
-1.083000 0.840363 
-1.082000 0.837637 
-1.081000 0.834903 
-1.080000 0.832161 
-1.079000 0.829410 
-1.078000 0.826652 
-1.077000 0.823885 
-1.076000 0.821109 
-1.075000 0.818326 
-1.074000 0.815535 
-1.073000 0.812736 
-1.072000 0.809928 
-1.071000 0.807113 
-1.070000 0.804291 
-1.069000 0.801460 
-1.068000 0.798621 
-1.067000 0.795775 
-1.066000 0.792921 
-1.065000 0.790060 
-1.064000 0.787191 
-1.063000 0.784314 
-1.062000 0.781430 
-1.061000 0.778539 
-1.060000 0.775640 
-1.059000 0.772733 
-1.058000 0.769820 
-1.057000 0.766898 
-1.056000 0.763970 
-1.055000 0.761035 
-1.054000 0.758092 
-1.053000 0.755142 
-1.052000 0.752185 
-1.051000 0.749220 
-1.050000 0.746249 
-1.049000 0.743271 
-1.048000 0.740285 
-1.047000 0.737293 
-1.046000 0.734294 
-1.045000 0.731287 
-1.044000 0.728274 
-1.043000 0.725254 
-1.042000 0.722227 
-1.041000 0.719194 
-1.040000 0.716153 
-1.039000 0.713106 
-1.038000 0.710052 
-1.037000 0.706991 
-1.036000 0.703924 
-1.035000 0.700850 
-1.034000 0.697769 
-1.033000 0.694682 
-1.032000 0.691588 
-1.031000 0.688487 
-1.030000 0.685380 
-1.029000 0.682266 
-1.028000 0.679146 
-1.027000 0.676020 
-1.026000 0.672887 
-1.025000 0.669747 
-1.024000 0.666601 
-1.023000 0.663449 
-1.022000 0.660290 
-1.021000 0.657125 
-1.020000 0.653953 
-1.019000 0.650776 
-1.018000 0.647591 
-1.017000 0.644401 
-1.016000 0.641204 
-1.015000 0.638001 
-1.014000 0.634792 
-1.013000 0.631576 
-1.012000 0.628354 
-1.011000 0.625126 
-1.010000 0.621892 
-1.009000 0.618652 
-1.008000 0.615405 
-1.007000 0.612152 
-1.006000 0.608893 
-1.005000 0.605628 
-1.004000 0.602357 
-1.003000 0.599079 
-1.002000 0.595796 
-1.001000 0.592506 
-1.000000 0.589211 
-0.999000 0.585909 
-0.998000 0.582601 
-0.997000 0.579287 
-0.996000 0.575967 
-0.995000 0.572641 
-0.994000 0.569309 
-0.993000 0.565970 
-0.992000 0.562626 
-0.991000 0.559276 
-0.990000 0.555920 
-0.989000 0.552558 
-0.988000 0.549189 
-0.987000 0.545815 
-0.986000 0.542435 
-0.985000 0.539048 
-0.984000 0.535656 
-0.983000 0.532258 
-0.982000 0.528854 
-0.981000 0.525444 
-0.980000 0.522027 
-0.979000 0.518605 
-0.978000 0.515177 
-0.977000 0.511743 
-0.976000 0.508303 
-0.975000 0.504857 
-0.974000 0.501405 
-0.973000 0.497947 
-0.972000 0.494483 
-0.971000 0.491014 
-0.970000 0.487538 
-0.969000 0.484056 
-0.968000 0.480568 
-0.967000 0.477075 
-0.966000 0.473575 
-0.965000 0.470070 
-0.964000 0.466558 
-0.963000 0.463041 
-0.962000 0.459517 
-0.961000 0.455988 
-0.960000 0.452453 
-0.959000 0.448911 
-0.958000 0.445364 
-0.957000 0.441811 
-0.956000 0.438252 
-0.955000 0.434686 
-0.954000 0.431115 
-0.953000 0.427538 
-0.952000 0.423955 
-0.951000 0.420366 
-0.950000 0.416771 
-0.949000 0.413169 
-0.948000 0.409562 
-0.947000 0.405949 
-0.946000 0.402330 
-0.945000 0.398705 
-0.944000 0.395074 
-0.943000 0.391426 
-0.942000 0.387782 
-0.941000 0.384133 
-0.940000 0.380478 
-0.939000 0.376816 
-0.938000 0.373149 
-0.937000 0.369475 
-0.936000 0.365795 
-0.935000 0.362110 
-0.934000 0.358418 
-0.933000 0.354720 
-0.932000 0.351016 
-0.931000 0.347305 
-0.930000 0.343589 
-0.929000 0.339866 
-0.928000 0.336138 
-0.927000 0.332403 
-0.926000 0.328662 
-0.925000 0.324915 
-0.924000 0.321161 
-0.923000 0.317402 
-0.922000 0.313636 
-0.921000 0.309864 
-0.920000 0.306086 
-0.919000 0.302302 
-0.918000 0.298511 
-0.917000 0.294714 
-0.916000 0.290911 
-0.915000 0.287101 
-0.914000 0.283285 
-0.913000 0.279463 
-0.912000 0.275635 
-0.911000 0.271800 
-0.910000 0.267959 
-0.909000 0.264111 
-0.908000 0.260257 
-0.907000 0.256397 
-0.906000 0.252531 
-0.905000 0.248658 
-0.904000 0.244778 
-0.903000 0.240892 
-0.902000 0.237000 
-0.901000 0.233101 
-0.900000 0.229196 
-0.899000 0.225284 
-0.898000 0.221366 
-0.897000 0.217441 
-0.896000 0.213510 
-0.895000 0.209572 
-0.894000 0.205627 
-0.893000 0.201676 
-0.892000 0.197719 
-0.891000 0.193754 
-0.890000 0.189783 
-0.889000 0.185806 
-0.888000 0.181822 
-0.887000 0.177831 
-0.886000 0.173833 
-0.885000 0.169829 
-0.884000 0.165818 
-0.883000 0.161801 
-0.882000 0.157776 
-0.881000 0.153745 
-0.880000 0.149707 
-0.879000 0.145662 
-0.878000 0.141610 
-0.877000 0.137552 
-0.876000 0.133486 
-0.875000 0.129414 
-0.874000 0.125335 
-0.873000 0.121249 
-0.872000 0.117156 
-0.871000 0.113056 
-0.870000 0.108949 
-0.869000 0.104835 
-0.868000 0.100714 
-0.867000 0.096587 
-0.866000 0.092452 
-0.865000 0.088310 
-0.864000 0.084160 
-0.863000 0.080004 
-0.862000 0.075841 
-0.861000 0.071670 
-0.860000 0.067493 
-0.859000 0.063308 
-0.858000 0.059116 
-0.857000 0.054917 
-0.856000 0.050710 
-0.855000 0.046496 
-0.854000 0.042275 
-0.853000 0.038047 
-0.852000 0.033812 
-0.851000 0.029569 
-0.850000 0.025318 
-0.849000 0.021060 
-0.848000 0.016795 
-0.847000 0.012523 
-0.846000 0.008243 
-0.845000 0.003955 
-0.844000 -0.000340 
-0.843000 -0.004642 
-0.842000 -0.008952 
-0.841000 -0.013270 
-0.840000 -0.017595 
-0.839000 -0.021928 
-0.838000 -0.026268 
-0.837000 -0.030616 
-0.836000 -0.034972 
-0.835000 -0.039335 
-0.834000 -0.043706 
-0.833000 -0.048085 
-0.832000 -0.052471 
-0.831000 -0.056866 
-0.830000 -0.061268 
-0.829000 -0.065678 
-0.828000 -0.070095 
-0.827000 -0.074521 
-0.826000 -0.078955 
-0.825000 -0.083396 
-0.824000 -0.087845 
-0.823000 -0.092303 
-0.822000 -0.096768 
-0.821000 -0.101241 
-0.820000 -0.105723 
-0.819000 -0.110212 
-0.818000 -0.114709 
-0.817000 -0.119215 
-0.816000 -0.123728 
-0.815000 -0.128250 
-0.814000 -0.132780 
-0.813000 -0.137318 
-0.812000 -0.141865 
-0.811000 -0.146419 
-0.810000 -0.150982 
-0.809000 -0.155553 
-0.808000 -0.160132 
-0.807000 -0.164720 
-0.806000 -0.169316 
-0.805000 -0.173920 
-0.804000 -0.178533 
-0.803000 -0.183154 
-0.802000 -0.187784 
-0.801000 -0.192422 
-0.800000 -0.197069 
-0.799000 -0.201724 
-0.798000 -0.206387 
-0.797000 -0.211059 
-0.796000 -0.215740 
-0.795000 -0.220429 
-0.794000 -0.225127 
-0.793000 -0.229834 
-0.792000 -0.234549 
-0.791000 -0.239273 
-0.790000 -0.244005 
-0.789000 -0.248747 
-0.788000 -0.253497 
-0.787000 -0.258256 
-0.786000 -0.263023 
-0.785000 -0.267800 
-0.784000 -0.272585 
-0.783000 -0.277379 
-0.782000 -0.282182 
-0.781000 -0.286994 
-0.780000 -0.291815 
-0.779000 -0.296644 
-0.778000 -0.301483 
-0.777000 -0.306331 
-0.776000 -0.311187 
-0.775000 -0.316053 
-0.774000 -0.320928 
-0.773000 -0.325811 
-0.772000 -0.330704 
-0.771000 -0.335606 
-0.770000 -0.340517 
-0.769000 -0.345437 
-0.768000 -0.350366 
-0.767000 -0.355305 
-0.766000 -0.360253 
-0.765000 -0.365209 
-0.764000 -0.370175 
-0.763000 -0.375151 
-0.762000 -0.380135 
-0.761000 -0.385129 
-0.760000 -0.390132 
-0.759000 -0.395144 
-0.758000 -0.400166 
-0.757000 -0.405197 
-0.756000 -0.410237 
-0.755000 -0.415287 
-0.754000 -0.420346 
-0.753000 -0.425414 
-0.752000 -0.430492 
-0.751000 -0.435579 
-0.750000 -0.440676 
-0.749000 -0.445782 
-0.748000 -0.450897 
-0.747000 -0.456022 
-0.746000 -0.461156 
-0.745000 -0.466300 
-0.744000 -0.471453 
-0.743000 -0.476616 
-0.742000 -0.481788 
-0.741000 -0.486970 
-0.740000 -0.492161 
-0.739000 -0.497362 
-0.738000 -0.502572 
-0.737000 -0.507791 
-0.736000 -0.513020 
-0.735000 -0.518259 
-0.734000 -0.523507 
-0.733000 -0.528765 
-0.732000 -0.534032 
-0.731000 -0.539309 
-0.730000 -0.544595 
-0.729000 -0.549891 
-0.728000 -0.555196 
-0.727000 -0.560510 
-0.726000 -0.565834 
-0.725000 -0.571168 
-0.724000 -0.576511 
-0.723000 -0.581864 
-0.722000 -0.587226 
-0.721000 -0.592597 
-0.720000 -0.597978 
-0.719000 -0.603368 
-0.718000 -0.608768 
-0.717000 -0.614177 
-0.716000 -0.619595 
-0.715000 -0.625023 
-0.714000 -0.630460 
-0.713000 -0.635906 
-0.712000 -0.641362 
-0.711000 -0.646827 
-0.710000 -0.652301 
-0.709000 -0.657785 
-0.708000 -0.663277 
-0.707000 -0.668779 
-0.706000 -0.674290 
-0.705000 -0.679809 
-0.704000 -0.685338 
-0.703000 -0.690876 
-0.702000 -0.696423 
-0.701000 -0.701979 
-0.700000 -0.707544 
-0.699000 -0.713117 
-0.698000 -0.718700 
-0.697000 -0.724291 
-0.696000 -0.729891 
-0.695000 -0.735499 
-0.694000 -0.741116 
-0.693000 -0.746742 
-0.692000 -0.752376 
-0.691000 -0.758019 
-0.690000 -0.763670 
-0.689000 -0.769329 
-0.688000 -0.774996 
-0.687000 -0.780672 
-0.686000 -0.786355 
-0.685000 -0.792047 
-0.684000 -0.797747 
-0.683000 -0.803454 
-0.682000 -0.809169 
-0.681000 -0.814892 
-0.680000 -0.820622 
-0.679000 -0.826360 
-0.678000 -0.832106 
-0.677000 -0.837858 
-0.676000 -0.843618 
-0.675000 -0.849385 
-0.674000 -0.855158 
-0.673000 -0.860939 
-0.672000 -0.866726 
-0.671000 -0.872520 
-0.670000 -0.878321 
-0.669000 -0.884128 
-0.668000 -0.889941 
-0.667000 -0.895760 
-0.666000 -0.901585 
-0.665000 -0.907416 
-0.664000 -0.913252 
-0.663000 -0.919094 
-0.662000 -0.924941 
-0.661000 -0.930794 
-0.660000 -0.936651 
-0.659000 -0.942513 
-0.658000 -0.948380 
-0.657000 -0.954252 
-0.656000 -0.960127 
-0.655000 -0.966007 
-0.654000 -0.971891 
-0.653000 -0.977778 
-0.652000 -0.983669 
-0.651000 -0.989562 
-0.650000 -0.995459 
-0.649000 -1.001359 
-0.648000 -1.007261 
-0.647000 -1.013166 
-0.646000 -1.019072 
-0.645000 -1.024981 
-0.644000 -1.030891 
-0.643000 -1.036802 
-0.642000 -1.042714 
-0.641000 -1.048626 
-0.640000 -1.054540 
-0.639000 -1.060453 
-0.638000 -1.066366 
-0.637000 -1.072278 
-0.636000 -1.078190 
-0.635000 -1.084100 
-0.634000 -1.090009 
-0.633000 -1.095916 
-0.632000 -1.101820 
-0.631000 -1.107722 
-0.630000 -1.113621 
-0.629000 -1.119517 
-0.628000 -1.125409 
-0.627000 -1.131296 
-0.626000 -1.137179 
-0.625000 -1.143057 
-0.624000 -1.148929 
-0.623000 -1.154795 
-0.622000 -1.160655 
-0.621000 -1.166508 
-0.620000 -1.172353 
-0.619000 -1.178191 
-0.618000 -1.184020 
-0.617000 -1.189840 
-0.616000 -1.195650 
-0.615000 -1.201451 
-0.614000 -1.207241 
-0.613000 -1.213020 
-0.612000 -1.218786 
-0.611000 -1.224541 
-0.610000 -1.230282 
-0.609000 -1.236010 
-0.608000 -1.241724 
-0.607000 -1.247422 
-0.606000 -1.253105 
-0.605000 -1.258771 
-0.604000 -1.264420 
-0.603000 -1.270052 
-0.602000 -1.275664 
-0.601000 -1.281258 
-0.600000 -1.286831 
-0.599000 -1.292383 
-0.598000 -1.297914 
-0.597000 -1.303421 
-0.596000 -1.308906 
-0.595000 -1.314366 
-0.594000 -1.319800 
-0.593000 -1.325209 
-0.592000 -1.330590 
-0.591000 -1.335943 
-0.590000 -1.341267 
-0.589000 -1.346561 
-0.588000 -1.351824 
-0.587000 -1.357054 
-0.586000 -1.362252 
-0.585000 -1.367414 
-0.584000 -1.372542 
-0.583000 -1.377632 
-0.582000 -1.382685 
-0.581000 -1.387699 
-0.580000 -1.392673 
-0.579000 -1.397605 
-0.578000 -1.402494 
-0.577000 -1.407339 
-0.576000 -1.412139 
-0.575000 -1.416892 
-0.574000 -1.421597 
-0.573000 -1.426253 
-0.572000 -1.430857 
-0.571000 -1.435409 
-0.570000 -1.439907 
-0.569000 -1.444349 
-0.568000 -1.448735 
-0.567000 -1.453062 
-0.566000 -1.457328 
-0.565000 -1.461533 
-0.564000 -1.465674 
-0.563000 -1.469750 
-0.562000 -1.473759 
-0.561000 -1.477699 
-0.560000 -1.481568 
-0.559000 -1.485365 
-0.558000 -1.489088 
-0.557000 -1.492735 
-0.556000 -1.496303 
-0.555000 -1.499792 
-0.554000 -1.503198 
-0.553000 -1.506520 
-0.552000 -1.509756 
-0.551000 -1.512904 
-0.550000 -1.515962 
-0.549000 -1.518927 
-0.548000 -1.521797 
-0.547000 -1.524571 
-0.546000 -1.527245 
-0.545000 -1.529818 
-0.544000 -1.532287 
-0.543000 -1.534650 
-0.542000 -1.536904 
-0.541000 -1.539047 
-0.540000 -1.541077 
-0.539000 -1.542992 
-0.538000 -1.544788 
-0.537000 -1.546463 
-0.536000 -1.548015 
-0.535000 -1.549441 
-0.534000 -1.550738 
-0.533000 -1.551904 
-0.532000 -1.552937 
-0.531000 -1.553832 
-0.530000 -1.554589 
-0.529000 -1.555204 
-0.528000 -1.555674 
-0.527000 -1.555997 
-0.526000 -1.556170 
-0.525000 -1.556190 
-0.524000 -1.556054 
-0.523000 -1.555760 
-0.522000 -1.555305 
-0.521000 -1.554685 
-0.520000 -1.553899 
-0.519000 -1.552943 
-0.518000 -1.551814 
-0.517000 -1.550511 
-0.516000 -1.549029 
-0.515000 -1.547366 
-0.514000 -1.545520 
-0.513000 -1.543487 
-0.512000 -1.541264 
-0.511000 -1.538850 
-0.510000 -1.536242 
-0.509000 -1.533435 
-0.508000 -1.530429 
-0.507000 -1.527221 
-0.506000 -1.523807 
-0.505000 -1.520185 
-0.504000 -1.516353 
-0.503000 -1.512308 
-0.502000 -1.508048 
-0.501000 -1.503571 
-0.500000 -1.498874 
-0.499000 -1.493954 
-0.498000 -1.488811 
-0.497000 -1.483441 
-0.496000 -1.477844 
-0.495000 -1.472016 
-0.494000 -1.465956 
-0.493000 -1.459662 
-0.492000 -1.453133 
-0.491000 -1.446366 
-0.490000 -1.439362 
-0.489000 -1.432117 
-0.488000 -1.424632 
-0.487000 -1.416904 
-0.486000 -1.408933 
-0.485000 -1.400718 
-0.484000 -1.392258 
-0.483000 -1.383553 
-0.482000 -1.374602 
-0.481000 -1.365405 
-0.480000 -1.355961 
-0.479000 -1.346271 
-0.478000 -1.336334 
-0.477000 -1.326151 
-0.476000 -1.315723 
-0.475000 -1.305050 
-0.474000 -1.294132 
-0.473000 -1.282971 
-0.472000 -1.271567 
-0.471000 -1.259923 
-0.470000 -1.248038 
-0.469000 -1.235916 
-0.468000 -1.223557 
-0.467000 -1.210964 
-0.466000 -1.198139 
-0.465000 -1.185084 
-0.464000 -1.171802 
-0.463000 -1.158294 
-0.462000 -1.144565 
-0.461000 -1.130617 
-0.460000 -1.116454 
-0.459000 -1.102077 
-0.458000 -1.087493 
-0.457000 -1.072703 
-0.456000 -1.057711 
-0.455000 -1.042523 
-0.454000 -1.027141 
-0.453000 -1.011571 
-0.452000 -0.995817 
-0.451000 -0.979883 
-0.450000 -0.963774 
-0.449000 -0.947495 
-0.448000 -0.931052 
-0.447000 -0.914449 
-0.446000 -0.897691 
-0.445000 -0.880785 
-0.444000 -0.863736 
-0.443000 -0.846501 
-0.442000 -0.829181 
-0.441000 -0.811735 
-0.440000 -0.794168 
-0.439000 -0.776487 
-0.438000 -0.758698 
-0.437000 -0.740805 
-0.436000 -0.722817 
-0.435000 -0.704739 
-0.434000 -0.686577 
-0.433000 -0.668337 
-0.432000 -0.650026 
-0.431000 -0.631650 
-0.430000 -0.613215 
-0.429000 -0.594728 
-0.428000 -0.576195 
-0.427000 -0.557622 
-0.426000 -0.539015 
-0.425000 -0.520381 
-0.424000 -0.501726 
-0.423000 -0.483056 
-0.422000 -0.464377 
-0.421000 -0.445695 
-0.420000 -0.427017 
-0.419000 -0.408347 
-0.418000 -0.389692 
-0.417000 -0.371058 
-0.416000 -0.352450 
-0.415000 -0.333874 
-0.414000 -0.315336 
-0.413000 -0.296840 
-0.412000 -0.278392 
-0.411000 -0.259997 
-0.410000 -0.241661 
-0.409000 -0.223387 
-0.408000 -0.205182 
-0.407000 -0.187050 
-0.406000 -0.168994 
-0.405000 -0.151021 
-0.404000 -0.133134 
-0.403000 -0.115337 
-0.402000 -0.097634 
-0.401000 -0.080030 
-0.400000 -0.062528 
-0.399000 -0.045132 
-0.398000 -0.027845 
-0.397000 -0.010671 
-0.396000 0.006386 
-0.395000 0.023325 
-0.394000 0.040142 
-0.393000 0.056833 
-0.392000 0.073396 
-0.391000 0.089829 
-0.390000 0.106129 
-0.389000 0.122294 
-0.388000 0.138321 
-0.387000 0.154209 
-0.386000 0.169955 
-0.385000 0.185558 
-0.384000 0.201015 
-0.383000 0.216325 
-0.382000 0.231487 
-0.381000 0.246500 
-0.380000 0.261361 
-0.379000 0.276070 
-0.378000 0.290626 
-0.377000 0.305028 
-0.376000 0.319275 
-0.375000 0.333365 
-0.374000 0.347300 
-0.373000 0.361077 
-0.372000 0.374697 
-0.371000 0.388158 
-0.370000 0.401462 
-0.369000 0.414607 
-0.368000 0.427593 
-0.367000 0.440421 
-0.366000 0.453090 
-0.365000 0.465600 
-0.364000 0.477952 
-0.363000 0.490146 
-0.362000 0.502181 
-0.361000 0.514059 
-0.360000 0.525780 
-0.359000 0.537344 
-0.358000 0.548752 
-0.357000 0.560004 
-0.356000 0.571101 
-0.355000 0.582044 
-0.354000 0.592832 
-0.353000 0.603468 
-0.352000 0.613952 
-0.351000 0.624284 
-0.350000 0.634466 
-0.349000 0.644498 
-0.348000 0.654382 
-0.347000 0.664118 
-0.346000 0.673707 
-0.345000 0.683150 
-0.344000 0.692449 
-0.343000 0.701604 
-0.342000 0.710616 
-0.341000 0.719488 
-0.340000 0.728219 
-0.339000 0.736811 
-0.338000 0.745265 
-0.337000 0.753582 
-0.336000 0.761763 
-0.335000 0.769810 
-0.334000 0.777725 
-0.333000 0.785507 
-0.332000 0.793158 
-0.331000 0.800680 
-0.330000 0.808074 
-0.329000 0.815341 
-0.328000 0.822482 
-0.327000 0.829498 
-0.326000 0.836392 
-0.325000 0.843163 
-0.324000 0.849814 
-0.323000 0.856346 
-0.322000 0.862759 
-0.321000 0.869056 
-0.320000 0.875237 
-0.319000 0.881303 
-0.318000 0.887257 
-0.317000 0.893099 
-0.316000 0.898830 
-0.315000 0.904452 
-0.314000 0.909966 
-0.313000 0.915373 
-0.312000 0.920675 
-0.311000 0.925872 
-0.310000 0.930966 
-0.309000 0.935958 
-0.308000 0.940849 
-0.307000 0.945641 
-0.306000 0.950334 
-0.305000 0.954930 
-0.304000 0.959431 
-0.303000 0.963836 
-0.302000 0.968148 
-0.301000 0.972367 
-0.300000 0.976494 
-0.299000 0.980532 
-0.298000 0.984480 
-0.297000 0.988340 
-0.296000 0.992113 
-0.295000 0.995800 
-0.294000 0.999402 
-0.293000 1.002921 
-0.292000 1.006357 
-0.291000 1.009711 
-0.290000 1.012984 
-0.289000 1.016178 
-0.288000 1.019293 
-0.287000 1.022331 
-0.286000 1.025292 
-0.285000 1.028177 
-0.284000 1.030988 
-0.283000 1.033724 
-0.282000 1.036388 
-0.281000 1.038981 
-0.280000 1.041502 
-0.279000 1.043953 
-0.278000 1.046335 
-0.277000 1.048649 
-0.276000 1.050895 
-0.275000 1.053075 
-0.274000 1.055189 
-0.273000 1.057239 
-0.272000 1.059224 
-0.271000 1.061147 
-0.270000 1.063007 
-0.269000 1.064805 
-0.268000 1.066543 
-0.267000 1.068221 
-0.266000 1.069840 
-0.265000 1.071400 
-0.264000 1.072903 
-0.263000 1.074349 
-0.262000 1.075739 
-0.261000 1.077073 
-0.260000 1.078353 
-0.259000 1.079578 
-0.258000 1.080751 
-0.257000 1.081871 
-0.256000 1.082938 
-0.255000 1.083955 
-0.254000 1.084921 
-0.253000 1.085837 
-0.252000 1.086704 
-0.251000 1.087522 
-0.250000 1.088292 
-0.249000 1.089014 
-0.248000 1.089690 
-0.247000 1.090320 
-0.246000 1.090904 
-0.245000 1.091443 
-0.244000 1.091937 
-0.243000 1.092388 
-0.242000 1.092795 
-0.241000 1.093160 
-0.240000 1.093482 
-0.239000 1.093763 
-0.238000 1.094002 
-0.237000 1.094201 
-0.236000 1.094360 
-0.235000 1.094479 
-0.234000 1.094559 
-0.233000 1.094600 
-0.232000 1.094603 
-0.231000 1.094569 
-0.230000 1.094497 
-0.229000 1.094389 
-0.228000 1.094245 
-0.227000 1.094064 
-0.226000 1.093849 
-0.225000 1.093598 
-0.224000 1.093313 
-0.223000 1.092994 
-0.222000 1.092641 
-0.221000 1.092255 
-0.220000 1.091836 
-0.219000 1.091385 
-0.218000 1.090902 
-0.217000 1.090387 
-0.216000 1.089841 
-0.215000 1.089265 
-0.214000 1.088657 
-0.213000 1.088020 
-0.212000 1.087353 
-0.211000 1.086657 
-0.210000 1.085931 
-0.209000 1.085177 
-0.208000 1.084395 
-0.207000 1.083585 
-0.206000 1.082747 
-0.205000 1.081881 
-0.204000 1.080989 
-0.203000 1.080070 
-0.202000 1.079125 
-0.201000 1.078154 
-0.200000 1.077157 
-0.199000 1.076134 
-0.198000 1.075087 
-0.197000 1.074015 
-0.196000 1.072918 
-0.195000 1.071797 
-0.194000 1.070652 
-0.193000 1.069483 
-0.192000 1.068291 
-0.191000 1.067075 
-0.190000 1.065837 
-0.189000 1.064576 
-0.188000 1.063293 
-0.187000 1.061988 
-0.186000 1.060661 
-0.185000 1.059312 
-0.184000 1.057942 
-0.183000 1.056551 
-0.182000 1.055139 
-0.181000 1.053706 
-0.180000 1.052253 
-0.179000 1.050780 
-0.178000 1.049287 
-0.177000 1.047774 
-0.176000 1.046241 
-0.175000 1.044689 
-0.174000 1.043118 
-0.173000 1.041529 
-0.172000 1.039920 
-0.171000 1.038293 
-0.170000 1.036648 
-0.169000 1.034984 
-0.168000 1.033303 
-0.167000 1.031604 
-0.166000 1.029888 
-0.165000 1.028154 
-0.164000 1.026403 
-0.163000 1.024635 
-0.162000 1.022850 
-0.161000 1.021049 
-0.160000 1.019231 
-0.159000 1.017397 
-0.158000 1.015547 
-0.157000 1.013681 
-0.156000 1.011799 
-0.155000 1.009902 
-0.154000 1.007989 
-0.153000 1.006061 
-0.152000 1.004118 
-0.151000 1.002159 
-0.150000 1.000186 
-0.149000 0.998198 
-0.148000 0.996196 
-0.147000 0.994179 
-0.146000 0.992148 
-0.145000 0.990103 
-0.144000 0.988044 
-0.143000 0.985971 
-0.142000 0.983884 
-0.141000 0.981783 
-0.140000 0.979670 
-0.139000 0.977543 
-0.138000 0.975402 
-0.137000 0.973249 
-0.136000 0.971082 
-0.135000 0.968903 
-0.134000 0.966711 
-0.133000 0.964507 
-0.132000 0.962290 
-0.131000 0.960060 
-0.130000 0.957819 
-0.129000 0.955565 
-0.128000 0.953299 
-0.127000 0.951021 
-0.126000 0.948731 
-0.125000 0.946430 
-0.124000 0.944117 
-0.123000 0.941793 
-0.122000 0.939457 
-0.121000 0.937109 
-0.120000 0.934751 
-0.119000 0.932381 
-0.118000 0.930001 
-0.117000 0.927609 
-0.116000 0.925207 
-0.115000 0.922793 
-0.114000 0.920370 
-0.113000 0.917935 
-0.112000 0.915490 
-0.111000 0.913035 
-0.110000 0.910569 
-0.109000 0.908093 
-0.108000 0.905607 
-0.107000 0.903111 
-0.106000 0.900605 
-0.105000 0.898088 
-0.104000 0.895562 
-0.103000 0.893027 
-0.102000 0.890481 
-0.101000 0.887926 
-0.100000 0.885361 
-0.099000 0.882787 
-0.098000 0.880203 
-0.097000 0.877610 
-0.096000 0.875008 
-0.095000 0.872397 
-0.094000 0.869776 
-0.093000 0.867146 
-0.092000 0.864508 
-0.091000 0.861860 
-0.090000 0.859203 
-0.089000 0.856538 
-0.088000 0.853864 
-0.087000 0.851181 
-0.086000 0.848489 
-0.085000 0.845789 
-0.084000 0.843080 
-0.083000 0.840363 
-0.082000 0.837637 
-0.081000 0.834903 
-0.080000 0.832161 
-0.079000 0.829410 
-0.078000 0.826652 
-0.077000 0.823885 
-0.076000 0.821109 
-0.075000 0.818326 
-0.074000 0.815535 
-0.073000 0.812736 
-0.072000 0.809928 
-0.071000 0.807113 
-0.070000 0.804291 
-0.069000 0.801460 
-0.068000 0.798621 
-0.067000 0.795775 
-0.066000 0.792921 
-0.065000 0.790060 
-0.064000 0.787191 
-0.063000 0.784314 
-0.062000 0.781430 
-0.061000 0.778539 
-0.060000 0.775640 
-0.059000 0.772733 
-0.058000 0.769820 
-0.057000 0.766898 
-0.056000 0.763970 
-0.055000 0.761035 
-0.054000 0.758092 
-0.053000 0.755142 
-0.052000 0.752185 
-0.051000 0.749220 
-0.050000 0.746249 
-0.049000 0.743271 
-0.048000 0.740285 
-0.047000 0.737293 
-0.046000 0.734294 
-0.045000 0.731287 
-0.044000 0.728274 
-0.043000 0.725254 
-0.042000 0.722227 
-0.041000 0.719194 
-0.040000 0.716153 
-0.039000 0.713106 
-0.038000 0.710052 
-0.037000 0.706991 
-0.036000 0.703924 
-0.035000 0.700850 
-0.034000 0.697769 
-0.033000 0.694682 
-0.032000 0.691588 
-0.031000 0.688487 
-0.030000 0.685380 
-0.029000 0.682266 
-0.028000 0.679146 
-0.027000 0.676020 
-0.026000 0.672887 
-0.025000 0.669747 
-0.024000 0.666601 
-0.023000 0.663449 
-0.022000 0.660290 
-0.021000 0.657125 
-0.020000 0.653953 
-0.019000 0.650776 
-0.018000 0.647591 
-0.017000 0.644401 
-0.016000 0.641204 
-0.015000 0.638001 
-0.014000 0.634792 
-0.013000 0.631576 
-0.012000 0.628354 
-0.011000 0.625126 
-0.010000 0.621892 
-0.009000 0.618652 
-0.008000 0.615405 
-0.007000 0.612152 
-0.006000 0.608893 
-0.005000 0.605628 
-0.004000 0.602357 
-0.003000 0.599079 
-0.002000 0.595796 
-0.001000 0.592506 
-0.000000 0.589211 
0.001000 0.585909 
0.002000 0.582601 
0.003000 0.579287 
0.004000 0.575967 
0.005000 0.572641 
0.006000 0.569309 
0.007000 0.565970 
0.008000 0.562626 
0.009000 0.559276 
0.010000 0.555920 
0.011000 0.552558 
0.012000 0.549189 
0.013000 0.545815 
0.014000 0.542435 
0.015000 0.539048 
0.016000 0.535656 
0.017000 0.532258 
0.018000 0.528854 
0.019000 0.525444 
0.020000 0.522027 
0.021000 0.518605 
0.022000 0.515177 
0.023000 0.511743 
0.024000 0.508303 
0.025000 0.504857 
0.026000 0.501405 
0.027000 0.497947 
0.028000 0.494483 
0.029000 0.491014 
0.030000 0.487538 
0.031000 0.484056 
0.032000 0.480568 
0.033000 0.477075 
0.034000 0.473575 
0.035000 0.470070 
0.036000 0.466558 
0.037000 0.463041 
0.038000 0.459517 
0.039000 0.455988 
0.040000 0.452453 
0.041000 0.448911 
0.042000 0.445364 
0.043000 0.441811 
0.044000 0.438252 
0.045000 0.434686 
0.046000 0.431115 
0.047000 0.427538 
0.048000 0.423955 
0.049000 0.420366 
0.050000 0.416771 
0.051000 0.413169 
0.052000 0.409562 
0.053000 0.405949 
0.054000 0.402330 
0.055000 0.398705 
0.056000 0.395074 
0.057000 0.391426 
0.058000 0.387782 
0.059000 0.384133 
0.060000 0.380478 
0.061000 0.376816 
0.062000 0.373149 
0.063000 0.369475 
0.064000 0.365795 
0.065000 0.362110 
0.066000 0.358418 
0.067000 0.354720 
0.068000 0.351016 
0.069000 0.347305 
0.070000 0.343589 
0.071000 0.339866 
0.072000 0.336138 
0.073000 0.332403 
0.074000 0.328662 
0.075000 0.324915 
0.076000 0.321161 
0.077000 0.317402 
0.078000 0.313636 
0.079000 0.309864 
0.080000 0.306086 
0.081000 0.302302 
0.082000 0.298511 
0.083000 0.294714 
0.084000 0.290911 
0.085000 0.287101 
0.086000 0.283285 
0.087000 0.279463 
0.088000 0.275635 
0.089000 0.271800 
0.090000 0.267959 
0.091000 0.264111 
0.092000 0.260257 
0.093000 0.256397 
0.094000 0.252531 
0.095000 0.248658 
0.096000 0.244778 
0.097000 0.240892 
0.098000 0.237000 
0.099000 0.233101 
0.100000 0.229196 
0.101000 0.225284 
0.102000 0.221366 
0.103000 0.217441 
0.104000 0.213510 
0.105000 0.209572 
0.106000 0.205627 
0.107000 0.201676 
0.108000 0.197719 
0.109000 0.193754 
0.110000 0.189783 
0.111000 0.185806 
0.112000 0.181822 
0.113000 0.177831 
0.114000 0.173833 
0.115000 0.169829 
0.116000 0.165818 
0.117000 0.161801 
0.118000 0.157776 
0.119000 0.153745 
0.120000 0.149707 
0.121000 0.145662 
0.122000 0.141610 
0.123000 0.137552 
0.124000 0.133486 
0.125000 0.129414 
0.126000 0.125335 
0.127000 0.121249 
0.128000 0.117156 
0.129000 0.113056 
0.130000 0.108949 
0.131000 0.104835 
0.132000 0.100714 
0.133000 0.096587 
0.134000 0.092452 
0.135000 0.088310 
0.136000 0.084160 
0.137000 0.080004 
0.138000 0.075841 
0.139000 0.071670 
0.140000 0.067493 
0.141000 0.063308 
0.142000 0.059116 
0.143000 0.054917 
0.144000 0.050710 
0.145000 0.046496 
0.146000 0.042275 
0.147000 0.038047 
0.148000 0.033812 
0.149000 0.029569 
0.150000 0.025318 
0.151000 0.021060 
0.152000 0.016795 
0.153000 0.012523 
0.154000 0.008243 
0.155000 0.003955 
0.156000 -0.000340 
0.157000 -0.004642 
0.158000 -0.008952 
0.159000 -0.013270 
0.160000 -0.017595 
0.161000 -0.021928 
0.162000 -0.026268 
0.163000 -0.030616 
0.164000 -0.034972 
0.165000 -0.039335 
0.166000 -0.043706 
0.167000 -0.048085 
0.168000 -0.052471 
0.169000 -0.056866 
0.170000 -0.061268 
0.171000 -0.065678 
0.172000 -0.070095 
0.173000 -0.074521 
0.174000 -0.078955 
0.175000 -0.083396 
0.176000 -0.087845 
0.177000 -0.092303 
0.178000 -0.096768 
0.179000 -0.101241 
0.180000 -0.105723 
0.181000 -0.110212 
0.182000 -0.114709 
0.183000 -0.119215 
0.184000 -0.123728 
0.185000 -0.128250 
0.186000 -0.132780 
0.187000 -0.137318 
0.188000 -0.141865 
0.189000 -0.146419 
0.190000 -0.150982 
0.191000 -0.155553 
0.192000 -0.160132 
0.193000 -0.164720 
0.194000 -0.169316 
0.195000 -0.173920 
0.196000 -0.178533 
0.197000 -0.183154 
0.198000 -0.187784 
0.199000 -0.192422 
0.200000 -0.197069 
0.201000 -0.201724 
0.202000 -0.206387 
0.203000 -0.211059 
0.204000 -0.215740 
0.205000 -0.220429 
0.206000 -0.225127 
0.207000 -0.229834 
0.208000 -0.234549 
0.209000 -0.239273 
0.210000 -0.244005 
0.211000 -0.248747 
0.212000 -0.253497 
0.213000 -0.258256 
0.214000 -0.263023 
0.215000 -0.267800 
0.216000 -0.272585 
0.217000 -0.277379 
0.218000 -0.282182 
0.219000 -0.286994 
0.220000 -0.291815 
0.221000 -0.296644 
0.222000 -0.301483 
0.223000 -0.306331 
0.224000 -0.311187 
0.225000 -0.316053 
0.226000 -0.320928 
0.227000 -0.325811 
0.228000 -0.330704 
0.229000 -0.335606 
0.230000 -0.340517 
0.231000 -0.345437 
0.232000 -0.350366 
0.233000 -0.355305 
0.234000 -0.360253 
0.235000 -0.365209 
0.236000 -0.370175 
0.237000 -0.375151 
0.238000 -0.380135 
0.239000 -0.385129 
0.240000 -0.390132 
0.241000 -0.395144 
0.242000 -0.400166 
0.243000 -0.405197 
0.244000 -0.410237 
0.245000 -0.415287 
0.246000 -0.420346 
0.247000 -0.425414 
0.248000 -0.430492 
0.249000 -0.435579 
0.250000 -0.440676 
0.251000 -0.445782 
0.252000 -0.450897 
0.253000 -0.456022 
0.254000 -0.461156 
0.255000 -0.466300 
0.256000 -0.471453 
0.257000 -0.476616 
0.258000 -0.481788 
0.259000 -0.486970 
0.260000 -0.492161 
0.261000 -0.497362 
0.262000 -0.502572 
0.263000 -0.507791 
0.264000 -0.513020 
0.265000 -0.518259 
0.266000 -0.523507 
0.267000 -0.528765 
0.268000 -0.534032 
0.269000 -0.539309 
0.270000 -0.544595 
0.271000 -0.549891 
0.272000 -0.555196 
0.273000 -0.560510 
0.274000 -0.565834 
0.275000 -0.571168 
0.276000 -0.576511 
0.277000 -0.581864 
0.278000 -0.587226 
0.279000 -0.592597 
0.280000 -0.597978 
0.281000 -0.603368 
0.282000 -0.608768 
0.283000 -0.614177 
0.284000 -0.619595 
0.285000 -0.625023 
0.286000 -0.630460 
0.287000 -0.635906 
0.288000 -0.641362 
0.289000 -0.646827 
0.290000 -0.652301 
0.291000 -0.657785 
0.292000 -0.663277 
0.293000 -0.668779 
0.294000 -0.674290 
0.295000 -0.679809 
0.296000 -0.685338 
0.297000 -0.690876 
0.298000 -0.696423 
0.299000 -0.701979 
0.300000 -0.707544 
0.301000 -0.713117 
0.302000 -0.718700 
0.303000 -0.724291 
0.304000 -0.729891 
0.305000 -0.735499 
0.306000 -0.741116 
0.307000 -0.746742 
0.308000 -0.752376 
0.309000 -0.758019 
0.310000 -0.763670 
0.311000 -0.769329 
0.312000 -0.774996 
0.313000 -0.780672 
0.314000 -0.786355 
0.315000 -0.792047 
0.316000 -0.797747 
0.317000 -0.803454 
0.318000 -0.809169 
0.319000 -0.814892 
0.320000 -0.820622 
0.321000 -0.826360 
0.322000 -0.832106 
0.323000 -0.837858 
0.324000 -0.843618 
0.325000 -0.849385 
0.326000 -0.855158 
0.327000 -0.860939 
0.328000 -0.866726 
0.329000 -0.872520 
0.330000 -0.878321 
0.331000 -0.884128 
0.332000 -0.889941 
0.333000 -0.895760 
0.334000 -0.901585 
0.335000 -0.907416 
0.336000 -0.913252 
0.337000 -0.919094 
0.338000 -0.924941 
0.339000 -0.930794 
0.340000 -0.936651 
0.341000 -0.942513 
0.342000 -0.948380 
0.343000 -0.954252 
0.344000 -0.960127 
0.345000 -0.966007 
0.346000 -0.971891 
0.347000 -0.977778 
0.348000 -0.983669 
0.349000 -0.989562 
0.350000 -0.995459 
0.351000 -1.001359 
0.352000 -1.007261 
0.353000 -1.013166 
0.354000 -1.019072 
0.355000 -1.024981 
0.356000 -1.030891 
0.357000 -1.036802 
0.358000 -1.042714 
0.359000 -1.048626 
0.360000 -1.054540 
0.361000 -1.060453 
0.362000 -1.066366 
0.363000 -1.072278 
0.364000 -1.078190 
0.365000 -1.084100 
0.366000 -1.090009 
0.367000 -1.095916 
0.368000 -1.101820 
0.369000 -1.107722 
0.370000 -1.113621 
0.371000 -1.119517 
0.372000 -1.125409 
0.373000 -1.131296 
0.374000 -1.137179 
0.375000 -1.143057 
0.376000 -1.148929 
0.377000 -1.154795 
0.378000 -1.160655 
0.379000 -1.166508 
0.380000 -1.172353 
0.381000 -1.178191 
0.382000 -1.184020 
0.383000 -1.189840 
0.384000 -1.195650 
0.385000 -1.201451 
0.386000 -1.207241 
0.387000 -1.213020 
0.388000 -1.218786 
0.389000 -1.224541 
0.390000 -1.230282 
0.391000 -1.236010 
0.392000 -1.241724 
0.393000 -1.247422 
0.394000 -1.253105 
0.395000 -1.258771 
0.396000 -1.264420 
0.397000 -1.270052 
0.398000 -1.275664 
0.399000 -1.281258 
0.400000 -1.286831 
0.401000 -1.292383 
0.402000 -1.297914 
0.403000 -1.303421 
0.404000 -1.308906 
0.405000 -1.314366 
0.406000 -1.319800 
0.407000 -1.325209 
0.408000 -1.330590 
0.409000 -1.335943 
0.410000 -1.341267 
0.411000 -1.346561 
0.412000 -1.351824 
0.413000 -1.357054 
0.414000 -1.362252 
0.415000 -1.367414 
0.416000 -1.372542 
0.417000 -1.377632 
0.418000 -1.382685 
0.419000 -1.387699 
0.420000 -1.392673 
0.421000 -1.397605 
0.422000 -1.402494 
0.423000 -1.407339 
0.424000 -1.412139 
0.425000 -1.416892 
0.426000 -1.421597 
0.427000 -1.426253 
0.428000 -1.430857 
0.429000 -1.435409 
0.430000 -1.439907 
0.431000 -1.444349 
0.432000 -1.448735 
0.433000 -1.453062 
0.434000 -1.457328 
0.435000 -1.461533 
0.436000 -1.465674 
0.437000 -1.469750 
0.438000 -1.473759 
0.439000 -1.477699 
0.440000 -1.481568 
0.441000 -1.485365 
0.442000 -1.489088 
0.443000 -1.492735 
0.444000 -1.496303 
0.445000 -1.499792 
0.446000 -1.503198 
0.447000 -1.506520 
0.448000 -1.509756 
0.449000 -1.512904 
0.450000 -1.515962 
0.451000 -1.518927 
0.452000 -1.521797 
0.453000 -1.524571 
0.454000 -1.527245 
0.455000 -1.529818 
0.456000 -1.532287 
0.457000 -1.534650 
0.458000 -1.536904 
0.459000 -1.539047 
0.460000 -1.541077 
0.461000 -1.542992 
0.462000 -1.544788 
0.463000 -1.546463 
0.464000 -1.548015 
0.465000 -1.549441 
0.466000 -1.550738 
0.467000 -1.551904 
0.468000 -1.552937 
0.469000 -1.553832 
0.470000 -1.554589 
0.471000 -1.555204 
0.472000 -1.555674 
0.473000 -1.555997 
0.474000 -1.556170 
0.475000 -1.556190 
0.476000 -1.556054 
0.477000 -1.555760 
0.478000 -1.555305 
0.479000 -1.554685 
0.480000 -1.553899 
0.481000 -1.552943 
0.482000 -1.551814 
0.483000 -1.550511 
0.484000 -1.549029 
0.485000 -1.547366 
0.486000 -1.545520 
0.487000 -1.543487 
0.488000 -1.541264 
0.489000 -1.538850 
0.490000 -1.536242 
0.491000 -1.533435 
0.492000 -1.530429 
0.493000 -1.527221 
0.494000 -1.523807 
0.495000 -1.520185 
0.496000 -1.516353 
0.497000 -1.512308 
0.498000 -1.508048 
0.499000 -1.503571 
0.500000 -1.498874 
0.501000 -1.493954 
0.502000 -1.488811 
0.503000 -1.483441 
0.504000 -1.477844 
0.505000 -1.472016 
0.506000 -1.465956 
0.507000 -1.459662 
0.508000 -1.453133 
0.509000 -1.446366 
0.510000 -1.439362 
0.511000 -1.432117 
0.512000 -1.424632 
0.513000 -1.416904 
0.514000 -1.408933 
0.515000 -1.400718 
0.516000 -1.392258 
0.517000 -1.383553 
0.518000 -1.374602 
0.519000 -1.365405 
0.520000 -1.355961 
0.521000 -1.346271 
0.522000 -1.336334 
0.523000 -1.326151 
0.524000 -1.315723 
0.525000 -1.305050 
0.526000 -1.294132 
0.527000 -1.282971 
0.528000 -1.271567 
0.529000 -1.259923 
0.530000 -1.248038 
0.531000 -1.235916 
0.532000 -1.223557 
0.533000 -1.210964 
0.534000 -1.198139 
0.535000 -1.185084 
0.536000 -1.171802 
0.537000 -1.158294 
0.538000 -1.144565 
0.539000 -1.130617 
0.540000 -1.116454 
0.541000 -1.102077 
0.542000 -1.087493 
0.543000 -1.072703 
0.544000 -1.057711 
0.545000 -1.042523 
0.546000 -1.027141 
0.547000 -1.011571 
0.548000 -0.995817 
0.549000 -0.979883 
0.550000 -0.963774 
0.551000 -0.947495 
0.552000 -0.931052 
0.553000 -0.914449 
0.554000 -0.897691 
0.555000 -0.880785 
0.556000 -0.863736 
0.557000 -0.846501 
0.558000 -0.829181 
0.559000 -0.811735 
0.560000 -0.794168 
0.561000 -0.776487 
0.562000 -0.758698 
0.563000 -0.740805 
0.564000 -0.722817 
0.565000 -0.704739 
0.566000 -0.686577 
0.567000 -0.668337 
0.568000 -0.650026 
0.569000 -0.631650 
0.570000 -0.613215 
0.571000 -0.594728 
0.572000 -0.576195 
0.573000 -0.557622 
0.574000 -0.539015 
0.575000 -0.520381 
0.576000 -0.501726 
0.577000 -0.483056 
0.578000 -0.464377 
0.579000 -0.445695 
0.580000 -0.427017 
0.581000 -0.408347 
0.582000 -0.389692 
0.583000 -0.371058 
0.584000 -0.352450 
0.585000 -0.333874 
0.586000 -0.315336 
0.587000 -0.296840 
0.588000 -0.278392 
0.589000 -0.259997 
0.590000 -0.241661 
0.591000 -0.223387 
0.592000 -0.205182 
0.593000 -0.187050 
0.594000 -0.168994 
0.595000 -0.151021 
0.596000 -0.133134 
0.597000 -0.115337 
0.598000 -0.097634 
0.599000 -0.080030 
0.600000 -0.062528 
0.601000 -0.045132 
0.602000 -0.027845 
0.603000 -0.010671 
0.604000 0.006386 
0.605000 0.023325 
0.606000 0.040142 
0.607000 0.056833 
0.608000 0.073396 
0.609000 0.089829 
0.610000 0.106129 
0.611000 0.122294 
0.612000 0.138321 
0.613000 0.154209 
0.614000 0.169955 
0.615000 0.185558 
0.616000 0.201015 
0.617000 0.216325 
0.618000 0.231487 
0.619000 0.246500 
0.620000 0.261361 
0.621000 0.276070 
0.622000 0.290626 
0.623000 0.305028 
0.624000 0.319275 
0.625000 0.333365 
0.626000 0.347300 
0.627000 0.361077 
0.628000 0.374697 
0.629000 0.388158 
0.630000 0.401462 
0.631000 0.414607 
0.632000 0.427593 
0.633000 0.440421 
0.634000 0.453090 
0.635000 0.465600 
0.636000 0.477952 
0.637000 0.490146 
0.638000 0.502181 
0.639000 0.514059 
0.640000 0.525780 
0.641000 0.537344 
0.642000 0.548752 
0.643000 0.560004 
0.644000 0.571101 
0.645000 0.582044 
0.646000 0.592832 
0.647000 0.603468 
0.648000 0.613952 
0.649000 0.624284 
0.650000 0.634466 
0.651000 0.644498 
0.652000 0.654382 
0.653000 0.664118 
0.654000 0.673707 
0.655000 0.683150 
0.656000 0.692449 
0.657000 0.701604 
0.658000 0.710616 
0.659000 0.719488 
0.660000 0.728219 
0.661000 0.736811 
0.662000 0.745265 
0.663000 0.753582 
0.664000 0.761763 
0.665000 0.769810 
0.666000 0.777725 
0.667000 0.785507 
0.668000 0.793158 
0.669000 0.800680 
0.670000 0.808074 
0.671000 0.815341 
0.672000 0.822482 
0.673000 0.829498 
0.674000 0.836392 
0.675000 0.843163 
0.676000 0.849814 
0.677000 0.856346 
0.678000 0.862759 
0.679000 0.869056 
0.680000 0.875237 
0.681000 0.881303 
0.682000 0.887257 
0.683000 0.893099 
0.684000 0.898830 
0.685000 0.904452 
0.686000 0.909966 
0.687000 0.915373 
0.688000 0.920675 
0.689000 0.925872 
0.690000 0.930966 
0.691000 0.935958 
0.692000 0.940849 
0.693000 0.945641 
0.694000 0.950334 
0.695000 0.954930 
0.696000 0.959431 
0.697000 0.963836 
0.698000 0.968148 
0.699000 0.972367 
0.700000 0.976494 
0.701000 0.980532 
0.702000 0.984480 
0.703000 0.988340 
0.704000 0.992113 
0.705000 0.995800 
0.706000 0.999402 
0.707000 1.002921 
0.708000 1.006357 
0.709000 1.009711 
0.710000 1.012984 
0.711000 1.016178 
0.712000 1.019293 
0.713000 1.022331 
0.714000 1.025292 
0.715000 1.028177 
0.716000 1.030988 
0.717000 1.033724 
0.718000 1.036388 
0.719000 1.038981 
0.720000 1.041502 
0.721000 1.043953 
0.722000 1.046335 
0.723000 1.048649 
0.724000 1.050895 
0.725000 1.053075 
0.726000 1.055189 
0.727000 1.057239 
0.728000 1.059224 
0.729000 1.061147 
0.730000 1.063007 
0.731000 1.064805 
0.732000 1.066543 
0.733000 1.068221 
0.734000 1.069840 
0.735000 1.071400 
0.736000 1.072903 
0.737000 1.074349 
0.738000 1.075739 
0.739000 1.077073 
0.740000 1.078353 
0.741000 1.079578 
0.742000 1.080751 
0.743000 1.081871 
0.744000 1.082938 
0.745000 1.083955 
0.746000 1.084921 
0.747000 1.085837 
0.748000 1.086704 
0.749000 1.087522 
0.750000 1.088292 
0.751000 1.089014 
0.752000 1.089690 
0.753000 1.090320 
0.754000 1.090904 
0.755000 1.091443 
0.756000 1.091937 
0.757000 1.092388 
0.758000 1.092795 
0.759000 1.093160 
0.760000 1.093482 
0.761000 1.093763 
0.762000 1.094002 
0.763000 1.094201 
0.764000 1.094360 
0.765000 1.094479 
0.766000 1.094559 
0.767000 1.094600 
0.768000 1.094603 
0.769000 1.094569 
0.770000 1.094497 
0.771000 1.094389 
0.772000 1.094245 
0.773000 1.094064 
0.774000 1.093849 
0.775000 1.093598 
0.776000 1.093313 
0.777000 1.092994 
0.778000 1.092641 
0.779000 1.092255 
0.780000 1.091836 
0.781000 1.091385 
0.782000 1.090902 
0.783000 1.090387 
0.784000 1.089841 
0.785000 1.089265 
0.786000 1.088657 
0.787000 1.088020 
0.788000 1.087353 
0.789000 1.086657 
0.790000 1.085931 
0.791000 1.085177 
0.792000 1.084395 
0.793000 1.083585 
0.794000 1.082747 
0.795000 1.081881 
0.796000 1.080989 
0.797000 1.080070 
0.798000 1.079125 
0.799000 1.078154 
0.800000 1.077157 
0.801000 1.076134 
0.802000 1.075087 
0.803000 1.074015 
0.804000 1.072918 
0.805000 1.071797 
0.806000 1.070652 
0.807000 1.069483 
0.808000 1.068291 
0.809000 1.067075 
0.810000 1.065837 
0.811000 1.064576 
0.812000 1.063293 
0.813000 1.061988 
0.814000 1.060661 
0.815000 1.059312 
0.816000 1.057942 
0.817000 1.056551 
0.818000 1.055139 
0.819000 1.053706 
0.820000 1.052253 
0.821000 1.050780 
0.822000 1.049287 
0.823000 1.047774 
0.824000 1.046241 
0.825000 1.044689 
0.826000 1.043118 
0.827000 1.041529 
0.828000 1.039920 
0.829000 1.038293 
0.830000 1.036648 
0.831000 1.034984 
0.832000 1.033303 
0.833000 1.031604 
0.834000 1.029888 
0.835000 1.028154 
0.836000 1.026403 
0.837000 1.024635 
0.838000 1.022850 
0.839000 1.021049 
0.840000 1.019231 
0.841000 1.017397 
0.842000 1.015547 
0.843000 1.013681 
0.844000 1.011799 
0.845000 1.009902 
0.846000 1.007989 
0.847000 1.006061 
0.848000 1.004118 
0.849000 1.002159 
0.850000 1.000186 
0.851000 0.998198 
0.852000 0.996196 
0.853000 0.994179 
0.854000 0.992148 
0.855000 0.990103 
0.856000 0.988044 
0.857000 0.985971 
0.858000 0.983884 
0.859000 0.981783 
0.860000 0.979670 
0.861000 0.977543 
0.862000 0.975402 
0.863000 0.973249 
0.864000 0.971082 
0.865000 0.968903 
0.866000 0.966711 
0.867000 0.964507 
0.868000 0.962290 
0.869000 0.960060 
0.870000 0.957819 
0.871000 0.955565 
0.872000 0.953299 
0.873000 0.951021 
0.874000 0.948731 
0.875000 0.946430 
0.876000 0.944117 
0.877000 0.941793 
0.878000 0.939457 
0.879000 0.937109 
0.880000 0.934751 
0.881000 0.932381 
0.882000 0.930001 
0.883000 0.927609 
0.884000 0.925207 
0.885000 0.922793 
0.886000 0.920370 
0.887000 0.917935 
0.888000 0.915490 
0.889000 0.913035 
0.890000 0.910569 
0.891000 0.908093 
0.892000 0.905607 
0.893000 0.903111 
0.894000 0.900605 
0.895000 0.898088 
0.896000 0.895562 
0.897000 0.893027 
0.898000 0.890481 
0.899000 0.887926 
0.900000 0.885361 
0.901000 0.882787 
0.902000 0.880203 
0.903000 0.877610 
0.904000 0.875008 
0.905000 0.872397 
0.906000 0.869776 
0.907000 0.867146 
0.908000 0.864508 
0.909000 0.861860 
0.910000 0.859203 
0.911000 0.856538 
0.912000 0.853864 
0.913000 0.851181 
0.914000 0.848489 
0.915000 0.845789 
0.916000 0.843080 
0.917000 0.840363 
0.918000 0.837637 
0.919000 0.834903 
0.920000 0.832161 
0.921000 0.829410 
0.922000 0.826652 
0.923000 0.823885 
0.924000 0.821109 
0.925000 0.818326 
0.926000 0.815535 
0.927000 0.812736 
0.928000 0.809928 
0.929000 0.807113 
0.930000 0.804291 
0.931000 0.801460 
0.932000 0.798621 
0.933000 0.795775 
0.934000 0.792921 
0.935000 0.790060 
0.936000 0.787191 
0.937000 0.784314 
0.938000 0.781430 
0.939000 0.778539 
0.940000 0.775640 
0.941000 0.772733 
0.942000 0.769820 
0.943000 0.766898 
0.944000 0.763970 
0.945000 0.761035 
0.946000 0.758092 
0.947000 0.755142 
0.948000 0.752185 
0.949000 0.749220 
0.950000 0.746249 
0.951000 0.743271 
0.952000 0.740285 
0.953000 0.737293 
0.954000 0.734294 
0.955000 0.731287 
0.956000 0.728274 
0.957000 0.725254 
0.958000 0.722227 
0.959000 0.719194 
0.960000 0.716153 
0.961000 0.713106 
0.962000 0.710052 
0.963000 0.706991 
0.964000 0.703924 
0.965000 0.700850 
0.966000 0.697769 
0.967000 0.694682 
0.968000 0.691588 
0.969000 0.688487 
0.970000 0.685380 
0.971000 0.682266 
0.972000 0.679146 
0.973000 0.676020 
0.974000 0.672887 
0.975000 0.669747 
0.976000 0.666601 
0.977000 0.663449 
0.978000 0.660290 
0.979000 0.657125 
0.980000 0.653953 
0.981000 0.650776 
0.982000 0.647591 
0.983000 0.644401 
0.984000 0.641204 
0.985000 0.638001 
0.986000 0.634792 
0.987000 0.631576 
0.988000 0.628354 
0.989000 0.625126 
0.990000 0.621892 
0.991000 0.618652 
0.992000 0.615405 
0.993000 0.612152 
0.994000 0.608893 
0.995000 0.605628 
0.996000 0.602357 
0.997000 0.599079 
0.998000 0.595796 
0.999000 0.592506 
1.000000 0.589211 
1.001000 0.585909 
1.002000 0.582601 
1.003000 0.579287 
1.004000 0.575967 
1.005000 0.572641 
1.006000 0.569309 
1.007000 0.565970 
1.008000 0.562626 
1.009000 0.559276 
1.010000 0.555920 
1.011000 0.552558 
1.012000 0.549189 
1.013000 0.545815 
1.014000 0.542435 
1.015000 0.539048 
1.016000 0.535656 
1.017000 0.532258 
1.018000 0.528854 
1.019000 0.525444 
1.020000 0.522027 
1.021000 0.518605 
1.022000 0.515177 
1.023000 0.511743 
1.024000 0.508303 
1.025000 0.504857 
1.026000 0.501405 
1.027000 0.497947 
1.028000 0.494483 
1.029000 0.491014 
1.030000 0.487538 
1.031000 0.484056 
1.032000 0.480568 
1.033000 0.477075 
1.034000 0.473575 
1.035000 0.470070 
1.036000 0.466558 
1.037000 0.463041 
1.038000 0.459517 
1.039000 0.455988 
1.040000 0.452453 
1.041000 0.448911 
1.042000 0.445364 
1.043000 0.441811 
1.044000 0.438252 
1.045000 0.434686 
1.046000 0.431115 
1.047000 0.427538 
1.048000 0.423955 
1.049000 0.420366 
1.050000 0.416771 
1.051000 0.413169 
1.052000 0.409562 
1.053000 0.405949 
1.054000 0.402330 
1.055000 0.398705 
1.056000 0.395074 
1.057000 0.391426 
1.058000 0.387782 
1.059000 0.384133 
1.060000 0.380478 
1.061000 0.376816 
1.062000 0.373149 
1.063000 0.369475 
1.064000 0.365795 
1.065000 0.362110 
1.066000 0.358418 
1.067000 0.354720 
1.068000 0.351016 
1.069000 0.347305 
1.070000 0.343589 
1.071000 0.339866 
1.072000 0.336138 
1.073000 0.332403 
1.074000 0.328662 
1.075000 0.324915 
1.076000 0.321161 
1.077000 0.317402 
1.078000 0.313636 
1.079000 0.309864 
1.080000 0.306086 
1.081000 0.302302 
1.082000 0.298511 
1.083000 0.294714 
1.084000 0.290911 
1.085000 0.287101 
1.086000 0.283285 
1.087000 0.279463 
1.088000 0.275635 
1.089000 0.271800 
1.090000 0.267959 
1.091000 0.264111 
1.092000 0.260257 
1.093000 0.256397 
1.094000 0.252531 
1.095000 0.248658 
1.096000 0.244778 
1.097000 0.240892 
1.098000 0.237000 
1.099000 0.233101 
1.100000 0.229196 
1.101000 0.225284 
1.102000 0.221366 
1.103000 0.217441 
1.104000 0.213510 
1.105000 0.209572 
1.106000 0.205627 
1.107000 0.201676 
1.108000 0.197719 
1.109000 0.193754 
1.110000 0.189783 
1.111000 0.185806 
1.112000 0.181822 
1.113000 0.177831 
1.114000 0.173833 
1.115000 0.169829 
1.116000 0.165818 
1.117000 0.161801 
1.118000 0.157776 
1.119000 0.153745 
1.120000 0.149707 
1.121000 0.145662 
1.122000 0.141610 
1.123000 0.137552 
1.124000 0.133486 
1.125000 0.129414 
1.126000 0.125335 
1.127000 0.121249 
1.128000 0.117156 
1.129000 0.113056 
1.130000 0.108949 
1.131000 0.104835 
1.132000 0.100714 
1.133000 0.096587 
1.134000 0.092452 
1.135000 0.088310 
1.136000 0.084160 
1.137000 0.080004 
1.138000 0.075841 
1.139000 0.071670 
1.140000 0.067493 
1.141000 0.063308 
1.142000 0.059116 
1.143000 0.054917 
1.144000 0.050710 
1.145000 0.046496 
1.146000 0.042275 
1.147000 0.038047 
1.148000 0.033812 
1.149000 0.029569 
1.150000 0.025318 
1.151000 0.021060 
1.152000 0.016795 
1.153000 0.012523 
1.154000 0.008243 
1.155000 0.003955 
1.156000 -0.000340 
1.157000 -0.004642 
1.158000 -0.008952 
1.159000 -0.013270 
1.160000 -0.017595 
1.161000 -0.021928 
1.162000 -0.026268 
1.163000 -0.030616 
1.164000 -0.034972 
1.165000 -0.039335 
1.166000 -0.043706 
1.167000 -0.048085 
1.168000 -0.052471 
1.169000 -0.056866 
1.170000 -0.061268 
1.171000 -0.065678 
1.172000 -0.070095 
1.173000 -0.074521 
1.174000 -0.078955 
1.175000 -0.083396 
1.176000 -0.087845 
1.177000 -0.092303 
1.178000 -0.096768 
1.179000 -0.101241 
1.180000 -0.105723 
1.181000 -0.110212 
1.182000 -0.114709 
1.183000 -0.119215 
1.184000 -0.123728 
1.185000 -0.128250 
1.186000 -0.132780 
1.187000 -0.137318 
1.188000 -0.141865 
1.189000 -0.146419 
1.190000 -0.150982 
1.191000 -0.155553 
1.192000 -0.160132 
1.193000 -0.164720 
1.194000 -0.169316 
1.195000 -0.173920 
1.196000 -0.178533 
1.197000 -0.183154 
1.198000 -0.187784 
1.199000 -0.192422 
1.200000 -0.197069 
1.201000 -0.201724 
1.202000 -0.206387 
1.203000 -0.211059 
1.204000 -0.215740 
1.205000 -0.220429 
1.206000 -0.225127 
1.207000 -0.229834 
1.208000 -0.234549 
1.209000 -0.239273 
1.210000 -0.244005 
1.211000 -0.248747 
1.212000 -0.253497 
1.213000 -0.258256 
1.214000 -0.263023 
1.215000 -0.267800 
1.216000 -0.272585 
1.217000 -0.277379 
1.218000 -0.282182 
1.219000 -0.286994 
1.220000 -0.291815 
1.221000 -0.296644 
1.222000 -0.301483 
1.223000 -0.306331 
1.224000 -0.311187 
1.225000 -0.316053 
1.226000 -0.320928 
1.227000 -0.325811 
1.228000 -0.330704 
1.229000 -0.335606 
1.230000 -0.340517 
1.231000 -0.345437 
1.232000 -0.350366 
1.233000 -0.355305 
1.234000 -0.360253 
1.235000 -0.365209 
1.236000 -0.370175 
1.237000 -0.375151 
1.238000 -0.380135 
1.239000 -0.385129 
1.240000 -0.390132 
1.241000 -0.395144 
1.242000 -0.400166 
1.243000 -0.405197 
1.244000 -0.410237 
1.245000 -0.415287 
1.246000 -0.420346 
1.247000 -0.425414 
1.248000 -0.430492 
1.249000 -0.435579 
1.250000 -0.440676 
1.251000 -0.445782 
1.252000 -0.450897 
1.253000 -0.456022 
1.254000 -0.461156 
1.255000 -0.466300 
1.256000 -0.471453 
1.257000 -0.476616 
1.258000 -0.481788 
1.259000 -0.486970 
1.260000 -0.492161 
1.261000 -0.497362 
1.262000 -0.502572 
1.263000 -0.507791 
1.264000 -0.513020 
1.265000 -0.518259 
1.266000 -0.523507 
1.267000 -0.528765 
1.268000 -0.534032 
1.269000 -0.539309 
1.270000 -0.544595 
1.271000 -0.549891 
1.272000 -0.555196 
1.273000 -0.560510 
1.274000 -0.565834 
1.275000 -0.571168 
1.276000 -0.576511 
1.277000 -0.581864 
1.278000 -0.587226 
1.279000 -0.592597 
1.280000 -0.597978 
1.281000 -0.603368 
1.282000 -0.608768 
1.283000 -0.614177 
1.284000 -0.619595 
1.285000 -0.625023 
1.286000 -0.630460 
1.287000 -0.635906 
1.288000 -0.641362 
1.289000 -0.646827 
1.290000 -0.652301 
1.291000 -0.657785 
1.292000 -0.663277 
1.293000 -0.668779 
1.294000 -0.674290 
1.295000 -0.679809 
1.296000 -0.685338 
1.297000 -0.690876 
1.298000 -0.696423 
1.299000 -0.701979 
1.300000 -0.707544 
1.301000 -0.713117 
1.302000 -0.718700 
1.303000 -0.724291 
1.304000 -0.729891 
1.305000 -0.735499 
1.306000 -0.741116 
1.307000 -0.746742 
1.308000 -0.752376 
1.309000 -0.758019 
1.310000 -0.763670 
1.311000 -0.769329 
1.312000 -0.774996 
1.313000 -0.780672 
1.314000 -0.786355 
1.315000 -0.792047 
1.316000 -0.797747 
1.317000 -0.803454 
1.318000 -0.809169 
1.319000 -0.814892 
1.320000 -0.820622 
1.321000 -0.826360 
1.322000 -0.832106 
1.323000 -0.837858 
1.324000 -0.843618 
1.325000 -0.849385 
1.326000 -0.855158 
1.327000 -0.860939 
1.328000 -0.866726 
1.329000 -0.872520 
1.330000 -0.878321 
1.331000 -0.884128 
1.332000 -0.889941 
1.333000 -0.895760 
1.334000 -0.901585 
1.335000 -0.907416 
1.336000 -0.913252 
1.337000 -0.919094 
1.338000 -0.924941 
1.339000 -0.930794 
1.340000 -0.936651 
1.341000 -0.942513 
1.342000 -0.948380 
1.343000 -0.954252 
1.344000 -0.960127 
1.345000 -0.966007 
1.346000 -0.971891 
1.347000 -0.977778 
1.348000 -0.983669 
1.349000 -0.989562 
1.350000 -0.995459 
1.351000 -1.001359 
1.352000 -1.007261 
1.353000 -1.013166 
1.354000 -1.019072 
1.355000 -1.024981 
1.356000 -1.030891 
1.357000 -1.036802 
1.358000 -1.042714 
1.359000 -1.048626 
1.360000 -1.054540 
1.361000 -1.060453 
1.362000 -1.066366 
1.363000 -1.072278 
1.364000 -1.078190 
1.365000 -1.084100 
1.366000 -1.090009 
1.367000 -1.095916 
1.368000 -1.101820 
1.369000 -1.107722 
1.370000 -1.113621 
1.371000 -1.119517 
1.372000 -1.125409 
1.373000 -1.131296 
1.374000 -1.137179 
1.375000 -1.143057 
1.376000 -1.148929 
1.377000 -1.154795 
1.378000 -1.160655 
1.379000 -1.166508 
1.380000 -1.172353 
1.381000 -1.178191 
1.382000 -1.184020 
1.383000 -1.189840 
1.384000 -1.195650 
1.385000 -1.201451 
1.386000 -1.207241 
1.387000 -1.213020 
1.388000 -1.218786 
1.389000 -1.224541 
1.390000 -1.230282 
1.391000 -1.236010 
1.392000 -1.241724 
1.393000 -1.247422 
1.394000 -1.253105 
1.395000 -1.258771 
1.396000 -1.264420 
1.397000 -1.270052 
1.398000 -1.275664 
1.399000 -1.281258 
1.400000 -1.286831 
1.401000 -1.292383 
1.402000 -1.297914 
1.403000 -1.303421 
1.404000 -1.308906 
1.405000 -1.314366 
1.406000 -1.319800 
1.407000 -1.325209 
1.408000 -1.330590 
1.409000 -1.335943 
1.410000 -1.341267 
1.411000 -1.346561 
1.412000 -1.351824 
1.413000 -1.357054 
1.414000 -1.362252 
1.415000 -1.367414 
1.416000 -1.372542 
1.417000 -1.377632 
1.418000 -1.382685 
1.419000 -1.387699 
1.420000 -1.392673 
1.421000 -1.397605 
1.422000 -1.402494 
1.423000 -1.407339 
1.424000 -1.412139 
1.425000 -1.416892 
1.426000 -1.421597 
1.427000 -1.426253 
1.428000 -1.430857 
1.429000 -1.435409 
1.430000 -1.439907 
1.431000 -1.444349 
1.432000 -1.448735 
1.433000 -1.453062 
1.434000 -1.457328 
1.435000 -1.461533 
1.436000 -1.465674 
1.437000 -1.469750 
1.438000 -1.473759 
1.439000 -1.477699 
1.440000 -1.481568 
1.441000 -1.485365 
1.442000 -1.489088 
1.443000 -1.492735 
1.444000 -1.496303 
1.445000 -1.499792 
1.446000 -1.503198 
1.447000 -1.506520 
1.448000 -1.509756 
1.449000 -1.512904 
1.450000 -1.515962 
1.451000 -1.518927 
1.452000 -1.521797 
1.453000 -1.524571 
1.454000 -1.527245 
1.455000 -1.529818 
1.456000 -1.532287 
1.457000 -1.534650 
1.458000 -1.536904 
1.459000 -1.539047 
1.460000 -1.541077 
1.461000 -1.542992 
1.462000 -1.544788 
1.463000 -1.546463 
1.464000 -1.548015 
1.465000 -1.549441 
1.466000 -1.550738 
1.467000 -1.551904 
1.468000 -1.552937 
1.469000 -1.553832 
1.470000 -1.554589 
1.471000 -1.555204 
1.472000 -1.555674 
1.473000 -1.555997 
1.474000 -1.556170 
1.475000 -1.556190 
1.476000 -1.556054 
1.477000 -1.555760 
1.478000 -1.555305 
1.479000 -1.554685 
1.480000 -1.553899 
1.481000 -1.552943 
1.482000 -1.551814 
1.483000 -1.550511 
1.484000 -1.549029 
1.485000 -1.547366 
1.486000 -1.545520 
1.487000 -1.543487 
1.488000 -1.541264 
1.489000 -1.538850 
1.490000 -1.536242 
1.491000 -1.533435 
1.492000 -1.530429 
1.493000 -1.527221 
1.494000 -1.523807 
1.495000 -1.520185 
1.496000 -1.516353 
1.497000 -1.512308 
1.498000 -1.508048 
1.499000 -1.503571 
