# time Tc_folded Tref_folded value value_err offset model full_model val_compare val_compare_err residuals residuals_err jitter jitter_flag offset_flag subset_flag 
2455480.529186 -11.197353 0.044396 -10482.960657 0.485677 -10476.420806 1.053634 -10481.099809 -0.807214 0.485677 -1.860848 0.485677 1.253746   1   1  -1 
2455480.532970 -11.193569 0.044509 -10481.678693 0.440084 -10476.420806 1.054807 -10481.101770 0.477884 0.440084 -0.576923 0.440084 1.253746   1   1  -1 
2455480.536778 -11.189761 0.044623 -10480.431449 0.465046 -10476.420806 1.055987 -10481.103722 1.728261 0.465046 0.672273 0.465046 1.253746   1   1  -1 
2455482.554786 -9.171753 0.104968 -10476.128743 0.353905 -10476.420806 1.600823 -10478.937860 4.409940 0.353905 2.809117 0.353905 1.253746   1   1  -1 
2455484.542056 -7.184483 0.164395 -10475.755433 0.514319 -10476.420806 1.859490 -10475.245023 1.349080 0.514319 -0.510410 0.514319 1.253746   1   1  -1 
2455484.545828 -7.180711 0.164508 -10473.332240 0.532707 -10476.420806 1.859625 -10475.240176 3.767561 0.532707 1.907936 0.532707 1.253746   1   1  -1 
2455484.549671 -7.176868 0.164623 -10474.438386 0.508347 -10476.420806 1.859761 -10475.235251 2.656626 0.508347 0.796865 0.508347 1.253746   1   1  -1 
2455485.527184 -6.199355 0.193854 -10473.605978 0.432034 -10476.420806 1.845086 -10474.439204 2.678312 0.432034 0.833226 0.432034 1.253746   1   1  -1 
2455485.532971 -6.193568 0.194027 -10471.997247 0.445706 -10476.420806 1.844707 -10474.437266 4.284727 0.445706 2.440019 0.445706 1.253746   1   1  -1 
2455487.543214 -4.183325 0.254140 -10473.844627 0.404437 -10476.420806 1.525860 -10475.163621 2.844854 0.404437 1.318994 0.404437 1.253746   1   1  -1 
2455487.548897 -4.177642 0.254310 -10473.904015 0.401767 -10476.420806 1.524496 -10475.167843 2.788325 0.401767 1.263828 0.401767 1.253746   1   1  -1 
2455493.544252 1.817713 0.433593 -10479.814585 0.396600 -10476.420806 -0.318596 -10479.955567 -0.177614 0.396600 0.140982 0.396600 1.253746   1   1  -1 
2455493.550478 1.823939 0.433779 -10480.900282 0.405220 -10476.420806 -0.320310 -10479.960013 -1.260579 0.405220 -0.940269 0.405220 1.253746   1   1  -1 
2455495.535877 3.809338 0.493150 -10480.826331 0.401246 -10476.420806 -0.801389 -10480.926325 -0.701395 0.401246 0.099994 0.401246 1.253746   1   1  -1 
2455495.541664 3.815125 0.493323 -10480.647538 0.425418 -10476.420806 -0.802591 -10480.924878 -0.525251 0.425418 0.277340 0.425418 1.253746   1   1  -1 
2455498.517820 6.791281 0.582321 -10479.650410 0.663846 -10476.420806 -1.262290 -10478.837667 -2.075033 0.663846 -0.812743 0.663846 1.253746   1   1  -1 
2455498.523445 6.796906 0.582489 -10478.978096 0.600098 -10476.420806 -1.262861 -10478.835150 -1.405807 0.600098 -0.142946 0.600098 1.253746   1   1  -1 
2455500.544007 8.817468 0.642911 -10479.588979 0.341836 -10476.420806 -1.396720 -10479.023084 -1.962615 0.341836 -0.565895 0.341836 1.253746   1   1  -1 
2455500.549389 8.822850 0.643072 -10479.646223 0.372174 -10476.420806 -1.396889 -10479.025814 -2.017298 0.372174 -0.620409 0.372174 1.253746   1   1  -1 
2455501.547102 9.820563 0.672908 -10479.228913 0.302659 -10476.420806 -1.411285 -10479.452221 -1.187977 0.302659 0.223308 0.302659 1.253746   1   1  -1 
2455501.552738 9.826199 0.673076 -10480.110772 0.289222 -10476.420806 -1.411271 -10479.453543 -2.068500 0.289222 -0.657229 0.289222 1.253746   1   1  -1 
2455505.514789 13.788250 0.791556 -10479.788974 0.344263 -10476.420806 -1.136275 -10479.133476 -1.791773 0.344263 -0.655498 0.344263 1.253746   1   1  -1 
2455505.520425 13.793886 0.791724 -10479.398339 0.340728 -10476.420806 -1.135505 -10479.139397 -1.394447 0.340728 -0.258942 0.340728 1.253746   1   1  -1 
2455507.517142 15.790603 0.851433 -10482.165859 0.264981 -10476.420806 -0.794730 -10481.823944 -1.136646 0.264981 -0.341915 0.264981 1.253746   1   1  -1 
2455507.522824 15.796285 0.851603 -10483.868821 0.270208 -10476.420806 -0.793568 -10481.830658 -2.831730 0.270208 -2.038163 0.270208 1.253746   1   1  -1 
2455509.518050 -15.649241 0.911268 -10482.136940 0.380261 -10476.420806 -0.320274 -10482.785955 0.328741 0.380261 0.649015 0.380261 1.253746   1   1  -1 
2455509.523524 -15.643767 0.911432 -10481.842165 0.354765 -10476.420806 -0.318805 -10482.783039 0.622069 0.354765 0.940874 0.354765 1.253746   1   1  -1 
2455511.516449 -13.650842 0.971027 -10481.051242 0.398498 -10476.420806 0.267062 -10480.305361 -0.478819 0.398498 -0.745881 0.398498 1.253746   1   1  -1 
2455511.521935 -13.645356 0.971191 -10481.318563 0.396662 -10476.420806 0.268790 -10480.298114 -0.751658 0.396662 -1.020449 0.396662 1.253746   1   1  -1 
2455513.504562 -11.662729 0.030479 -10476.804338 0.418335 -10476.420806 0.907073 -10478.138729 2.241465 0.418335 1.334391 0.418335 1.253746   1   1  -1 
2455513.510244 -11.657047 0.030649 -10476.668251 0.441085 -10476.420806 0.908886 -10478.134178 2.374812 0.441085 1.465927 0.441085 1.253746   1   1  -1 
2455514.505835 -10.661456 0.060421 -10478.206203 0.335906 -10476.420806 1.215809 -10477.534563 0.544169 0.335906 -0.671640 0.335906 1.253746   1   1  -1 
2455514.511356 -10.655935 0.060586 -10477.524806 0.341716 -10476.420806 1.217432 -10477.532231 1.224858 0.341716 0.007425 0.341716 1.253746   1   1  -1 
2455519.503938 -5.663353 0.209882 -10474.517329 0.516685 -10476.420806 1.795916 -10474.500076 1.778663 0.516685 -0.017253 0.516685 1.253746   1   1  -1 
2455519.508811 -5.658480 0.210028 -10473.971305 0.498073 -10476.420806 1.795340 -10474.502117 2.326152 0.498073 0.530812 0.498073 1.253746   1   1  -1 
2455523.508036 -1.659255 0.329619 -10476.567096 0.414917 -10476.420806 0.773884 -10477.554773 1.761560 0.414917 0.987677 0.414917 1.253746   1   1  -1 
2455523.513036 -1.654255 0.329769 -10476.426565 0.432885 -10476.420806 0.772229 -10477.555897 1.901561 0.432885 1.129332 0.432885 1.253746   1   1  -1 
2455524.521481 -0.645810 0.359925 -10476.409103 0.333974 -10476.420806 0.437655 -10477.619826 1.648378 0.333974 1.210723 0.333974 1.253746   1   1  -1 
2455524.526446 -0.640845 0.360073 -10475.818731 0.339194 -10476.420806 0.436018 -10477.619954 2.237241 0.339194 1.801223 0.339194 1.253746   1   1  -1 
2455653.900831 -5.029470 0.228838 -10479.122782 0.372304 -10476.420806 1.702618 -10478.159247 0.739083 0.372304 -0.963535 0.372304 1.253746   1   1  -1 
2455653.906410 -5.023891 0.229004 -10477.502514 0.368097 -10476.420806 1.701638 -10478.154339 2.353464 0.368097 0.651825 0.368097 1.253746   1   1  -1 
2455654.900357 -4.029944 0.258727 -10477.529507 0.407058 -10476.420806 1.488308 -10477.607707 1.566508 0.407058 0.078200 0.407058 1.253746   1   1  -1 
2455654.905936 -4.024365 0.258894 -10476.951630 0.365708 -10476.420806 1.486914 -10477.606411 2.141695 0.365708 0.654781 0.365708 1.253746   1   1  -1 
2455657.909222 -1.021079 0.348703 -10477.608535 0.302855 -10476.420806 0.561920 -10477.613962 0.567347 0.302855 0.005427 0.302855 1.253746   1   1  -1 
2455657.914813 -1.015488 0.348870 -10478.050098 0.315866 -10476.420806 0.560063 -10477.614347 0.124312 0.315866 -0.435751 0.315866 1.253746   1   1  -1 
2455659.907949 0.977648 0.408472 -10477.046490 0.384743 -10476.420806 -0.076842 -10478.115292 0.991960 0.384743 1.068802 0.384743 1.253746   1   1  -1 
2455659.913540 0.983239 0.408639 -10478.198534 0.401510 -10476.420806 -0.078517 -10478.117387 -0.159663 0.401510 -0.081147 0.401510 1.253746   1   1  -1 
2455660.901884 1.971583 0.438195 -10478.330760 0.251174 -10476.420806 -0.360600 -10478.467256 -0.224104 0.251174 0.136496 0.251174 1.253746   1   1  -1 
2455662.902485 3.972184 0.498020 -10478.461597 0.474458 -10476.420806 -0.834776 -10479.359825 0.063452 0.474458 0.898228 0.474458 1.253746   1   1  -1 
2455662.908180 3.977879 0.498190 -10479.019990 0.454621 -10476.420806 -0.835926 -10479.364316 -0.491600 0.454621 0.344326 0.454621 1.253746   1   1  -1 
2455663.839263 4.908962 0.526033 -10481.021871 0.868606 -10476.420806 -1.008391 -10480.324926 -1.705335 0.868606 -0.696945 0.868606 1.253746   1   1  -1 
2455672.897729 13.967428 0.796914 -10477.289791 0.326960 -10476.420806 -1.111275 -10477.158769 -1.242297 0.326960 -0.131022 0.326960 1.253746   1   1  -1 
2455672.902775 13.972474 0.797065 -10477.128218 0.300639 -10476.420806 -1.110555 -10477.160473 -1.078300 0.300639 0.032255 0.300639 1.253746   1   1  -1 
2455675.905453 -16.465601 0.886856 -10479.983143 0.211350 -10476.420806 -0.529257 -10478.032406 -2.479995 0.211350 -1.950737 0.211350 1.253746   1   1  -1 
2455679.879903 -12.491151 0.005706 -10481.249420 0.252289 -10476.420806 0.639629 -10479.704480 -0.905311 0.252289 -1.544940 0.252289 1.253746   1   1  -1 
2455679.885123 -12.485931 0.005862 -10482.070814 0.256851 -10476.420806 0.641324 -10479.707385 -1.722105 0.256851 -2.363429 0.256851 1.253746   1   1  -1 
2455712.893679 -12.918128 0.992938 -10477.596372 0.280177 -10476.420806 0.501237 -10476.987894 -0.107241 0.280177 -0.608478 0.280177 1.253746   1   1  -1 
2455715.864679 -9.947128 0.081782 -10473.715742 0.681733 -10476.420806 1.415249 -10474.512618 2.212125 0.681733 0.796876 0.681733 1.253746   1   1  -1 
2455715.867376 -9.944431 0.081862 -10473.898980 0.709421 -10476.420806 1.415956 -10474.512141 2.029117 0.709421 0.613161 0.709421 1.253746   1   1  -1 
2455715.869992 -9.941815 0.081941 -10473.445162 0.718389 -10476.420806 1.416642 -10474.511685 2.483165 0.718389 1.066523 0.718389 1.253746   1   1  -1 
2455715.872747 -9.939060 0.082023 -10473.903696 0.742414 -10476.420806 1.417363 -10474.511212 2.024879 0.742414 0.607516 0.742414 1.253746   1   1  -1 
2455727.859452 2.047645 0.440469 -10475.357665 0.528199 -10476.420806 -0.381089 -10476.448315 0.709562 0.528199 1.090650 0.528199 1.253746   1   1  -1 
2455727.863145 2.051338 0.440580 -10476.960737 0.516663 -10476.420806 -0.382079 -10476.446339 -0.896477 0.516663 -0.514398 0.516663 1.253746   1   1  -1 
2455727.866953 2.055146 0.440693 -10477.060026 0.559742 -10476.420806 -0.383099 -10476.444307 -0.998818 0.559742 -0.615719 0.559742 1.253746   1   1  -1 
2455735.809170 9.997363 0.678195 -10480.718295 0.263016 -10476.420806 -1.410326 -10480.184288 -1.944333 0.263016 -0.534007 0.263016 1.253746   1   1  -1 
2455754.777241 -4.475318 0.245409 -10475.455016 0.545675 -10476.420806 1.592948 -10476.977016 3.114948 0.545675 1.522000 0.545675 1.253746   1   1  -1 
2455755.755721 -3.496838 0.274669 -10477.021535 0.384396 -10476.420806 1.346852 -10476.845696 1.171013 0.384396 -0.175839 0.384396 1.253746   1   1  -1 
2455769.736300 10.483741 0.692739 -10478.718338 0.338766 -10476.420806 -1.402254 -10478.900802 -1.219790 0.338766 0.182464 0.338766 1.253746   1   1  -1 
2455769.742075 10.489516 0.692912 -10479.209949 0.385157 -10476.420806 -1.402111 -10478.901251 -1.710809 0.385157 -0.308698 0.385157 1.253746   1   1  -1 
2455776.628483 -16.064829 0.898840 -10477.854877 0.356174 -10476.420806 -0.429209 -10476.479432 -1.804654 0.356174 -1.375445 0.356174 1.253746   1   1  -1 
2455782.624998 -10.068314 0.078158 -10477.234320 0.380536 -10476.420806 1.383080 -10475.642484 -0.208757 0.380536 -1.591836 0.380536 1.253746   1   1  -1 
2455784.737667 -7.955645 0.141334 -10473.119634 0.272683 -10476.420806 1.802000 -10474.240346 2.922711 0.272683 1.120712 0.272683 1.253746   1   1  -1 
2455801.526698 8.833386 0.643387 -10477.714254 0.636570 -10476.420806 -1.397217 -10477.055240 -2.056232 0.636570 -0.659014 0.636570 1.253746   1   1  -1 
2455801.531628 8.838316 0.643535 -10478.348482 0.588581 -10476.420806 -1.397370 -10477.049881 -2.695970 0.588581 -1.298601 0.588581 1.253746   1   1  -1 
2455804.632333 11.939021 0.736257 -10479.889141 0.560283 -10476.420806 -1.330560 -10477.656104 -3.563597 0.560283 -2.233037 0.560283 1.253746   1   1  -1 
2455804.637669 11.944357 0.736417 -10479.356651 0.516075 -10476.420806 -1.330166 -10477.659377 -3.027440 0.516075 -1.697274 0.516075 1.253746   1   1  -1 
2455807.626267 14.932955 0.825787 -10477.952953 0.482855 -10476.420806 -0.957717 -10478.754881 -0.155788 0.482855 0.801928 0.482855 1.253746   1   1  -1 
2455807.631162 14.937850 0.825933 -10477.762393 0.443292 -10476.420806 -0.956857 -10478.760283 0.041033 0.443292 0.997890 0.443292 1.253746   1   1  -1 
2455810.581550 -15.552514 0.914160 -10481.002505 0.377097 -10476.420806 -0.294187 -10479.733411 -1.563281 0.377097 -1.269094 0.377097 1.253746   1   1  -1 
2455810.586723 -15.547341 0.914315 -10480.282556 0.398696 -10476.420806 -0.292784 -10479.722304 -0.853036 0.398696 -0.560252 0.398696 1.253746   1   1  -1 
2455816.587002 -9.547062 0.093745 -10476.284284 0.479893 -10476.420806 1.515684 -10476.679063 1.910463 0.479893 0.394779 0.479893 1.253746   1   1  -1 
2455816.590578 -9.543486 0.093852 -10475.380232 0.444942 -10476.420806 1.516539 -10476.682408 2.818715 0.444942 1.302176 0.444942 1.253746   1   1  -1 
2455816.594154 -9.539910 0.093959 -10476.257023 0.438232 -10476.420806 1.517393 -10476.685753 1.946123 0.438232 0.428730 0.438232 1.253746   1   1  -1 
2455834.622073 8.488009 0.633059 -10480.909706 0.288686 -10476.420806 -1.384480 -10480.556463 -1.737723 0.288686 -0.353243 0.288686 1.253746   1   1  -1 
2455834.627593 8.493529 0.633224 -10481.704100 0.288262 -10476.420806 -1.384716 -10480.563935 -2.524880 0.288262 -1.140165 0.288262 1.253746   1   1  -1 
2455836.585712 10.451648 0.691779 -10482.497452 0.340261 -10476.420806 -1.403032 -10483.287675 -0.612809 0.340261 0.790223 0.340261 1.253746   1   1  -1 
2455836.591440 10.457376 0.691951 -10483.216344 0.339568 -10476.420806 -1.402896 -10483.294547 -1.324693 0.339568 0.078203 0.339568 1.253746   1   1  -1 
2455839.585007 13.450943 0.781469 -10480.984122 0.455066 -10476.420806 -1.180370 -10480.932929 -1.231562 0.455066 -0.051193 0.455066 1.253746   1   1  -1 
2455839.590794 13.456730 0.781642 -10480.862232 0.459884 -10476.420806 -1.179646 -10480.917214 -1.124663 0.459884 0.054982 0.459884 1.253746   1   1  -1 
2455842.549547 16.415483 0.870120 -10475.984718 0.533150 -10476.420806 -0.660423 -10476.384051 -0.261089 0.533150 0.399333 0.533150 1.253746   1   1  -1 
2455842.555033 16.420969 0.870284 -10475.769563 0.436601 -10476.420806 -0.659186 -10476.381179 -0.047571 0.436601 0.611616 0.436601 1.253746   1   1  -1 
2455845.575633 -13.999184 0.960611 -10472.970844 0.533869 -10476.420806 0.158350 -10474.839140 2.026646 0.533869 1.868296 0.533869 1.253746   1   1  -1 
2455845.581258 -13.993559 0.960779 -10473.156417 0.461200 -10476.420806 0.160089 -10474.838833 1.842504 0.461200 1.682416 0.461200 1.253746   1   1  -1 
2455870.498785 10.923968 0.705903 -10481.818484 0.365314 -10476.420806 -1.388085 -10480.416668 -2.789901 0.365314 -1.401816 0.365314 1.253746   1   1  -1 
2455870.504422 10.929605 0.706072 -10481.151885 0.359240 -10476.420806 -1.387861 -10480.412507 -2.127239 0.359240 -0.739378 0.359240 1.253746   1   1  -1 
2455874.532217 14.957400 0.826518 -10477.728868 0.513797 -10476.420806 -0.953416 -10477.175858 -1.506426 0.513797 -0.553010 0.513797 1.253746   1   1  -1 
2455874.537437 14.962620 0.826674 -10475.674380 0.695338 -10476.420806 -0.952496 -10477.174400 0.547525 0.695338 1.500020 0.695338 1.253746   1   1  -1 
2455878.549549 -14.466020 0.946651 -10474.975638 0.680478 -10476.420806 0.016289 -10477.008035 2.048686 0.680478 2.032397 0.680478 1.253746   1   1  -1 
2455878.554965 -14.460604 0.946812 -10473.200640 0.660711 -10476.420806 0.017910 -10477.012474 3.829744 0.660711 3.811834 0.660711 1.253746   1   1  -1 
2456020.892743 -5.885837 0.203229 -10474.892081 0.400252 -10476.420806 1.819760 -10475.357401 2.285080 0.400252 0.465320 0.400252 1.253746   1   1  -1 
2456020.898160 -5.880420 0.203391 -10474.995167 0.390725 -10476.420806 1.819237 -10475.363056 2.187126 0.390725 0.367889 0.390725 1.253746   1   1  -1 
2456022.889397 -3.889183 0.262936 -10478.871489 0.497344 -10476.420806 1.452542 -10478.238527 0.819580 0.497344 -0.632962 0.497344 1.253746   1   1  -1 
2456022.894884 -3.883696 0.263100 -10479.815426 0.556527 -10476.420806 1.451124 -10478.247119 -0.117183 0.556527 -1.568307 0.556527 1.253746   1   1  -1 
2456024.891353 -1.887227 0.322802 -10480.979281 0.428656 -10476.420806 0.849083 -10479.274318 -0.855880 0.428656 -1.704963 0.428656 1.253746   1   1  -1 
2456024.897048 -1.881532 0.322972 -10480.604419 0.407038 -10476.420806 0.847211 -10479.269410 -0.487798 0.407038 -1.335009 0.407038 1.253746   1   1  -1 
2456028.922257 2.143677 0.443341 -10477.908590 0.345283 -10476.420806 -0.406693 -10477.645318 -0.669965 0.345283 -0.263272 0.345283 1.253746   1   1  -1 
2456029.892891 3.114311 0.472366 -10478.166891 0.543499 -10476.420806 -0.648331 -10477.232159 -1.583063 0.543499 -0.934732 0.543499 1.253746   1   1  -1 
2456029.898354 3.119774 0.472530 -10478.569496 0.519266 -10476.420806 -0.649600 -10477.228880 -1.990216 0.519266 -1.340616 0.519266 1.253746   1   1  -1 
2456031.852968 5.074388 0.530980 -10477.024746 0.408809 -10476.420806 -1.035776 -10476.533046 -1.527476 0.408809 -0.491700 0.408809 1.253746   1   1  -1 
2456052.857065 -7.362267 0.159079 -10480.793021 0.406318 -10476.420806 1.851487 -10479.349572 0.408039 0.406318 -1.443449 0.406318 1.253746   1   1  -1 
2456052.862482 -7.356850 0.159241 -10480.156970 0.393840 -10476.420806 1.851778 -10479.352975 1.047784 0.393840 -0.803995 0.393840 1.253746   1   1  -1 
2456053.851639 -6.367693 0.188820 -10480.816786 0.437473 -10476.420806 1.854601 -10479.309133 0.346948 0.437473 -1.507653 0.437473 1.253746   1   1  -1 
2456053.857114 -6.362218 0.188984 -10476.986852 0.414343 -10476.420806 1.854337 -10479.305784 4.173269 0.414343 2.318932 0.414343 1.253746   1   1  -1 
2456054.839916 -5.379416 0.218373 -10479.578072 0.266506 -10476.420806 1.758640 -10478.449853 0.630421 0.266506 -1.128219 0.266506 1.253746   1   1  -1 
2456055.886865 -4.332467 0.249681 -10478.308216 0.254853 -10476.420806 1.560873 -10477.371747 0.624404 0.254853 -0.936469 0.254853 1.253746   1   1  -1 
2456056.818146 -3.401186 0.277529 -10476.145121 0.446651 -10476.420806 1.319868 -10476.612525 1.787271 0.446651 0.467404 0.446651 1.253746   1   1  -1 
2456056.823714 -3.395618 0.277696 -10476.399813 0.406993 -10476.420806 1.318283 -10476.609121 1.527591 0.406993 0.209308 0.406993 1.253746   1   1  -1 
2456078.843392 -14.816693 0.936164 -10475.070920 0.323779 -10476.420806 -0.087231 -10476.535727 1.377576 0.323779 1.464807 0.323779 1.253746   1   1  -1 
2456078.849075 -14.811010 0.936334 -10475.406297 0.316487 -10476.420806 -0.085577 -10476.538829 1.046955 0.316487 1.132532 0.316487 1.253746   1   1  -1 
2456081.832748 -11.827337 0.025557 -10477.091748 0.398009 -10476.420806 0.854382 -10477.340618 1.103252 0.398009 0.248870 0.398009 1.253746   1   1  -1 
2456081.838651 -11.821434 0.025733 -10477.350415 0.323723 -10476.420806 0.856277 -10477.334720 0.840582 0.323723 -0.015695 0.323723 1.253746   1   1  -1 
2456085.820521 -7.839564 0.144806 -10474.269371 0.439249 -10476.420806 1.814378 -10473.484488 1.029495 0.439249 -0.784883 0.439249 1.253746   1   1  -1 
2456085.826250 -7.833835 0.144977 -10473.694203 0.458936 -10476.420806 1.814956 -10473.480417 1.601170 0.458936 -0.213786 0.458936 1.253746   1   1  -1 
2456088.742747 -4.917338 0.232191 -10472.336592 0.274700 -10476.420806 1.682424 -10471.461729 0.807560 0.274700 -0.874863 0.274700 1.253746   1   1  -1 
2456092.900369 -0.759716 0.356519 -10477.981567 0.314413 -10476.420806 0.475272 -10476.197536 -1.308759 0.314413 -1.784031 0.314413 1.253746   1   1  -1 
2456115.815540 -11.285297 0.041766 -10474.774807 0.388096 -10476.420806 1.026271 -10472.034601 -1.713935 0.388096 -2.740206 0.388096 1.253746   1   1  -1 
2456118.809984 -8.290853 0.131310 -10471.978956 0.256427 -10476.420806 1.759196 -10472.022999 1.803239 0.256427 0.044043 0.256427 1.253746   1   1  -1 
2456121.820367 -5.280470 0.221332 -10475.055286 0.705930 -10476.420806 1.743903 -10474.713800 1.402416 0.705930 -0.341486 0.705930 1.253746   1   1  -1 
2456149.686124 -10.855466 0.054619 -10478.886301 0.422505 -10476.420806 1.158108 -10478.169022 0.440829 0.422505 -0.717279 0.422505 1.253746   1   1  -1 
2456154.723489 -5.818101 0.205255 -10473.222066 0.432559 -10476.420806 1.813010 -10474.239926 2.830870 0.432559 1.017860 0.432559 1.253746   1   1  -1 
2456154.728442 -5.813148 0.205403 -10472.383548 0.640869 -10476.420806 1.812499 -10474.233612 3.662562 0.640869 1.850064 0.640869 1.253746   1   1  -1 
2456166.527551 5.985961 0.558239 -10482.638275 0.322758 -10476.420806 -1.169096 -10480.956722 -2.850649 0.322758 -1.681553 0.322758 1.253746   1   1  -1 
2456168.609469 8.067879 0.620496 -10483.235121 0.485702 -10476.420806 -1.363488 -10481.139911 -3.458698 0.485702 -2.095210 0.485702 1.253746   1   1  -1 
2456168.615105 8.073515 0.620665 -10482.078140 0.428978 -10476.420806 -1.363809 -10481.136675 -2.305274 0.428978 -0.941465 0.428978 1.253746   1   1  -1 
2456171.510563 10.968973 0.707249 -10477.310953 0.261955 -10476.420806 -1.386269 -10478.283700 -0.413522 0.261955 0.972747 0.261955 1.253746   1   1  -1 
2456173.694840 13.153250 0.772567 -10472.314153 0.435027 -10476.420806 -1.216069 -10475.844666 2.314444 0.435027 3.530513 0.435027 1.253746   1   1  -1 
2456181.612869 -12.369473 0.009345 -10475.571527 0.304713 -10476.420806 0.679128 -10477.364126 2.471727 0.304713 1.792599 0.304713 1.253746   1   1  -1 
2456186.623747 -7.358595 0.159188 -10470.871523 0.269145 -10476.420806 1.851685 -10471.782475 2.762637 0.269145 0.910952 0.269145 1.253746   1   1  -1 
2456189.666838 -4.315504 0.250188 -10471.752751 0.854916 -10476.420806 1.556968 -10473.516693 3.320910 0.854916 1.763942 0.854916 1.253746   1   1  -1 
2456190.592865 -3.389477 0.277879 -10474.982002 0.436640 -10476.420806 1.316534 -10473.202040 -0.463428 0.436640 -1.779962 0.436640 1.253746   1   1  -1 
2456190.598548 -3.383794 0.278049 -10475.915820 0.410184 -10476.420806 1.314914 -10473.199544 -1.401361 0.410184 -2.716276 0.410184 1.253746   1   1  -1 
2456195.586272 1.603930 0.427200 -10476.324229 0.455921 -10476.420806 -0.259025 -10477.072813 0.489560 0.455921 0.748584 0.455921 1.253746   1   1  -1 
2456195.591793 1.609451 0.427366 -10476.833989 0.456503 -10476.420806 -0.260580 -10477.072772 -0.021798 0.456503 0.238783 0.456503 1.253746   1   1  -1 
2456198.564091 4.581749 0.516248 -10469.851121 0.593173 -10476.420806 -0.951328 -10472.259702 1.457253 0.593173 2.408581 0.593173 1.253746   1   1  -1 
2456198.569866 4.587524 0.516421 -10469.520142 0.625422 -10476.420806 -0.952368 -10472.255749 1.783239 0.625422 2.735607 0.625422 1.253746   1   1  -1 
2456204.547188 10.564846 0.695164 -10474.005151 0.390830 -10476.420806 -1.400134 -10474.293284 -1.112001 0.390830 0.288133 0.390830 1.253746   1   1  -1 
2456205.523197 11.540855 0.724351 -10476.331744 0.223735 -10476.420806 -1.357260 -10475.056679 -2.632325 0.223735 -1.275065 0.223735 1.253746   1   1  -1 
2456208.615737 14.633395 0.816829 -10479.274458 0.471028 -10476.420806 -1.008760 -10478.017663 -2.265555 0.471028 -1.256795 0.471028 1.253746   1   1  -1 
2456209.540800 15.558458 0.844491 -10475.726000 0.526879 -10476.420806 -0.841302 -10477.357350 0.790048 0.526879 1.631350 0.526879 1.253746   1   1  -1 
2456210.532155 16.549813 0.874137 -10475.727704 0.432092 -10476.420806 -0.629866 -10475.486950 -0.870620 0.432092 -0.240754 0.432092 1.253746   1   1  -1 
2456212.523498 -14.899597 0.933685 -10470.032065 0.239792 -10476.420806 -0.111266 -10471.885182 1.741850 0.239792 1.853117 0.239792 1.253746   1   1  -1 
2456217.523649 -9.899446 0.083208 -10469.768240 0.370476 -10476.420806 1.427695 -10468.743843 0.403298 0.370476 -1.024397 0.370476 1.253746   1   1  -1 
2456217.529482 -9.893613 0.083382 -10468.041405 0.361734 -10476.420806 1.429209 -10468.739330 2.127134 0.361734 0.697925 0.361734 1.253746   1   1  -1 
2456218.587951 -8.835144 0.115034 -10468.491163 0.391645 -10476.420806 1.668674 -10468.620735 1.798246 0.391645 0.129572 0.391645 1.253746   1   1  -1 
2456219.500319 -7.922776 0.142317 -10469.245686 0.247828 -10476.420806 1.805635 -10469.603472 2.163421 0.247828 0.357786 0.247828 1.253746   1   1  -1 
2456220.491327 -6.931768 0.171952 -10472.137625 0.391613 -10476.420806 1.865312 -10471.191800 0.919487 0.391613 -0.945825 0.391613 1.253746   1   1  -1 
2456220.514069 -6.909026 0.172632 -10472.572915 0.320320 -10476.420806 1.865514 -10471.227838 0.520437 0.320320 -1.345077 0.320320 1.253746   1   1  -1 
2456409.867093 15.240235 0.834975 -10475.673600 0.617333 -10476.420806 -0.902185 -10474.440742 -2.135044 0.617333 -1.232858 0.617333 1.253746   1   1  -1 
2456409.872719 15.245861 0.835144 -10476.137178 0.595203 -10476.420806 -0.901139 -10474.439045 -2.599272 0.595203 -1.698133 0.595203 1.253746   1   1  -1 
2456416.824768 -11.242842 0.043035 -10472.302186 0.550392 -10476.420806 1.039503 -10471.197654 -0.065029 0.550392 -1.104532 0.550392 1.253746   1   1  -1 
2456416.828565 -11.239045 0.043149 -10470.986675 0.545862 -10476.420806 1.040684 -10471.197700 1.251709 0.545862 0.211025 0.545862 1.253746   1   1  -1 
2456416.832443 -11.235167 0.043265 -10471.882453 0.566830 -10476.420806 1.041890 -10471.197752 0.357189 0.566830 -0.684701 0.566830 1.253746   1   1  -1 
2456432.884915 4.817305 0.523292 -10474.962361 0.393986 -10476.420806 -0.992794 -10475.510156 -0.444999 0.393986 0.547795 0.393986 1.253746   1   1  -1 
2456432.890124 4.822514 0.523448 -10475.372110 0.450803 -10476.420806 -0.993689 -10475.514114 -0.851685 0.450803 0.142004 0.450803 1.253746   1   1  -1 
2456433.905268 5.837658 0.553804 -10472.852948 0.738644 -10476.420806 -1.149428 -10475.898404 1.896028 0.738644 3.045456 0.738644 1.253746   1   1  -1 
2456433.910395 5.842785 0.553958 -10474.512391 0.801539 -10476.420806 -1.150121 -10475.898885 0.236374 0.801539 1.386494 0.801539 1.253746   1   1  -1 
2456434.892458 6.824848 0.583325 -10475.434897 0.484791 -10476.420806 -1.265678 -10475.966981 -0.733594 0.484791 0.532084 0.484791 1.253746   1   1  -1 
2456434.898129 6.830519 0.583494 -10474.106533 0.468854 -10476.420806 -1.266247 -10475.967937 0.595157 0.468854 1.861404 0.468854 1.253746   1   1  -1 
2456437.889188 9.821578 0.672938 -10477.501611 0.400790 -10476.420806 -1.411283 -10478.326315 -0.586579 0.400790 0.824704 0.400790 1.253746   1   1  -1 
2456437.894720 9.827110 0.673103 -10477.202903 0.367888 -10476.420806 -1.411269 -10478.330737 -0.283435 0.367888 1.127834 0.367888 1.253746   1   1  -1 
2456438.860772 10.793162 0.701992 -10477.416873 0.320407 -10476.420806 -1.392976 -10478.638002 -0.171846 0.320407 1.221129 0.320407 1.253746   1   1  -1 
2456441.860316 13.792706 0.791689 -10477.889690 0.423142 -10476.420806 -1.135666 -10475.905415 -3.119941 0.423142 -1.984275 0.423142 1.253746   1   1  -1 
2456454.832361 -6.676002 0.179600 -10475.281861 0.354619 -10476.420806 1.864515 -10474.660482 1.243136 0.354619 -0.621379 0.354619 1.253746   1   1  -1 
2456454.837894 -6.670469 0.179766 -10474.118452 0.355826 -10476.420806 1.864423 -10474.651735 2.397706 0.355826 0.533283 0.355826 1.253746   1   1  -1 
2456467.823190 6.314827 0.568073 -10478.702475 0.627828 -10476.420806 -1.209924 -10478.847938 -1.064461 0.627828 0.145463 0.627828 1.253746   1   1  -1 
2456467.826929 6.318566 0.568185 -10477.017285 0.556688 -10476.420806 -1.210366 -10478.846126 0.618476 0.556688 1.828841 0.556688 1.253746   1   1  -1 
2456467.830702 6.322339 0.568298 -10477.517838 0.592918 -10476.420806 -1.210811 -10478.844278 0.115629 0.592918 1.326440 0.592918 1.253746   1   1  -1 
2456473.860840 12.352477 0.748621 -10476.447652 0.525661 -10476.420806 -1.297175 -10477.384850 -0.359978 0.525661 0.937198 0.525661 1.253746   1   1  -1 
2456473.864821 12.356458 0.748740 -10476.577531 0.508451 -10476.420806 -1.296826 -10477.382328 -0.492029 0.508451 0.804797 0.508451 1.253746   1   1  -1 
2456473.868595 12.360232 0.748853 -10477.152422 0.549460 -10476.420806 -1.296494 -10477.379938 -1.068978 0.549460 0.227516 0.549460 1.253746   1   1  -1 
2456480.776552 -14.172563 0.955426 -10477.791088 0.498216 -10476.420806 0.105065 -10478.353422 0.667400 0.498216 0.562334 0.498216 1.253746   1   1  -1 
2456480.782281 -14.166834 0.955597 -10479.026503 0.462663 -10476.420806 0.106817 -10478.352261 -0.567426 0.462663 -0.674242 0.462663 1.253746   1   1  -1 
2456481.631506 -13.317609 0.980992 -10479.243238 0.620379 -10476.420806 0.372808 -10477.549862 -1.320569 0.620379 -1.693376 0.620379 1.253746   1   1  -1 
2456481.637189 -13.311926 0.981162 -10479.719427 0.629706 -10476.420806 0.374623 -10477.539825 -1.804979 0.629706 -2.179602 0.629706 1.253746   1   1  -1 
2456501.599929 6.650814 0.578121 -10471.824389 0.315832 -10476.420806 -1.247683 -10473.417820 0.345748 0.315832 1.593431 0.315832 1.253746   1   1  -1 
2456523.744316 -4.645552 0.240318 -10476.503679 0.283739 -10476.420806 1.629210 -10475.672202 0.797733 0.283739 -0.831477 0.283739 1.253746   1   1  -1 
2456524.691276 -3.698592 0.268636 -10475.914483 0.351566 -10476.420806 1.402251 -10476.588485 2.076252 0.351566 0.674002 0.351566 1.253746   1   1  -1 
2456524.696693 -3.693175 0.268798 -10476.491657 0.358347 -10476.420806 1.400791 -10476.589319 1.498453 0.358347 0.097662 0.358347 1.253746   1   1  -1 
2456525.743740 -2.646128 0.300108 -10476.578898 0.318867 -10476.420806 1.093404 -10475.789239 0.303746 0.318867 -0.789659 0.318867 1.253746   1   1  -1 
2456569.534062 7.703442 0.609598 -10476.206904 0.538465 -10476.420806 -1.340364 -10477.242619 -0.304648 0.538465 1.035715 0.538465 1.253746   1   1  -1 
2456585.564665 -9.706708 0.088971 -10473.765867 0.427831 -10476.420806 1.476722 -10474.695517 2.406372 0.427831 0.929650 0.427831 1.253746   1   1  -1 
2456585.568473 -9.702900 0.089085 -10475.180778 0.414412 -10476.420806 1.477669 -10474.691595 0.988487 0.414412 -0.489183 0.414412 1.253746   1   1  -1 
2456585.572350 -9.699023 0.089201 -10474.743998 0.423051 -10476.420806 1.478633 -10474.687605 1.422239 0.423051 -0.056393 0.423051 1.253746   1   1  -1 
2456586.547688 -8.723685 0.118367 -10474.360620 0.464286 -10476.420806 1.689216 -10473.748574 1.077169 0.464286 -0.612046 0.464286 1.253746   1   1  -1 
2456586.551530 -8.719843 0.118482 -10474.580572 0.496503 -10476.420806 1.689906 -10473.745134 0.854468 0.496503 -0.835438 0.496503 1.253746   1   1  -1 
2456586.555442 -8.715931 0.118599 -10475.256026 0.515154 -10476.420806 1.690608 -10473.741634 0.176216 0.515154 -1.514392 0.515154 1.253746   1   1  -1 
2456590.510961 -4.760412 0.236883 -10473.364197 0.683759 -10476.420806 1.652419 -10472.918598 1.206821 0.683759 -0.445599 0.683759 1.253746   1   1  -1 
2456590.514943 -4.756430 0.237003 -10471.788641 0.761395 -10476.420806 1.651632 -10472.920646 2.783638 0.761395 1.132005 0.761395 1.253746   1   1  -1 
2456590.518611 -4.752762 0.237112 -10472.177822 0.643858 -10476.420806 1.650906 -10472.922535 2.395619 0.643858 0.744713 0.643858 1.253746   1   1  -1 
2456765.917789 3.442653 0.482185 -10478.736988 0.356105 -10476.420806 -0.722759 -10479.228924 -0.230824 0.356105 0.491936 0.356105 1.253746   1   1  -1 
2456765.923021 3.447885 0.482341 -10479.356033 0.359343 -10476.420806 -0.723914 -10479.233471 -0.846476 0.359343 -0.122562 0.359343 1.253746   1   1  -1 
2456789.854143 -6.061745 0.197969 -10471.510093 0.391560 -10476.420806 1.835178 -10472.563724 2.888809 0.391560 1.053631 0.391560 1.253746   1   1  -1 
2456789.859722 -6.056166 0.198136 -10471.639643 0.405092 -10476.420806 1.834736 -10472.561927 2.757021 0.405092 0.922284 0.405092 1.253746   1   1  -1 
2456806.890179 10.974291 0.707408 -10477.728101 0.424327 -10476.420806 -1.386050 -10476.889871 -2.224280 0.424327 -0.838230 0.424327 1.253746   1   1  -1 
2456829.893363 0.536722 0.395287 -10474.769093 0.272363 -10476.420806 0.057652 -10474.411034 -0.300407 0.272363 -0.358059 0.272363 1.253746   1   1  -1 
2456857.748704 -5.048689 0.228263 -10473.725387 0.458440 -10476.420806 1.705972 -10473.780757 1.761343 0.458440 0.055370 0.458440 1.253746   1   1  -1 
2456857.754433 -5.042960 0.228434 -10473.163228 0.448012 -10476.420806 1.704976 -10473.778482 2.320230 0.448012 0.615254 0.448012 1.253746   1   1  -1 
2456866.784629 3.987236 0.498470 -10479.134302 0.372433 -10476.420806 -0.837814 -10480.799420 0.827304 0.372433 1.665118 0.372433 1.253746   1   1  -1 
2456896.727940 0.489794 0.393884 -10476.588857 0.526898 -10476.420806 0.072238 -10476.319725 -0.196893 0.526898 -0.269132 0.526898 1.253746   1   1  -1 
2456896.733287 0.495141 0.394044 -10476.057196 0.651138 -10476.420806 0.070574 -10476.311644 0.325022 0.651138 0.254448 0.651138 1.253746   1   1  -1 
2457146.919889 16.596475 0.875532 -10475.918297 0.272209 -10476.420806 -0.619114 -10474.752152 -1.785260 0.272209 -1.166145 0.272209 1.253746   1   1  -1 
2457176.844500 13.080334 0.770387 -10464.313000 0.241278 -10461.969789 -1.224355 -10464.573595 -0.963760 0.241278 0.260595 0.241278 1.253746   1   2  -1 
2457180.950532 -16.254387 0.893172 -10468.297390 0.305748 -10461.969789 -0.477155 -10467.698862 -1.075683 0.305748 -0.598528 0.305748 1.253746   1   2  -1 
2457180.956053 -16.248866 0.893337 -10469.641714 0.321155 -10461.969789 -0.475774 -10467.701071 -2.416417 0.321155 -1.940643 0.321155 1.253746   1   2  -1 
2457307.523708 9.996531 0.678170 -10460.965808 0.284606 -10461.969789 -1.410333 -10462.413649 0.037507 0.284606 1.447841 0.284606 1.253746   1   2  -1 
2457307.529113 10.001936 0.678331 -10461.174528 0.295801 -10461.969789 -1.410288 -10462.416896 -0.167920 0.295801 1.242368 0.295801 1.253746   1   2  -1 
2457879.840329 13.820359 0.792516 -10463.101417 0.420408 -10461.969789 -1.131875 -10463.715616 -0.517677 0.420408 0.614199 0.420408 1.253746   1   2  -1 
2457968.637355 2.295127 0.447870 -10461.424457 0.383012 -10461.969789 -0.446467 -10462.737485 0.866561 0.383012 1.313028 0.383012 1.253746   1   2  -1 
2460042.883932 3.215046 0.475379 -10467.619651 0.097183 -10468.133049 -0.671566 -10468.541804 0.250587 0.097183 0.922153 0.097183 0.829754   0   0  -1 
2460042.889532 3.220646 0.475546 -10467.826807 0.098837 -10468.133049 -0.672848 -10468.531423 0.031768 0.098837 0.704616 0.098837 0.829754   0   0  -1 
2460043.870973 4.202087 0.504895 -10467.810891 0.115769 -10468.133049 -0.880299 -10466.961624 -1.729566 0.115769 -0.849267 0.115769 0.829754   0   0  -1 
2460043.876677 4.207791 0.505065 -10467.827764 0.107743 -10468.133049 -0.881404 -10466.954538 -1.754630 0.107743 -0.873226 0.107743 0.829754   0   0  -1 
2460044.793251 5.124365 0.532474 -10466.216747 0.119007 -10468.133049 -1.043856 -10466.192140 -1.068463 0.119007 -0.024607 0.119007 0.829754   0   0  -1 
2460044.798982 5.130096 0.532646 -10466.355629 0.118254 -10468.133049 -1.044777 -10466.189768 -1.210637 0.118254 -0.165861 0.118254 0.829754   0   0  -1 
2460045.773704 6.104818 0.561793 -10468.947680 0.263543 -10468.133049 -1.184294 -10466.195303 -3.936671 0.263543 -2.752377 0.263543 0.829754   0   0  -1 
2460045.779649 6.110763 0.561971 -10468.728031 0.178179 -10468.133049 -1.185041 -10466.197621 -3.715452 0.178179 -2.530410 0.178179 0.829754   0   0  -1 
2460046.786658 7.117772 0.592084 -10466.718679 0.108298 -10468.133049 -1.293569 -10466.869083 -1.143164 0.108298 0.150404 0.108298 0.829754   0   0  -1 
2460046.792204 7.123318 0.592250 -10467.571100 0.100449 -10468.133049 -1.294068 -10466.873884 -1.991284 0.100449 -0.697216 0.100449 0.829754   0   0  -1 
2460047.789500 8.120614 0.622073 -10468.079684 0.107918 -10468.133049 -1.366455 -10467.784710 -1.661429 0.107918 -0.294974 0.107918 0.829754   0   0  -1 
2460047.795047 8.126161 0.622239 -10468.412170 0.104000 -10468.133049 -1.366762 -10467.789712 -1.989220 0.104000 -0.622458 0.104000 0.829754   0   0  -1 
2460048.783364 9.114478 0.651793 -10468.577566 0.129590 -10468.133049 -1.404586 -10468.612826 -1.369326 0.129590 0.035260 0.129590 0.829754   0   0  -1 
2460048.789012 9.120126 0.651962 -10468.027070 0.120793 -10468.133049 -1.404707 -10468.617158 -0.814619 0.120793 0.590088 0.120793 0.829754   0   0  -1 
2460049.801102 10.132216 0.682227 -10468.921797 0.111941 -10468.133049 -1.408887 -10469.379514 -0.951170 0.111941 0.457717 0.111941 0.829754   0   0  -1 
2460049.806533 10.137647 0.682390 -10469.044553 0.118675 -10468.133049 -1.408816 -10469.383741 -1.069628 0.118675 0.339188 0.118675 0.829754   0   0  -1 
2460050.776767 11.107881 0.711403 -10470.880979 0.110463 -10468.133049 -1.380235 -10470.215974 -2.045240 0.110463 -0.665005 0.110463 0.829754   0   0  -1 
2460050.782471 11.113585 0.711574 -10470.587932 0.106168 -10468.133049 -1.379973 -10470.221375 -1.746530 0.106168 -0.366557 0.106168 0.829754   0   0  -1 
2460068.823617 -4.286021 0.251069 -10467.442048 0.125458 -10468.133049 1.550133 -10467.427076 1.535162 0.125458 -0.014972 0.125458 0.829754   0   0  -1 
2460068.829253 -4.280385 0.251238 -10468.177705 0.157911 -10468.133049 1.548820 -10467.436550 0.807665 0.157911 -0.741155 0.157911 0.829754   0   0  -1 
2460073.775251 0.665613 0.399141 -10468.691416 0.136518 -10468.133049 0.017850 -10468.063608 -0.609958 0.136518 -0.627808 0.136518 0.829754   0   0  -1 
2460073.780774 0.671136 0.399306 -10468.532442 0.124641 -10468.133049 0.016153 -10468.062960 -0.453329 0.124641 -0.469482 0.124641 0.829754   0   0  -1 
2460076.728213 3.618575 0.487446 -10468.677012 0.126723 -10468.133049 -0.761077 -10469.340224 -0.097865 0.126723 0.663212 0.126723 0.829754   0   0  -1 
2460076.733797 3.624159 0.487613 -10468.420636 0.121235 -10468.133049 -0.762275 -10469.343676 0.160765 0.121235 0.923040 0.121235 0.829754   0   0  -1 
2460077.755001 4.645363 0.518150 -10469.796842 0.156253 -10468.133049 -0.962722 -10469.808652 -0.950913 0.156253 0.011810 0.156253 0.829754   0   0  -1 
2460077.760768 4.651130 0.518323 -10469.832216 0.150546 -10468.133049 -0.963748 -10469.810049 -0.985916 0.150546 -0.022167 0.150546 0.829754   0   0  -1 
2460078.818364 5.708726 0.549949 -10470.121344 0.118065 -10468.133049 -1.131691 -10469.773271 -1.479764 0.118065 -0.348073 0.118065 0.829754   0   0  -1 
2460078.823976 5.714338 0.550117 -10470.631326 0.115757 -10468.133049 -1.132476 -10469.771543 -1.992258 0.115757 -0.859783 0.115757 0.829754   0   0  -1 
2460079.846559 6.736921 0.580695 -10469.784428 0.112864 -10468.133049 -1.256720 -10469.270041 -1.771107 0.112864 -0.514387 0.112864 0.829754   0   0  -1 
2460079.852048 6.742410 0.580860 -10469.613740 0.114319 -10468.133049 -1.257287 -10469.266761 -1.604266 0.114319 -0.346979 0.114319 0.829754   0   0  -1 
2460080.730235 7.620597 0.607121 -10469.772583 0.121764 -10468.133049 -1.334467 -10468.793716 -2.313334 0.121764 -0.978867 0.121764 0.829754   0   0  -1 
2460080.735864 7.626226 0.607289 -10469.610615 0.112383 -10468.133049 -1.334875 -10468.791437 -2.154053 0.112383 -0.819178 0.112383 0.829754   0   0  -1 
2460082.755256 9.645618 0.667676 -10469.121371 0.143393 -10468.133049 -1.411196 -10469.224316 -1.308251 0.143393 0.102945 0.143393 0.829754   0   0  -1 
2460082.760842 9.651204 0.667843 -10468.518798 0.129661 -10468.133049 -1.411215 -10469.228496 -0.701517 0.129661 0.709698 0.129661 0.829754   0   0  -1 
2460086.748603 13.638965 0.787092 -10463.771857 0.096592 -10468.133049 -1.156268 -10465.398946 0.470821 0.096592 1.627089 0.096592 0.829754   0   0  -1 
2460086.754324 13.644686 0.787263 -10464.310069 0.104158 -10468.133049 -1.155516 -10465.390721 -0.074864 0.104158 1.080652 0.104158 0.829754   0   0  -1 
2460199.601214 -7.271435 0.161795 -10467.857782 0.194625 -10468.133049 1.855977 -10468.673034 2.671229 0.194625 0.815252 0.194625 0.829754   0   0  -1 
2460199.607025 -7.265624 0.161969 -10469.302924 0.190719 -10468.133049 1.856235 -10468.667716 1.221027 0.190719 -0.635208 0.190719 0.829754   0   0  -1 
2460201.515076 -5.357573 0.219026 -10466.554990 0.136306 -10468.133049 1.755463 -10466.885413 2.085886 0.136306 0.330423 0.136306 0.829754   0   0  -1 
2460201.520627 -5.352022 0.219192 -10466.389365 0.147106 -10468.133049 1.754649 -10466.881855 2.247139 0.147106 0.492490 0.147106 0.829754   0   0  -1 
2460202.533617 -4.339032 0.249484 -10465.659465 0.116368 -10468.133049 1.562379 -10466.499083 2.401997 0.116368 0.839618 0.116368 0.829754   0   0  -1 
2460202.539273 -4.333376 0.249653 -10465.508485 0.110234 -10468.133049 1.561082 -10466.498558 2.551155 0.110234 0.990073 0.110234 0.829754   0   0  -1 
2460203.571018 -3.301631 0.280506 -10465.844882 0.168626 -10468.133049 1.291323 -10466.691473 2.137914 0.168626 0.846591 0.168626 0.829754   0   0  -1 
2460203.577196 -3.295453 0.280691 -10465.648256 0.180164 -10468.133049 1.289536 -10466.694077 2.335358 0.180164 1.045821 0.180164 0.829754   0   0  -1 
2460204.530857 -2.341792 0.309209 -10467.427115 0.098515 -10468.133049 0.996874 -10467.168959 0.738719 0.098515 -0.258156 0.098515 0.829754   0   0  -1 
2460204.536387 -2.336262 0.309374 -10466.800940 0.104273 -10468.133049 0.995099 -10467.171683 1.365842 0.104273 0.370743 0.104273 0.829754   0   0  -1 
2460205.516019 -1.356630 0.338669 -10468.149301 0.122140 -10468.133049 0.673471 -10467.517713 0.041884 0.122140 -0.631588 0.122140 0.829754   0   0  -1 
2460205.521490 -1.351159 0.338833 -10467.759986 0.108265 -10468.133049 0.671653 -10467.518713 0.430380 0.108265 -0.241273 0.108265 0.829754   0   0  -1 
2460206.534104 -0.338545 0.369113 -10467.984215 0.123507 -10468.133049 0.336834 -10467.565700 -0.081681 0.123507 -0.418515 0.123507 0.829754   0   0  -1 
2460206.539634 -0.333015 0.369279 -10467.395836 0.112931 -10468.133049 0.335030 -10467.565570 0.504764 0.112931 0.169734 0.112931 0.829754   0   0  -1 
2460208.612713 1.740064 0.431271 -10467.863703 0.119086 -10468.133049 -0.297120 -10468.096072 -0.064751 0.119086 0.232369 0.119086 0.829754   0   0  -1 
2460208.618030 1.745381 0.431430 -10468.124237 0.122661 -10468.133049 -0.298596 -10468.099338 -0.323496 0.122661 -0.024899 0.122661 0.829754   0   0  -1 
2460209.504007 2.631358 0.457924 -10468.350357 0.247406 -10468.133049 -0.532068 -10468.685040 -0.197385 0.247406 0.334683 0.247406 0.829754   0   0  -1 
2460209.509978 2.637329 0.458103 -10468.742438 0.220522 -10468.133049 -0.533554 -10468.688953 -0.587039 0.220522 -0.053485 0.220522 0.829754   0   0  -1 
2460210.587394 3.714745 0.490321 -10468.232795 0.137683 -10468.133049 -0.781561 -10469.308419 0.294063 0.137683 1.075624 0.137683 0.829754   0   0  -1 
2460210.593026 3.720377 0.490490 -10467.916827 0.147704 -10468.133049 -0.782751 -10469.311291 0.611713 0.147704 1.394464 0.147704 0.829754   0   0  -1 
2460211.516295 4.643646 0.518099 -10469.090653 0.190231 -10468.133049 -0.962417 -10469.827480 -0.225590 0.190231 0.736827 0.190231 0.829754   0   0  -1 
2460211.522268 4.649619 0.518278 -10468.782398 0.153085 -10468.133049 -0.963480 -10469.831491 0.085614 0.153085 1.049093 0.153085 0.829754   0   0  -1 
