# time Tc_folded Tref_folded value value_err offset model full_model val_compare val_compare_err residuals residuals_err jitter jitter_flag offset_flag subset_flag 
2455480.529186 0.000000 0.000000 6736.979894 0.971355 6748.138405 -9.130018 6739.008387 -11.158511 0.971355 -2.028493 0.971355 2.143121   1   1  -1 
2455480.532970 0.000000 0.000000 6736.094407 0.880169 6748.138405 -9.126571 6739.011834 -12.043998 0.880169 -2.917427 0.880169 2.143121   1   1  -1 
2455480.536778 0.000000 0.000000 6734.204715 0.930093 6748.138405 -9.123101 6739.015304 -13.933690 0.930093 -4.810589 0.930093 2.143121   1   1  -1 
2455482.554786 0.000000 0.000000 6741.458054 0.707811 6748.138405 -7.183547 6740.954858 -6.680351 0.707811 0.503196 0.707811 2.143121   1   1  -1 
2455484.542056 0.000000 0.000000 6740.946449 1.028638 6748.138405 -5.344566 6742.793840 -7.191956 1.028638 -1.847391 1.028638 2.143121   1   1  -1 
2455484.545828 0.000000 0.000000 6742.814201 1.065413 6748.138405 -5.341394 6742.797011 -5.324204 1.065413 0.017190 1.065413 2.143121   1   1  -1 
2455484.549671 0.000000 0.000000 6740.893501 1.016694 6748.138405 -5.338164 6742.800241 -7.244904 1.016694 -1.906740 1.016694 2.143121   1   1  -1 
2455485.527184 0.000000 0.000000 6742.415408 0.864068 6748.138405 -4.578548 6743.559857 -5.722997 0.864068 -1.144449 0.864068 2.143121   1   1  -1 
2455485.532971 0.000000 0.000000 6742.960770 0.891412 6748.138405 -4.574453 6743.563952 -5.177635 0.891412 -0.603182 0.891412 2.143121   1   1  -1 
2455487.543214 0.000000 0.000000 6741.874138 0.808873 6748.138405 -3.495308 6744.643097 -6.264267 0.808873 -2.768959 0.808873 2.143121   1   1  -1 
2455487.548897 0.000000 0.000000 6742.782044 0.803534 6748.138405 -3.493296 6744.645109 -5.356361 0.803534 -1.863065 0.803534 2.143121   1   1  -1 
2455493.544252 0.000000 0.000000 6743.144504 0.793201 6748.138405 -4.190953 6743.947452 -4.993901 0.793201 -0.802948 0.793201 2.143121   1   1  -1 
2455493.550478 0.000000 0.000000 6741.566527 0.810440 6748.138405 -4.193582 6743.944823 -6.571878 0.810440 -2.378296 0.810440 2.143121   1   1  -1 
2455495.535877 0.000000 0.000000 6741.987547 0.802492 6748.138405 -5.081009 6743.057396 -6.150858 0.802492 -1.069849 0.802492 2.143121   1   1  -1 
2455495.541664 0.000000 0.000000 6742.530962 0.850836 6748.138405 -5.083671 6743.054734 -5.607443 0.850836 -0.523772 0.850836 2.143121   1   1  -1 
2455498.517820 0.000000 0.000000 6743.241742 1.327692 6748.138405 -6.472167 6741.666238 -4.896663 1.327692 1.575504 1.327692 2.143121   1   1  -1 
2455498.523445 0.000000 0.000000 6742.436859 1.200196 6748.138405 -6.474871 6741.663534 -5.701546 1.200196 0.773325 1.200196 2.143121   1   1  -1 
2455500.544007 0.000000 0.000000 6740.389314 0.683673 6748.138405 -7.500067 6740.638339 -7.749091 0.683673 -0.249025 0.683673 2.143121   1   1  -1 
2455500.549389 0.000000 0.000000 6739.327197 0.744348 6748.138405 -7.502975 6740.635431 -8.811208 0.744348 -1.308234 0.744348 2.143121   1   1  -1 
2455501.547102 0.000000 0.000000 6738.201800 0.605317 6748.138405 -8.060490 6740.077915 -9.936605 0.605317 -1.876115 0.605317 2.143121   1   1  -1 
2455501.552738 0.000000 0.000000 6736.954145 0.578445 6748.138405 -8.063741 6740.074664 -11.184260 0.578445 -3.120519 0.578445 2.143121   1   1  -1 
2455505.514789 0.000000 0.000000 6740.070490 0.688526 6748.138405 -10.389336 6737.749070 -8.067915 0.688526 2.321420 0.688526 2.143121   1   1  -1 
2455505.520425 0.000000 0.000000 6740.042201 0.681455 6748.138405 -10.392185 6737.746220 -8.096204 0.681455 2.295981 0.681455 2.143121   1   1  -1 
2455507.517142 0.000000 0.000000 6737.783175 0.529962 6748.138405 -11.123477 6737.014928 -10.355230 0.529962 0.768247 0.529962 2.143121   1   1  -1 
2455507.522824 0.000000 0.000000 6736.008881 0.540417 6748.138405 -11.124555 6737.013850 -12.129524 0.540417 -1.004969 0.540417 2.143121   1   1  -1 
2455509.518050 0.000000 0.000000 6739.147553 0.760523 6748.138405 -11.020937 6737.117469 -8.990852 0.760523 2.030084 0.760523 2.143121   1   1  -1 
2455509.523524 0.000000 0.000000 6739.453965 0.709529 6748.138405 -11.019194 6737.119211 -8.684440 0.709529 2.334754 0.709529 2.143121   1   1  -1 
2455511.516449 0.000000 0.000000 6736.700627 0.796997 6748.138405 -9.807304 6738.331101 -11.437778 0.796997 -1.630474 0.796997 2.143121   1   1  -1 
2455511.521935 0.000000 0.000000 6737.359679 0.793324 6748.138405 -9.802397 6738.336008 -10.778726 0.793324 -0.976329 0.793324 2.143121   1   1  -1 
2455513.504562 0.000000 0.000000 6739.969627 0.836669 6748.138405 -7.542990 6740.595416 -8.168778 0.836669 -0.625789 0.836669 2.143121   1   1  -1 
2455513.510244 0.000000 0.000000 6739.379536 0.882170 6748.138405 -7.535325 6740.603080 -8.758869 0.882170 -1.223544 0.882170 2.143121   1   1  -1 
2455514.505835 0.000000 0.000000 6740.416095 0.671812 6748.138405 -6.122140 6742.016265 -7.722310 0.671812 -1.600170 0.671812 2.143121   1   1  -1 
2455514.511356 0.000000 0.000000 6741.219400 0.683432 6748.138405 -6.113991 6742.024414 -6.919005 0.683432 -0.805014 0.683432 2.143121   1   1  -1 
2455519.503938 0.000000 0.000000 6751.476274 1.033370 6748.138405 0.371707 6748.510113 3.337869 1.033370 2.966161 1.033370 2.143121   1   1  -1 
2455519.508811 0.000000 0.000000 6750.581276 0.996146 6748.138405 0.375445 6748.513850 2.442871 0.996146 2.067426 0.996146 2.143121   1   1  -1 
2455523.508036 0.000000 0.000000 6747.670446 0.829835 6748.138405 0.653015 6748.791421 -0.467959 0.829835 -1.120975 0.829835 2.143121   1   1  -1 
2455523.513036 0.000000 0.000000 6746.377680 0.865769 6748.138405 0.649988 6748.788393 -1.760725 0.865769 -2.410713 0.865769 2.143121   1   1  -1 
2455524.521481 0.000000 0.000000 6745.252557 0.667948 6748.138405 -0.102101 6748.036304 -2.885848 0.667948 -2.783747 0.667948 2.143121   1   1  -1 
2455524.526446 0.000000 0.000000 6747.418629 0.678388 6748.138405 -0.106451 6748.031955 -0.719776 0.678388 -0.613326 0.678388 2.143121   1   1  -1 
2455653.900831 0.000000 0.000000 6744.853956 0.744608 6748.138405 -3.401611 6744.736794 -3.284449 0.744608 0.117162 0.744608 2.143121   1   1  -1 
2455653.906410 0.000000 0.000000 6744.437562 0.736194 6748.138405 -3.403156 6744.735249 -3.700843 0.736194 -0.297687 0.736194 2.143121   1   1  -1 
2455654.900357 0.000000 0.000000 6743.527057 0.814117 6748.138405 -3.693911 6744.444494 -4.611348 0.814117 -0.917437 0.814117 2.143121   1   1  -1 
2455654.905936 0.000000 0.000000 6743.668193 0.731415 6748.138405 -3.695604 6744.442802 -4.470212 0.731415 -0.774609 0.731415 2.143121   1   1  -1 
2455657.909222 0.000000 0.000000 6743.719643 0.605709 6748.138405 -4.557423 6743.580982 -4.418762 0.605709 0.138661 0.605709 2.143121   1   1  -1 
2455657.914813 0.000000 0.000000 6741.956807 0.631733 6748.138405 -4.558776 6743.579629 -6.181598 0.631733 -1.622822 0.631733 2.143121   1   1  -1 
2455659.907949 0.000000 0.000000 6742.173855 0.769486 6748.138405 -4.946407 6743.191998 -5.964550 0.769486 -1.018143 0.769486 2.143121   1   1  -1 
2455659.913540 0.000000 0.000000 6744.060561 0.803020 6748.138405 -4.947223 6743.191182 -4.077844 0.803020 0.869379 0.803020 2.143121   1   1  -1 
2455660.901884 0.000000 0.000000 6745.219734 0.502349 6748.138405 -5.069097 6743.069309 -2.918671 0.502349 2.150425 0.502349 2.143121   1   1  -1 
2455662.902485 0.000000 0.000000 6741.723247 0.948916 6748.138405 -5.207487 6742.930918 -6.415158 0.948916 -1.207671 0.948916 2.143121   1   1  -1 
2455662.908180 0.000000 0.000000 6743.920904 0.909242 6748.138405 -5.207741 6742.930665 -4.217501 0.909242 0.990239 0.909242 2.143121   1   1  -1 
2455663.839263 0.000000 0.000000 6740.006775 1.737212 6748.138405 -5.244266 6742.894139 -8.131630 1.737212 -2.887364 1.737212 2.143121   1   1  -1 
2455672.897729 0.000000 0.000000 6742.158654 0.653920 6748.138405 -6.313425 6741.824981 -5.979751 0.653920 0.333673 0.653920 2.143121   1   1  -1 
2455672.902775 0.000000 0.000000 6743.643604 0.601277 6748.138405 -6.314456 6741.823949 -4.494801 0.601277 1.819655 0.601277 2.143121   1   1  -1 
2455675.905453 0.000000 0.000000 6741.296177 0.422700 6748.138405 -6.908887 6741.229518 -6.842228 0.422700 0.066659 0.422700 2.143121   1   1  -1 
2455679.879903 0.000000 0.000000 6740.439105 0.504578 6748.138405 -7.348269 6740.790136 -7.699300 0.504578 -0.351031 0.504578 2.143121   1   1  -1 
2455679.885123 0.000000 0.000000 6741.251299 0.513702 6748.138405 -7.348346 6740.790059 -6.887106 0.513702 0.461240 0.513702 2.143121   1   1  -1 
2455712.893679 0.000000 0.000000 6743.439908 0.560355 6748.138405 -3.247036 6744.891369 -4.698497 0.560355 -1.451461 0.560355 2.143121   1   1  -1 
2455715.864679 0.000000 0.000000 6747.620719 1.363467 6748.138405 -2.850279 6745.288127 -0.517686 1.363467 2.332592 1.363467 2.143121   1   1  -1 
2455715.867376 0.000000 0.000000 6744.977745 1.418842 6748.138405 -2.850266 6745.288139 -3.160660 1.418842 -0.310394 1.418842 2.143121   1   1  -1 
2455715.869992 0.000000 0.000000 6742.248056 1.436778 6748.138405 -2.850254 6745.288151 -5.890349 1.436778 -3.040095 1.436778 2.143121   1   1  -1 
2455715.872747 0.000000 0.000000 6746.539265 1.484829 6748.138405 -2.850242 6745.288163 -1.599140 1.484829 1.251102 1.484829 2.143121   1   1  -1 
2455727.859452 0.000000 0.000000 6749.048938 1.056398 6748.138405 -1.093382 6747.045023 0.910533 1.056398 2.003915 1.056398 2.143121   1   1  -1 
2455727.863145 0.000000 0.000000 6746.852638 1.033327 6748.138405 -1.092061 6747.046344 -1.285767 1.033327 -0.193706 1.033327 2.143121   1   1  -1 
2455727.866953 0.000000 0.000000 6748.121533 1.119485 6748.138405 -1.090700 6747.047705 -0.016872 1.119485 1.073828 1.119485 2.143121   1   1  -1 
2455735.809170 0.000000 0.000000 6744.754804 0.526032 6748.138405 -1.917332 6746.221073 -3.383601 0.526032 -1.466269 0.526032 2.143121   1   1  -1 
2455754.777241 0.000000 0.000000 6746.468927 1.091349 6748.138405 -4.608571 6743.529834 -1.669478 1.091349 2.939093 1.091349 2.143121   1   1  -1 
2455755.755721 0.000000 0.000000 6744.820061 0.768792 6748.138405 -4.115220 6744.023185 -3.318344 0.768792 0.796876 0.768792 2.143121   1   1  -1 
2455769.736300 0.000000 0.000000 6741.910452 0.677532 6748.138405 -4.548130 6743.590275 -6.227953 0.677532 -1.679823 0.677532 2.143121   1   1  -1 
2455769.742075 0.000000 0.000000 6742.850451 0.770313 6748.138405 -4.548845 6743.589560 -5.287954 0.770313 -0.739109 0.770313 2.143121   1   1  -1 
2455776.628483 0.000000 0.000000 6750.213357 0.712348 6748.138405 -1.950500 6746.187905 2.074952 0.712348 4.025452 0.712348 2.143121   1   1  -1 
2455782.624998 0.000000 0.000000 6747.016802 0.761072 6748.138405 -1.668036 6746.470369 -1.121603 0.761072 0.546433 0.761072 2.143121   1   1  -1 
2455784.737667 0.000000 0.000000 6741.817184 0.545366 6748.138405 -2.067542 6746.070864 -6.321221 0.545366 -4.253680 0.545366 2.143121   1   1  -1 
2455801.526698 0.000000 0.000000 6751.852184 1.273141 6748.138405 -1.983841 6746.154564 3.713779 1.273141 5.697620 1.273141 2.143121   1   1  -1 
2455801.531628 0.000000 0.000000 6748.995510 1.177162 6748.138405 -1.986525 6746.151880 0.857105 1.177162 2.843630 1.177162 2.143121   1   1  -1 
2455804.632333 0.000000 0.000000 6745.335970 1.120566 6748.138405 -3.030560 6745.107846 -2.802435 1.120566 0.228124 1.120566 2.143121   1   1  -1 
2455804.637669 0.000000 0.000000 6747.868911 1.032150 6748.138405 -3.031290 6745.107115 -0.269494 1.032150 2.761796 1.032150 2.143121   1   1  -1 
2455807.626267 0.000000 0.000000 6743.760974 0.965710 6748.138405 -3.207135 6744.931270 -4.377431 0.965710 -1.170296 0.965710 2.143121   1   1  -1 
2455807.631162 0.000000 0.000000 6744.367308 0.886584 6748.138405 -3.207461 6744.930944 -3.771097 0.886584 -0.563636 0.886584 2.143121   1   1  -1 
2455810.581550 0.000000 0.000000 6749.536319 0.754194 6748.138405 -3.860486 6744.277919 1.397914 0.754194 5.258400 0.754194 2.143121   1   1  -1 
2455810.586723 0.000000 0.000000 6745.341822 0.797392 6748.138405 -3.862632 6744.275773 -2.796583 0.797392 1.066049 0.797392 2.143121   1   1  -1 
2455816.587002 0.000000 0.000000 6736.994306 0.959785 6748.138405 -7.265098 6740.873308 -11.144099 0.959785 -3.879002 0.959785 2.143121   1   1  -1 
2455816.590578 0.000000 0.000000 6737.632453 0.889883 6748.138405 -7.266310 6740.872096 -10.505952 0.889883 -3.239643 0.889883 2.143121   1   1  -1 
2455816.594154 0.000000 0.000000 6736.813114 0.876464 6748.138405 -7.267519 6740.870886 -11.325291 0.876464 -4.057772 0.876464 2.143121   1   1  -1 
2455834.622073 0.000000 0.000000 6741.622283 0.577372 6748.138405 -5.427407 6742.710998 -6.516122 0.577372 -1.088715 0.577372 2.143121   1   1  -1 
2455834.627593 0.000000 0.000000 6741.694550 0.576524 6748.138405 -5.425684 6742.712721 -6.443855 0.576524 -1.018171 0.576524 2.143121   1   1  -1 
2455836.585712 0.000000 0.000000 6742.623220 0.680522 6748.138405 -4.326414 6743.811991 -5.515185 0.680522 -1.188771 0.680522 2.143121   1   1  -1 
2455836.591440 0.000000 0.000000 6741.147612 0.679136 6748.138405 -4.321913 6743.816492 -6.990793 0.679136 -2.668880 0.679136 2.143121   1   1  -1 
2455839.585007 0.000000 0.000000 6748.405228 0.910132 6748.138405 -1.487792 6746.650613 0.266823 0.910132 1.754615 0.910132 2.143121   1   1  -1 
2455839.590794 0.000000 0.000000 6747.617891 0.919769 6748.138405 -1.482207 6746.656198 -0.520514 0.919769 0.961693 0.919769 2.143121   1   1  -1 
2455842.549547 0.000000 0.000000 6752.493747 1.066299 6748.138405 0.640050 6748.778455 4.355342 1.066299 3.715292 1.066299 2.143121   1   1  -1 
2455842.555033 0.000000 0.000000 6750.073896 0.873203 6748.138405 0.642117 6748.780522 1.935491 0.873203 1.293374 0.873203 2.143121   1   1  -1 
2455845.575633 0.000000 0.000000 6749.336050 1.067738 6748.138405 0.596216 6748.734621 1.197645 1.067738 0.601429 1.067738 2.143121   1   1  -1 
2455845.581258 0.000000 0.000000 6747.769866 0.922401 6748.138405 0.594232 6748.732638 -0.368539 0.922401 -0.962772 0.922401 2.143121   1   1  -1 
2455870.498785 0.000000 0.000000 6742.487318 0.730627 6748.138405 -5.092014 6743.046391 -5.651087 0.730627 -0.559073 0.730627 2.143121   1   1  -1 
2455870.504422 0.000000 0.000000 6741.521976 0.718479 6748.138405 -5.088964 6743.049441 -6.616429 0.718479 -1.527465 0.718479 2.143121   1   1  -1 
2455874.532217 0.000000 0.000000 6744.629305 1.027595 6748.138405 -3.593215 6744.545191 -3.509100 1.027595 0.084114 1.027595 2.143121   1   1  -1 
2455874.537437 0.000000 0.000000 6744.608219 1.390676 6748.138405 -3.593065 6744.545340 -3.530186 1.390676 0.062879 1.390676 2.143121   1   1  -1 
2455878.549549 0.000000 0.000000 6743.133515 1.360956 6748.138405 -4.966789 6743.171616 -5.004890 1.360956 -0.038101 1.360956 2.143121   1   1  -1 
2455878.554965 0.000000 0.000000 6740.135198 1.321422 6748.138405 -4.969869 6743.168536 -8.003207 1.321422 -3.033338 1.321422 2.143121   1   1  -1 
2456020.892743 0.000000 0.000000 6745.146307 0.800504 6748.138405 -3.424572 6744.713833 -2.992098 0.800504 0.432474 0.800504 2.143121   1   1  -1 
2456020.898160 0.000000 0.000000 6746.202855 0.781449 6748.138405 -3.426403 6744.712002 -1.935550 0.781449 1.490853 0.781449 2.143121   1   1  -1 
2456022.889397 0.000000 0.000000 6744.288656 0.994688 6748.138405 -3.897505 6744.240900 -3.849749 0.994688 0.047756 0.994688 2.143121   1   1  -1 
2456022.894884 0.000000 0.000000 6746.835284 1.113054 6748.138405 -3.898157 6744.240248 -1.303121 1.113054 2.595036 1.113054 2.143121   1   1  -1 
2456024.891353 0.000000 0.000000 6742.988987 0.857313 6748.138405 -3.853412 6744.284993 -5.149418 0.857313 -1.296006 0.857313 2.143121   1   1  -1 
2456024.897048 0.000000 0.000000 6744.748045 0.814076 6748.138405 -3.852448 6744.285957 -3.390360 0.814076 0.462088 0.814076 2.143121   1   1  -1 
2456028.922257 0.000000 0.000000 6746.543190 0.690565 6748.138405 -2.123297 6746.015109 -1.595215 0.690565 0.528081 0.690565 2.143121   1   1  -1 
2456029.892891 0.000000 0.000000 6747.320493 1.086998 6748.138405 -1.504814 6746.633591 -0.817912 1.086998 0.686902 1.086998 2.143121   1   1  -1 
2456029.898354 0.000000 0.000000 6748.760240 1.038533 6748.138405 -1.501280 6746.637125 0.621835 1.038533 2.123115 1.038533 2.143121   1   1  -1 
2456031.852968 0.000000 0.000000 6747.989211 0.817617 6748.138405 -0.281828 6747.856577 -0.149194 0.817617 0.132634 0.817617 2.143121   1   1  -1 
2456052.857065 0.000000 0.000000 6746.249978 0.812636 6748.138405 -4.613715 6743.524691 -1.888427 0.812636 2.725287 0.812636 2.143121   1   1  -1 
2456052.862482 0.000000 0.000000 6745.619923 0.787680 6748.138405 -4.612442 6743.525963 -2.518482 0.787680 2.093960 0.787680 2.143121   1   1  -1 
2456053.851639 0.000000 0.000000 6743.166273 0.874947 6748.138405 -4.340684 6743.797721 -4.972132 0.874947 -0.631448 0.874947 2.143121   1   1  -1 
2456053.857114 0.000000 0.000000 6741.264696 0.828685 6748.138405 -4.338974 6743.799431 -6.873709 0.828685 -2.534735 0.828685 2.143121   1   1  -1 
2456054.839916 0.000000 0.000000 6746.508998 0.533012 6748.138405 -3.999585 6744.138820 -1.629407 0.533012 2.370178 0.533012 2.143121   1   1  -1 
2456055.886865 0.000000 0.000000 6744.080866 0.509706 6748.138405 -3.576074 6744.562332 -4.057539 0.509706 -0.481466 0.509706 2.143121   1   1  -1 
2456056.818146 0.000000 0.000000 6747.963625 0.893302 6748.138405 -3.155892 6744.982513 -0.174780 0.893302 2.981112 0.893302 2.143121   1   1  -1 
2456056.823714 0.000000 0.000000 6744.469105 0.813986 6748.138405 -3.153273 6744.985132 -3.669300 0.813986 -0.516027 0.813986 2.143121   1   1  -1 
2456078.843392 0.000000 0.000000 6746.158961 0.647558 6748.138405 0.097379 6748.235784 -1.979444 0.647558 -2.076823 0.647558 2.143121   1   1  -1 
2456078.849075 0.000000 0.000000 6745.719595 0.632973 6748.138405 0.093955 6748.232360 -2.418810 0.632973 -2.512765 0.632973 2.143121   1   1  -1 
2456081.832748 0.000000 0.000000 6746.860997 0.796018 6748.138405 -1.127285 6747.011121 -1.277408 0.796018 -0.150124 0.796018 2.143121   1   1  -1 
2456081.838651 0.000000 0.000000 6746.160349 0.647447 6748.138405 -1.128317 6747.010088 -1.978056 0.647447 -0.849739 0.647447 2.143121   1   1  -1 
2456085.820521 0.000000 0.000000 6748.615188 0.878497 6748.138405 -0.583371 6747.555034 0.476783 0.878497 1.060154 0.878497 2.143121   1   1  -1 
2456085.826250 0.000000 0.000000 6749.360613 0.917873 6748.138405 -0.581210 6747.557195 1.222208 0.917873 1.803418 0.917873 2.143121   1   1  -1 
2456088.742747 0.000000 0.000000 6753.524666 0.549399 6748.138405 0.619303 6748.757708 5.386261 0.549399 4.766958 0.549399 2.143121   1   1  -1 
2456092.900369 0.000000 0.000000 6751.383386 0.628826 6748.138405 1.426715 6749.565120 3.244981 0.628826 1.818266 0.628826 2.143121   1   1  -1 
2456115.815540 0.000000 0.000000 6754.277043 0.776191 6748.138405 0.572440 6748.710845 6.138638 0.776191 5.566198 0.776191 2.143121   1   1  -1 
2456118.809984 0.000000 0.000000 6751.338923 0.512854 6748.138405 1.640582 6749.778987 3.200518 0.512854 1.559936 0.512854 2.143121   1   1  -1 
2456121.820367 0.000000 0.000000 6748.884407 1.411859 6748.138405 2.130241 6750.268646 0.746002 1.411859 -1.384239 1.411859 2.143121   1   1  -1 
2456149.686124 0.000000 0.000000 6745.208573 0.845009 6748.138405 3.968946 6752.107351 -2.929832 0.845009 -6.898778 0.845009 2.143121   1   1  -1 
2456154.723489 0.000000 0.000000 6753.155186 0.865117 6748.138405 5.282148 6753.420554 5.016781 0.865117 -0.265368 0.865117 2.143121   1   1  -1 
2456154.728442 0.000000 0.000000 6756.664798 1.281739 6748.138405 5.279752 6753.418158 8.526393 1.281739 3.246640 1.281739 2.143121   1   1  -1 
2456166.527551 0.000000 0.000000 6750.235757 0.645517 6748.138405 -1.872913 6746.265492 2.097352 0.645517 3.970265 0.645517 2.143121   1   1  -1 
2456168.609469 0.000000 0.000000 6746.933111 0.971404 6748.138405 -1.329373 6746.809032 -1.205294 0.971404 0.124079 0.971404 2.143121   1   1  -1 
2456168.615105 0.000000 0.000000 6744.859936 0.857956 6748.138405 -1.327804 6746.810601 -3.278469 0.857956 -1.950665 0.857956 2.143121   1   1  -1 
2456171.510563 0.000000 0.000000 6746.779196 0.523911 6748.138405 -0.628677 6747.509729 -1.359209 0.523911 -0.730533 0.523911 2.143121   1   1  -1 
2456173.694840 0.000000 0.000000 6745.694408 0.870055 6748.138405 -0.209504 6747.928901 -2.443997 0.870055 -2.234493 0.870055 2.143121   1   1  -1 
2456181.612869 0.000000 0.000000 6746.780093 0.609426 6748.138405 2.676866 6750.815271 -1.358312 0.609426 -4.035178 0.609426 2.143121   1   1  -1 
2456186.623747 0.000000 0.000000 6750.623304 0.538290 6748.138405 2.749943 6750.888348 2.484899 0.538290 -0.265044 0.538290 2.143121   1   1  -1 
2456189.666838 0.000000 0.000000 6748.504253 1.709832 6748.138405 2.267563 6750.405968 0.365848 1.709832 -1.901715 1.709832 2.143121   1   1  -1 
2456190.592865 0.000000 0.000000 6750.871459 0.873280 6748.138405 2.321885 6750.460290 2.733054 0.873280 0.411169 0.873280 2.143121   1   1  -1 
2456190.598548 0.000000 0.000000 6750.369171 0.820368 6748.138405 2.322656 6750.461061 2.230766 0.820368 -0.091890 0.820368 2.143121   1   1  -1 
2456195.586272 0.000000 0.000000 6749.872183 0.911842 6748.138405 4.801537 6752.939942 1.733778 0.911842 -3.067759 0.911842 2.143121   1   1  -1 
2456195.591793 0.000000 0.000000 6753.010576 0.913007 6748.138405 4.805217 6752.943622 4.872171 0.913007 0.066954 0.913007 2.143121   1   1  -1 
2456198.564091 0.000000 0.000000 6752.020828 1.186346 6748.138405 6.280124 6754.418530 3.882423 1.186346 -2.397702 1.186346 2.143121   1   1  -1 
2456198.569866 0.000000 0.000000 6752.133778 1.250845 6748.138405 6.281515 6754.419921 3.995373 1.250845 -2.286143 1.250845 2.143121   1   1  -1 
2456204.547188 0.000000 0.000000 6753.568624 0.781661 6748.138405 5.036068 6753.174473 5.430219 0.781661 0.394151 0.781661 2.143121   1   1  -1 
2456205.523197 0.000000 0.000000 6749.089385 0.447471 6748.138405 4.898713 6753.037118 0.950980 0.447471 -3.947733 0.447471 2.143121   1   1  -1 
2456208.615737 0.000000 0.000000 6753.603897 0.942056 6748.138405 6.205014 6754.343419 5.465492 0.942056 -0.739522 0.942056 2.143121   1   1  -1 
2456209.540800 0.000000 0.000000 6759.371118 1.053758 6748.138405 7.128175 6755.266581 11.232713 1.053758 4.104537 1.053758 2.143121   1   1  -1 
2456210.532155 0.000000 0.000000 6759.600350 0.864183 6748.138405 8.296383 6756.434788 11.461945 0.864183 3.165562 0.864183 2.143121   1   1  -1 
2456212.523498 0.000000 0.000000 6755.476387 0.479583 6748.138405 10.733771 6758.872177 7.337982 0.479583 -3.395790 0.479583 2.143121   1   1  -1 
2456217.523649 0.000000 0.000000 6753.855817 0.740951 6748.138405 11.515073 6759.653478 5.717412 0.740951 -5.797661 0.740951 2.143121   1   1  -1 
2456217.529482 0.000000 0.000000 6756.209522 0.723468 6748.138405 11.508949 6759.647354 8.071117 0.723468 -3.437832 0.723468 2.143121   1   1  -1 
2456218.587951 0.000000 0.000000 6761.087306 0.783291 6748.138405 10.141506 6758.279911 12.948901 0.783291 2.807395 0.783291 2.143121   1   1  -1 
2456219.500319 0.000000 0.000000 6756.194158 0.495656 6748.138405 8.610828 6756.749233 8.055753 0.495656 -0.555075 0.495656 2.143121   1   1  -1 
2456220.491327 0.000000 0.000000 6755.982846 0.783227 6748.138405 6.691756 6754.830161 7.844441 0.783227 1.152685 0.783227 2.143121   1   1  -1 
2456220.514069 0.000000 0.000000 6755.832612 0.640640 6748.138405 6.645618 6754.784023 7.694207 0.640640 1.048589 0.640640 2.143121   1   1  -1 
2456409.867093 0.000000 0.000000 6759.457368 1.234666 6748.138405 10.906291 6759.044696 11.318963 1.234666 0.412672 1.234666 2.143121   1   1  -1 
2456409.872719 0.000000 0.000000 6760.777904 1.190406 6748.138405 10.903211 6759.041616 12.639499 1.190406 1.736288 1.190406 2.143121   1   1  -1 
2456416.824768 0.000000 0.000000 6754.823732 1.100783 6748.138405 6.025167 6754.163572 6.685327 1.100783 0.660160 1.100783 2.143121   1   1  -1 
2456416.828565 0.000000 0.000000 6752.557971 1.091725 6748.138405 6.022747 6754.161152 4.419566 1.091725 -1.603181 1.091725 2.143121   1   1  -1 
2456416.832443 0.000000 0.000000 6755.652557 1.133660 6748.138405 6.020275 6754.158680 7.514152 1.133660 1.493877 1.133660 2.143121   1   1  -1 
2456432.884915 0.000000 0.000000 6750.289458 0.787972 6748.138405 1.963173 6750.101578 2.151053 0.787972 0.187880 0.787972 2.143121   1   1  -1 
2456432.890124 0.000000 0.000000 6749.887804 0.901606 6748.138405 1.966453 6750.104858 1.749399 0.901606 -0.217054 0.901606 2.143121   1   1  -1 
2456433.905268 0.000000 0.000000 6751.123745 1.477288 6748.138405 2.636563 6750.774968 2.985340 1.477288 0.348777 1.477288 2.143121   1   1  -1 
2456433.910395 0.000000 0.000000 6755.515765 1.603077 6748.138405 2.640067 6750.778473 7.377360 1.603077 4.737292 1.603077 2.143121   1   1  -1 
2456434.892458 0.000000 0.000000 6749.944594 0.969582 6748.138405 3.320550 6751.458955 1.806189 0.969582 -1.514361 0.969582 2.143121   1   1  -1 
2456434.898129 0.000000 0.000000 6750.432478 0.937709 6748.138405 3.324497 6751.462902 2.294073 0.937709 -1.030424 0.937709 2.143121   1   1  -1 
2456437.889188 0.000000 0.000000 6752.992684 0.801579 6748.138405 5.241211 6753.379616 4.854279 0.801579 -0.386932 0.801579 2.143121   1   1  -1 
2456437.894720 0.000000 0.000000 6750.576482 0.735776 6748.138405 5.244247 6753.382652 2.438077 0.735776 -2.806170 0.735776 2.143121   1   1  -1 
2456438.860772 0.000000 0.000000 6752.460540 0.640814 6748.138405 5.735774 6753.874179 4.322135 0.640814 -1.413639 0.640814 2.143121   1   1  -1 
2456441.860316 0.000000 0.000000 6756.852144 0.846284 6748.138405 6.757318 6754.895723 8.713739 0.846284 1.956421 0.846284 2.143121   1   1  -1 
2456454.832361 0.000000 0.000000 6752.986609 0.709239 6748.138405 3.462079 6751.600485 4.848204 0.709239 1.386124 0.709239 2.143121   1   1  -1 
2456454.837894 0.000000 0.000000 6750.972291 0.711651 6748.138405 3.459098 6751.597503 2.833886 0.711651 -0.625212 0.711651 2.143121   1   1  -1 
2456467.823190 0.000000 0.000000 6754.822849 1.255655 6748.138405 3.705831 6751.844236 6.684444 1.255655 2.978613 1.255655 2.143121   1   1  -1 
2456467.826929 0.000000 0.000000 6751.728023 1.113375 6748.138405 3.706080 6751.844485 3.589618 1.113375 -0.116462 1.113375 2.143121   1   1  -1 
2456467.830702 0.000000 0.000000 6751.044367 1.185837 6748.138405 3.706331 6751.844736 2.905962 1.185837 -0.800369 1.185837 2.143121   1   1  -1 
2456473.860840 0.000000 0.000000 6750.322340 1.051321 6748.138405 3.593241 6751.731647 2.183935 1.051321 -1.409307 1.051321 2.143121   1   1  -1 
2456473.864821 0.000000 0.000000 6751.867851 1.016901 6748.138405 3.593494 6751.731899 3.729446 1.016901 0.135952 1.016901 2.143121   1   1  -1 
2456473.868595 0.000000 0.000000 6753.178042 1.098920 6748.138405 3.593735 6751.732140 5.039637 1.098920 1.445902 1.098920 2.143121   1   1  -1 
2456480.776552 0.000000 0.000000 6754.557282 0.996431 6748.138405 5.234760 6753.373165 6.418877 0.996431 1.184117 0.996431 2.143121   1   1  -1 
2456480.782281 0.000000 0.000000 6755.387313 0.925325 6748.138405 5.235891 6753.374297 7.248908 0.925325 2.013016 0.925325 2.143121   1   1  -1 
2456481.631506 0.000000 0.000000 6756.772221 1.240759 6748.138405 5.368242 6753.506647 8.633816 1.240759 3.265574 1.240759 2.143121   1   1  -1 
2456481.637189 0.000000 0.000000 6753.538508 1.259412 6748.138405 5.368873 6753.507278 5.400103 1.259412 0.031230 1.259412 2.143121   1   1  -1 
2456501.599929 0.000000 0.000000 6754.822030 0.631664 6748.138405 5.993589 6754.131995 6.683625 0.631664 0.690035 0.631664 2.143121   1   1  -1 
2456523.744316 0.000000 0.000000 6751.875856 0.567478 6748.138405 1.542945 6749.681350 3.737451 0.567478 2.194506 0.567478 2.143121   1   1  -1 
2456524.691276 0.000000 0.000000 6747.554595 0.703132 6748.138405 1.732158 6749.870563 -0.583810 0.703132 -2.315968 0.703132 2.143121   1   1  -1 
2456524.696693 0.000000 0.000000 6749.458315 0.716695 6748.138405 1.733311 6749.871716 1.319910 0.716695 -0.413401 0.716695 2.143121   1   1  -1 
2456525.743740 0.000000 0.000000 6754.356749 0.637734 6748.138405 1.952249 6750.090654 6.218344 0.637734 4.266095 0.637734 2.143121   1   1  -1 
2456569.534062 0.000000 0.000000 6756.517428 1.076929 6748.138405 6.282139 6754.420545 8.379023 1.076929 2.096883 1.076929 2.143121   1   1  -1 
2456585.564665 0.000000 0.000000 6750.921123 0.855663 6748.138405 0.709094 6748.847499 2.782718 0.855663 2.073624 0.855663 2.143121   1   1  -1 
2456585.568473 0.000000 0.000000 6746.976103 0.828824 6748.138405 0.709497 6748.847902 -1.162302 0.828824 -1.871799 0.828824 2.143121   1   1  -1 
2456585.572350 0.000000 0.000000 6750.112670 0.846101 6748.138405 0.709909 6748.848314 1.974265 0.846101 1.264356 0.846101 2.143121   1   1  -1 
2456586.547688 0.000000 0.000000 6750.875948 0.928572 6748.138405 0.884242 6749.022647 2.737543 0.928572 1.853301 0.928572 2.143121   1   1  -1 
2456586.551530 0.000000 0.000000 6750.104421 0.993006 6748.138405 0.885182 6749.023587 1.966016 0.993006 1.080834 0.993006 2.143121   1   1  -1 
2456586.555442 0.000000 0.000000 6748.200881 1.030307 6748.138405 0.886140 6749.024546 0.062476 1.030307 -0.823665 1.030307 2.143121   1   1  -1 
2456590.510961 0.000000 0.000000 6753.078268 1.367518 6748.138405 2.271763 6750.410168 4.939863 1.367518 2.668100 1.367518 2.143121   1   1  -1 
2456590.514943 0.000000 0.000000 6747.110191 1.522789 6748.138405 2.273052 6750.411457 -1.028214 1.522789 -3.301266 1.522789 2.143121   1   1  -1 
2456590.518611 0.000000 0.000000 6747.510946 1.287716 6748.138405 2.274238 6750.412643 -0.627459 1.287716 -2.901697 1.287716 2.143121   1   1  -1 
2456765.917789 0.000000 0.000000 6752.196408 0.712210 6748.138405 1.184154 6749.322559 4.058003 0.712210 2.873849 0.712210 2.143121   1   1  -1 
2456765.923021 0.000000 0.000000 6750.137503 0.718686 6748.138405 1.190092 6749.328497 1.999098 0.718686 0.809006 0.718686 2.143121   1   1  -1 
2456789.854143 0.000000 0.000000 6754.654993 0.783119 6748.138405 5.110762 6753.249167 6.516588 0.783119 1.405826 0.783119 2.143121   1   1  -1 
2456789.859722 0.000000 0.000000 6754.125832 0.810184 6748.138405 5.115232 6753.253637 5.987427 0.810184 0.872195 0.810184 2.143121   1   1  -1 
2456806.890179 0.000000 0.000000 6753.452377 0.848654 6748.138405 3.728544 6751.866950 5.313972 0.848654 1.585427 0.848654 2.143121   1   1  -1 
2456829.893363 0.000000 0.000000 6751.251499 0.544726 6748.138405 1.430449 6749.568854 3.113094 0.544726 1.682645 0.544726 2.143121   1   1  -1 
2456857.748704 0.000000 0.000000 6749.652990 0.916881 6748.138405 1.567497 6749.705903 1.514585 0.916881 -0.052913 0.916881 2.143121   1   1  -1 
2456857.754433 0.000000 0.000000 6750.982955 0.896024 6748.138405 1.565728 6749.704133 2.844550 0.896024 1.278822 0.896024 2.143121   1   1  -1 
2456866.784629 0.000000 0.000000 6748.725985 0.744866 6748.138405 -0.888708 6747.249697 0.587580 0.744866 1.476288 0.744866 2.143121   1   1  -1 
2456896.727940 0.000000 0.000000 6755.871457 1.053796 6748.138405 6.152935 6754.291340 7.733052 1.053796 1.580117 1.053796 2.143121   1   1  -1 
2456896.733287 0.000000 0.000000 6755.155412 1.302275 6748.138405 6.157715 6754.296120 7.017007 1.302275 0.859292 1.302275 2.143121   1   1  -1 
2457146.919889 0.000000 0.000000 6757.076817 0.544417 6748.138405 7.062074 6755.200479 8.938412 0.544417 1.876338 0.544417 2.143121   1   1  -1 
2457176.844500 0.000000 0.000000 6764.693117 0.482556 6768.251143 -3.788422 6764.462721 -3.558026 0.482556 0.230396 0.482556 2.143121   1   2  -1 
2457180.950532 0.000000 0.000000 6764.602498 0.611496 6768.251143 -2.648193 6765.602950 -3.648645 0.611496 -1.000452 0.611496 2.143121   1   2  -1 
2457180.956053 0.000000 0.000000 6767.474385 0.642310 6768.251143 -2.646144 6765.605000 -0.776758 0.642310 1.869385 0.642310 2.143121   1   2  -1 
2457307.523708 0.000000 0.000000 6769.474717 0.569213 6768.251143 1.193692 6769.444835 1.223574 0.569213 0.029882 0.569213 2.143121   1   2  -1 
2457307.529113 0.000000 0.000000 6769.180290 0.591603 6768.251143 1.196175 6769.447318 0.929147 0.591603 -0.267028 0.591603 2.143121   1   2  -1 
2457879.840329 0.000000 0.000000 6766.798509 0.840815 6768.251143 -1.330125 6766.921018 -1.452634 0.840815 -0.122509 0.840815 2.143121   1   2  -1 
2457968.637355 0.000000 0.000000 6769.850407 0.766025 6768.251143 2.488537 6770.739680 1.599264 0.766025 -0.889273 0.766025 2.143121   1   2  -1 
2460042.883932 0.000000 0.000000 6638.543767 0.194366 6629.348418 5.777662 6635.126080 9.195349 0.194366 3.417687 0.194366 2.121028   0   0  -1 
2460042.889532 0.000000 0.000000 6639.362246 0.197675 6629.348418 5.776788 6635.125206 10.013828 0.197675 4.237040 0.197675 2.121028   0   0  -1 
2460043.870973 0.000000 0.000000 6635.676123 0.231538 6629.348418 5.429336 6634.777754 6.327705 0.231538 0.898369 0.231538 2.121028   0   0  -1 
2460043.876677 0.000000 0.000000 6635.144250 0.215486 6629.348418 5.426243 6634.774661 5.795832 0.215486 0.369589 0.215486 2.121028   0   0  -1 
2460044.793251 0.000000 0.000000 6636.194980 0.238014 6629.348418 4.788512 6634.136930 6.846562 0.238014 2.058050 0.238014 2.121028   0   0  -1 
2460044.798982 0.000000 0.000000 6635.616222 0.236508 6629.348418 4.783720 6634.132138 6.267804 0.236508 1.484084 0.236508 2.121028   0   0  -1 
2460045.773704 0.000000 0.000000 6630.485958 0.527086 6629.348418 3.854358 6633.202776 1.137540 0.527086 -2.716818 0.527086 2.121028   0   0  -1 
2460045.779649 0.000000 0.000000 6631.851550 0.356358 6629.348418 3.848101 6633.196519 2.503132 0.356358 -1.344969 0.356358 2.121028   0   0  -1 
2460046.786658 0.000000 0.000000 6633.843874 0.216596 6629.348418 2.725832 6632.074250 4.495456 0.216596 1.769624 0.216596 2.121028   0   0  -1 
2460046.792204 0.000000 0.000000 6634.866972 0.200898 6629.348418 2.719427 6632.067845 5.518554 0.200898 2.799127 0.200898 2.121028   0   0  -1 
2460047.789500 0.000000 0.000000 6633.186422 0.215835 6629.348418 1.569314 6630.917732 3.838004 0.215835 2.268690 0.215835 2.121028   0   0  -1 
2460047.795047 0.000000 0.000000 6633.209210 0.207999 6629.348418 1.563042 6630.911460 3.860792 0.207999 2.297750 0.207999 2.121028   0   0  -1 
2460048.783364 0.000000 0.000000 6629.609690 0.259180 6629.348418 0.505850 6629.854268 0.261272 0.259180 -0.244578 0.259180 2.121028   0   0  -1 
2460048.789012 0.000000 0.000000 6629.256972 0.241587 6629.348418 0.500255 6629.848673 -0.091446 0.241587 -0.591701 0.241587 2.121028   0   0  -1 
2460049.801102 0.000000 0.000000 6631.039854 0.223882 6629.348418 -0.386239 6628.962179 1.691436 0.223882 2.077675 0.223882 2.121028   0   0  -1 
2460049.806533 0.000000 0.000000 6630.157588 0.237350 6629.348418 -0.390293 6628.958125 0.809170 0.237350 1.199463 0.237350 2.121028   0   0  -1 
2460050.776767 0.000000 0.000000 6629.430013 0.220926 6629.348418 -0.971690 6628.376728 0.081595 0.220926 1.053285 0.220926 2.121028   0   0  -1 
2460050.782471 0.000000 0.000000 6629.926843 0.212336 6629.348418 -0.974218 6628.374200 0.578425 0.212336 1.552643 0.212336 2.121028   0   0  -1 
2460068.823617 0.000000 0.000000 6631.559544 0.250917 6629.348418 0.606624 6629.955042 2.211126 0.250917 1.604502 0.250917 2.121028   0   0  -1 
2460068.829253 0.000000 0.000000 6629.646784 0.315822 6629.348418 0.599618 6629.948036 0.298366 0.315822 -0.301252 0.315822 2.121028   0   0  -1 
2460073.775251 0.000000 0.000000 6625.088984 0.273036 6629.348418 -3.156404 6626.192014 -4.259434 0.273036 -1.103030 0.273036 2.121028   0   0  -1 
2460073.780774 0.000000 0.000000 6625.286948 0.249282 6629.348418 -3.156502 6626.191916 -4.061470 0.249282 -0.904968 0.249282 2.121028   0   0  -1 
2460076.728213 0.000000 0.000000 6628.562665 0.253446 6629.348418 -1.696169 6627.652249 -0.785753 0.253446 0.910416 0.253446 2.121028   0   0  -1 
2460076.733797 0.000000 0.000000 6628.366049 0.242470 6629.348418 -1.690822 6627.657596 -0.982369 0.242470 0.708453 0.242470 2.121028   0   0  -1 
2460077.755001 0.000000 0.000000 6624.903844 0.312506 6629.348418 -0.591946 6628.756472 -4.444574 0.312506 -3.852628 0.312506 2.121028   0   0  -1 
2460077.760768 0.000000 0.000000 6625.020045 0.301092 6629.348418 -0.585144 6628.763274 -4.328373 0.301092 -3.743229 0.301092 2.121028   0   0  -1 
2460078.818364 0.000000 0.000000 6630.516939 0.236131 6629.348418 0.737769 6630.086187 1.168521 0.236131 0.430752 0.236131 2.121028   0   0  -1 
2460078.823976 0.000000 0.000000 6630.804515 0.231515 6629.348418 0.745080 6630.093498 1.456097 0.231515 0.711017 0.231515 2.121028   0   0  -1 
2460079.846559 0.000000 0.000000 6632.273395 0.225727 6629.348418 2.087967 6631.436385 2.924977 0.225727 0.837010 0.225727 2.121028   0   0  -1 
2460079.852048 0.000000 0.000000 6631.927170 0.228638 6629.348418 2.095123 6631.443541 2.578752 0.228638 0.483629 0.228638 2.121028   0   0  -1 
2460080.730235 0.000000 0.000000 6632.645260 0.243529 6629.348418 3.204557 6632.552975 3.296842 0.243529 0.092285 0.243529 2.121028   0   0  -1 
2460080.735864 0.000000 0.000000 6633.292553 0.224766 6629.348418 3.211357 6632.559775 3.944135 0.224766 0.732778 0.224766 2.121028   0   0  -1 
2460082.755256 0.000000 0.000000 6630.390412 0.286786 6629.348418 5.184758 6634.533176 1.041994 0.286786 -4.142764 0.286786 2.121028   0   0  -1 
2460082.760842 0.000000 0.000000 6630.795800 0.259323 6629.348418 5.188565 6634.536983 1.447382 0.259323 -3.741183 0.259323 2.121028   0   0  -1 
2460086.748603 0.000000 0.000000 6635.114081 0.193185 6629.348418 4.717790 6634.066208 5.765663 0.193185 1.047873 0.193185 2.121028   0   0  -1 
2460086.754324 0.000000 0.000000 6634.108130 0.208316 6629.348418 4.712495 6634.060913 4.759712 0.208316 0.047217 0.208316 2.121028   0   0  -1 
2460199.601214 0.000000 0.000000 6622.205086 0.389251 6629.348418 -4.115527 6625.232891 -7.143332 0.389251 -3.027805 0.389251 2.121028   0   0  -1 
2460199.607025 0.000000 0.000000 6622.574384 0.381438 6629.348418 -4.116864 6625.231554 -6.774034 0.381438 -2.657170 0.381438 2.121028   0   0  -1 
2460201.515076 0.000000 0.000000 6625.332354 0.272613 6629.348418 -4.194804 6625.153614 -4.016064 0.272613 0.178740 0.272613 2.121028   0   0  -1 
2460201.520627 0.000000 0.000000 6624.542897 0.294212 6629.348418 -4.193934 6625.154484 -4.805521 0.294212 -0.611587 0.294212 2.121028   0   0  -1 
2460202.533617 0.000000 0.000000 6626.906002 0.232737 6629.348418 -3.928327 6625.420091 -2.442416 0.232737 1.485911 0.232737 2.121028   0   0  -1 
2460202.539273 0.000000 0.000000 6627.020676 0.220468 6629.348418 -3.926260 6625.422158 -2.327742 0.220468 1.598518 0.220468 2.121028   0   0  -1 
2460203.571018 0.000000 0.000000 6625.203535 0.337253 6629.348418 -3.448457 6625.899961 -4.144883 0.337253 -0.696426 0.337253 2.121028   0   0  -1 
2460203.577196 0.000000 0.000000 6625.477322 0.360328 6629.348418 -3.445029 6625.903389 -3.871096 0.360328 -0.426067 0.360328 2.121028   0   0  -1 
2460204.530857 0.000000 0.000000 6628.752956 0.197030 6629.348418 -2.846907 6626.501511 -0.595462 0.197030 2.251445 0.197030 2.121028   0   0  -1 
2460204.536387 0.000000 0.000000 6627.522270 0.208547 6629.348418 -2.843081 6626.505337 -1.826148 0.208547 1.016933 0.208547 2.121028   0   0  -1 
2460205.516019 0.000000 0.000000 6628.249113 0.244280 6629.348418 -2.117191 6627.231227 -1.099305 0.244280 1.017886 0.244280 2.121028   0   0  -1 
2460205.521490 0.000000 0.000000 6628.705998 0.216530 6629.348418 -2.112923 6627.235495 -0.642420 0.216530 1.470503 0.216530 2.121028   0   0  -1 
2460206.534104 0.000000 0.000000 6627.482697 0.247014 6629.348418 -1.304342 6628.044076 -1.865721 0.247014 -0.561379 0.247014 2.121028   0   0  -1 
2460206.539634 0.000000 0.000000 6629.267429 0.225863 6629.348418 -1.299891 6628.048527 -0.080989 0.225863 1.218902 0.225863 2.121028   0   0  -1 
2460208.612713 0.000000 0.000000 6630.363009 0.238171 6629.348418 0.241339 6629.589757 1.014591 0.238171 0.773252 0.238171 2.121028   0   0  -1 
2460208.618030 0.000000 0.000000 6629.924431 0.245322 6629.348418 0.244706 6629.593124 0.576013 0.245322 0.331307 0.245322 2.121028   0   0  -1 
2460209.504007 0.000000 0.000000 6623.939779 0.494812 6629.348418 0.739932 6630.088350 -5.408639 0.494812 -6.148571 0.494812 2.121028   0   0  -1 
2460209.509978 0.000000 0.000000 6626.528984 0.441044 6629.348418 0.742784 6630.091202 -2.819434 0.441044 -3.562218 0.441044 2.121028   0   0  -1 
2460210.587394 0.000000 0.000000 6629.731782 0.275366 6629.348418 1.134130 6630.482548 0.383364 0.275366 -0.750766 0.275366 2.121028   0   0  -1 
2460210.593026 0.000000 0.000000 6627.639495 0.295408 6629.348418 1.135493 6630.483911 -1.708923 0.295408 -2.844416 0.295408 2.121028   0   0  -1 
2460211.516295 0.000000 0.000000 6628.377092 0.380462 6629.348418 1.256022 6630.604440 -0.971326 0.380462 -2.227348 0.380462 2.121028   0   0  -1 
2460211.522268 0.000000 0.000000 6629.418252 0.306169 6629.348418 1.256125 6630.604543 0.069834 0.306169 -1.186291 0.306169 2.121028   0   0  -1 
