# Tc_folded model 
-1.500000 1.346441 
-1.499000 1.350877 
-1.498000 1.355230 
-1.497000 1.359501 
-1.496000 1.363691 
-1.495000 1.367801 
-1.494000 1.371832 
-1.493000 1.375784 
-1.492000 1.379658 
-1.491000 1.383455 
-1.490000 1.387176 
-1.489000 1.390821 
-1.488000 1.394391 
-1.487000 1.397887 
-1.486000 1.401309 
-1.485000 1.404659 
-1.484000 1.407936 
-1.483000 1.411142 
-1.482000 1.414277 
-1.481000 1.417343 
-1.480000 1.420339 
-1.479000 1.423266 
-1.478000 1.426125 
-1.477000 1.428917 
-1.476000 1.431643 
-1.475000 1.434302 
-1.474000 1.436896 
-1.473000 1.439425 
-1.472000 1.441889 
-1.471000 1.444290 
-1.470000 1.446629 
-1.469000 1.448905 
-1.468000 1.451119 
-1.467000 1.453272 
-1.466000 1.455364 
-1.465000 1.457396 
-1.464000 1.459369 
-1.463000 1.461283 
-1.462000 1.463139 
-1.461000 1.464937 
-1.460000 1.466678 
-1.459000 1.468362 
-1.458000 1.469990 
-1.457000 1.471562 
-1.456000 1.473079 
-1.455000 1.474542 
-1.454000 1.475950 
-1.453000 1.477306 
-1.452000 1.478608 
-1.451000 1.479857 
-1.450000 1.481055 
-1.449000 1.482201 
-1.448000 1.483295 
-1.447000 1.484340 
-1.446000 1.485334 
-1.445000 1.486278 
-1.444000 1.487173 
-1.443000 1.488020 
-1.442000 1.488818 
-1.441000 1.489568 
-1.440000 1.490271 
-1.439000 1.490927 
-1.438000 1.491536 
-1.437000 1.492099 
-1.436000 1.492616 
-1.435000 1.493088 
-1.434000 1.493516 
-1.433000 1.493898 
-1.432000 1.494237 
-1.431000 1.494532 
-1.430000 1.494783 
-1.429000 1.494992 
-1.428000 1.495158 
-1.427000 1.495282 
-1.426000 1.495364 
-1.425000 1.495404 
-1.424000 1.495404 
-1.423000 1.495363 
-1.422000 1.495282 
-1.421000 1.495160 
-1.420000 1.494999 
-1.419000 1.494799 
-1.418000 1.494560 
-1.417000 1.494282 
-1.416000 1.493966 
-1.415000 1.493612 
-1.414000 1.493220 
-1.413000 1.492791 
-1.412000 1.492325 
-1.411000 1.491822 
-1.410000 1.491283 
-1.409000 1.490708 
-1.408000 1.490098 
-1.407000 1.489451 
-1.406000 1.488770 
-1.405000 1.488054 
-1.404000 1.487303 
-1.403000 1.486517 
-1.402000 1.485698 
-1.401000 1.484845 
-1.400000 1.483959 
-1.399000 1.483040 
-1.398000 1.482087 
-1.397000 1.481102 
-1.396000 1.480085 
-1.395000 1.479035 
-1.394000 1.477954 
-1.393000 1.476840 
-1.392000 1.475696 
-1.391000 1.474521 
-1.390000 1.473314 
-1.389000 1.472077 
-1.388000 1.470810 
-1.387000 1.469512 
-1.386000 1.468185 
-1.385000 1.466828 
-1.384000 1.465441 
-1.383000 1.464025 
-1.382000 1.462580 
-1.381000 1.461107 
-1.380000 1.459605 
-1.379000 1.458074 
-1.378000 1.456516 
-1.377000 1.454929 
-1.376000 1.453315 
-1.375000 1.451673 
-1.374000 1.450004 
-1.373000 1.448307 
-1.372000 1.446584 
-1.371000 1.444834 
-1.370000 1.443058 
-1.369000 1.441255 
-1.368000 1.439426 
-1.367000 1.437571 
-1.366000 1.435690 
-1.365000 1.433784 
-1.364000 1.431852 
-1.363000 1.429896 
-1.362000 1.427914 
-1.361000 1.425907 
-1.360000 1.423875 
-1.359000 1.421819 
-1.358000 1.419738 
-1.357000 1.417633 
-1.356000 1.415504 
-1.355000 1.413352 
-1.354000 1.411175 
-1.353000 1.408975 
-1.352000 1.406751 
-1.351000 1.404505 
-1.350000 1.402235 
-1.349000 1.399942 
-1.348000 1.397626 
-1.347000 1.395288 
-1.346000 1.392927 
-1.345000 1.390543 
-1.344000 1.388138 
-1.343000 1.385710 
-1.342000 1.383260 
-1.341000 1.380788 
-1.340000 1.378295 
-1.339000 1.375780 
-1.338000 1.373244 
-1.337000 1.370686 
-1.336000 1.368107 
-1.335000 1.365507 
-1.334000 1.362886 
-1.333000 1.360245 
-1.332000 1.357582 
-1.331000 1.354899 
-1.330000 1.352196 
-1.329000 1.349472 
-1.328000 1.346728 
-1.327000 1.343963 
-1.326000 1.341179 
-1.325000 1.338375 
-1.324000 1.335551 
-1.323000 1.332708 
-1.322000 1.329844 
-1.321000 1.326962 
-1.320000 1.324060 
-1.319000 1.321138 
-1.318000 1.318198 
-1.317000 1.315238 
-1.316000 1.312260 
-1.315000 1.309262 
-1.314000 1.306246 
-1.313000 1.303211 
-1.312000 1.300158 
-1.311000 1.297086 
-1.310000 1.293995 
-1.309000 1.290886 
-1.308000 1.287759 
-1.307000 1.284614 
-1.306000 1.281451 
-1.305000 1.278270 
-1.304000 1.275071 
-1.303000 1.271854 
-1.302000 1.268619 
-1.301000 1.265367 
-1.300000 1.262097 
-1.299000 1.258810 
-1.298000 1.255505 
-1.297000 1.252183 
-1.296000 1.248844 
-1.295000 1.245487 
-1.294000 1.242114 
-1.293000 1.238723 
-1.292000 1.235315 
-1.291000 1.231891 
-1.290000 1.228449 
-1.289000 1.224991 
-1.288000 1.221516 
-1.287000 1.218024 
-1.286000 1.214516 
-1.285000 1.210991 
-1.284000 1.207450 
-1.283000 1.203893 
-1.282000 1.200319 
-1.281000 1.196729 
-1.280000 1.193122 
-1.279000 1.189500 
-1.278000 1.185861 
-1.277000 1.182207 
-1.276000 1.178536 
-1.275000 1.174850 
-1.274000 1.171147 
-1.273000 1.167429 
-1.272000 1.163695 
-1.271000 1.159945 
-1.270000 1.156180 
-1.269000 1.152399 
-1.268000 1.148602 
-1.267000 1.144790 
-1.266000 1.140962 
-1.265000 1.137119 
-1.264000 1.133261 
-1.263000 1.129387 
-1.262000 1.125498 
-1.261000 1.121593 
-1.260000 1.117674 
-1.259000 1.113739 
-1.258000 1.109789 
-1.257000 1.105824 
-1.256000 1.101844 
-1.255000 1.097849 
-1.254000 1.093839 
-1.253000 1.089814 
-1.252000 1.085774 
-1.251000 1.081719 
-1.250000 1.077650 
-1.249000 1.073566 
-1.248000 1.069466 
-1.247000 1.065353 
-1.246000 1.061224 
-1.245000 1.057081 
-1.244000 1.052923 
-1.243000 1.048750 
-1.242000 1.044563 
-1.241000 1.040362 
-1.240000 1.036146 
-1.239000 1.031915 
-1.238000 1.027670 
-1.237000 1.023410 
-1.236000 1.019136 
-1.235000 1.014848 
-1.234000 1.010545 
-1.233000 1.006228 
-1.232000 1.001897 
-1.231000 0.997551 
-1.230000 0.993191 
-1.229000 0.988817 
-1.228000 0.984429 
-1.227000 0.980026 
-1.226000 0.975609 
-1.225000 0.971178 
-1.224000 0.966733 
-1.223000 0.962274 
-1.222000 0.957801 
-1.221000 0.953313 
-1.220000 0.948812 
-1.219000 0.944296 
-1.218000 0.939766 
-1.217000 0.935223 
-1.216000 0.930665 
-1.215000 0.926093 
-1.214000 0.921507 
-1.213000 0.916908 
-1.212000 0.912294 
-1.211000 0.907666 
-1.210000 0.903025 
-1.209000 0.898369 
-1.208000 0.893700 
-1.207000 0.889016 
-1.206000 0.884319 
-1.205000 0.879608 
-1.204000 0.874883 
-1.203000 0.870144 
-1.202000 0.865391 
-1.201000 0.860624 
-1.200000 0.855843 
-1.199000 0.851049 
-1.198000 0.846240 
-1.197000 0.841418 
-1.196000 0.836582 
-1.195000 0.831732 
-1.194000 0.826869 
-1.193000 0.821991 
-1.192000 0.817093 
-1.191000 0.812188 
-1.190000 0.807269 
-1.189000 0.802336 
-1.188000 0.797389 
-1.187000 0.792428 
-1.186000 0.787454 
-1.185000 0.782466 
-1.184000 0.777464 
-1.183000 0.772448 
-1.182000 0.767418 
-1.181000 0.762374 
-1.180000 0.757317 
-1.179000 0.752245 
-1.178000 0.747160 
-1.177000 0.742061 
-1.176000 0.736948 
-1.175000 0.731822 
-1.174000 0.726681 
-1.173000 0.721526 
-1.172000 0.716358 
-1.171000 0.711176 
-1.170000 0.705980 
-1.169000 0.700770 
-1.168000 0.695546 
-1.167000 0.690308 
-1.166000 0.685056 
-1.165000 0.679790 
-1.164000 0.674510 
-1.163000 0.669216 
-1.162000 0.663909 
-1.161000 0.658587 
-1.160000 0.653251 
-1.159000 0.647902 
-1.158000 0.642538 
-1.157000 0.637160 
-1.156000 0.631769 
-1.155000 0.626363 
-1.154000 0.620943 
-1.153000 0.615509 
-1.152000 0.610061 
-1.151000 0.604599 
-1.150000 0.599123 
-1.149000 0.593632 
-1.148000 0.588128 
-1.147000 0.582609 
-1.146000 0.577076 
-1.145000 0.571529 
-1.144000 0.565968 
-1.143000 0.560392 
-1.142000 0.554802 
-1.141000 0.549198 
-1.140000 0.543580 
-1.139000 0.537947 
-1.138000 0.532300 
-1.137000 0.526639 
-1.136000 0.520963 
-1.135000 0.515273 
-1.134000 0.509568 
-1.133000 0.503849 
-1.132000 0.498116 
-1.131000 0.492368 
-1.130000 0.486606 
-1.129000 0.480829 
-1.128000 0.475038 
-1.127000 0.469232 
-1.126000 0.463411 
-1.125000 0.457576 
-1.124000 0.451726 
-1.123000 0.445862 
-1.122000 0.439983 
-1.121000 0.434089 
-1.120000 0.428181 
-1.119000 0.422258 
-1.118000 0.416320 
-1.117000 0.410367 
-1.116000 0.404399 
-1.115000 0.398417 
-1.114000 0.392420 
-1.113000 0.386408 
-1.112000 0.380380 
-1.111000 0.374338 
-1.110000 0.368281 
-1.109000 0.362209 
-1.108000 0.356122 
-1.107000 0.350020 
-1.106000 0.343903 
-1.105000 0.337771 
-1.104000 0.331623 
-1.103000 0.325461 
-1.102000 0.319283 
-1.101000 0.313090 
-1.100000 0.306881 
-1.099000 0.300658 
-1.098000 0.294419 
-1.097000 0.288165 
-1.096000 0.281895 
-1.095000 0.275610 
-1.094000 0.269309 
-1.093000 0.262993 
-1.092000 0.256662 
-1.091000 0.250315 
-1.090000 0.243952 
-1.089000 0.237574 
-1.088000 0.231180 
-1.087000 0.224771 
-1.086000 0.218345 
-1.085000 0.211905 
-1.084000 0.205448 
-1.083000 0.198975 
-1.082000 0.192487 
-1.081000 0.185983 
-1.080000 0.179463 
-1.079000 0.172927 
-1.078000 0.166375 
-1.077000 0.159807 
-1.076000 0.153223 
-1.075000 0.146623 
-1.074000 0.140007 
-1.073000 0.133374 
-1.072000 0.126726 
-1.071000 0.120061 
-1.070000 0.113380 
-1.069000 0.106683 
-1.068000 0.099970 
-1.067000 0.093240 
-1.066000 0.086494 
-1.065000 0.079731 
-1.064000 0.072952 
-1.063000 0.066157 
-1.062000 0.059345 
-1.061000 0.052516 
-1.060000 0.045671 
-1.059000 0.038809 
-1.058000 0.031930 
-1.057000 0.025035 
-1.056000 0.018123 
-1.055000 0.011195 
-1.054000 0.004249 
-1.053000 -0.002713 
-1.052000 -0.009693 
-1.051000 -0.016689 
-1.050000 -0.023702 
-1.049000 -0.030732 
-1.048000 -0.037779 
-1.047000 -0.044843 
-1.046000 -0.051925 
-1.045000 -0.059023 
-1.044000 -0.066138 
-1.043000 -0.073271 
-1.042000 -0.080421 
-1.041000 -0.087588 
-1.040000 -0.094773 
-1.039000 -0.101975 
-1.038000 -0.109194 
-1.037000 -0.116431 
-1.036000 -0.123685 
-1.035000 -0.130957 
-1.034000 -0.138246 
-1.033000 -0.145553 
-1.032000 -0.152877 
-1.031000 -0.160219 
-1.030000 -0.167578 
-1.029000 -0.174956 
-1.028000 -0.182350 
-1.027000 -0.189763 
-1.026000 -0.197194 
-1.025000 -0.204642 
-1.024000 -0.212108 
-1.023000 -0.219592 
-1.022000 -0.227094 
-1.021000 -0.234614 
-1.020000 -0.242152 
-1.019000 -0.249708 
-1.018000 -0.257281 
-1.017000 -0.264873 
-1.016000 -0.272483 
-1.015000 -0.280112 
-1.014000 -0.287758 
-1.013000 -0.295422 
-1.012000 -0.303105 
-1.011000 -0.310806 
-1.010000 -0.318525 
-1.009000 -0.326263 
-1.008000 -0.334018 
-1.007000 -0.341793 
-1.006000 -0.349585 
-1.005000 -0.357396 
-1.004000 -0.365225 
-1.003000 -0.373073 
-1.002000 -0.380939 
-1.001000 -0.388823 
-1.000000 -0.396727 
-0.999000 -0.404648 
-0.998000 -0.412588 
-0.997000 -0.420547 
-0.996000 -0.428524 
-0.995000 -0.436520 
-0.994000 -0.444534 
-0.993000 -0.452567 
-0.992000 -0.460619 
-0.991000 -0.468689 
-0.990000 -0.476778 
-0.989000 -0.484886 
-0.988000 -0.493012 
-0.987000 -0.501157 
-0.986000 -0.509320 
-0.985000 -0.517503 
-0.984000 -0.525704 
-0.983000 -0.533923 
-0.982000 -0.542162 
-0.981000 -0.550419 
-0.980000 -0.558694 
-0.979000 -0.566989 
-0.978000 -0.575302 
-0.977000 -0.583634 
-0.976000 -0.591984 
-0.975000 -0.600353 
-0.974000 -0.608741 
-0.973000 -0.617148 
-0.972000 -0.625573 
-0.971000 -0.634017 
-0.970000 -0.642479 
-0.969000 -0.650960 
-0.968000 -0.659460 
-0.967000 -0.667978 
-0.966000 -0.676515 
-0.965000 -0.685070 
-0.964000 -0.693644 
-0.963000 -0.702236 
-0.962000 -0.710846 
-0.961000 -0.719475 
-0.960000 -0.728123 
-0.959000 -0.736788 
-0.958000 -0.745472 
-0.957000 -0.754174 
-0.956000 -0.762895 
-0.955000 -0.771633 
-0.954000 -0.780390 
-0.953000 -0.789165 
-0.952000 -0.797957 
-0.951000 -0.806768 
-0.950000 -0.815596 
-0.949000 -0.824443 
-0.948000 -0.833307 
-0.947000 -0.842189 
-0.946000 -0.851088 
-0.945000 -0.860005 
-0.944000 -0.868939 
-0.943000 -0.877891 
-0.942000 -0.886860 
-0.941000 -0.895846 
-0.940000 -0.904849 
-0.939000 -0.913870 
-0.938000 -0.922907 
-0.937000 -0.931961 
-0.936000 -0.941032 
-0.935000 -0.950119 
-0.934000 -0.959223 
-0.933000 -0.968343 
-0.932000 -0.977479 
-0.931000 -0.986631 
-0.930000 -0.995800 
-0.929000 -1.004984 
-0.928000 -1.014184 
-0.927000 -1.023399 
-0.926000 -1.032630 
-0.925000 -1.041876 
-0.924000 -1.051137 
-0.923000 -1.060413 
-0.922000 -1.069704 
-0.921000 -1.079010 
-0.920000 -1.088329 
-0.919000 -1.097663 
-0.918000 -1.107011 
-0.917000 -1.116372 
-0.916000 -1.125747 
-0.915000 -1.135136 
-0.914000 -1.144538 
-0.913000 -1.153952 
-0.912000 -1.163379 
-0.911000 -1.172819 
-0.910000 -1.182271 
-0.909000 -1.191735 
-0.908000 -1.201210 
-0.907000 -1.210697 
-0.906000 -1.220195 
-0.905000 -1.229703 
-0.904000 -1.239223 
-0.903000 -1.248752 
-0.902000 -1.258292 
-0.901000 -1.267841 
-0.900000 -1.277399 
-0.899000 -1.286966 
-0.898000 -1.296542 
-0.897000 -1.306126 
-0.896000 -1.315718 
-0.895000 -1.325318 
-0.894000 -1.334925 
-0.893000 -1.344538 
-0.892000 -1.354158 
-0.891000 -1.363783 
-0.890000 -1.373415 
-0.889000 -1.383051 
-0.888000 -1.392692 
-0.887000 -1.402336 
-0.886000 -1.411985 
-0.885000 -1.421637 
-0.884000 -1.431291 
-0.883000 -1.440948 
-0.882000 -1.450607 
-0.881000 -1.460266 
-0.880000 -1.469926 
-0.879000 -1.479587 
-0.878000 -1.489246 
-0.877000 -1.498905 
-0.876000 -1.508562 
-0.875000 -1.518216 
-0.874000 -1.527868 
-0.873000 -1.537516 
-0.872000 -1.547160 
-0.871000 -1.556799 
-0.870000 -1.566432 
-0.869000 -1.576059 
-0.868000 -1.585679 
-0.867000 -1.595291 
-0.866000 -1.604895 
-0.865000 -1.614489 
-0.864000 -1.624073 
-0.863000 -1.633646 
-0.862000 -1.643208 
-0.861000 -1.652757 
-0.860000 -1.662292 
-0.859000 -1.671814 
-0.858000 -1.681319 
-0.857000 -1.690809 
-0.856000 -1.700282 
-0.855000 -1.709737 
-0.854000 -1.719172 
-0.853000 -1.728588 
-0.852000 -1.737982 
-0.851000 -1.747354 
-0.850000 -1.756703 
-0.849000 -1.766028 
-0.848000 -1.775327 
-0.847000 -1.784600 
-0.846000 -1.793845 
-0.845000 -1.803061 
-0.844000 -1.812247 
-0.843000 -1.821402 
-0.842000 -1.830524 
-0.841000 -1.839612 
-0.840000 -1.848664 
-0.839000 -1.857681 
-0.838000 -1.866659 
-0.837000 -1.875598 
-0.836000 -1.884496 
-0.835000 -1.893352 
-0.834000 -1.902164 
-0.833000 -1.910931 
-0.832000 -1.919651 
-0.831000 -1.928323 
-0.830000 -1.936945 
-0.829000 -1.945515 
-0.828000 -1.954033 
-0.827000 -1.962495 
-0.826000 -1.970901 
-0.825000 -1.979248 
-0.824000 -1.987536 
-0.823000 -1.995761 
-0.822000 -2.003923 
-0.821000 -2.012019 
-0.820000 -2.020048 
-0.819000 -2.028007 
-0.818000 -2.035895 
-0.817000 -2.043709 
-0.816000 -2.051448 
-0.815000 -2.059109 
-0.814000 -2.066691 
-0.813000 -2.074191 
-0.812000 -2.081608 
-0.811000 -2.088938 
-0.810000 -2.096179 
-0.809000 -2.103331 
-0.808000 -2.110389 
-0.807000 -2.117352 
-0.806000 -2.124218 
-0.805000 -2.130983 
-0.804000 -2.137646 
-0.803000 -2.144205 
-0.802000 -2.150656 
-0.801000 -2.156997 
-0.800000 -2.163226 
-0.799000 -2.169339 
-0.798000 -2.175335 
-0.797000 -2.181211 
-0.796000 -2.186964 
-0.795000 -2.192591 
-0.794000 -2.198090 
-0.793000 -2.203458 
-0.792000 -2.208692 
-0.791000 -2.213788 
-0.790000 -2.218746 
-0.789000 -2.223560 
-0.788000 -2.228230 
-0.787000 -2.232751 
-0.786000 -2.237121 
-0.785000 -2.241336 
-0.784000 -2.245394 
-0.783000 -2.249292 
-0.782000 -2.253027 
-0.781000 -2.256596 
-0.780000 -2.259995 
-0.779000 -2.263221 
-0.778000 -2.266272 
-0.777000 -2.269145 
-0.776000 -2.271835 
-0.775000 -2.274341 
-0.774000 -2.276659 
-0.773000 -2.278786 
-0.772000 -2.280718 
-0.771000 -2.282453 
-0.770000 -2.283987 
-0.769000 -2.285318 
-0.768000 -2.286442 
-0.767000 -2.287356 
-0.766000 -2.288057 
-0.765000 -2.288543 
-0.764000 -2.288808 
-0.763000 -2.288852 
-0.762000 -2.288671 
-0.761000 -2.288261 
-0.760000 -2.287620 
-0.759000 -2.286744 
-0.758000 -2.285632 
-0.757000 -2.284279 
-0.756000 -2.282684 
-0.755000 -2.280843 
-0.754000 -2.278753 
-0.753000 -2.276412 
-0.752000 -2.273818 
-0.751000 -2.270967 
-0.750000 -2.267856 
-0.749000 -2.264485 
-0.748000 -2.260849 
-0.747000 -2.256947 
-0.746000 -2.252776 
-0.745000 -2.248335 
-0.744000 -2.243620 
-0.743000 -2.238631 
-0.742000 -2.233364 
-0.741000 -2.227819 
-0.740000 -2.221992 
-0.739000 -2.215884 
-0.738000 -2.209491 
-0.737000 -2.202813 
-0.736000 -2.195848 
-0.735000 -2.188594 
-0.734000 -2.181052 
-0.733000 -2.173218 
-0.732000 -2.165094 
-0.731000 -2.156677 
-0.730000 -2.147968 
-0.729000 -2.138965 
-0.728000 -2.129668 
-0.727000 -2.120077 
-0.726000 -2.110191 
-0.725000 -2.100012 
-0.724000 -2.089538 
-0.723000 -2.078770 
-0.722000 -2.067708 
-0.721000 -2.056354 
-0.720000 -2.044707 
-0.719000 -2.032768 
-0.718000 -2.020539 
-0.717000 -2.008021 
-0.716000 -1.995215 
-0.715000 -1.982122 
-0.714000 -1.968744 
-0.713000 -1.955083 
-0.712000 -1.941141 
-0.711000 -1.926919 
-0.710000 -1.912421 
-0.709000 -1.897647 
-0.708000 -1.882602 
-0.707000 -1.867287 
-0.706000 -1.851706 
-0.705000 -1.835861 
-0.704000 -1.819756 
-0.703000 -1.803394 
-0.702000 -1.786778 
-0.701000 -1.769911 
-0.700000 -1.752799 
-0.699000 -1.735444 
-0.698000 -1.717850 
-0.697000 -1.700022 
-0.696000 -1.681963 
-0.695000 -1.663679 
-0.694000 -1.645173 
-0.693000 -1.626451 
-0.692000 -1.607491 
-0.691000 -1.588349 
-0.690000 -1.569005 
-0.689000 -1.549463 
-0.688000 -1.529729 
-0.687000 -1.509808 
-0.686000 -1.489706 
-0.685000 -1.469427 
-0.684000 -1.448978 
-0.683000 -1.428363 
-0.682000 -1.407589 
-0.681000 -1.386661 
-0.680000 -1.365584 
-0.679000 -1.344365 
-0.678000 -1.323010 
-0.677000 -1.301523 
-0.676000 -1.279912 
-0.675000 -1.258182 
-0.674000 -1.236338 
-0.673000 -1.214388 
-0.672000 -1.192336 
-0.671000 -1.170190 
-0.670000 -1.147954 
-0.669000 -1.125635 
-0.668000 -1.103239 
-0.667000 -1.080772 
-0.666000 -1.058239 
-0.665000 -1.035647 
-0.664000 -1.013002 
-0.663000 -0.990309 
-0.662000 -0.967574 
-0.661000 -0.944804 
-0.660000 -0.922003 
-0.659000 -0.899177 
-0.658000 -0.876333 
-0.657000 -0.853475 
-0.656000 -0.830609 
-0.655000 -0.807741 
-0.654000 -0.784875 
-0.653000 -0.762018 
-0.652000 -0.739175 
-0.651000 -0.716350 
-0.650000 -0.693549 
-0.649000 -0.670777 
-0.648000 -0.648038 
-0.647000 -0.625337 
-0.646000 -0.602680 
-0.645000 -0.580070 
-0.644000 -0.557513 
-0.643000 -0.535013 
-0.642000 -0.512573 
-0.641000 -0.490199 
-0.640000 -0.467895 
-0.639000 -0.445664 
-0.638000 -0.423511 
-0.637000 -0.401438 
-0.636000 -0.379451 
-0.635000 -0.357553 
-0.634000 -0.335747 
-0.633000 -0.314037 
-0.632000 -0.292425 
-0.631000 -0.270916 
-0.630000 -0.249513 
-0.629000 -0.228217 
-0.628000 -0.207033 
-0.627000 -0.185963 
-0.626000 -0.165010 
-0.625000 -0.144177 
-0.624000 -0.123465 
-0.623000 -0.102878 
-0.622000 -0.082417 
-0.621000 -0.062086 
-0.620000 -0.041885 
-0.619000 -0.021818 
-0.618000 -0.001885 
-0.617000 0.017910 
-0.616000 0.037567 
-0.615000 0.057084 
-0.614000 0.076459 
-0.613000 0.095691 
-0.612000 0.114778 
-0.611000 0.133718 
-0.610000 0.152512 
-0.609000 0.171157 
-0.608000 0.189652 
-0.607000 0.207997 
-0.606000 0.226191 
-0.605000 0.244232 
-0.604000 0.262120 
-0.603000 0.279855 
-0.602000 0.297435 
-0.601000 0.314860 
-0.600000 0.332129 
-0.599000 0.349242 
-0.598000 0.366200 
-0.597000 0.383000 
-0.596000 0.399643 
-0.595000 0.416130 
-0.594000 0.432459 
-0.593000 0.448630 
-0.592000 0.464644 
-0.591000 0.480501 
-0.590000 0.496200 
-0.589000 0.511742 
-0.588000 0.527127 
-0.587000 0.542355 
-0.586000 0.557426 
-0.585000 0.572340 
-0.584000 0.587099 
-0.583000 0.601702 
-0.582000 0.616149 
-0.581000 0.630441 
-0.580000 0.644579 
-0.579000 0.658562 
-0.578000 0.672392 
-0.577000 0.686069 
-0.576000 0.699594 
-0.575000 0.712966 
-0.574000 0.726188 
-0.573000 0.739259 
-0.572000 0.752180 
-0.571000 0.764952 
-0.570000 0.777575 
-0.569000 0.790051 
-0.568000 0.802380 
-0.567000 0.814563 
-0.566000 0.826600 
-0.565000 0.838493 
-0.564000 0.850242 
-0.563000 0.861849 
-0.562000 0.873313 
-0.561000 0.884636 
-0.560000 0.895819 
-0.559000 0.906863 
-0.558000 0.917768 
-0.557000 0.928536 
-0.556000 0.939167 
-0.555000 0.949662 
-0.554000 0.960023 
-0.553000 0.970250 
-0.552000 0.980345 
-0.551000 0.990307 
-0.550000 1.000139 
-0.549000 1.009840 
-0.548000 1.019413 
-0.547000 1.028858 
-0.546000 1.038176 
-0.545000 1.047368 
-0.544000 1.056435 
-0.543000 1.065378 
-0.542000 1.074198 
-0.541000 1.082896 
-0.540000 1.091473 
-0.539000 1.099930 
-0.538000 1.108269 
-0.537000 1.116489 
-0.536000 1.124592 
-0.535000 1.132579 
-0.534000 1.140451 
-0.533000 1.148208 
-0.532000 1.155853 
-0.531000 1.163386 
-0.530000 1.170807 
-0.529000 1.178119 
-0.528000 1.185321 
-0.527000 1.192415 
-0.526000 1.199402 
-0.525000 1.206282 
-0.524000 1.213057 
-0.523000 1.219728 
-0.522000 1.226295 
-0.521000 1.232759 
-0.520000 1.239123 
-0.519000 1.245385 
-0.518000 1.251548 
-0.517000 1.257612 
-0.516000 1.263578 
-0.515000 1.269447 
-0.514000 1.275219 
-0.513000 1.280897 
-0.512000 1.286481 
-0.511000 1.291971 
-0.510000 1.297368 
-0.509000 1.302674 
-0.508000 1.307889 
-0.507000 1.313014 
-0.506000 1.318050 
-0.505000 1.322997 
-0.504000 1.327858 
-0.503000 1.332631 
-0.502000 1.337319 
-0.501000 1.341922 
-0.500000 1.346441 
-0.499000 1.350877 
-0.498000 1.355230 
-0.497000 1.359501 
-0.496000 1.363691 
-0.495000 1.367801 
-0.494000 1.371832 
-0.493000 1.375784 
-0.492000 1.379658 
-0.491000 1.383455 
-0.490000 1.387176 
-0.489000 1.390821 
-0.488000 1.394391 
-0.487000 1.397887 
-0.486000 1.401309 
-0.485000 1.404659 
-0.484000 1.407936 
-0.483000 1.411142 
-0.482000 1.414277 
-0.481000 1.417343 
-0.480000 1.420339 
-0.479000 1.423266 
-0.478000 1.426125 
-0.477000 1.428917 
-0.476000 1.431643 
-0.475000 1.434302 
-0.474000 1.436896 
-0.473000 1.439425 
-0.472000 1.441889 
-0.471000 1.444290 
-0.470000 1.446629 
-0.469000 1.448905 
-0.468000 1.451119 
-0.467000 1.453272 
-0.466000 1.455364 
-0.465000 1.457396 
-0.464000 1.459369 
-0.463000 1.461283 
-0.462000 1.463139 
-0.461000 1.464937 
-0.460000 1.466678 
-0.459000 1.468362 
-0.458000 1.469990 
-0.457000 1.471562 
-0.456000 1.473079 
-0.455000 1.474542 
-0.454000 1.475950 
-0.453000 1.477306 
-0.452000 1.478608 
-0.451000 1.479857 
-0.450000 1.481055 
-0.449000 1.482201 
-0.448000 1.483295 
-0.447000 1.484340 
-0.446000 1.485334 
-0.445000 1.486278 
-0.444000 1.487173 
-0.443000 1.488020 
-0.442000 1.488818 
-0.441000 1.489568 
-0.440000 1.490271 
-0.439000 1.490927 
-0.438000 1.491536 
-0.437000 1.492099 
-0.436000 1.492616 
-0.435000 1.493088 
-0.434000 1.493516 
-0.433000 1.493898 
-0.432000 1.494237 
-0.431000 1.494532 
-0.430000 1.494783 
-0.429000 1.494992 
-0.428000 1.495158 
-0.427000 1.495282 
-0.426000 1.495364 
-0.425000 1.495404 
-0.424000 1.495404 
-0.423000 1.495363 
-0.422000 1.495282 
-0.421000 1.495160 
-0.420000 1.494999 
-0.419000 1.494799 
-0.418000 1.494560 
-0.417000 1.494282 
-0.416000 1.493966 
-0.415000 1.493612 
-0.414000 1.493220 
-0.413000 1.492791 
-0.412000 1.492325 
-0.411000 1.491822 
-0.410000 1.491283 
-0.409000 1.490708 
-0.408000 1.490098 
-0.407000 1.489451 
-0.406000 1.488770 
-0.405000 1.488054 
-0.404000 1.487303 
-0.403000 1.486517 
-0.402000 1.485698 
-0.401000 1.484845 
-0.400000 1.483959 
-0.399000 1.483040 
-0.398000 1.482087 
-0.397000 1.481102 
-0.396000 1.480085 
-0.395000 1.479035 
-0.394000 1.477954 
-0.393000 1.476840 
-0.392000 1.475696 
-0.391000 1.474521 
-0.390000 1.473314 
-0.389000 1.472077 
-0.388000 1.470810 
-0.387000 1.469512 
-0.386000 1.468185 
-0.385000 1.466828 
-0.384000 1.465441 
-0.383000 1.464025 
-0.382000 1.462580 
-0.381000 1.461107 
-0.380000 1.459605 
-0.379000 1.458074 
-0.378000 1.456516 
-0.377000 1.454929 
-0.376000 1.453315 
-0.375000 1.451673 
-0.374000 1.450004 
-0.373000 1.448307 
-0.372000 1.446584 
-0.371000 1.444834 
-0.370000 1.443058 
-0.369000 1.441255 
-0.368000 1.439426 
-0.367000 1.437571 
-0.366000 1.435690 
-0.365000 1.433784 
-0.364000 1.431852 
-0.363000 1.429896 
-0.362000 1.427914 
-0.361000 1.425907 
-0.360000 1.423875 
-0.359000 1.421819 
-0.358000 1.419738 
-0.357000 1.417633 
-0.356000 1.415504 
-0.355000 1.413352 
-0.354000 1.411175 
-0.353000 1.408975 
-0.352000 1.406751 
-0.351000 1.404505 
-0.350000 1.402235 
-0.349000 1.399942 
-0.348000 1.397626 
-0.347000 1.395288 
-0.346000 1.392927 
-0.345000 1.390543 
-0.344000 1.388138 
-0.343000 1.385710 
-0.342000 1.383260 
-0.341000 1.380788 
-0.340000 1.378295 
-0.339000 1.375780 
-0.338000 1.373244 
-0.337000 1.370686 
-0.336000 1.368107 
-0.335000 1.365507 
-0.334000 1.362886 
-0.333000 1.360245 
-0.332000 1.357582 
-0.331000 1.354899 
-0.330000 1.352196 
-0.329000 1.349472 
-0.328000 1.346728 
-0.327000 1.343963 
-0.326000 1.341179 
-0.325000 1.338375 
-0.324000 1.335551 
-0.323000 1.332708 
-0.322000 1.329844 
-0.321000 1.326962 
-0.320000 1.324060 
-0.319000 1.321138 
-0.318000 1.318198 
-0.317000 1.315238 
-0.316000 1.312260 
-0.315000 1.309262 
-0.314000 1.306246 
-0.313000 1.303211 
-0.312000 1.300158 
-0.311000 1.297086 
-0.310000 1.293995 
-0.309000 1.290886 
-0.308000 1.287759 
-0.307000 1.284614 
-0.306000 1.281451 
-0.305000 1.278270 
-0.304000 1.275071 
-0.303000 1.271854 
-0.302000 1.268619 
-0.301000 1.265367 
-0.300000 1.262097 
-0.299000 1.258810 
-0.298000 1.255505 
-0.297000 1.252183 
-0.296000 1.248844 
-0.295000 1.245487 
-0.294000 1.242114 
-0.293000 1.238723 
-0.292000 1.235315 
-0.291000 1.231891 
-0.290000 1.228449 
-0.289000 1.224991 
-0.288000 1.221516 
-0.287000 1.218024 
-0.286000 1.214516 
-0.285000 1.210991 
-0.284000 1.207450 
-0.283000 1.203893 
-0.282000 1.200319 
-0.281000 1.196729 
-0.280000 1.193122 
-0.279000 1.189500 
-0.278000 1.185861 
-0.277000 1.182207 
-0.276000 1.178536 
-0.275000 1.174850 
-0.274000 1.171147 
-0.273000 1.167429 
-0.272000 1.163695 
-0.271000 1.159945 
-0.270000 1.156180 
-0.269000 1.152399 
-0.268000 1.148602 
-0.267000 1.144790 
-0.266000 1.140962 
-0.265000 1.137119 
-0.264000 1.133261 
-0.263000 1.129387 
-0.262000 1.125498 
-0.261000 1.121593 
-0.260000 1.117674 
-0.259000 1.113739 
-0.258000 1.109789 
-0.257000 1.105824 
-0.256000 1.101844 
-0.255000 1.097849 
-0.254000 1.093839 
-0.253000 1.089814 
-0.252000 1.085774 
-0.251000 1.081719 
-0.250000 1.077650 
-0.249000 1.073566 
-0.248000 1.069466 
-0.247000 1.065353 
-0.246000 1.061224 
-0.245000 1.057081 
-0.244000 1.052923 
-0.243000 1.048750 
-0.242000 1.044563 
-0.241000 1.040362 
-0.240000 1.036146 
-0.239000 1.031915 
-0.238000 1.027670 
-0.237000 1.023410 
-0.236000 1.019136 
-0.235000 1.014848 
-0.234000 1.010545 
-0.233000 1.006228 
-0.232000 1.001897 
-0.231000 0.997551 
-0.230000 0.993191 
-0.229000 0.988817 
-0.228000 0.984429 
-0.227000 0.980026 
-0.226000 0.975609 
-0.225000 0.971178 
-0.224000 0.966733 
-0.223000 0.962274 
-0.222000 0.957801 
-0.221000 0.953313 
-0.220000 0.948812 
-0.219000 0.944296 
-0.218000 0.939766 
-0.217000 0.935223 
-0.216000 0.930665 
-0.215000 0.926093 
-0.214000 0.921507 
-0.213000 0.916908 
-0.212000 0.912294 
-0.211000 0.907666 
-0.210000 0.903025 
-0.209000 0.898369 
-0.208000 0.893700 
-0.207000 0.889016 
-0.206000 0.884319 
-0.205000 0.879608 
-0.204000 0.874883 
-0.203000 0.870144 
-0.202000 0.865391 
-0.201000 0.860624 
-0.200000 0.855843 
-0.199000 0.851049 
-0.198000 0.846240 
-0.197000 0.841418 
-0.196000 0.836582 
-0.195000 0.831732 
-0.194000 0.826869 
-0.193000 0.821991 
-0.192000 0.817093 
-0.191000 0.812188 
-0.190000 0.807269 
-0.189000 0.802336 
-0.188000 0.797389 
-0.187000 0.792428 
-0.186000 0.787454 
-0.185000 0.782466 
-0.184000 0.777464 
-0.183000 0.772448 
-0.182000 0.767418 
-0.181000 0.762374 
-0.180000 0.757317 
-0.179000 0.752245 
-0.178000 0.747160 
-0.177000 0.742061 
-0.176000 0.736948 
-0.175000 0.731822 
-0.174000 0.726681 
-0.173000 0.721526 
-0.172000 0.716358 
-0.171000 0.711176 
-0.170000 0.705980 
-0.169000 0.700770 
-0.168000 0.695546 
-0.167000 0.690308 
-0.166000 0.685056 
-0.165000 0.679790 
-0.164000 0.674510 
-0.163000 0.669216 
-0.162000 0.663909 
-0.161000 0.658587 
-0.160000 0.653251 
-0.159000 0.647902 
-0.158000 0.642538 
-0.157000 0.637160 
-0.156000 0.631769 
-0.155000 0.626363 
-0.154000 0.620943 
-0.153000 0.615509 
-0.152000 0.610061 
-0.151000 0.604599 
-0.150000 0.599123 
-0.149000 0.593632 
-0.148000 0.588128 
-0.147000 0.582609 
-0.146000 0.577076 
-0.145000 0.571529 
-0.144000 0.565968 
-0.143000 0.560392 
-0.142000 0.554802 
-0.141000 0.549198 
-0.140000 0.543580 
-0.139000 0.537947 
-0.138000 0.532300 
-0.137000 0.526639 
-0.136000 0.520963 
-0.135000 0.515273 
-0.134000 0.509568 
-0.133000 0.503849 
-0.132000 0.498116 
-0.131000 0.492368 
-0.130000 0.486606 
-0.129000 0.480829 
-0.128000 0.475038 
-0.127000 0.469232 
-0.126000 0.463411 
-0.125000 0.457576 
-0.124000 0.451726 
-0.123000 0.445862 
-0.122000 0.439983 
-0.121000 0.434089 
-0.120000 0.428181 
-0.119000 0.422258 
-0.118000 0.416320 
-0.117000 0.410367 
-0.116000 0.404399 
-0.115000 0.398417 
-0.114000 0.392420 
-0.113000 0.386408 
-0.112000 0.380380 
-0.111000 0.374338 
-0.110000 0.368281 
-0.109000 0.362209 
-0.108000 0.356122 
-0.107000 0.350020 
-0.106000 0.343903 
-0.105000 0.337771 
-0.104000 0.331623 
-0.103000 0.325461 
-0.102000 0.319283 
-0.101000 0.313090 
-0.100000 0.306881 
-0.099000 0.300658 
-0.098000 0.294419 
-0.097000 0.288165 
-0.096000 0.281895 
-0.095000 0.275610 
-0.094000 0.269309 
-0.093000 0.262993 
-0.092000 0.256662 
-0.091000 0.250315 
-0.090000 0.243952 
-0.089000 0.237574 
-0.088000 0.231180 
-0.087000 0.224771 
-0.086000 0.218345 
-0.085000 0.211905 
-0.084000 0.205448 
-0.083000 0.198975 
-0.082000 0.192487 
-0.081000 0.185983 
-0.080000 0.179463 
-0.079000 0.172927 
-0.078000 0.166375 
-0.077000 0.159807 
-0.076000 0.153223 
-0.075000 0.146623 
-0.074000 0.140007 
-0.073000 0.133374 
-0.072000 0.126726 
-0.071000 0.120061 
-0.070000 0.113380 
-0.069000 0.106683 
-0.068000 0.099970 
-0.067000 0.093240 
-0.066000 0.086494 
-0.065000 0.079731 
-0.064000 0.072952 
-0.063000 0.066157 
-0.062000 0.059345 
-0.061000 0.052516 
-0.060000 0.045671 
-0.059000 0.038809 
-0.058000 0.031930 
-0.057000 0.025035 
-0.056000 0.018123 
-0.055000 0.011195 
-0.054000 0.004249 
-0.053000 -0.002713 
-0.052000 -0.009693 
-0.051000 -0.016689 
-0.050000 -0.023702 
-0.049000 -0.030732 
-0.048000 -0.037779 
-0.047000 -0.044843 
-0.046000 -0.051925 
-0.045000 -0.059023 
-0.044000 -0.066138 
-0.043000 -0.073271 
-0.042000 -0.080421 
-0.041000 -0.087588 
-0.040000 -0.094773 
-0.039000 -0.101975 
-0.038000 -0.109194 
-0.037000 -0.116431 
-0.036000 -0.123685 
-0.035000 -0.130957 
-0.034000 -0.138246 
-0.033000 -0.145553 
-0.032000 -0.152877 
-0.031000 -0.160219 
-0.030000 -0.167578 
-0.029000 -0.174956 
-0.028000 -0.182350 
-0.027000 -0.189763 
-0.026000 -0.197194 
-0.025000 -0.204642 
-0.024000 -0.212108 
-0.023000 -0.219592 
-0.022000 -0.227094 
-0.021000 -0.234614 
-0.020000 -0.242152 
-0.019000 -0.249708 
-0.018000 -0.257281 
-0.017000 -0.264873 
-0.016000 -0.272483 
-0.015000 -0.280112 
-0.014000 -0.287758 
-0.013000 -0.295422 
-0.012000 -0.303105 
-0.011000 -0.310806 
-0.010000 -0.318525 
-0.009000 -0.326263 
-0.008000 -0.334018 
-0.007000 -0.341793 
-0.006000 -0.349585 
-0.005000 -0.357396 
-0.004000 -0.365225 
-0.003000 -0.373073 
-0.002000 -0.380939 
-0.001000 -0.388823 
-0.000000 -0.396727 
0.001000 -0.404648 
0.002000 -0.412588 
0.003000 -0.420547 
0.004000 -0.428524 
0.005000 -0.436520 
0.006000 -0.444534 
0.007000 -0.452567 
0.008000 -0.460619 
0.009000 -0.468689 
0.010000 -0.476778 
0.011000 -0.484886 
0.012000 -0.493012 
0.013000 -0.501157 
0.014000 -0.509320 
0.015000 -0.517503 
0.016000 -0.525704 
0.017000 -0.533923 
0.018000 -0.542162 
0.019000 -0.550419 
0.020000 -0.558694 
0.021000 -0.566989 
0.022000 -0.575302 
0.023000 -0.583634 
0.024000 -0.591984 
0.025000 -0.600353 
0.026000 -0.608741 
0.027000 -0.617148 
0.028000 -0.625573 
0.029000 -0.634017 
0.030000 -0.642479 
0.031000 -0.650960 
0.032000 -0.659460 
0.033000 -0.667978 
0.034000 -0.676515 
0.035000 -0.685070 
0.036000 -0.693644 
0.037000 -0.702236 
0.038000 -0.710846 
0.039000 -0.719475 
0.040000 -0.728123 
0.041000 -0.736788 
0.042000 -0.745472 
0.043000 -0.754174 
0.044000 -0.762895 
0.045000 -0.771633 
0.046000 -0.780390 
0.047000 -0.789165 
0.048000 -0.797957 
0.049000 -0.806768 
0.050000 -0.815596 
0.051000 -0.824443 
0.052000 -0.833307 
0.053000 -0.842189 
0.054000 -0.851088 
0.055000 -0.860005 
0.056000 -0.868939 
0.057000 -0.877891 
0.058000 -0.886860 
0.059000 -0.895846 
0.060000 -0.904849 
0.061000 -0.913870 
0.062000 -0.922907 
0.063000 -0.931961 
0.064000 -0.941032 
0.065000 -0.950119 
0.066000 -0.959223 
0.067000 -0.968343 
0.068000 -0.977479 
0.069000 -0.986631 
0.070000 -0.995800 
0.071000 -1.004984 
0.072000 -1.014184 
0.073000 -1.023399 
0.074000 -1.032630 
0.075000 -1.041876 
0.076000 -1.051137 
0.077000 -1.060413 
0.078000 -1.069704 
0.079000 -1.079010 
0.080000 -1.088329 
0.081000 -1.097663 
0.082000 -1.107011 
0.083000 -1.116372 
0.084000 -1.125747 
0.085000 -1.135136 
0.086000 -1.144538 
0.087000 -1.153952 
0.088000 -1.163379 
0.089000 -1.172819 
0.090000 -1.182271 
0.091000 -1.191735 
0.092000 -1.201210 
0.093000 -1.210697 
0.094000 -1.220195 
0.095000 -1.229703 
0.096000 -1.239223 
0.097000 -1.248752 
0.098000 -1.258292 
0.099000 -1.267841 
0.100000 -1.277399 
0.101000 -1.286966 
0.102000 -1.296542 
0.103000 -1.306126 
0.104000 -1.315718 
0.105000 -1.325318 
0.106000 -1.334925 
0.107000 -1.344538 
0.108000 -1.354158 
0.109000 -1.363783 
0.110000 -1.373415 
0.111000 -1.383051 
0.112000 -1.392692 
0.113000 -1.402336 
0.114000 -1.411985 
0.115000 -1.421637 
0.116000 -1.431291 
0.117000 -1.440948 
0.118000 -1.450607 
0.119000 -1.460266 
0.120000 -1.469926 
0.121000 -1.479587 
0.122000 -1.489246 
0.123000 -1.498905 
0.124000 -1.508562 
0.125000 -1.518216 
0.126000 -1.527868 
0.127000 -1.537516 
0.128000 -1.547160 
0.129000 -1.556799 
0.130000 -1.566432 
0.131000 -1.576059 
0.132000 -1.585679 
0.133000 -1.595291 
0.134000 -1.604895 
0.135000 -1.614489 
0.136000 -1.624073 
0.137000 -1.633646 
0.138000 -1.643208 
0.139000 -1.652757 
0.140000 -1.662292 
0.141000 -1.671814 
0.142000 -1.681319 
0.143000 -1.690809 
0.144000 -1.700282 
0.145000 -1.709737 
0.146000 -1.719172 
0.147000 -1.728588 
0.148000 -1.737982 
0.149000 -1.747354 
0.150000 -1.756703 
0.151000 -1.766028 
0.152000 -1.775327 
0.153000 -1.784600 
0.154000 -1.793845 
0.155000 -1.803061 
0.156000 -1.812247 
0.157000 -1.821402 
0.158000 -1.830524 
0.159000 -1.839612 
0.160000 -1.848664 
0.161000 -1.857681 
0.162000 -1.866659 
0.163000 -1.875598 
0.164000 -1.884496 
0.165000 -1.893352 
0.166000 -1.902164 
0.167000 -1.910931 
0.168000 -1.919651 
0.169000 -1.928323 
0.170000 -1.936945 
0.171000 -1.945515 
0.172000 -1.954033 
0.173000 -1.962495 
0.174000 -1.970901 
0.175000 -1.979248 
0.176000 -1.987536 
0.177000 -1.995761 
0.178000 -2.003923 
0.179000 -2.012019 
0.180000 -2.020048 
0.181000 -2.028007 
0.182000 -2.035895 
0.183000 -2.043709 
0.184000 -2.051448 
0.185000 -2.059109 
0.186000 -2.066691 
0.187000 -2.074191 
0.188000 -2.081608 
0.189000 -2.088938 
0.190000 -2.096179 
0.191000 -2.103331 
0.192000 -2.110389 
0.193000 -2.117352 
0.194000 -2.124218 
0.195000 -2.130983 
0.196000 -2.137646 
0.197000 -2.144205 
0.198000 -2.150656 
0.199000 -2.156997 
0.200000 -2.163226 
0.201000 -2.169339 
0.202000 -2.175335 
0.203000 -2.181211 
0.204000 -2.186964 
0.205000 -2.192591 
0.206000 -2.198090 
0.207000 -2.203458 
0.208000 -2.208692 
0.209000 -2.213788 
0.210000 -2.218746 
0.211000 -2.223560 
0.212000 -2.228230 
0.213000 -2.232751 
0.214000 -2.237121 
0.215000 -2.241336 
0.216000 -2.245394 
0.217000 -2.249292 
0.218000 -2.253027 
0.219000 -2.256596 
0.220000 -2.259995 
0.221000 -2.263221 
0.222000 -2.266272 
0.223000 -2.269145 
0.224000 -2.271835 
0.225000 -2.274341 
0.226000 -2.276659 
0.227000 -2.278786 
0.228000 -2.280718 
0.229000 -2.282453 
0.230000 -2.283987 
0.231000 -2.285318 
0.232000 -2.286442 
0.233000 -2.287356 
0.234000 -2.288057 
0.235000 -2.288543 
0.236000 -2.288808 
0.237000 -2.288852 
0.238000 -2.288671 
0.239000 -2.288261 
0.240000 -2.287620 
0.241000 -2.286744 
0.242000 -2.285632 
0.243000 -2.284279 
0.244000 -2.282684 
0.245000 -2.280843 
0.246000 -2.278753 
0.247000 -2.276412 
0.248000 -2.273818 
0.249000 -2.270967 
0.250000 -2.267856 
0.251000 -2.264485 
0.252000 -2.260849 
0.253000 -2.256947 
0.254000 -2.252776 
0.255000 -2.248335 
0.256000 -2.243620 
0.257000 -2.238631 
0.258000 -2.233364 
0.259000 -2.227819 
0.260000 -2.221992 
0.261000 -2.215884 
0.262000 -2.209491 
0.263000 -2.202813 
0.264000 -2.195848 
0.265000 -2.188594 
0.266000 -2.181052 
0.267000 -2.173218 
0.268000 -2.165094 
0.269000 -2.156677 
0.270000 -2.147968 
0.271000 -2.138965 
0.272000 -2.129668 
0.273000 -2.120077 
0.274000 -2.110191 
0.275000 -2.100012 
0.276000 -2.089538 
0.277000 -2.078770 
0.278000 -2.067708 
0.279000 -2.056354 
0.280000 -2.044707 
0.281000 -2.032768 
0.282000 -2.020539 
0.283000 -2.008021 
0.284000 -1.995215 
0.285000 -1.982122 
0.286000 -1.968744 
0.287000 -1.955083 
0.288000 -1.941141 
0.289000 -1.926919 
0.290000 -1.912421 
0.291000 -1.897647 
0.292000 -1.882602 
0.293000 -1.867287 
0.294000 -1.851706 
0.295000 -1.835861 
0.296000 -1.819756 
0.297000 -1.803394 
0.298000 -1.786778 
0.299000 -1.769911 
0.300000 -1.752799 
0.301000 -1.735444 
0.302000 -1.717850 
0.303000 -1.700022 
0.304000 -1.681963 
0.305000 -1.663679 
0.306000 -1.645173 
0.307000 -1.626451 
0.308000 -1.607491 
0.309000 -1.588349 
0.310000 -1.569005 
0.311000 -1.549463 
0.312000 -1.529729 
0.313000 -1.509808 
0.314000 -1.489706 
0.315000 -1.469427 
0.316000 -1.448978 
0.317000 -1.428363 
0.318000 -1.407589 
0.319000 -1.386661 
0.320000 -1.365584 
0.321000 -1.344365 
0.322000 -1.323010 
0.323000 -1.301523 
0.324000 -1.279912 
0.325000 -1.258182 
0.326000 -1.236338 
0.327000 -1.214388 
0.328000 -1.192336 
0.329000 -1.170190 
0.330000 -1.147954 
0.331000 -1.125635 
0.332000 -1.103239 
0.333000 -1.080772 
0.334000 -1.058239 
0.335000 -1.035647 
0.336000 -1.013002 
0.337000 -0.990309 
0.338000 -0.967574 
0.339000 -0.944804 
0.340000 -0.922003 
0.341000 -0.899177 
0.342000 -0.876333 
0.343000 -0.853475 
0.344000 -0.830609 
0.345000 -0.807741 
0.346000 -0.784875 
0.347000 -0.762018 
0.348000 -0.739175 
0.349000 -0.716350 
0.350000 -0.693549 
0.351000 -0.670777 
0.352000 -0.648038 
0.353000 -0.625337 
0.354000 -0.602680 
0.355000 -0.580070 
0.356000 -0.557513 
0.357000 -0.535013 
0.358000 -0.512573 
0.359000 -0.490199 
0.360000 -0.467895 
0.361000 -0.445664 
0.362000 -0.423511 
0.363000 -0.401438 
0.364000 -0.379451 
0.365000 -0.357553 
0.366000 -0.335747 
0.367000 -0.314037 
0.368000 -0.292425 
0.369000 -0.270916 
0.370000 -0.249513 
0.371000 -0.228217 
0.372000 -0.207033 
0.373000 -0.185963 
0.374000 -0.165010 
0.375000 -0.144177 
0.376000 -0.123465 
0.377000 -0.102878 
0.378000 -0.082417 
0.379000 -0.062086 
0.380000 -0.041885 
0.381000 -0.021818 
0.382000 -0.001885 
0.383000 0.017910 
0.384000 0.037567 
0.385000 0.057084 
0.386000 0.076459 
0.387000 0.095691 
0.388000 0.114778 
0.389000 0.133718 
0.390000 0.152512 
0.391000 0.171157 
0.392000 0.189652 
0.393000 0.207997 
0.394000 0.226191 
0.395000 0.244232 
0.396000 0.262120 
0.397000 0.279855 
0.398000 0.297435 
0.399000 0.314860 
0.400000 0.332129 
0.401000 0.349242 
0.402000 0.366200 
0.403000 0.383000 
0.404000 0.399643 
0.405000 0.416130 
0.406000 0.432459 
0.407000 0.448630 
0.408000 0.464644 
0.409000 0.480501 
0.410000 0.496200 
0.411000 0.511742 
0.412000 0.527127 
0.413000 0.542355 
0.414000 0.557426 
0.415000 0.572340 
0.416000 0.587099 
0.417000 0.601702 
0.418000 0.616149 
0.419000 0.630441 
0.420000 0.644579 
0.421000 0.658562 
0.422000 0.672392 
0.423000 0.686069 
0.424000 0.699594 
0.425000 0.712966 
0.426000 0.726188 
0.427000 0.739259 
0.428000 0.752180 
0.429000 0.764952 
0.430000 0.777575 
0.431000 0.790051 
0.432000 0.802380 
0.433000 0.814563 
0.434000 0.826600 
0.435000 0.838493 
0.436000 0.850242 
0.437000 0.861849 
0.438000 0.873313 
0.439000 0.884636 
0.440000 0.895819 
0.441000 0.906863 
0.442000 0.917768 
0.443000 0.928536 
0.444000 0.939167 
0.445000 0.949662 
0.446000 0.960023 
0.447000 0.970250 
0.448000 0.980345 
0.449000 0.990307 
0.450000 1.000139 
0.451000 1.009840 
0.452000 1.019413 
0.453000 1.028858 
0.454000 1.038176 
0.455000 1.047368 
0.456000 1.056435 
0.457000 1.065378 
0.458000 1.074198 
0.459000 1.082896 
0.460000 1.091473 
0.461000 1.099930 
0.462000 1.108269 
0.463000 1.116489 
0.464000 1.124592 
0.465000 1.132579 
0.466000 1.140451 
0.467000 1.148208 
0.468000 1.155853 
0.469000 1.163386 
0.470000 1.170807 
0.471000 1.178119 
0.472000 1.185321 
0.473000 1.192415 
0.474000 1.199402 
0.475000 1.206282 
0.476000 1.213057 
0.477000 1.219728 
0.478000 1.226295 
0.479000 1.232759 
0.480000 1.239123 
0.481000 1.245385 
0.482000 1.251548 
0.483000 1.257612 
0.484000 1.263578 
0.485000 1.269447 
0.486000 1.275219 
0.487000 1.280897 
0.488000 1.286481 
0.489000 1.291971 
0.490000 1.297368 
0.491000 1.302674 
0.492000 1.307889 
0.493000 1.313014 
0.494000 1.318050 
0.495000 1.322997 
0.496000 1.327858 
0.497000 1.332631 
0.498000 1.337319 
0.499000 1.341922 
0.500000 1.346441 
0.501000 1.350877 
0.502000 1.355230 
0.503000 1.359501 
0.504000 1.363691 
0.505000 1.367801 
0.506000 1.371832 
0.507000 1.375784 
0.508000 1.379658 
0.509000 1.383455 
0.510000 1.387176 
0.511000 1.390821 
0.512000 1.394391 
0.513000 1.397887 
0.514000 1.401309 
0.515000 1.404659 
0.516000 1.407936 
0.517000 1.411142 
0.518000 1.414277 
0.519000 1.417343 
0.520000 1.420339 
0.521000 1.423266 
0.522000 1.426125 
0.523000 1.428917 
0.524000 1.431643 
0.525000 1.434302 
0.526000 1.436896 
0.527000 1.439425 
0.528000 1.441889 
0.529000 1.444290 
0.530000 1.446629 
0.531000 1.448905 
0.532000 1.451119 
0.533000 1.453272 
0.534000 1.455364 
0.535000 1.457396 
0.536000 1.459369 
0.537000 1.461283 
0.538000 1.463139 
0.539000 1.464937 
0.540000 1.466678 
0.541000 1.468362 
0.542000 1.469990 
0.543000 1.471562 
0.544000 1.473079 
0.545000 1.474542 
0.546000 1.475950 
0.547000 1.477306 
0.548000 1.478608 
0.549000 1.479857 
0.550000 1.481055 
0.551000 1.482201 
0.552000 1.483295 
0.553000 1.484340 
0.554000 1.485334 
0.555000 1.486278 
0.556000 1.487173 
0.557000 1.488020 
0.558000 1.488818 
0.559000 1.489568 
0.560000 1.490271 
0.561000 1.490927 
0.562000 1.491536 
0.563000 1.492099 
0.564000 1.492616 
0.565000 1.493088 
0.566000 1.493516 
0.567000 1.493898 
0.568000 1.494237 
0.569000 1.494532 
0.570000 1.494783 
0.571000 1.494992 
0.572000 1.495158 
0.573000 1.495282 
0.574000 1.495364 
0.575000 1.495404 
0.576000 1.495404 
0.577000 1.495363 
0.578000 1.495282 
0.579000 1.495160 
0.580000 1.494999 
0.581000 1.494799 
0.582000 1.494560 
0.583000 1.494282 
0.584000 1.493966 
0.585000 1.493612 
0.586000 1.493220 
0.587000 1.492791 
0.588000 1.492325 
0.589000 1.491822 
0.590000 1.491283 
0.591000 1.490708 
0.592000 1.490098 
0.593000 1.489451 
0.594000 1.488770 
0.595000 1.488054 
0.596000 1.487303 
0.597000 1.486517 
0.598000 1.485698 
0.599000 1.484845 
0.600000 1.483959 
0.601000 1.483040 
0.602000 1.482087 
0.603000 1.481102 
0.604000 1.480085 
0.605000 1.479035 
0.606000 1.477954 
0.607000 1.476840 
0.608000 1.475696 
0.609000 1.474521 
0.610000 1.473314 
0.611000 1.472077 
0.612000 1.470810 
0.613000 1.469512 
0.614000 1.468185 
0.615000 1.466828 
0.616000 1.465441 
0.617000 1.464025 
0.618000 1.462580 
0.619000 1.461107 
0.620000 1.459605 
0.621000 1.458074 
0.622000 1.456516 
0.623000 1.454929 
0.624000 1.453315 
0.625000 1.451673 
0.626000 1.450004 
0.627000 1.448307 
0.628000 1.446584 
0.629000 1.444834 
0.630000 1.443058 
0.631000 1.441255 
0.632000 1.439426 
0.633000 1.437571 
0.634000 1.435690 
0.635000 1.433784 
0.636000 1.431852 
0.637000 1.429896 
0.638000 1.427914 
0.639000 1.425907 
0.640000 1.423875 
0.641000 1.421819 
0.642000 1.419738 
0.643000 1.417633 
0.644000 1.415504 
0.645000 1.413352 
0.646000 1.411175 
0.647000 1.408975 
0.648000 1.406751 
0.649000 1.404505 
0.650000 1.402235 
0.651000 1.399942 
0.652000 1.397626 
0.653000 1.395288 
0.654000 1.392927 
0.655000 1.390543 
0.656000 1.388138 
0.657000 1.385710 
0.658000 1.383260 
0.659000 1.380788 
0.660000 1.378295 
0.661000 1.375780 
0.662000 1.373244 
0.663000 1.370686 
0.664000 1.368107 
0.665000 1.365507 
0.666000 1.362886 
0.667000 1.360245 
0.668000 1.357582 
0.669000 1.354899 
0.670000 1.352196 
0.671000 1.349472 
0.672000 1.346728 
0.673000 1.343963 
0.674000 1.341179 
0.675000 1.338375 
0.676000 1.335551 
0.677000 1.332708 
0.678000 1.329844 
0.679000 1.326962 
0.680000 1.324060 
0.681000 1.321138 
0.682000 1.318198 
0.683000 1.315238 
0.684000 1.312260 
0.685000 1.309262 
0.686000 1.306246 
0.687000 1.303211 
0.688000 1.300158 
0.689000 1.297086 
0.690000 1.293995 
0.691000 1.290886 
0.692000 1.287759 
0.693000 1.284614 
0.694000 1.281451 
0.695000 1.278270 
0.696000 1.275071 
0.697000 1.271854 
0.698000 1.268619 
0.699000 1.265367 
0.700000 1.262097 
0.701000 1.258810 
0.702000 1.255505 
0.703000 1.252183 
0.704000 1.248844 
0.705000 1.245487 
0.706000 1.242114 
0.707000 1.238723 
0.708000 1.235315 
0.709000 1.231891 
0.710000 1.228449 
0.711000 1.224991 
0.712000 1.221516 
0.713000 1.218024 
0.714000 1.214516 
0.715000 1.210991 
0.716000 1.207450 
0.717000 1.203893 
0.718000 1.200319 
0.719000 1.196729 
0.720000 1.193122 
0.721000 1.189500 
0.722000 1.185861 
0.723000 1.182207 
0.724000 1.178536 
0.725000 1.174850 
0.726000 1.171147 
0.727000 1.167429 
0.728000 1.163695 
0.729000 1.159945 
0.730000 1.156180 
0.731000 1.152399 
0.732000 1.148602 
0.733000 1.144790 
0.734000 1.140962 
0.735000 1.137119 
0.736000 1.133261 
0.737000 1.129387 
0.738000 1.125498 
0.739000 1.121593 
0.740000 1.117674 
0.741000 1.113739 
0.742000 1.109789 
0.743000 1.105824 
0.744000 1.101844 
0.745000 1.097849 
0.746000 1.093839 
0.747000 1.089814 
0.748000 1.085774 
0.749000 1.081719 
0.750000 1.077650 
0.751000 1.073566 
0.752000 1.069466 
0.753000 1.065353 
0.754000 1.061224 
0.755000 1.057081 
0.756000 1.052923 
0.757000 1.048750 
0.758000 1.044563 
0.759000 1.040362 
0.760000 1.036146 
0.761000 1.031915 
0.762000 1.027670 
0.763000 1.023410 
0.764000 1.019136 
0.765000 1.014848 
0.766000 1.010545 
0.767000 1.006228 
0.768000 1.001897 
0.769000 0.997551 
0.770000 0.993191 
0.771000 0.988817 
0.772000 0.984429 
0.773000 0.980026 
0.774000 0.975609 
0.775000 0.971178 
0.776000 0.966733 
0.777000 0.962274 
0.778000 0.957801 
0.779000 0.953313 
0.780000 0.948812 
0.781000 0.944296 
0.782000 0.939766 
0.783000 0.935223 
0.784000 0.930665 
0.785000 0.926093 
0.786000 0.921507 
0.787000 0.916908 
0.788000 0.912294 
0.789000 0.907666 
0.790000 0.903025 
0.791000 0.898369 
0.792000 0.893700 
0.793000 0.889016 
0.794000 0.884319 
0.795000 0.879608 
0.796000 0.874883 
0.797000 0.870144 
0.798000 0.865391 
0.799000 0.860624 
0.800000 0.855843 
0.801000 0.851049 
0.802000 0.846240 
0.803000 0.841418 
0.804000 0.836582 
0.805000 0.831732 
0.806000 0.826869 
0.807000 0.821991 
0.808000 0.817093 
0.809000 0.812188 
0.810000 0.807269 
0.811000 0.802336 
0.812000 0.797389 
0.813000 0.792428 
0.814000 0.787454 
0.815000 0.782466 
0.816000 0.777464 
0.817000 0.772448 
0.818000 0.767418 
0.819000 0.762374 
0.820000 0.757317 
0.821000 0.752245 
0.822000 0.747160 
0.823000 0.742061 
0.824000 0.736948 
0.825000 0.731822 
0.826000 0.726681 
0.827000 0.721526 
0.828000 0.716358 
0.829000 0.711176 
0.830000 0.705980 
0.831000 0.700770 
0.832000 0.695546 
0.833000 0.690308 
0.834000 0.685056 
0.835000 0.679790 
0.836000 0.674510 
0.837000 0.669216 
0.838000 0.663909 
0.839000 0.658587 
0.840000 0.653251 
0.841000 0.647902 
0.842000 0.642538 
0.843000 0.637160 
0.844000 0.631769 
0.845000 0.626363 
0.846000 0.620943 
0.847000 0.615509 
0.848000 0.610061 
0.849000 0.604599 
0.850000 0.599123 
0.851000 0.593632 
0.852000 0.588128 
0.853000 0.582609 
0.854000 0.577076 
0.855000 0.571529 
0.856000 0.565968 
0.857000 0.560392 
0.858000 0.554802 
0.859000 0.549198 
0.860000 0.543580 
0.861000 0.537947 
0.862000 0.532300 
0.863000 0.526639 
0.864000 0.520963 
0.865000 0.515273 
0.866000 0.509568 
0.867000 0.503849 
0.868000 0.498116 
0.869000 0.492368 
0.870000 0.486606 
0.871000 0.480829 
0.872000 0.475038 
0.873000 0.469232 
0.874000 0.463411 
0.875000 0.457576 
0.876000 0.451726 
0.877000 0.445862 
0.878000 0.439983 
0.879000 0.434089 
0.880000 0.428181 
0.881000 0.422258 
0.882000 0.416320 
0.883000 0.410367 
0.884000 0.404399 
0.885000 0.398417 
0.886000 0.392420 
0.887000 0.386408 
0.888000 0.380380 
0.889000 0.374338 
0.890000 0.368281 
0.891000 0.362209 
0.892000 0.356122 
0.893000 0.350020 
0.894000 0.343903 
0.895000 0.337771 
0.896000 0.331623 
0.897000 0.325461 
0.898000 0.319283 
0.899000 0.313090 
0.900000 0.306881 
0.901000 0.300658 
0.902000 0.294419 
0.903000 0.288165 
0.904000 0.281895 
0.905000 0.275610 
0.906000 0.269309 
0.907000 0.262993 
0.908000 0.256662 
0.909000 0.250315 
0.910000 0.243952 
0.911000 0.237574 
0.912000 0.231180 
0.913000 0.224771 
0.914000 0.218345 
0.915000 0.211905 
0.916000 0.205448 
0.917000 0.198975 
0.918000 0.192487 
0.919000 0.185983 
0.920000 0.179463 
0.921000 0.172927 
0.922000 0.166375 
0.923000 0.159807 
0.924000 0.153223 
0.925000 0.146623 
0.926000 0.140007 
0.927000 0.133374 
0.928000 0.126726 
0.929000 0.120061 
0.930000 0.113380 
0.931000 0.106683 
0.932000 0.099970 
0.933000 0.093240 
0.934000 0.086494 
0.935000 0.079731 
0.936000 0.072952 
0.937000 0.066157 
0.938000 0.059345 
0.939000 0.052516 
0.940000 0.045671 
0.941000 0.038809 
0.942000 0.031930 
0.943000 0.025035 
0.944000 0.018123 
0.945000 0.011195 
0.946000 0.004249 
0.947000 -0.002713 
0.948000 -0.009693 
0.949000 -0.016689 
0.950000 -0.023702 
0.951000 -0.030732 
0.952000 -0.037779 
0.953000 -0.044843 
0.954000 -0.051925 
0.955000 -0.059023 
0.956000 -0.066138 
0.957000 -0.073271 
0.958000 -0.080421 
0.959000 -0.087588 
0.960000 -0.094773 
0.961000 -0.101975 
0.962000 -0.109194 
0.963000 -0.116431 
0.964000 -0.123685 
0.965000 -0.130957 
0.966000 -0.138246 
0.967000 -0.145553 
0.968000 -0.152877 
0.969000 -0.160219 
0.970000 -0.167578 
0.971000 -0.174956 
0.972000 -0.182350 
0.973000 -0.189763 
0.974000 -0.197194 
0.975000 -0.204642 
0.976000 -0.212108 
0.977000 -0.219592 
0.978000 -0.227094 
0.979000 -0.234614 
0.980000 -0.242152 
0.981000 -0.249708 
0.982000 -0.257281 
0.983000 -0.264873 
0.984000 -0.272483 
0.985000 -0.280112 
0.986000 -0.287758 
0.987000 -0.295422 
0.988000 -0.303105 
0.989000 -0.310806 
0.990000 -0.318525 
0.991000 -0.326263 
0.992000 -0.334018 
0.993000 -0.341793 
0.994000 -0.349585 
0.995000 -0.357396 
0.996000 -0.365225 
0.997000 -0.373073 
0.998000 -0.380939 
0.999000 -0.388823 
1.000000 -0.396727 
1.001000 -0.404648 
1.002000 -0.412588 
1.003000 -0.420547 
1.004000 -0.428524 
1.005000 -0.436520 
1.006000 -0.444534 
1.007000 -0.452567 
1.008000 -0.460619 
1.009000 -0.468689 
1.010000 -0.476778 
1.011000 -0.484886 
1.012000 -0.493012 
1.013000 -0.501157 
1.014000 -0.509320 
1.015000 -0.517503 
1.016000 -0.525704 
1.017000 -0.533923 
1.018000 -0.542162 
1.019000 -0.550419 
1.020000 -0.558694 
1.021000 -0.566989 
1.022000 -0.575302 
1.023000 -0.583634 
1.024000 -0.591984 
1.025000 -0.600353 
1.026000 -0.608741 
1.027000 -0.617148 
1.028000 -0.625573 
1.029000 -0.634017 
1.030000 -0.642479 
1.031000 -0.650960 
1.032000 -0.659460 
1.033000 -0.667978 
1.034000 -0.676515 
1.035000 -0.685070 
1.036000 -0.693644 
1.037000 -0.702236 
1.038000 -0.710846 
1.039000 -0.719475 
1.040000 -0.728123 
1.041000 -0.736788 
1.042000 -0.745472 
1.043000 -0.754174 
1.044000 -0.762895 
1.045000 -0.771633 
1.046000 -0.780390 
1.047000 -0.789165 
1.048000 -0.797957 
1.049000 -0.806768 
1.050000 -0.815596 
1.051000 -0.824443 
1.052000 -0.833307 
1.053000 -0.842189 
1.054000 -0.851088 
1.055000 -0.860005 
1.056000 -0.868939 
1.057000 -0.877891 
1.058000 -0.886860 
1.059000 -0.895846 
1.060000 -0.904849 
1.061000 -0.913870 
1.062000 -0.922907 
1.063000 -0.931961 
1.064000 -0.941032 
1.065000 -0.950119 
1.066000 -0.959223 
1.067000 -0.968343 
1.068000 -0.977479 
1.069000 -0.986631 
1.070000 -0.995800 
1.071000 -1.004984 
1.072000 -1.014184 
1.073000 -1.023399 
1.074000 -1.032630 
1.075000 -1.041876 
1.076000 -1.051137 
1.077000 -1.060413 
1.078000 -1.069704 
1.079000 -1.079010 
1.080000 -1.088329 
1.081000 -1.097663 
1.082000 -1.107011 
1.083000 -1.116372 
1.084000 -1.125747 
1.085000 -1.135136 
1.086000 -1.144538 
1.087000 -1.153952 
1.088000 -1.163379 
1.089000 -1.172819 
1.090000 -1.182271 
1.091000 -1.191735 
1.092000 -1.201210 
1.093000 -1.210697 
1.094000 -1.220195 
1.095000 -1.229703 
1.096000 -1.239223 
1.097000 -1.248752 
1.098000 -1.258292 
1.099000 -1.267841 
1.100000 -1.277399 
1.101000 -1.286966 
1.102000 -1.296542 
1.103000 -1.306126 
1.104000 -1.315718 
1.105000 -1.325318 
1.106000 -1.334925 
1.107000 -1.344538 
1.108000 -1.354158 
1.109000 -1.363783 
1.110000 -1.373415 
1.111000 -1.383051 
1.112000 -1.392692 
1.113000 -1.402336 
1.114000 -1.411985 
1.115000 -1.421637 
1.116000 -1.431291 
1.117000 -1.440948 
1.118000 -1.450607 
1.119000 -1.460266 
1.120000 -1.469926 
1.121000 -1.479587 
1.122000 -1.489246 
1.123000 -1.498905 
1.124000 -1.508562 
1.125000 -1.518216 
1.126000 -1.527868 
1.127000 -1.537516 
1.128000 -1.547160 
1.129000 -1.556799 
1.130000 -1.566432 
1.131000 -1.576059 
1.132000 -1.585679 
1.133000 -1.595291 
1.134000 -1.604895 
1.135000 -1.614489 
1.136000 -1.624073 
1.137000 -1.633646 
1.138000 -1.643208 
1.139000 -1.652757 
1.140000 -1.662292 
1.141000 -1.671814 
1.142000 -1.681319 
1.143000 -1.690809 
1.144000 -1.700282 
1.145000 -1.709737 
1.146000 -1.719172 
1.147000 -1.728588 
1.148000 -1.737982 
1.149000 -1.747354 
1.150000 -1.756703 
1.151000 -1.766028 
1.152000 -1.775327 
1.153000 -1.784600 
1.154000 -1.793845 
1.155000 -1.803061 
1.156000 -1.812247 
1.157000 -1.821402 
1.158000 -1.830524 
1.159000 -1.839612 
1.160000 -1.848664 
1.161000 -1.857681 
1.162000 -1.866659 
1.163000 -1.875598 
1.164000 -1.884496 
1.165000 -1.893352 
1.166000 -1.902164 
1.167000 -1.910931 
1.168000 -1.919651 
1.169000 -1.928323 
1.170000 -1.936945 
1.171000 -1.945515 
1.172000 -1.954033 
1.173000 -1.962495 
1.174000 -1.970901 
1.175000 -1.979248 
1.176000 -1.987536 
1.177000 -1.995761 
1.178000 -2.003923 
1.179000 -2.012019 
1.180000 -2.020048 
1.181000 -2.028007 
1.182000 -2.035895 
1.183000 -2.043709 
1.184000 -2.051448 
1.185000 -2.059109 
1.186000 -2.066691 
1.187000 -2.074191 
1.188000 -2.081608 
1.189000 -2.088938 
1.190000 -2.096179 
1.191000 -2.103331 
1.192000 -2.110389 
1.193000 -2.117352 
1.194000 -2.124218 
1.195000 -2.130983 
1.196000 -2.137646 
1.197000 -2.144205 
1.198000 -2.150656 
1.199000 -2.156997 
1.200000 -2.163226 
1.201000 -2.169339 
1.202000 -2.175335 
1.203000 -2.181211 
1.204000 -2.186964 
1.205000 -2.192591 
1.206000 -2.198090 
1.207000 -2.203458 
1.208000 -2.208692 
1.209000 -2.213788 
1.210000 -2.218746 
1.211000 -2.223560 
1.212000 -2.228230 
1.213000 -2.232751 
1.214000 -2.237121 
1.215000 -2.241336 
1.216000 -2.245394 
1.217000 -2.249292 
1.218000 -2.253027 
1.219000 -2.256596 
1.220000 -2.259995 
1.221000 -2.263221 
1.222000 -2.266272 
1.223000 -2.269145 
1.224000 -2.271835 
1.225000 -2.274341 
1.226000 -2.276659 
1.227000 -2.278786 
1.228000 -2.280718 
1.229000 -2.282453 
1.230000 -2.283987 
1.231000 -2.285318 
1.232000 -2.286442 
1.233000 -2.287356 
1.234000 -2.288057 
1.235000 -2.288543 
1.236000 -2.288808 
1.237000 -2.288852 
1.238000 -2.288671 
1.239000 -2.288261 
1.240000 -2.287620 
1.241000 -2.286744 
1.242000 -2.285632 
1.243000 -2.284279 
1.244000 -2.282684 
1.245000 -2.280843 
1.246000 -2.278753 
1.247000 -2.276412 
1.248000 -2.273818 
1.249000 -2.270967 
1.250000 -2.267856 
1.251000 -2.264485 
1.252000 -2.260849 
1.253000 -2.256947 
1.254000 -2.252776 
1.255000 -2.248335 
1.256000 -2.243620 
1.257000 -2.238631 
1.258000 -2.233364 
1.259000 -2.227819 
1.260000 -2.221992 
1.261000 -2.215884 
1.262000 -2.209491 
1.263000 -2.202813 
1.264000 -2.195848 
1.265000 -2.188594 
1.266000 -2.181052 
1.267000 -2.173218 
1.268000 -2.165094 
1.269000 -2.156677 
1.270000 -2.147968 
1.271000 -2.138965 
1.272000 -2.129668 
1.273000 -2.120077 
1.274000 -2.110191 
1.275000 -2.100012 
1.276000 -2.089538 
1.277000 -2.078770 
1.278000 -2.067708 
1.279000 -2.056354 
1.280000 -2.044707 
1.281000 -2.032768 
1.282000 -2.020539 
1.283000 -2.008021 
1.284000 -1.995215 
1.285000 -1.982122 
1.286000 -1.968744 
1.287000 -1.955083 
1.288000 -1.941141 
1.289000 -1.926919 
1.290000 -1.912421 
1.291000 -1.897647 
1.292000 -1.882602 
1.293000 -1.867287 
1.294000 -1.851706 
1.295000 -1.835861 
1.296000 -1.819756 
1.297000 -1.803394 
1.298000 -1.786778 
1.299000 -1.769911 
1.300000 -1.752799 
1.301000 -1.735444 
1.302000 -1.717850 
1.303000 -1.700022 
1.304000 -1.681963 
1.305000 -1.663679 
1.306000 -1.645173 
1.307000 -1.626451 
1.308000 -1.607491 
1.309000 -1.588349 
1.310000 -1.569005 
1.311000 -1.549463 
1.312000 -1.529729 
1.313000 -1.509808 
1.314000 -1.489706 
1.315000 -1.469427 
1.316000 -1.448978 
1.317000 -1.428363 
1.318000 -1.407589 
1.319000 -1.386661 
1.320000 -1.365584 
1.321000 -1.344365 
1.322000 -1.323010 
1.323000 -1.301523 
1.324000 -1.279912 
1.325000 -1.258182 
1.326000 -1.236338 
1.327000 -1.214388 
1.328000 -1.192336 
1.329000 -1.170190 
1.330000 -1.147954 
1.331000 -1.125635 
1.332000 -1.103239 
1.333000 -1.080772 
1.334000 -1.058239 
1.335000 -1.035647 
1.336000 -1.013002 
1.337000 -0.990309 
1.338000 -0.967574 
1.339000 -0.944804 
1.340000 -0.922003 
1.341000 -0.899177 
1.342000 -0.876333 
1.343000 -0.853475 
1.344000 -0.830609 
1.345000 -0.807741 
1.346000 -0.784875 
1.347000 -0.762018 
1.348000 -0.739175 
1.349000 -0.716350 
1.350000 -0.693549 
1.351000 -0.670777 
1.352000 -0.648038 
1.353000 -0.625337 
1.354000 -0.602680 
1.355000 -0.580070 
1.356000 -0.557513 
1.357000 -0.535013 
1.358000 -0.512573 
1.359000 -0.490199 
1.360000 -0.467895 
1.361000 -0.445664 
1.362000 -0.423511 
1.363000 -0.401438 
1.364000 -0.379451 
1.365000 -0.357553 
1.366000 -0.335747 
1.367000 -0.314037 
1.368000 -0.292425 
1.369000 -0.270916 
1.370000 -0.249513 
1.371000 -0.228217 
1.372000 -0.207033 
1.373000 -0.185963 
1.374000 -0.165010 
1.375000 -0.144177 
1.376000 -0.123465 
1.377000 -0.102878 
1.378000 -0.082417 
1.379000 -0.062086 
1.380000 -0.041885 
1.381000 -0.021818 
1.382000 -0.001885 
1.383000 0.017910 
1.384000 0.037567 
1.385000 0.057084 
1.386000 0.076459 
1.387000 0.095691 
1.388000 0.114778 
1.389000 0.133718 
1.390000 0.152512 
1.391000 0.171157 
1.392000 0.189652 
1.393000 0.207997 
1.394000 0.226191 
1.395000 0.244232 
1.396000 0.262120 
1.397000 0.279855 
1.398000 0.297435 
1.399000 0.314860 
1.400000 0.332129 
1.401000 0.349242 
1.402000 0.366200 
1.403000 0.383000 
1.404000 0.399643 
1.405000 0.416130 
1.406000 0.432459 
1.407000 0.448630 
1.408000 0.464644 
1.409000 0.480501 
1.410000 0.496200 
1.411000 0.511742 
1.412000 0.527127 
1.413000 0.542355 
1.414000 0.557426 
1.415000 0.572340 
1.416000 0.587099 
1.417000 0.601702 
1.418000 0.616149 
1.419000 0.630441 
1.420000 0.644579 
1.421000 0.658562 
1.422000 0.672392 
1.423000 0.686069 
1.424000 0.699594 
1.425000 0.712966 
1.426000 0.726188 
1.427000 0.739259 
1.428000 0.752180 
1.429000 0.764952 
1.430000 0.777575 
1.431000 0.790051 
1.432000 0.802380 
1.433000 0.814563 
1.434000 0.826600 
1.435000 0.838493 
1.436000 0.850242 
1.437000 0.861849 
1.438000 0.873313 
1.439000 0.884636 
1.440000 0.895819 
1.441000 0.906863 
1.442000 0.917768 
1.443000 0.928536 
1.444000 0.939167 
1.445000 0.949662 
1.446000 0.960023 
1.447000 0.970250 
1.448000 0.980345 
1.449000 0.990307 
1.450000 1.000139 
1.451000 1.009840 
1.452000 1.019413 
1.453000 1.028858 
1.454000 1.038176 
1.455000 1.047368 
1.456000 1.056435 
1.457000 1.065378 
1.458000 1.074198 
1.459000 1.082896 
1.460000 1.091473 
1.461000 1.099930 
1.462000 1.108269 
1.463000 1.116489 
1.464000 1.124592 
1.465000 1.132579 
1.466000 1.140451 
1.467000 1.148208 
1.468000 1.155853 
1.469000 1.163386 
1.470000 1.170807 
1.471000 1.178119 
1.472000 1.185321 
1.473000 1.192415 
1.474000 1.199402 
1.475000 1.206282 
1.476000 1.213057 
1.477000 1.219728 
1.478000 1.226295 
1.479000 1.232759 
1.480000 1.239123 
1.481000 1.245385 
1.482000 1.251548 
1.483000 1.257612 
1.484000 1.263578 
1.485000 1.269447 
1.486000 1.275219 
1.487000 1.280897 
1.488000 1.286481 
1.489000 1.291971 
1.490000 1.297368 
1.491000 1.302674 
1.492000 1.307889 
1.493000 1.313014 
1.494000 1.318050 
1.495000 1.322997 
1.496000 1.327858 
1.497000 1.332631 
1.498000 1.337319 
1.499000 1.341922 
