# time Tc_folded Tref_folded value value_err offset model full_model val_compare val_compare_err residuals residuals_err jitter jitter_flag offset_flag subset_flag 
2455480.529186 0.000000 0.000000 -10482.960657 0.485677 -10476.136284 -4.630148 -10481.083480 -6.507326 0.485677 -1.877177 0.485677 1.539443   1   1  -1 
2455480.532970 0.000000 0.000000 -10481.678693 0.440084 -10476.136284 -4.631276 -10481.086774 -5.223195 0.440084 -0.591919 0.440084 1.539443   1   1  -1 
2455480.536778 0.000000 0.000000 -10480.431449 0.465046 -10476.136284 -4.632401 -10481.090076 -3.973774 0.465046 0.658627 0.465046 1.539443   1   1  -1 
2455482.554786 0.000000 0.000000 -10476.128743 0.353905 -10476.136284 -3.942505 -10479.670877 -0.400371 0.353905 3.542134 0.353905 1.539443   1   1  -1 
2455484.542056 0.000000 0.000000 -10475.755433 0.514319 -10476.136284 -2.601456 -10476.158791 -2.198097 0.514319 0.403358 0.514319 1.539443   1   1  -1 
2455484.545828 0.000000 0.000000 -10473.332240 0.532707 -10476.136284 -2.600138 -10476.155916 0.223538 0.532707 2.823676 0.532707 1.539443   1   1  -1 
2455484.549671 0.000000 0.000000 -10474.438386 0.508347 -10476.136284 -2.598801 -10476.153000 -0.884187 0.508347 1.714614 0.508347 1.539443   1   1  -1 
2455485.527184 0.000000 0.000000 -10473.605978 0.432034 -10476.136284 -2.418705 -10475.789838 -0.234846 0.432034 2.183860 0.432034 1.539443   1   1  -1 
2455485.532971 0.000000 0.000000 -10471.997247 0.445706 -10476.136284 -2.418386 -10475.789482 1.373849 0.445706 3.792235 0.445706 1.539443   1   1  -1 
2455487.543214 0.000000 0.000000 -10473.844627 0.404437 -10476.136284 -2.440822 -10476.231082 -0.054367 0.404437 2.386455 0.404437 1.539443   1   1  -1 
2455487.548897 0.000000 0.000000 -10473.904015 0.401767 -10476.136284 -2.440979 -10476.233332 -0.111662 0.401767 2.329317 0.401767 1.539443   1   1  -1 
2455493.544252 0.000000 0.000000 -10479.814585 0.396600 -10476.136284 -2.343071 -10480.491108 -1.666548 0.396600 0.676523 0.396600 1.539443   1   1  -1 
2455493.550478 0.000000 0.000000 -10480.900282 0.405220 -10476.136284 -2.342425 -10480.497527 -2.745180 0.405220 -0.402755 0.405220 1.539443   1   1  -1 
2455495.535877 0.000000 0.000000 -10480.826331 0.401246 -10476.136284 -2.378186 -10482.663677 -0.540840 0.401246 1.837346 0.401246 1.539443   1   1  -1 
2455495.541664 0.000000 0.000000 -10480.647538 0.425418 -10476.136284 -2.378252 -10482.667302 -0.358488 0.425418 2.019764 0.425418 1.539443   1   1  -1 
2455498.517820 0.000000 0.000000 -10479.650410 0.663846 -10476.136284 -2.050031 -10480.195277 -1.505164 0.663846 0.544867 0.663846 1.539443   1   1  -1 
2455498.523445 0.000000 0.000000 -10478.978096 0.600098 -10476.136284 -2.050779 -10480.192383 -0.836493 0.600098 1.214287 0.600098 1.539443   1   1  -1 
2455500.544007 0.000000 0.000000 -10479.588979 0.341836 -10476.136284 -3.009027 -10480.222398 -2.375608 0.341836 0.633419 0.341836 1.539443   1   1  -1 
2455500.549389 0.000000 0.000000 -10479.646223 0.372174 -10476.136284 -3.012155 -10480.223376 -2.435002 0.372174 0.577153 0.372174 1.539443   1   1  -1 
2455501.547102 0.000000 0.000000 -10479.228913 0.302659 -10476.136284 -3.420576 -10480.237273 -2.412216 0.302659 1.008360 0.302659 1.539443   1   1  -1 
2455501.552738 0.000000 0.000000 -10480.110772 0.289222 -10476.136284 -3.421626 -10480.236146 -3.296252 0.289222 0.125374 0.289222 1.539443   1   1  -1 
2455505.514789 0.000000 0.000000 -10479.788974 0.344263 -10476.136284 -3.227004 -10479.175195 -3.840784 0.344263 -0.613779 0.344263 1.539443   1   1  -1 
2455505.520425 0.000000 0.000000 -10479.398339 0.340728 -10476.136284 -3.229581 -10479.177908 -3.450013 0.340728 -0.220431 0.340728 1.539443   1   1  -1 
2455507.517142 0.000000 0.000000 -10482.165859 0.264981 -10476.136284 -4.136461 -10480.446328 -5.855992 0.264981 -1.719531 0.264981 1.539443   1   1  -1 
2455507.522824 0.000000 0.000000 -10483.868821 0.270208 -10476.136284 -4.137971 -10480.449784 -7.557008 0.270208 -3.419037 0.270208 1.539443   1   1  -1 
2455509.518050 0.000000 0.000000 -10482.136940 0.380261 -10476.136284 -4.311690 -10481.418084 -5.030546 0.380261 -0.718856 0.380261 1.539443   1   1  -1 
2455509.523524 0.000000 0.000000 -10481.842165 0.354765 -10476.136284 -4.311824 -10481.419360 -4.734629 0.354765 -0.422805 0.354765 1.539443   1   1  -1 
2455511.516449 0.000000 0.000000 -10481.051242 0.398498 -10476.136284 -4.342287 -10479.625117 -5.768413 0.398498 -1.426125 0.398498 1.539443   1   1  -1 
2455511.521935 0.000000 0.000000 -10481.318563 0.396662 -10476.136284 -4.341883 -10479.615422 -6.045024 0.396662 -1.703141 0.396662 1.539443   1   1  -1 
2455513.504562 0.000000 0.000000 -10476.804338 0.418335 -10476.136284 -3.848253 -10477.123867 -3.528724 0.418335 0.319529 0.418335 1.539443   1   1  -1 
2455513.510244 0.000000 0.000000 -10476.668251 0.441085 -10476.136284 -3.846122 -10477.119610 -3.394763 0.441085 0.451359 0.441085 1.539443   1   1  -1 
2455514.505835 0.000000 0.000000 -10478.206203 0.335906 -10476.136284 -3.456396 -10476.534894 -5.127705 0.335906 -1.671309 0.335906 1.539443   1   1  -1 
2455514.511356 0.000000 0.000000 -10477.524806 0.341716 -10476.136284 -3.454153 -10476.532365 -4.446594 0.341716 -0.992441 0.341716 1.539443   1   1  -1 
2455519.503938 0.000000 0.000000 -10474.517329 0.516685 -10476.136284 0.056652 -10474.445416 -0.015261 0.516685 -0.071913 0.516685 1.539443   1   1  -1 
2455519.508811 0.000000 0.000000 -10473.971305 0.498073 -10476.136284 0.058053 -10474.446664 0.533413 0.498073 0.475359 0.498073 1.539443   1   1  -1 
2455523.508036 0.000000 0.000000 -10476.567096 0.414917 -10476.136284 -0.573785 -10478.198935 1.058054 0.414917 1.631839 0.414917 1.539443   1   1  -1 
2455523.513036 0.000000 0.000000 -10476.426565 0.432885 -10476.136284 -0.574439 -10478.203830 1.202825 0.432885 1.777265 0.432885 1.539443   1   1  -1 
2455524.521481 0.000000 0.000000 -10476.409103 0.333974 -10476.136284 -0.846459 -10478.970051 1.714489 0.333974 2.560948 0.333974 1.539443   1   1  -1 
2455524.526446 0.000000 0.000000 -10475.818731 0.339194 -10476.136284 -0.848754 -10478.972015 2.304529 0.339194 3.153284 0.339194 1.539443   1   1  -1 
2455653.900831 0.000000 0.000000 -10479.122782 0.372304 -10476.136284 -1.740970 -10477.995833 -2.867919 0.372304 -1.126949 0.372304 1.539443   1   1  -1 
2455653.906410 0.000000 0.000000 -10477.502514 0.368097 -10476.136284 -1.742154 -10477.989787 -1.254881 0.368097 0.487273 0.368097 1.539443   1   1  -1 
2455654.900357 0.000000 0.000000 -10477.529507 0.407058 -10476.136284 -1.966311 -10476.830904 -2.664915 0.407058 -0.698603 0.407058 1.539443   1   1  -1 
2455654.905936 0.000000 0.000000 -10476.951630 0.365708 -10476.136284 -1.967522 -10476.825464 -2.093688 0.365708 -0.126166 0.365708 1.539443   1   1  -1 
2455657.909222 0.000000 0.000000 -10477.608535 0.302855 -10476.136284 -2.212720 -10476.315805 -3.505450 0.302855 -1.292730 0.302855 1.539443   1   1  -1 
2455657.914813 0.000000 0.000000 -10478.050098 0.315866 -10476.136284 -2.212738 -10476.317570 -3.945267 0.315866 -1.732528 0.315866 1.539443   1   1  -1 
2455659.907949 0.000000 0.000000 -10477.046490 0.384743 -10476.136284 -2.242144 -10477.291107 -1.997527 0.384743 0.244617 0.384743 1.539443   1   1  -1 
2455659.913540 0.000000 0.000000 -10478.198534 0.401510 -10476.136284 -2.242206 -10477.294584 -3.146156 0.401510 -0.903950 0.401510 1.539443   1   1  -1 
2455660.901884 0.000000 0.000000 -10478.330760 0.251174 -10476.136284 -2.246925 -10477.961732 -2.615953 0.251174 -0.369028 0.251174 1.539443   1   1  -1 
2455662.902485 0.000000 0.000000 -10478.461597 0.474458 -10476.136284 -2.408759 -10479.809035 -1.061321 0.474458 1.347438 0.474458 1.539443   1   1  -1 
2455662.908180 0.000000 0.000000 -10479.019990 0.454621 -10476.136284 -2.409818 -10479.815520 -1.614288 0.454621 0.795530 0.454621 1.539443   1   1  -1 
2455663.839263 0.000000 0.000000 -10481.021871 0.868606 -10476.136284 -2.603102 -10480.937471 -2.687502 0.868606 -0.084400 0.868606 1.539443   1   1  -1 
2455672.897729 0.000000 0.000000 -10477.289791 0.326960 -10476.136284 -2.302696 -10477.526637 -2.065850 0.326960 0.236846 0.326960 1.539443   1   1  -1 
2455672.902775 0.000000 0.000000 -10477.128218 0.300639 -10476.136284 -2.302893 -10477.525057 -1.906054 0.300639 0.396839 0.300639 1.539443   1   1  -1 
2455675.905453 0.000000 0.000000 -10479.983143 0.211350 -10476.136284 -2.695917 -10477.515303 -5.163756 0.211350 -2.467840 0.211350 1.539443   1   1  -1 
2455679.879903 0.000000 0.000000 -10481.249420 0.252289 -10476.136284 -3.184528 -10479.292195 -5.141753 0.252289 -1.957225 0.252289 1.539443   1   1  -1 
2455679.885123 0.000000 0.000000 -10482.070814 0.256851 -10476.136284 -3.185010 -10479.295692 -5.960133 0.256851 -2.775122 0.256851 1.539443   1   1  -1 
2455712.893679 0.000000 0.000000 -10477.596372 0.280177 -10476.136284 -2.056886 -10475.951622 -3.701636 0.280177 -1.644750 0.280177 1.539443   1   1  -1 
2455715.864679 0.000000 0.000000 -10473.715742 0.681733 -10476.136284 -1.599195 -10474.765807 -0.549129 0.681733 1.050065 0.681733 1.539443   1   1  -1 
2455715.867376 0.000000 0.000000 -10473.898980 0.709421 -10476.136284 -1.598856 -10474.765745 -0.732091 0.709421 0.866765 0.709421 1.539443   1   1  -1 
2455715.869992 0.000000 0.000000 -10473.445162 0.718389 -10476.136284 -1.598529 -10474.765687 -0.278004 0.718389 1.320525 0.718389 1.539443   1   1  -1 
2455715.872747 0.000000 0.000000 -10473.903696 0.742414 -10476.136284 -1.598185 -10474.765627 -0.736254 0.742414 0.861931 0.742414 1.539443   1   1  -1 
2455727.859452 0.000000 0.000000 -10475.357665 0.528199 -10476.136284 -0.813239 -10475.978862 -0.192042 0.528199 0.621197 0.528199 1.539443   1   1  -1 
2455727.863145 0.000000 0.000000 -10476.960737 0.516663 -10476.136284 -0.812677 -10475.978438 -1.794976 0.516663 -0.982299 0.516663 1.539443   1   1  -1 
2455727.866953 0.000000 0.000000 -10477.060026 0.559742 -10476.136284 -0.812101 -10475.978010 -1.894117 0.559742 -1.082016 0.559742 1.539443   1   1  -1 
2455735.809170 0.000000 0.000000 -10480.718295 0.263016 -10476.136284 -1.279195 -10480.747331 -1.250159 0.263016 0.029036 0.263016 1.539443   1   1  -1 
2455754.777241 0.000000 0.000000 -10475.455016 0.545675 -10476.136284 -1.473062 -10476.447650 -0.480429 0.545675 0.992634 0.545675 1.539443   1   1  -1 
2455755.755721 0.000000 0.000000 -10477.021535 0.384396 -10476.136284 -1.275470 -10475.287311 -3.009694 0.384396 -1.734224 0.384396 1.539443   1   1  -1 
2455769.736300 0.000000 0.000000 -10478.718338 0.338766 -10476.136284 -1.830184 -10480.015375 -0.533147 0.338766 1.297037 0.338766 1.539443   1   1  -1 
2455769.742075 0.000000 0.000000 -10479.209949 0.385157 -10476.136284 -1.830866 -10480.008315 -1.032500 0.385157 0.798366 0.385157 1.539443   1   1  -1 
2455776.628483 0.000000 0.000000 -10477.854877 0.356174 -10476.136284 -1.547594 -10476.712527 -2.689944 0.356174 -1.142350 0.356174 1.539443   1   1  -1 
2455782.624998 0.000000 0.000000 -10477.234320 0.380536 -10476.136284 -1.105458 -10477.058006 -1.281773 0.380536 -0.176314 0.380536 1.539443   1   1  -1 
2455784.737667 0.000000 0.000000 -10473.119634 0.272683 -10476.136284 -1.831367 -10475.239276 0.288275 0.272683 2.119642 0.272683 1.539443   1   1  -1 
2455801.526698 0.000000 0.000000 -10477.714254 0.636570 -10476.136284 -0.226745 -10477.897576 -0.043424 0.636570 0.183322 0.636570 1.539443   1   1  -1 
2455801.531628 0.000000 0.000000 -10478.348482 0.588581 -10476.136284 -0.226957 -10477.898863 -0.676576 0.588581 -0.449619 0.588581 1.539443   1   1  -1 
2455804.632333 0.000000 0.000000 -10479.889141 0.560283 -10476.136284 -1.143644 -10478.759354 -2.273431 0.560283 -1.129787 0.560283 1.539443   1   1  -1 
2455804.637669 0.000000 0.000000 -10479.356651 0.516075 -10476.136284 -1.144985 -10478.759776 -1.741859 0.516075 -0.596875 0.516075 1.539443   1   1  -1 
2455807.626267 0.000000 0.000000 -10477.952953 0.482855 -10476.136284 -1.654128 -10479.080919 -0.526163 0.482855 1.127966 0.482855 1.539443   1   1  -1 
2455807.631162 0.000000 0.000000 -10477.762393 0.443292 -10476.136284 -1.654735 -10479.082191 -0.334937 0.443292 1.319798 0.443292 1.539443   1   1  -1 
2455810.581550 0.000000 0.000000 -10481.002505 0.377097 -10476.136284 -1.496630 -10479.058692 -3.440444 0.377097 -1.943813 0.377097 1.539443   1   1  -1 
2455810.586723 0.000000 0.000000 -10480.282556 0.398696 -10476.136284 -1.495791 -10479.053026 -2.725321 0.398696 -1.229530 0.398696 1.539443   1   1  -1 
2455816.587002 0.000000 0.000000 -10476.284284 0.479893 -10476.136284 -3.574993 -10476.864354 -2.994922 0.479893 0.580070 0.479893 1.539443   1   1  -1 
2455816.590578 0.000000 0.000000 -10475.380232 0.444942 -10476.136284 -3.575032 -10476.864936 -2.090328 0.444942 1.484704 0.444942 1.539443   1   1  -1 
2455816.594154 0.000000 0.000000 -10476.257023 0.438232 -10476.136284 -3.575066 -10476.865513 -2.966576 0.438232 0.608490 0.438232 1.539443   1   1  -1 
2455834.622073 0.000000 0.000000 -10480.909706 0.288686 -10476.136284 -2.350336 -10481.262711 -1.997331 0.288686 0.353005 0.288686 1.539443   1   1  -1 
2455834.627593 0.000000 0.000000 -10481.704100 0.288262 -10476.136284 -2.353455 -10481.269655 -2.787900 0.288262 -0.434445 0.288262 1.539443   1   1  -1 
2455836.585712 0.000000 0.000000 -10482.497452 0.340261 -10476.136284 -3.056242 -10483.044759 -2.508935 0.340261 0.547307 0.340261 1.539443   1   1  -1 
2455836.591440 0.000000 0.000000 -10483.216344 0.339568 -10476.136284 -3.056389 -10483.047195 -3.225538 0.339568 -0.169149 0.339568 1.539443   1   1  -1 
2455839.585007 0.000000 0.000000 -10480.984122 0.455066 -10476.136284 -1.412446 -10480.633275 -1.763293 0.455066 -0.350847 0.455066 1.539443   1   1  -1 
2455839.590794 0.000000 0.000000 -10480.862232 0.459884 -10476.136284 -1.407250 -10480.617623 -1.651859 0.459884 -0.244609 0.459884 1.539443   1   1  -1 
2455842.549547 0.000000 0.000000 -10475.984718 0.533150 -10476.136284 0.207828 -10474.521548 -1.255342 0.533150 -1.463170 0.533150 1.539443   1   1  -1 
2455842.555033 0.000000 0.000000 -10475.769563 0.436601 -10476.136284 0.208126 -10474.517740 -1.043697 0.436601 -1.251823 0.436601 1.539443   1   1  -1 
2455845.575633 0.000000 0.000000 -10472.970844 0.533869 -10476.136284 -0.135785 -10474.101435 0.994805 0.533869 1.130591 0.533869 1.539443   1   1  -1 
2455845.581258 0.000000 0.000000 -10473.156417 0.461200 -10476.136284 -0.137006 -10474.102675 0.809252 0.461200 0.946258 0.461200 1.539443   1   1  -1 
2455870.498785 0.000000 0.000000 -10481.818484 0.365314 -10476.136284 -2.821810 -10480.598126 -4.042168 0.365314 -1.220358 0.365314 1.539443   1   1  -1 
2455870.504422 0.000000 0.000000 -10481.151885 0.359240 -10476.136284 -2.822102 -10480.593791 -3.380196 0.359240 -0.558094 0.359240 1.539443   1   1  -1 
2455874.532217 0.000000 0.000000 -10477.728868 0.513797 -10476.136284 -1.630806 -10477.390881 -1.968793 0.513797 -0.337987 0.513797 1.539443   1   1  -1 
2455874.537437 0.000000 0.000000 -10475.674380 0.695338 -10476.136284 -1.630791 -10477.389516 0.084345 0.695338 1.715136 0.695338 1.539443   1   1  -1 
2455878.549549 0.000000 0.000000 -10474.975638 0.680478 -10476.136284 -1.852628 -10477.651550 0.823284 0.680478 2.675912 0.680478 1.539443   1   1  -1 
2455878.554965 0.000000 0.000000 -10473.200640 0.660711 -10476.136284 -1.851744 -10477.652297 2.599913 0.660711 4.451657 0.660711 1.539443   1   1  -1 
2456020.892743 0.000000 0.000000 -10474.892081 0.400252 -10476.136284 -1.313745 -10475.998080 -0.207746 0.400252 1.105999 0.400252 1.539443   1   1  -1 
2456020.898160 0.000000 0.000000 -10474.995167 0.390725 -10476.136284 -1.314810 -10476.001953 -0.308024 0.390725 1.006786 0.390725 1.539443   1   1  -1 
2456022.889397 0.000000 0.000000 -10478.871489 0.497344 -10476.136284 -1.784863 -10477.756333 -2.900019 0.497344 -1.115156 0.497344 1.539443   1   1  -1 
2456022.894884 0.000000 0.000000 -10479.815426 0.556527 -10476.136284 -1.786083 -10477.761713 -3.839796 0.556527 -2.053713 0.556527 1.539443   1   1  -1 
2456024.891353 0.000000 0.000000 -10480.979281 0.428656 -10476.136284 -2.066213 -10479.041933 -4.003561 0.428656 -1.937348 0.428656 1.539443   1   1  -1 
2456024.897048 0.000000 0.000000 -10480.604419 0.407038 -10476.136284 -2.066613 -10479.040525 -3.630507 0.407038 -1.563894 0.407038 1.539443   1   1  -1 
2456028.922257 0.000000 0.000000 -10477.908590 0.345283 -10476.136284 -1.693992 -10475.936536 -3.666046 0.345283 -1.972054 0.345283 1.539443   1   1  -1 
2456029.892891 0.000000 0.000000 -10478.166891 0.543499 -10476.136284 -1.285621 -10475.840986 -3.611526 0.543499 -2.325905 0.543499 1.539443   1   1  -1 
2456029.898354 0.000000 0.000000 -10478.569496 0.519266 -10476.136284 -1.283404 -10475.841085 -4.011815 0.519266 -2.728411 0.519266 1.539443   1   1  -1 
2456031.852968 0.000000 0.000000 -10477.024746 0.408809 -10476.136284 -0.958361 -10476.635092 -1.348015 0.408809 -0.389654 0.408809 1.539443   1   1  -1 
2456052.857065 0.000000 0.000000 -10480.793021 0.406318 -10476.136284 -1.944042 -10478.648254 -4.088809 0.406318 -2.144767 0.406318 1.539443   1   1  -1 
2456052.862482 0.000000 0.000000 -10480.156970 0.393840 -10476.136284 -1.945441 -10478.651142 -3.451268 0.393840 -1.505828 0.393840 1.539443   1   1  -1 
2456053.851639 0.000000 0.000000 -10480.816786 0.437473 -10476.136284 -2.134021 -10478.529666 -4.421140 0.437473 -2.287120 0.437473 1.539443   1   1  -1 
2456053.857114 0.000000 0.000000 -10476.986852 0.414343 -10476.136284 -2.134562 -10478.524597 -0.596817 0.414343 1.537745 0.414343 1.539443   1   1  -1 
2456054.839916 0.000000 0.000000 -10479.578072 0.266506 -10476.136284 -2.116481 -10477.085170 -4.609383 0.266506 -2.492902 0.266506 1.539443   1   1  -1 
2456055.886865 0.000000 0.000000 -10478.308216 0.254853 -10476.136284 -1.873243 -10475.634735 -4.546724 0.254853 -2.673481 0.254853 1.539443   1   1  -1 
2456056.818146 0.000000 0.000000 -10476.145121 0.446651 -10476.136284 -1.572994 -10474.910176 -2.807939 0.446651 -1.234945 0.446651 1.539443   1   1  -1 
2456056.823714 0.000000 0.000000 -10476.399813 0.406993 -10476.136284 -1.571218 -10474.907193 -3.063838 0.406993 -1.492620 0.406993 1.539443   1   1  -1 
2456078.843392 0.000000 0.000000 -10475.070920 0.323779 -10476.136284 -0.528524 -10476.990296 1.390852 0.323779 1.919376 0.323779 1.539443   1   1  -1 
2456078.849075 0.000000 0.000000 -10475.406297 0.316487 -10476.136284 -0.528056 -10476.991011 1.056658 0.316487 1.584714 0.316487 1.539443   1   1  -1 
2456081.832748 0.000000 0.000000 -10477.091748 0.398009 -10476.136284 -0.754413 -10478.019419 0.173258 0.398009 0.927671 0.398009 1.539443   1   1  -1 
2456081.838651 0.000000 0.000000 -10477.350415 0.323723 -10476.136284 -0.755537 -10478.018708 -0.087244 0.323723 0.668293 0.323723 1.539443   1   1  -1 
2456085.820521 0.000000 0.000000 -10474.269371 0.439249 -10476.136284 -0.484526 -10473.656297 -1.097599 0.439249 -0.613074 0.439249 1.539443   1   1  -1 
2456085.826250 0.000000 0.000000 -10473.694203 0.458936 -10476.136284 -0.481854 -10473.652399 -0.523659 0.458936 -0.041804 0.458936 1.539443   1   1  -1 
2456088.742747 0.000000 0.000000 -10472.336592 0.274700 -10476.136284 0.817237 -10472.574498 1.055143 0.274700 0.237906 0.274700 1.539443   1   1  -1 
2456092.900369 0.000000 0.000000 -10477.981567 0.314413 -10476.136284 0.038840 -10475.318757 -2.623970 0.314413 -2.662810 0.314413 1.539443   1   1  -1 
2456115.815540 0.000000 0.000000 -10474.774807 0.388096 -10476.136284 1.360373 -10472.223070 -1.191364 0.388096 -2.551737 0.388096 1.539443   1   1  -1 
2456118.809984 0.000000 0.000000 -10471.978956 0.256427 -10476.136284 0.768924 -10473.116228 1.906197 0.256427 1.137272 0.256427 1.539443   1   1  -1 
2456121.820367 0.000000 0.000000 -10475.055286 0.705930 -10476.136284 0.197226 -10474.950711 0.092650 0.705930 -0.104575 0.705930 1.539443   1   1  -1 
2456149.686124 0.000000 0.000000 -10478.886301 0.422505 -10476.136284 -1.662357 -10476.849828 -3.698830 0.422505 -2.036473 0.422505 1.539443   1   1  -1 
2456154.723489 0.000000 0.000000 -10473.222066 0.432559 -10476.136284 1.355832 -10473.894035 2.027801 0.432559 0.671969 0.432559 1.539443   1   1  -1 
2456154.728442 0.000000 0.000000 -10472.383548 0.640869 -10476.136284 1.358059 -10473.883812 2.858323 0.640869 1.500264 0.640869 1.539443   1   1  -1 
2456166.527551 0.000000 0.000000 -10482.638275 0.322758 -10476.136284 -0.483727 -10479.014846 -4.107156 0.322758 -3.623429 0.322758 1.539443   1   1  -1 
2456168.609469 0.000000 0.000000 -10483.235121 0.485702 -10476.136284 -1.143253 -10480.241172 -4.137202 0.485702 -2.993949 0.485702 1.539443   1   1  -1 
2456168.615105 0.000000 0.000000 -10482.078140 0.428978 -10476.136284 -1.144299 -10480.236750 -2.985689 0.428978 -1.841390 0.428978 1.539443   1   1  -1 
2456171.510563 0.000000 0.000000 -10477.310953 0.261955 -10476.136284 -0.987457 -10478.569744 0.271335 0.261955 1.258791 0.261955 1.539443   1   1  -1 
2456173.694840 0.000000 0.000000 -10472.314153 0.435027 -10476.136284 -0.060250 -10477.628405 5.254002 0.435027 5.314252 0.435027 1.539443   1   1  -1 
2456181.612869 0.000000 0.000000 -10475.571527 0.304713 -10476.136284 -0.116090 -10477.661321 1.973704 0.304713 2.089794 0.304713 1.539443   1   1  -1 
2456186.623747 0.000000 0.000000 -10470.871523 0.269145 -10476.136284 0.193463 -10472.939470 2.261411 0.269145 2.067947 0.269145 1.539443   1   1  -1 
2456189.666838 0.000000 0.000000 -10471.752751 0.854916 -10476.136284 0.599489 -10473.014921 1.861659 0.854916 1.262170 0.854916 1.539443   1   1  -1 
2456190.592865 0.000000 0.000000 -10474.982002 0.436640 -10476.136284 0.675486 -10473.275698 -1.030817 0.436640 -1.706304 0.436640 1.539443   1   1  -1 
2456190.598548 0.000000 0.000000 -10475.915820 0.410184 -10476.136284 0.675452 -10473.278048 -1.962321 0.410184 -2.637772 0.410184 1.539443   1   1  -1 
2456195.586272 0.000000 0.000000 -10476.324229 0.455921 -10476.136284 1.381418 -10475.920177 0.977366 0.455921 -0.404052 0.455921 1.539443   1   1  -1 
2456195.591793 0.000000 0.000000 -10476.833989 0.456503 -10476.136284 1.384449 -10475.920902 0.471363 0.456503 -0.913087 0.456503 1.539443   1   1  -1 
2456198.564091 0.000000 0.000000 -10469.851121 0.593173 -10476.136284 2.206316 -10473.290621 5.645816 0.593173 3.439500 0.593173 1.539443   1   1  -1 
2456198.569866 0.000000 0.000000 -10469.520142 0.625422 -10476.136284 2.204131 -10473.289062 5.973051 0.625422 3.768920 0.625422 1.539443   1   1  -1 
2456204.547188 0.000000 0.000000 -10474.005151 0.390830 -10476.136284 1.474783 -10476.557670 4.027302 0.390830 2.552519 0.390830 1.539443   1   1  -1 
2456205.523197 0.000000 0.000000 -10476.331744 0.223735 -10476.136284 1.155621 -10477.487749 2.311626 0.223735 1.156005 0.223735 1.539443   1   1  -1 
2456208.615737 0.000000 0.000000 -10479.274458 0.471028 -10476.136284 1.388094 -10478.258253 0.371889 0.471028 -1.016205 0.471028 1.539443   1   1  -1 
2456209.540800 0.000000 0.000000 -10475.726000 0.526879 -10476.136284 2.233385 -10477.536102 4.043486 0.526879 1.810102 0.526879 1.539443   1   1  -1 
2456210.532155 0.000000 0.000000 -10475.727704 0.432092 -10476.136284 2.899781 -10476.629267 3.801344 0.432092 0.901563 0.432092 1.539443   1   1  -1 
2456212.523498 0.000000 0.000000 -10470.032065 0.239792 -10476.136284 2.939639 -10473.202834 6.110409 0.239792 3.170769 0.239792 1.539443   1   1  -1 
2456217.523649 0.000000 0.000000 -10469.768240 0.370476 -10476.136284 3.891582 -10469.874121 3.997463 0.370476 0.105881 0.370476 1.539443   1   1  -1 
2456217.529482 0.000000 0.000000 -10468.041405 0.361734 -10476.136284 3.892763 -10469.873433 5.724792 0.361734 1.832028 0.361734 1.539443   1   1  -1 
2456218.587951 0.000000 0.000000 -10468.491163 0.391645 -10476.136284 3.836236 -10470.079017 5.424090 0.391645 1.587854 0.391645 1.539443   1   1  -1 
2456219.500319 0.000000 0.000000 -10469.245686 0.247828 -10476.136284 3.304391 -10470.831136 4.889841 0.247828 1.585450 0.247828 1.539443   1   1  -1 
2456220.491327 0.000000 0.000000 -10472.137625 0.391613 -10476.136284 2.403311 -10472.070412 2.336098 0.391613 -0.067213 0.391613 1.539443   1   1  -1 
2456220.514069 0.000000 0.000000 -10472.572915 0.320320 -10476.136284 2.382057 -10472.100710 1.909852 0.320320 -0.472205 0.320320 1.539443   1   1  -1 
2456409.867093 0.000000 0.000000 -10475.673600 0.617333 -10476.136284 4.031961 -10476.733877 5.092238 0.617333 1.060277 0.617333 1.539443   1   1  -1 
2456409.872719 0.000000 0.000000 -10476.137178 0.595203 -10476.136284 4.026845 -10476.739918 4.629585 0.595203 0.602740 0.595203 1.539443   1   1  -1 
2456416.824768 0.000000 0.000000 -10472.302186 0.550392 -10476.136284 1.958708 -10472.268252 1.924774 0.550392 -0.033934 0.550392 1.539443   1   1  -1 
2456416.828565 0.000000 0.000000 -10470.986675 0.545862 -10476.136284 1.957932 -10472.268577 3.239834 0.545862 1.281902 0.545862 1.539443   1   1  -1 
2456416.832443 0.000000 0.000000 -10471.882453 0.566830 -10476.136284 1.957139 -10472.268912 2.343598 0.566830 0.386459 0.566830 1.539443   1   1  -1 
2456432.884915 0.000000 0.000000 -10474.962361 0.393986 -10476.136284 0.333930 -10474.393220 -0.235211 0.393986 -0.569141 0.393986 1.539443   1   1  -1 
2456432.890124 0.000000 0.000000 -10475.372110 0.450803 -10476.136284 0.334044 -10474.396156 -0.641910 0.450803 -0.975954 0.450803 1.539443   1   1  -1 
2456433.905268 0.000000 0.000000 -10472.852948 0.738644 -10476.136284 0.651861 -10474.731391 2.530304 0.738644 1.878443 0.738644 1.539443   1   1  -1 
2456433.910395 0.000000 0.000000 -10474.512391 0.801539 -10476.136284 0.654456 -10474.732399 0.874464 0.801539 0.220008 0.801539 1.539443   1   1  -1 
2456434.892458 0.000000 0.000000 -10475.434897 0.484791 -10476.136284 1.138830 -10474.999242 0.703175 0.484791 -0.435655 0.484791 1.539443   1   1  -1 
2456434.898129 0.000000 0.000000 -10474.106533 0.468854 -10476.136284 1.141073 -10475.001705 2.036246 0.468854 0.895172 0.468854 1.539443   1   1  -1 
2456437.889188 0.000000 0.000000 -10477.501611 0.400790 -10476.136284 1.042122 -10478.215627 1.756138 0.400790 0.714016 0.400790 1.539443   1   1  -1 
2456437.894720 0.000000 0.000000 -10477.202903 0.367888 -10476.136284 1.041745 -10478.222559 2.061401 0.367888 1.019656 0.367888 1.539443   1   1  -1 
2456438.860772 0.000000 0.000000 -10477.416873 0.320407 -10476.136284 1.118432 -10479.161401 2.862960 0.320407 1.744528 0.320407 1.539443   1   1  -1 
2456441.860316 0.000000 0.000000 -10477.889690 0.423142 -10476.136284 2.287516 -10475.976102 0.373928 0.423142 -1.913588 0.423142 1.539443   1   1  -1 
2456454.832361 0.000000 0.000000 -10475.281861 0.354619 -10476.136284 0.909641 -10474.658744 0.286524 0.354619 -0.623117 0.354619 1.539443   1   1  -1 
2456454.837894 0.000000 0.000000 -10474.118452 0.355826 -10476.136284 0.912830 -10474.646069 1.440447 0.355826 0.527617 0.355826 1.539443   1   1  -1 
2456467.823190 0.000000 0.000000 -10478.702475 0.627828 -10476.136284 0.889554 -10477.296989 -0.515932 0.627828 -1.405486 0.627828 1.539443   1   1  -1 
2456467.826929 0.000000 0.000000 -10477.017285 0.556688 -10476.136284 0.890709 -10477.296635 1.170059 0.556688 0.279350 0.556688 1.539443   1   1  -1 
2456467.830702 0.000000 0.000000 -10477.517838 0.592918 -10476.136284 0.891878 -10477.296255 0.670295 0.592918 -0.221583 0.592918 1.539443   1   1  -1 
2456473.860840 0.000000 0.000000 -10476.447652 0.525661 -10476.136284 0.404218 -10476.973488 0.930054 0.525661 0.525836 0.525661 1.539443   1   1  -1 
2456473.864821 0.000000 0.000000 -10476.577531 0.508451 -10476.136284 0.407036 -10476.972872 0.802376 0.508451 0.395341 0.508451 1.539443   1   1  -1 
2456473.868595 0.000000 0.000000 -10477.152422 0.549460 -10476.136284 0.409712 -10476.972281 0.229571 0.549460 -0.180141 0.549460 1.539443   1   1  -1 
2456480.776552 0.000000 0.000000 -10477.791088 0.498216 -10476.136284 1.359327 -10477.215033 0.783273 0.498216 -0.576055 0.498216 1.539443   1   1  -1 
2456480.782281 0.000000 0.000000 -10479.026503 0.462663 -10476.136284 1.361757 -10477.213506 -0.451240 0.462663 -1.812997 0.462663 1.539443   1   1  -1 
2456481.631506 0.000000 0.000000 -10479.243238 0.620379 -10476.136284 1.732584 -10476.909031 -0.601623 0.620379 -2.334207 0.620379 1.539443   1   1  -1 
2456481.637189 0.000000 0.000000 -10479.719427 0.629706 -10476.136284 1.734993 -10476.906100 -1.078334 0.629706 -2.813327 0.629706 1.539443   1   1  -1 
2456501.599929 0.000000 0.000000 -10471.824389 0.315832 -10476.136284 1.292369 -10473.285111 2.753091 0.315832 1.460722 0.315832 1.539443   1   1  -1 
2456523.744316 0.000000 0.000000 -10476.503679 0.283739 -10476.136284 0.338216 -10475.933100 -0.232363 0.283739 -0.570579 0.283739 1.539443   1   1  -1 
2456524.691276 0.000000 0.000000 -10475.914483 0.351566 -10476.136284 0.418734 -10476.303092 0.807343 0.351566 0.388609 0.351566 1.539443   1   1  -1 
2456524.696693 0.000000 0.000000 -10476.491657 0.358347 -10476.136284 0.419697 -10476.303237 0.231277 0.358347 -0.188420 0.358347 1.539443   1   1  -1 
2456525.743740 0.000000 0.000000 -10476.578898 0.318867 -10476.136284 0.703782 -10475.531471 -0.343645 0.318867 -1.047427 0.318867 1.539443   1   1  -1 
2456569.534062 0.000000 0.000000 -10476.206904 0.538465 -10476.136284 1.235460 -10475.316583 0.345139 0.538465 -0.890321 0.538465 1.539443   1   1  -1 
2456585.564665 0.000000 0.000000 -10473.765867 0.427831 -10476.136284 -0.219642 -10474.415986 0.430476 0.427831 0.650119 0.427831 1.539443   1   1  -1 
2456585.568473 0.000000 0.000000 -10475.180778 0.414412 -10476.136284 -0.218856 -10474.412696 -0.986938 0.414412 -0.768082 0.414412 1.539443   1   1  -1 
2456585.572350 0.000000 0.000000 -10474.743998 0.423051 -10476.136284 -0.218055 -10474.409354 -0.552699 0.423051 -0.334644 0.423051 1.539443   1   1  -1 
2456586.547688 0.000000 0.000000 -10474.360620 0.464286 -10476.136284 -0.046490 -10473.791776 -0.615334 0.464286 -0.568844 0.464286 1.539443   1   1  -1 
2456586.551530 0.000000 0.000000 -10474.580572 0.496503 -10476.136284 -0.046013 -10473.790164 -0.836421 0.496503 -0.790408 0.496503 1.539443   1   1  -1 
2456586.555442 0.000000 0.000000 -10475.256026 0.515154 -10476.136284 -0.045530 -10473.788530 -1.513026 0.515154 -1.467496 0.515154 1.539443   1   1  -1 
2456590.510961 0.000000 0.000000 -10473.364197 0.683759 -10476.136284 0.308889 -10473.555525 0.500216 0.683759 0.191328 0.683759 1.539443   1   1  -1 
2456590.514943 0.000000 0.000000 -10471.788641 0.761395 -10476.136284 0.310378 -10473.555061 2.076798 0.761395 1.766420 0.761395 1.539443   1   1  -1 
2456590.518611 0.000000 0.000000 -10472.177822 0.643858 -10476.136284 0.311752 -10473.554633 1.688563 0.643858 1.376811 0.643858 1.539443   1   1  -1 
2456765.917789 0.000000 0.000000 -10478.736988 0.356105 -10476.136284 -0.124513 -10476.065808 -2.795692 0.356105 -2.671180 0.356105 1.539443   1   1  -1 
2456765.923021 0.000000 0.000000 -10479.356033 0.359343 -10476.136284 -0.122607 -10476.068067 -3.410573 0.359343 -3.287966 0.359343 1.539443   1   1  -1 
2456789.854143 0.000000 0.000000 -10471.510093 0.391560 -10476.136284 1.585274 -10472.376717 2.451899 0.391560 0.866624 0.391560 1.539443   1   1  -1 
2456789.859722 0.000000 0.000000 -10471.639643 0.405092 -10476.136284 1.589572 -10472.372995 2.322924 0.405092 0.733352 0.405092 1.539443   1   1  -1 
2456806.890179 0.000000 0.000000 -10477.728101 0.424327 -10476.136284 -0.123230 -10477.005711 -0.845620 0.424327 -0.722390 0.424327 1.539443   1   1  -1 
2456829.893363 0.000000 0.000000 -10474.769093 0.272363 -10476.136284 0.287429 -10472.802936 -1.678728 0.272363 -1.966157 0.272363 1.539443   1   1  -1 
2456857.748704 0.000000 0.000000 -10473.725387 0.458440 -10476.136284 0.266178 -10473.202142 -0.257067 0.458440 -0.523245 0.458440 1.539443   1   1  -1 
2456857.754433 0.000000 0.000000 -10473.163228 0.448012 -10476.136284 0.267268 -10473.199203 0.303243 0.448012 0.035975 0.448012 1.539443   1   1  -1 
2456866.784629 0.000000 0.000000 -10479.134302 0.372433 -10476.136284 -1.198184 -10477.657016 -2.675470 0.372433 -1.477286 0.372433 1.539443   1   1  -1 
2456896.727940 0.000000 0.000000 -10476.588857 0.526898 -10476.136284 1.634222 -10475.095651 0.141017 0.526898 -1.493206 0.526898 1.539443   1   1  -1 
2456896.733287 0.000000 0.000000 -10476.057196 0.651138 -10476.136284 1.635320 -10475.093653 0.671777 0.651138 -0.963543 0.651138 1.539443   1   1  -1 
2457146.919889 0.000000 0.000000 -10475.918297 0.272209 -10476.136284 1.994758 -10475.335789 1.412250 0.272209 -0.582508 0.272209 1.539443   1   1  -1 
2457176.844500 0.000000 0.000000 -10464.313000 0.241278 -10463.060899 -1.024205 -10463.858464 -1.478741 0.241278 -0.454536 0.241278 1.539443   1   2  -1 
2457180.950532 0.000000 0.000000 -10468.297390 0.305748 -10463.060899 -0.801943 -10467.722030 -1.377303 0.305748 -0.575360 0.305748 1.539443   1   2  -1 
2457180.956053 0.000000 0.000000 -10469.641714 0.321155 -10463.060899 -0.801380 -10467.727628 -2.715466 0.321155 -1.914086 0.321155 1.539443   1   2  -1 
2457307.523708 0.000000 0.000000 -10460.965808 0.284606 -10463.060899 0.569547 -10461.807951 1.411690 0.284606 0.842143 0.284606 1.539443   1   2  -1 
2457307.529113 0.000000 0.000000 -10461.174528 0.295801 -10463.060899 0.571308 -10461.810132 1.206912 0.295801 0.635604 0.295801 1.539443   1   2  -1 
2457879.840329 0.000000 0.000000 -10463.101417 0.420408 -10463.060899 -0.134292 -10462.693014 -0.542695 0.420408 -0.408403 0.420408 1.539443   1   2  -1 
2457968.637355 0.000000 0.000000 -10461.424457 0.383012 -10463.060899 1.192295 -10462.942038 2.709876 0.383012 1.517581 0.383012 1.539443   1   2  -1 
2460042.883932 0.000000 0.000000 -10467.619651 0.097183 -10467.604541 2.554081 -10467.748511 2.682942 0.097183 0.128860 0.097183 0.895337   0   0  -1 
2460042.889532 0.000000 0.000000 -10467.826807 0.098837 -10467.604541 2.555948 -10467.740573 2.469714 0.098837 -0.086234 0.098837 0.895337   0   0  -1 
2460043.870973 0.000000 0.000000 -10467.810891 0.115769 -10467.604541 2.800031 -10466.566317 1.555458 0.115769 -1.244574 0.115769 0.895337   0   0  -1 
2460043.876677 0.000000 0.000000 -10467.827764 0.107743 -10467.604541 2.800740 -10466.561916 1.534892 0.107743 -1.265848 0.107743 0.895337   0   0  -1 
2460044.793251 0.000000 0.000000 -10466.216747 0.119007 -10467.604541 2.753953 -10466.286213 2.823420 0.119007 0.069466 0.119007 0.895337   0   0  -1 
2460044.798982 0.000000 0.000000 -10466.355629 0.118254 -10467.604541 2.752567 -10466.286945 2.683883 0.118254 -0.068684 0.118254 0.895337   0   0  -1 
2460045.773704 0.000000 0.000000 -10468.947680 0.263543 -10467.604541 2.327516 -10466.719478 0.099314 0.263543 -2.228202 0.263543 0.895337   0   0  -1 
2460045.779649 0.000000 0.000000 -10468.728031 0.178179 -10467.604541 2.323925 -10466.723505 0.319399 0.178179 -2.004526 0.178179 0.895337   0   0  -1 
2460046.786658 0.000000 0.000000 -10466.718679 0.108298 -10467.604541 1.628309 -10467.477211 2.386840 0.108298 0.758532 0.108298 0.895337   0   0  -1 
2460046.792204 0.000000 0.000000 -10467.571100 0.100449 -10467.604541 1.624281 -10467.481323 1.534504 0.100449 -0.089777 0.100449 0.895337   0   0  -1 
2460047.789500 0.000000 0.000000 -10468.079684 0.107918 -10467.604541 0.949163 -10468.104380 0.973859 0.107918 0.024696 0.107918 0.895337   0   0  -1 
2460047.795047 0.000000 0.000000 -10468.412170 0.104000 -10467.604541 0.945827 -10468.107044 0.640701 0.104000 -0.305126 0.104000 0.895337   0   0  -1 
2460048.783364 0.000000 0.000000 -10468.577566 0.129590 -10467.604541 0.437132 -10468.441247 0.300813 0.129590 -0.136319 0.129590 0.895337   0   0  -1 
2460048.789012 0.000000 0.000000 -10468.027070 0.120793 -10467.604541 0.434649 -10468.442487 0.850066 0.120793 0.415417 0.120793 0.895337   0   0  -1 
2460049.801102 0.000000 0.000000 -10468.921797 0.111941 -10467.604541 0.025841 -10468.613055 -0.282900 0.111941 -0.308742 0.111941 0.895337   0   0  -1 
2460049.806533 0.000000 0.000000 -10469.044553 0.118675 -10467.604541 0.023723 -10468.613894 -0.406936 0.118675 -0.430659 0.118675 0.895337   0   0  -1 
2460050.776767 0.000000 0.000000 -10470.880979 0.110463 -10467.604541 -0.364257 -10468.798127 -2.447109 0.110463 -2.082852 0.110463 0.895337   0   0  -1 
2460050.782471 0.000000 0.000000 -10470.587932 0.106168 -10467.604541 -0.366595 -10468.799476 -2.155051 0.106168 -1.788456 0.106168 0.895337   0   0  -1 
2460068.823617 0.000000 0.000000 -10467.442048 0.125458 -10467.604541 0.908614 -10467.184548 0.651114 0.125458 -0.257500 0.125458 0.895337   0   0  -1 
2460068.829253 0.000000 0.000000 -10468.177705 0.157911 -10467.604541 0.904786 -10467.193248 -0.079671 0.157911 -0.984457 0.157911 0.895337   0   0  -1 
2460073.775251 0.000000 0.000000 -10468.691416 0.136518 -10467.604541 -1.042128 -10467.700212 -2.033333 0.136518 -0.991204 0.136518 0.895337   0   0  -1 
2460073.780774 0.000000 0.000000 -10468.532442 0.124641 -10467.604541 -1.043278 -10467.701869 -1.873851 0.124641 -0.830573 0.124641 0.895337   0   0  -1 
2460076.728213 0.000000 0.000000 -10468.677012 0.126723 -10467.604541 -1.363601 -10469.468119 -0.572493 0.126723 0.791107 0.126723 0.895337   0   0  -1 
2460076.733797 0.000000 0.000000 -10468.420636 0.121235 -10467.604541 -1.362899 -10469.471408 -0.312126 0.121235 1.050772 0.121235 0.895337   0   0  -1 
2460077.755001 0.000000 0.000000 -10469.796842 0.156253 -10467.604541 -1.069568 -10469.929078 -0.937333 0.156253 0.132236 0.156253 0.895337   0   0  -1 
2460077.760768 0.000000 0.000000 -10469.832216 0.150546 -10467.604541 -1.066939 -10469.930727 -0.968429 0.150546 0.098511 0.150546 0.895337   0   0  -1 
2460078.818364 0.000000 0.000000 -10470.121344 0.118065 -10467.604541 -0.425081 -10470.047103 -0.499321 0.118065 -0.074241 0.118065 0.895337   0   0  -1 
2460078.823976 0.000000 0.000000 -10470.631326 0.115757 -10467.604541 -0.421006 -10470.046820 -1.005513 0.115757 -0.584506 0.115757 0.895337   0   0  -1 
2460079.846559 0.000000 0.000000 -10469.784428 0.112864 -10467.604541 0.351665 -10469.895091 0.462328 0.112864 0.110663 0.112864 0.895337   0   0  -1 
2460079.852048 0.000000 0.000000 -10469.613740 0.114319 -10467.604541 0.355716 -10469.893941 0.635916 0.114319 0.280201 0.114319 0.895337   0   0  -1 
2460080.730235 0.000000 0.000000 -10469.772583 0.121764 -10467.604541 0.934323 -10469.712424 0.874164 0.121764 -0.060159 0.121764 0.895337   0   0  -1 
2460080.735864 0.000000 0.000000 -10469.610615 0.112383 -10467.604541 0.937475 -10469.711393 1.038254 0.112383 0.100778 0.112383 0.895337   0   0  -1 
2460082.755256 0.000000 0.000000 -10469.121371 0.143393 -10467.604541 1.633350 -10469.532944 2.044923 0.143393 0.411573 0.143393 0.895337   0   0  -1 
2460082.760842 0.000000 0.000000 -10468.518798 0.129661 -10467.604541 1.634608 -10469.532685 2.648495 0.129661 1.013887 0.129661 0.895337   0   0  -1 
2460086.748603 0.000000 0.000000 -10463.771857 0.096592 -10467.604541 2.472435 -10464.892873 3.593451 0.096592 1.121016 0.096592 0.895337   0   0  -1 
2460086.754324 0.000000 0.000000 -10464.310069 0.104158 -10467.604541 2.471455 -10464.884884 3.046270 0.104158 0.574815 0.104158 0.895337   0   0  -1 
2460199.601214 0.000000 0.000000 -10467.857782 0.194625 -10467.604541 -1.452687 -10469.288307 -0.022162 0.194625 1.430525 0.194625 0.895337   0   0  -1 
2460199.607025 0.000000 0.000000 -10469.302924 0.190719 -10467.604541 -1.453522 -10469.282865 -1.473581 0.190719 -0.020059 0.190719 0.895337   0   0  -1 
2460201.515076 0.000000 0.000000 -10466.554990 0.136306 -10467.604541 -1.574882 -10467.004900 -1.124972 0.136306 0.449910 0.136306 0.895337   0   0  -1 
2460201.520627 0.000000 0.000000 -10466.389365 0.147106 -10467.604541 -1.574853 -10467.000921 -0.963297 0.147106 0.611556 0.147106 0.895337   0   0  -1 
2460202.533617 0.000000 0.000000 -10465.659465 0.116368 -10467.604541 -1.565000 -10466.592403 -0.632061 0.116368 0.932938 0.116368 0.895337   0   0  -1 
2460202.539273 0.000000 0.000000 -10465.508485 0.110234 -10467.604541 -1.564959 -10466.591600 -0.481844 0.110234 1.083115 0.110234 0.895337   0   0  -1 
2460203.571018 0.000000 0.000000 -10465.844882 0.168626 -10467.604541 -1.550178 -10466.613787 -0.781273 0.168626 0.768905 0.168626 0.895337   0   0  -1 
2460203.577196 0.000000 0.000000 -10465.648256 0.180164 -10467.604541 -1.549941 -10466.614630 -0.583567 0.180164 0.966374 0.180164 0.895337   0   0  -1 
2460204.530857 0.000000 0.000000 -10467.427115 0.098515 -10467.604541 -1.456074 -10466.774308 -2.108881 0.098515 -0.652807 0.098515 0.895337   0   0  -1 
2460204.536387 0.000000 0.000000 -10466.800940 0.104273 -10467.604541 -1.455106 -10466.775251 -1.480795 0.104273 -0.025689 0.104273 0.895337   0   0  -1 
2460205.516019 0.000000 0.000000 -10468.149301 0.122140 -10467.604541 -1.194070 -10466.918168 -2.425203 0.122140 -1.231133 0.122140 0.895337   0   0  -1 
2460205.521490 0.000000 0.000000 -10467.759986 0.108265 -10467.604541 -1.192153 -10466.918847 -2.033292 0.108265 -0.841139 0.108265 0.895337   0   0  -1 
2460206.534104 0.000000 0.000000 -10467.984215 0.123507 -10467.604541 -0.793133 -10467.060144 -1.717204 0.123507 -0.924071 0.123507 0.895337   0   0  -1 
2460206.539634 0.000000 0.000000 -10467.395836 0.112931 -10467.604541 -0.790883 -10467.061166 -1.125554 0.112931 -0.334670 0.112931 0.895337   0   0  -1 
2460208.612713 0.000000 0.000000 -10467.863703 0.119086 -10467.604541 -0.161383 -10467.911251 -0.113836 0.119086 0.047548 0.119086 0.895337   0   0  -1 
2460208.618030 0.000000 0.000000 -10468.124237 0.122661 -10467.604541 -0.160304 -10467.914652 -0.369889 0.122661 -0.209585 0.122661 0.895337   0   0  -1 
2460209.504007 0.000000 0.000000 -10468.350357 0.247406 -10467.604541 0.021702 -10468.533118 0.204463 0.247406 0.182761 0.247406 0.895337   0   0  -1 
2460209.509978 0.000000 0.000000 -10468.742438 0.220522 -10467.604541 0.023035 -10468.537551 -0.181852 0.220522 -0.204887 0.220522 0.895337   0   0  -1 
2460210.587394 0.000000 0.000000 -10468.232795 0.137683 -10467.604541 0.298070 -10469.385995 1.451270 0.137683 1.153200 0.137683 0.895337   0   0  -1 
2460210.593026 0.000000 0.000000 -10467.916827 0.147704 -10467.604541 0.299591 -10469.390767 1.773531 0.147704 1.473940 0.147704 0.895337   0   0  -1 
2460211.516295 0.000000 0.000000 -10469.090653 0.190231 -10467.604541 0.505019 -10470.261284 1.675650 0.190231 1.170631 0.190231 0.895337   0   0  -1 
2460211.522268 0.000000 0.000000 -10468.782398 0.153085 -10467.604541 0.505838 -10470.267604 1.991044 0.153085 1.485206 0.153085 0.895337   0   0  -1 
