# Tref_folded model 
-1.500000 0.158120 
-1.499000 0.160597 
-1.498000 0.163060 
-1.497000 0.165509 
-1.496000 0.167943 
-1.495000 0.170364 
-1.494000 0.172770 
-1.493000 0.175163 
-1.492000 0.177541 
-1.491000 0.179906 
-1.490000 0.182258 
-1.489000 0.184596 
-1.488000 0.186920 
-1.487000 0.189231 
-1.486000 0.191529 
-1.485000 0.193813 
-1.484000 0.196084 
-1.483000 0.198342 
-1.482000 0.200588 
-1.481000 0.202820 
-1.480000 0.205040 
-1.479000 0.207246 
-1.478000 0.209440 
-1.477000 0.211622 
-1.476000 0.213791 
-1.475000 0.215948 
-1.474000 0.218092 
-1.473000 0.220224 
-1.472000 0.222343 
-1.471000 0.224451 
-1.470000 0.226546 
-1.469000 0.228630 
-1.468000 0.230701 
-1.467000 0.232761 
-1.466000 0.234809 
-1.465000 0.236845 
-1.464000 0.238870 
-1.463000 0.240883 
-1.462000 0.242884 
-1.461000 0.244874 
-1.460000 0.246852 
-1.459000 0.248820 
-1.458000 0.250776 
-1.457000 0.252720 
-1.456000 0.254654 
-1.455000 0.256576 
-1.454000 0.258488 
-1.453000 0.260389 
-1.452000 0.262278 
-1.451000 0.264157 
-1.450000 0.266025 
-1.449000 0.267882 
-1.448000 0.269729 
-1.447000 0.271565 
-1.446000 0.273391 
-1.445000 0.275206 
-1.444000 0.277010 
-1.443000 0.278805 
-1.442000 0.280589 
-1.441000 0.282362 
-1.440000 0.284126 
-1.439000 0.285879 
-1.438000 0.287622 
-1.437000 0.289355 
-1.436000 0.291079 
-1.435000 0.292792 
-1.434000 0.294495 
-1.433000 0.296188 
-1.432000 0.297872 
-1.431000 0.299546 
-1.430000 0.301210 
-1.429000 0.302865 
-1.428000 0.304510 
-1.427000 0.306145 
-1.426000 0.307771 
-1.425000 0.309387 
-1.424000 0.310994 
-1.423000 0.312592 
-1.422000 0.314180 
-1.421000 0.315759 
-1.420000 0.317329 
-1.419000 0.318889 
-1.418000 0.320441 
-1.417000 0.321983 
-1.416000 0.323516 
-1.415000 0.325040 
-1.414000 0.326555 
-1.413000 0.328061 
-1.412000 0.329559 
-1.411000 0.331047 
-1.410000 0.332527 
-1.409000 0.333998 
-1.408000 0.335460 
-1.407000 0.336913 
-1.406000 0.338358 
-1.405000 0.339794 
-1.404000 0.341221 
-1.403000 0.342640 
-1.402000 0.344051 
-1.401000 0.345453 
-1.400000 0.346846 
-1.399000 0.348231 
-1.398000 0.349608 
-1.397000 0.350976 
-1.396000 0.352336 
-1.395000 0.353688 
-1.394000 0.355031 
-1.393000 0.356367 
-1.392000 0.357694 
-1.391000 0.359013 
-1.390000 0.360323 
-1.389000 0.361626 
-1.388000 0.362921 
-1.387000 0.364207 
-1.386000 0.365486 
-1.385000 0.366757 
-1.384000 0.368020 
-1.383000 0.369274 
-1.382000 0.370521 
-1.381000 0.371761 
-1.380000 0.372992 
-1.379000 0.374215 
-1.378000 0.375431 
-1.377000 0.376639 
-1.376000 0.377840 
-1.375000 0.379032 
-1.374000 0.380217 
-1.373000 0.381395 
-1.372000 0.382565 
-1.371000 0.383727 
-1.370000 0.384882 
-1.369000 0.386029 
-1.368000 0.387168 
-1.367000 0.388300 
-1.366000 0.389425 
-1.365000 0.390543 
-1.364000 0.391652 
-1.363000 0.392755 
-1.362000 0.393850 
-1.361000 0.394938 
-1.360000 0.396018 
-1.359000 0.397092 
-1.358000 0.398158 
-1.357000 0.399216 
-1.356000 0.400268 
-1.355000 0.401312 
-1.354000 0.402349 
-1.353000 0.403379 
-1.352000 0.404402 
-1.351000 0.405417 
-1.350000 0.406426 
-1.349000 0.407427 
-1.348000 0.408422 
-1.347000 0.409409 
-1.346000 0.410389 
-1.345000 0.411362 
-1.344000 0.412329 
-1.343000 0.413288 
-1.342000 0.414240 
-1.341000 0.415186 
-1.340000 0.416124 
-1.339000 0.417056 
-1.338000 0.417980 
-1.337000 0.418898 
-1.336000 0.419809 
-1.335000 0.420713 
-1.334000 0.421610 
-1.333000 0.422500 
-1.332000 0.423384 
-1.331000 0.424261 
-1.330000 0.425131 
-1.329000 0.425994 
-1.328000 0.426850 
-1.327000 0.427700 
-1.326000 0.428543 
-1.325000 0.429379 
-1.324000 0.430209 
-1.323000 0.431031 
-1.322000 0.431848 
-1.321000 0.432657 
-1.320000 0.433460 
-1.319000 0.434256 
-1.318000 0.435046 
-1.317000 0.435829 
-1.316000 0.436605 
-1.315000 0.437375 
-1.314000 0.438138 
-1.313000 0.438894 
-1.312000 0.439644 
-1.311000 0.440388 
-1.310000 0.441124 
-1.309000 0.441855 
-1.308000 0.442578 
-1.307000 0.443296 
-1.306000 0.444006 
-1.305000 0.444710 
-1.304000 0.445408 
-1.303000 0.446099 
-1.302000 0.446784 
-1.301000 0.447462 
-1.300000 0.448134 
-1.299000 0.448799 
-1.298000 0.449457 
-1.297000 0.450110 
-1.296000 0.450755 
-1.295000 0.451395 
-1.294000 0.452027 
-1.293000 0.452654 
-1.292000 0.453274 
-1.291000 0.453887 
-1.290000 0.454494 
-1.289000 0.455095 
-1.288000 0.455689 
-1.287000 0.456277 
-1.286000 0.456858 
-1.285000 0.457433 
-1.284000 0.458002 
-1.283000 0.458567 
-1.282000 0.459123 
-1.281000 0.459672 
-1.280000 0.460215 
-1.279000 0.460751 
-1.278000 0.461281 
-1.277000 0.461805 
-1.276000 0.462322 
-1.275000 0.462833 
-1.274000 0.463337 
-1.273000 0.463835 
-1.272000 0.464326 
-1.271000 0.464812 
-1.270000 0.465290 
-1.269000 0.465763 
-1.268000 0.466229 
-1.267000 0.466688 
-1.266000 0.467141 
-1.265000 0.467588 
-1.264000 0.468028 
-1.263000 0.468462 
-1.262000 0.468889 
-1.261000 0.469310 
-1.260000 0.469724 
-1.259000 0.470132 
-1.258000 0.470534 
-1.257000 0.470929 
-1.256000 0.471318 
-1.255000 0.471700 
-1.254000 0.472076 
-1.253000 0.472445 
-1.252000 0.472808 
-1.251000 0.473164 
-1.250000 0.473514 
-1.249000 0.473858 
-1.248000 0.474195 
-1.247000 0.474525 
-1.246000 0.474849 
-1.245000 0.475166 
-1.244000 0.475477 
-1.243000 0.475781 
-1.242000 0.476079 
-1.241000 0.476370 
-1.240000 0.476655 
-1.239000 0.476933 
-1.238000 0.477204 
-1.237000 0.477469 
-1.236000 0.477727 
-1.235000 0.477979 
-1.234000 0.478224 
-1.233000 0.478462 
-1.232000 0.478694 
-1.231000 0.478919 
-1.230000 0.479138 
-1.229000 0.479349 
-1.228000 0.479555 
-1.227000 0.479753 
-1.226000 0.479945 
-1.225000 0.480129 
-1.224000 0.480308 
-1.223000 0.480479 
-1.222000 0.480644 
-1.221000 0.480802 
-1.220000 0.480953 
-1.219000 0.481097 
-1.218000 0.481234 
-1.217000 0.481365 
-1.216000 0.481489 
-1.215000 0.481606 
-1.214000 0.481716 
-1.213000 0.481819 
-1.212000 0.481915 
-1.211000 0.482004 
-1.210000 0.482086 
-1.209000 0.482161 
-1.208000 0.482230 
-1.207000 0.482291 
-1.206000 0.482345 
-1.205000 0.482392 
-1.204000 0.482432 
-1.203000 0.482465 
-1.202000 0.482491 
-1.201000 0.482510 
-1.200000 0.482522 
-1.199000 0.482526 
-1.198000 0.482523 
-1.197000 0.482514 
-1.196000 0.482496 
-1.195000 0.482472 
-1.194000 0.482440 
-1.193000 0.482401 
-1.192000 0.482355 
-1.191000 0.482301 
-1.190000 0.482240 
-1.189000 0.482171 
-1.188000 0.482095 
-1.187000 0.482012 
-1.186000 0.481921 
-1.185000 0.481823 
-1.184000 0.481717 
-1.183000 0.481603 
-1.182000 0.481482 
-1.181000 0.481354 
-1.180000 0.481217 
-1.179000 0.481073 
-1.178000 0.480922 
-1.177000 0.480762 
-1.176000 0.480595 
-1.175000 0.480420 
-1.174000 0.480237 
-1.173000 0.480047 
-1.172000 0.479848 
-1.171000 0.479642 
-1.170000 0.479427 
-1.169000 0.479205 
-1.168000 0.478975 
-1.167000 0.478736 
-1.166000 0.478490 
-1.165000 0.478235 
-1.164000 0.477972 
-1.163000 0.477701 
-1.162000 0.477422 
-1.161000 0.477135 
-1.160000 0.476839 
-1.159000 0.476535 
-1.158000 0.476223 
-1.157000 0.475902 
-1.156000 0.475573 
-1.155000 0.475235 
-1.154000 0.474889 
-1.153000 0.474534 
-1.152000 0.474171 
-1.151000 0.473799 
-1.150000 0.473418 
-1.149000 0.473028 
-1.148000 0.472630 
-1.147000 0.472223 
-1.146000 0.471807 
-1.145000 0.471382 
-1.144000 0.470949 
-1.143000 0.470506 
-1.142000 0.470054 
-1.141000 0.469593 
-1.140000 0.469123 
-1.139000 0.468644 
-1.138000 0.468156 
-1.137000 0.467658 
-1.136000 0.467151 
-1.135000 0.466635 
-1.134000 0.466109 
-1.133000 0.465574 
-1.132000 0.465029 
-1.131000 0.464475 
-1.130000 0.463911 
-1.129000 0.463337 
-1.128000 0.462754 
-1.127000 0.462160 
-1.126000 0.461557 
-1.125000 0.460944 
-1.124000 0.460322 
-1.123000 0.459689 
-1.122000 0.459046 
-1.121000 0.458392 
-1.120000 0.457729 
-1.119000 0.457055 
-1.118000 0.456371 
-1.117000 0.455677 
-1.116000 0.454972 
-1.115000 0.454257 
-1.114000 0.453531 
-1.113000 0.452795 
-1.112000 0.452048 
-1.111000 0.451290 
-1.110000 0.450521 
-1.109000 0.449741 
-1.108000 0.448950 
-1.107000 0.448149 
-1.106000 0.447336 
-1.105000 0.446512 
-1.104000 0.445677 
-1.103000 0.444830 
-1.102000 0.443972 
-1.101000 0.443103 
-1.100000 0.442222 
-1.099000 0.441329 
-1.098000 0.440425 
-1.097000 0.439509 
-1.096000 0.438581 
-1.095000 0.437641 
-1.094000 0.436689 
-1.093000 0.435725 
-1.092000 0.434749 
-1.091000 0.433760 
-1.090000 0.432759 
-1.089000 0.431746 
-1.088000 0.430720 
-1.087000 0.429682 
-1.086000 0.428631 
-1.085000 0.427567 
-1.084000 0.426490 
-1.083000 0.425401 
-1.082000 0.424298 
-1.081000 0.423182 
-1.080000 0.422053 
-1.079000 0.420910 
-1.078000 0.419754 
-1.077000 0.418585 
-1.076000 0.417402 
-1.075000 0.416205 
-1.074000 0.414994 
-1.073000 0.413769 
-1.072000 0.412531 
-1.071000 0.411278 
-1.070000 0.410011 
-1.069000 0.408729 
-1.068000 0.407433 
-1.067000 0.406123 
-1.066000 0.404797 
-1.065000 0.403457 
-1.064000 0.402102 
-1.063000 0.400732 
-1.062000 0.399347 
-1.061000 0.397947 
-1.060000 0.396531 
-1.059000 0.395099 
-1.058000 0.393652 
-1.057000 0.392190 
-1.056000 0.390711 
-1.055000 0.389216 
-1.054000 0.387706 
-1.053000 0.386179 
-1.052000 0.384635 
-1.051000 0.383075 
-1.050000 0.381498 
-1.049000 0.379905 
-1.048000 0.378295 
-1.047000 0.376667 
-1.046000 0.375023 
-1.045000 0.373360 
-1.044000 0.371681 
-1.043000 0.369984 
-1.042000 0.368269 
-1.041000 0.366536 
-1.040000 0.364785 
-1.039000 0.363016 
-1.038000 0.361228 
-1.037000 0.359422 
-1.036000 0.357597 
-1.035000 0.355753 
-1.034000 0.353891 
-1.033000 0.352009 
-1.032000 0.350107 
-1.031000 0.348186 
-1.030000 0.346246 
-1.029000 0.344286 
-1.028000 0.342305 
-1.027000 0.340305 
-1.026000 0.338284 
-1.025000 0.336242 
-1.024000 0.334180 
-1.023000 0.332097 
-1.022000 0.329992 
-1.021000 0.327867 
-1.020000 0.325720 
-1.019000 0.323551 
-1.018000 0.321360 
-1.017000 0.319148 
-1.016000 0.316913 
-1.015000 0.314655 
-1.014000 0.312375 
-1.013000 0.310072 
-1.012000 0.307746 
-1.011000 0.305397 
-1.010000 0.303024 
-1.009000 0.300628 
-1.008000 0.298208 
-1.007000 0.295763 
-1.006000 0.293294 
-1.005000 0.290801 
-1.004000 0.288283 
-1.003000 0.285739 
-1.002000 0.283171 
-1.001000 0.280577 
-1.000000 0.277957 
-0.999000 0.275311 
-0.998000 0.272640 
-0.997000 0.269941 
-0.996000 0.267216 
-0.995000 0.264464 
-0.994000 0.261685 
-0.993000 0.258878 
-0.992000 0.256044 
-0.991000 0.253181 
-0.990000 0.250291 
-0.989000 0.247372 
-0.988000 0.244424 
-0.987000 0.241447 
-0.986000 0.238441 
-0.985000 0.235405 
-0.984000 0.232339 
-0.983000 0.229243 
-0.982000 0.226117 
-0.981000 0.222960 
-0.980000 0.219772 
-0.979000 0.216553 
-0.978000 0.213302 
-0.977000 0.210019 
-0.976000 0.206704 
-0.975000 0.203356 
-0.974000 0.199976 
-0.973000 0.196562 
-0.972000 0.193115 
-0.971000 0.189635 
-0.970000 0.186120 
-0.969000 0.182570 
-0.968000 0.178987 
-0.967000 0.175367 
-0.966000 0.171713 
-0.965000 0.168023 
-0.964000 0.164297 
-0.963000 0.160534 
-0.962000 0.156735 
-0.961000 0.152898 
-0.960000 0.149024 
-0.959000 0.145112 
-0.958000 0.141162 
-0.957000 0.137174 
-0.956000 0.133146 
-0.955000 0.129080 
-0.954000 0.124974 
-0.953000 0.120828 
-0.952000 0.116641 
-0.951000 0.112414 
-0.950000 0.108146 
-0.949000 0.103836 
-0.948000 0.099484 
-0.947000 0.095090 
-0.946000 0.090654 
-0.945000 0.086174 
-0.944000 0.081651 
-0.943000 0.077085 
-0.942000 0.072474 
-0.941000 0.067819 
-0.940000 0.063118 
-0.939000 0.058372 
-0.938000 0.053581 
-0.937000 0.048743 
-0.936000 0.043859 
-0.935000 0.038928 
-0.934000 0.033950 
-0.933000 0.028923 
-0.932000 0.023849 
-0.931000 0.018726 
-0.930000 0.013554 
-0.929000 0.008333 
-0.928000 0.003062 
-0.927000 -0.002259 
-0.926000 -0.007631 
-0.925000 -0.013053 
-0.924000 -0.018527 
-0.923000 -0.024053 
-0.922000 -0.029631 
-0.921000 -0.035261 
-0.920000 -0.040945 
-0.919000 -0.046681 
-0.918000 -0.052472 
-0.917000 -0.058316 
-0.916000 -0.064215 
-0.915000 -0.070168 
-0.914000 -0.076177 
-0.913000 -0.082241 
-0.912000 -0.088361 
-0.911000 -0.094537 
-0.910000 -0.100770 
-0.909000 -0.107059 
-0.908000 -0.113406 
-0.907000 -0.119810 
-0.906000 -0.126273 
-0.905000 -0.132793 
-0.904000 -0.139371 
-0.903000 -0.146008 
-0.902000 -0.152704 
-0.901000 -0.159460 
-0.900000 -0.166274 
-0.899000 -0.173148 
-0.898000 -0.180082 
-0.897000 -0.187076 
-0.896000 -0.194131 
-0.895000 -0.201245 
-0.894000 -0.208420 
-0.893000 -0.215656 
-0.892000 -0.222952 
-0.891000 -0.230309 
-0.890000 -0.237727 
-0.889000 -0.245205 
-0.888000 -0.252745 
-0.887000 -0.260345 
-0.886000 -0.268006 
-0.885000 -0.275728 
-0.884000 -0.283510 
-0.883000 -0.291353 
-0.882000 -0.299256 
-0.881000 -0.307219 
-0.880000 -0.315242 
-0.879000 -0.323324 
-0.878000 -0.331466 
-0.877000 -0.339667 
-0.876000 -0.347926 
-0.875000 -0.356244 
-0.874000 -0.364619 
-0.873000 -0.373051 
-0.872000 -0.381540 
-0.871000 -0.390085 
-0.870000 -0.398685 
-0.869000 -0.407339 
-0.868000 -0.416048 
-0.867000 -0.424809 
-0.866000 -0.433623 
-0.865000 -0.442487 
-0.864000 -0.451402 
-0.863000 -0.460366 
-0.862000 -0.469378 
-0.861000 -0.478436 
-0.860000 -0.487541 
-0.859000 -0.496689 
-0.858000 -0.505880 
-0.857000 -0.515113 
-0.856000 -0.524385 
-0.855000 -0.533695 
-0.854000 -0.543042 
-0.853000 -0.552424 
-0.852000 -0.561838 
-0.851000 -0.571283 
-0.850000 -0.580758 
-0.849000 -0.590258 
-0.848000 -0.599784 
-0.847000 -0.609332 
-0.846000 -0.618899 
-0.845000 -0.628484 
-0.844000 -0.638084 
-0.843000 -0.647696 
-0.842000 -0.657318 
-0.841000 -0.666946 
-0.840000 -0.676578 
-0.839000 -0.686211 
-0.838000 -0.695842 
-0.837000 -0.705466 
-0.836000 -0.715083 
-0.835000 -0.724686 
-0.834000 -0.734275 
-0.833000 -0.743844 
-0.832000 -0.753390 
-0.831000 -0.762909 
-0.830000 -0.772398 
-0.829000 -0.781853 
-0.828000 -0.791269 
-0.827000 -0.800643 
-0.826000 -0.809971 
-0.825000 -0.819248 
-0.824000 -0.828469 
-0.823000 -0.837632 
-0.822000 -0.846731 
-0.821000 -0.855762 
-0.820000 -0.864720 
-0.819000 -0.873601 
-0.818000 -0.882400 
-0.817000 -0.891113 
-0.816000 -0.899735 
-0.815000 -0.908261 
-0.814000 -0.916686 
-0.813000 -0.925007 
-0.812000 -0.933217 
-0.811000 -0.941314 
-0.810000 -0.949290 
-0.809000 -0.957143 
-0.808000 -0.964868 
-0.807000 -0.972459 
-0.806000 -0.979913 
-0.805000 -0.987224 
-0.804000 -0.994388 
-0.803000 -1.001401 
-0.802000 -1.008259 
-0.801000 -1.014957 
-0.800000 -1.021491 
-0.799000 -1.027857 
-0.798000 -1.034050 
-0.797000 -1.040068 
-0.796000 -1.045907 
-0.795000 -1.051562 
-0.794000 -1.057031 
-0.793000 -1.062309 
-0.792000 -1.067395 
-0.791000 -1.072284 
-0.790000 -1.076974 
-0.789000 -1.081463 
-0.788000 -1.085747 
-0.787000 -1.089825 
-0.786000 -1.093693 
-0.785000 -1.097352 
-0.784000 -1.100797 
-0.783000 -1.104044 
-0.782000 -1.107059 
-0.781000 -1.109858 
-0.780000 -1.112438 
-0.779000 -1.114801 
-0.778000 -1.116944 
-0.777000 -1.118868 
-0.776000 -1.120572 
-0.775000 -1.122056 
-0.774000 -1.123322 
-0.773000 -1.124368 
-0.772000 -1.125195 
-0.771000 -1.125805 
-0.770000 -1.126199 
-0.769000 -1.126376 
-0.768000 -1.126340 
-0.767000 -1.126091 
-0.766000 -1.125631 
-0.765000 -1.124962 
-0.764000 -1.124086 
-0.763000 -1.123006 
-0.762000 -1.121723 
-0.761000 -1.120239 
-0.760000 -1.118559 
-0.759000 -1.116683 
-0.758000 -1.114616 
-0.757000 -1.112361 
-0.756000 -1.109919 
-0.755000 -1.107295 
-0.754000 -1.104492 
-0.753000 -1.101513 
-0.752000 -1.098362 
-0.751000 -1.095042 
-0.750000 -1.091557 
-0.749000 -1.087911 
-0.748000 -1.084107 
-0.747000 -1.080148 
-0.746000 -1.076040 
-0.745000 -1.071785 
-0.744000 -1.067388 
-0.743000 -1.062853 
-0.742000 -1.058182 
-0.741000 -1.053381 
-0.740000 -1.048454 
-0.739000 -1.043403 
-0.738000 -1.038233 
-0.737000 -1.032949 
-0.736000 -1.027553 
-0.735000 -1.022050 
-0.734000 -1.016443 
-0.733000 -1.010737 
-0.732000 -1.004934 
-0.731000 -0.999040 
-0.730000 -0.993057 
-0.729000 -0.986989 
-0.728000 -0.980840 
-0.727000 -0.974613 
-0.726000 -0.968312 
-0.725000 -0.961940 
-0.724000 -0.955501 
-0.723000 -0.948998 
-0.722000 -0.942434 
-0.721000 -0.935812 
-0.720000 -0.929136 
-0.719000 -0.922409 
-0.718000 -0.915633 
-0.717000 -0.908812 
-0.716000 -0.901949 
-0.715000 -0.895046 
-0.714000 -0.888106 
-0.713000 -0.881131 
-0.712000 -0.874125 
-0.711000 -0.867091 
-0.710000 -0.860029 
-0.709000 -0.852944 
-0.708000 -0.845837 
-0.707000 -0.838710 
-0.706000 -0.831566 
-0.705000 -0.824407 
-0.704000 -0.817235 
-0.703000 -0.810052 
-0.702000 -0.802860 
-0.701000 -0.795661 
-0.700000 -0.788456 
-0.699000 -0.781248 
-0.698000 -0.774039 
-0.697000 -0.766829 
-0.696000 -0.759622 
-0.695000 -0.752417 
-0.694000 -0.745217 
-0.693000 -0.738022 
-0.692000 -0.730836 
-0.691000 -0.723658 
-0.690000 -0.716490 
-0.689000 -0.709334 
-0.688000 -0.702190 
-0.687000 -0.695060 
-0.686000 -0.687945 
-0.685000 -0.680846 
-0.684000 -0.673764 
-0.683000 -0.666699 
-0.682000 -0.659653 
-0.681000 -0.652627 
-0.680000 -0.645622 
-0.679000 -0.638638 
-0.678000 -0.631676 
-0.677000 -0.624737 
-0.676000 -0.617822 
-0.675000 -0.610931 
-0.674000 -0.604064 
-0.673000 -0.597224 
-0.672000 -0.590409 
-0.671000 -0.583621 
-0.670000 -0.576861 
-0.669000 -0.570128 
-0.668000 -0.563423 
-0.667000 -0.556746 
-0.666000 -0.550099 
-0.665000 -0.543481 
-0.664000 -0.536893 
-0.663000 -0.530334 
-0.662000 -0.523807 
-0.661000 -0.517310 
-0.660000 -0.510843 
-0.659000 -0.504409 
-0.658000 -0.498005 
-0.657000 -0.491633 
-0.656000 -0.485294 
-0.655000 -0.478986 
-0.654000 -0.472710 
-0.653000 -0.466467 
-0.652000 -0.460256 
-0.651000 -0.454078 
-0.650000 -0.447933 
-0.649000 -0.441821 
-0.648000 -0.435741 
-0.647000 -0.429695 
-0.646000 -0.423681 
-0.645000 -0.417701 
-0.644000 -0.411754 
-0.643000 -0.405840 
-0.642000 -0.399959 
-0.641000 -0.394111 
-0.640000 -0.388297 
-0.639000 -0.382515 
-0.638000 -0.376767 
-0.637000 -0.371052 
-0.636000 -0.365369 
-0.635000 -0.359720 
-0.634000 -0.354104 
-0.633000 -0.348520 
-0.632000 -0.342970 
-0.631000 -0.337452 
-0.630000 -0.331966 
-0.629000 -0.326514 
-0.628000 -0.321093 
-0.627000 -0.315705 
-0.626000 -0.310350 
-0.625000 -0.305026 
-0.624000 -0.299735 
-0.623000 -0.294475 
-0.622000 -0.289247 
-0.621000 -0.284051 
-0.620000 -0.278886 
-0.619000 -0.273753 
-0.618000 -0.268651 
-0.617000 -0.263580 
-0.616000 -0.258540 
-0.615000 -0.253531 
-0.614000 -0.248553 
-0.613000 -0.243605 
-0.612000 -0.238688 
-0.611000 -0.233801 
-0.610000 -0.228944 
-0.609000 -0.224116 
-0.608000 -0.219319 
-0.607000 -0.214551 
-0.606000 -0.209813 
-0.605000 -0.205104 
-0.604000 -0.200424 
-0.603000 -0.195774 
-0.602000 -0.191152 
-0.601000 -0.186558 
-0.600000 -0.181993 
-0.599000 -0.177457 
-0.598000 -0.172948 
-0.597000 -0.168468 
-0.596000 -0.164015 
-0.595000 -0.159590 
-0.594000 -0.155192 
-0.593000 -0.150822 
-0.592000 -0.146479 
-0.591000 -0.142162 
-0.590000 -0.137873 
-0.589000 -0.133610 
-0.588000 -0.129373 
-0.587000 -0.125163 
-0.586000 -0.120979 
-0.585000 -0.116821 
-0.584000 -0.112689 
-0.583000 -0.108582 
-0.582000 -0.104500 
-0.581000 -0.100444 
-0.580000 -0.096413 
-0.579000 -0.092407 
-0.578000 -0.088426 
-0.577000 -0.084469 
-0.576000 -0.080537 
-0.575000 -0.076628 
-0.574000 -0.072745 
-0.573000 -0.068884 
-0.572000 -0.065048 
-0.571000 -0.061236 
-0.570000 -0.057446 
-0.569000 -0.053680 
-0.568000 -0.049938 
-0.567000 -0.046218 
-0.566000 -0.042521 
-0.565000 -0.038846 
-0.564000 -0.035195 
-0.563000 -0.031565 
-0.562000 -0.027958 
-0.561000 -0.024372 
-0.560000 -0.020809 
-0.559000 -0.017267 
-0.558000 -0.013747 
-0.557000 -0.010249 
-0.556000 -0.006771 
-0.555000 -0.003315 
-0.554000 0.000120 
-0.553000 0.003535 
-0.552000 0.006928 
-0.551000 0.010301 
-0.550000 0.013654 
-0.549000 0.016986 
-0.548000 0.020299 
-0.547000 0.023591 
-0.546000 0.026864 
-0.545000 0.030116 
-0.544000 0.033349 
-0.543000 0.036563 
-0.542000 0.039758 
-0.541000 0.042933 
-0.540000 0.046089 
-0.539000 0.049226 
-0.538000 0.052345 
-0.537000 0.055445 
-0.536000 0.058526 
-0.535000 0.061589 
-0.534000 0.064633 
-0.533000 0.067660 
-0.532000 0.070668 
-0.531000 0.073659 
-0.530000 0.076632 
-0.529000 0.079587 
-0.528000 0.082525 
-0.527000 0.085445 
-0.526000 0.088348 
-0.525000 0.091234 
-0.524000 0.094102 
-0.523000 0.096954 
-0.522000 0.099789 
-0.521000 0.102607 
-0.520000 0.105409 
-0.519000 0.108194 
-0.518000 0.110963 
-0.517000 0.113715 
-0.516000 0.116451 
-0.515000 0.119172 
-0.514000 0.121876 
-0.513000 0.124564 
-0.512000 0.127237 
-0.511000 0.129894 
-0.510000 0.132536 
-0.509000 0.135162 
-0.508000 0.137773 
-0.507000 0.140368 
-0.506000 0.142949 
-0.505000 0.145514 
-0.504000 0.148065 
-0.503000 0.150601 
-0.502000 0.153121 
-0.501000 0.155628 
-0.500000 0.158120 
-0.499000 0.160597 
-0.498000 0.163060 
-0.497000 0.165509 
-0.496000 0.167943 
-0.495000 0.170364 
-0.494000 0.172770 
-0.493000 0.175163 
-0.492000 0.177541 
-0.491000 0.179906 
-0.490000 0.182258 
-0.489000 0.184596 
-0.488000 0.186920 
-0.487000 0.189231 
-0.486000 0.191529 
-0.485000 0.193813 
-0.484000 0.196084 
-0.483000 0.198342 
-0.482000 0.200588 
-0.481000 0.202820 
-0.480000 0.205040 
-0.479000 0.207246 
-0.478000 0.209440 
-0.477000 0.211622 
-0.476000 0.213791 
-0.475000 0.215948 
-0.474000 0.218092 
-0.473000 0.220224 
-0.472000 0.222343 
-0.471000 0.224451 
-0.470000 0.226546 
-0.469000 0.228630 
-0.468000 0.230701 
-0.467000 0.232761 
-0.466000 0.234809 
-0.465000 0.236845 
-0.464000 0.238870 
-0.463000 0.240883 
-0.462000 0.242884 
-0.461000 0.244874 
-0.460000 0.246852 
-0.459000 0.248820 
-0.458000 0.250776 
-0.457000 0.252720 
-0.456000 0.254654 
-0.455000 0.256576 
-0.454000 0.258488 
-0.453000 0.260389 
-0.452000 0.262278 
-0.451000 0.264157 
-0.450000 0.266025 
-0.449000 0.267882 
-0.448000 0.269729 
-0.447000 0.271565 
-0.446000 0.273391 
-0.445000 0.275206 
-0.444000 0.277010 
-0.443000 0.278805 
-0.442000 0.280589 
-0.441000 0.282362 
-0.440000 0.284126 
-0.439000 0.285879 
-0.438000 0.287622 
-0.437000 0.289355 
-0.436000 0.291079 
-0.435000 0.292792 
-0.434000 0.294495 
-0.433000 0.296188 
-0.432000 0.297872 
-0.431000 0.299546 
-0.430000 0.301210 
-0.429000 0.302865 
-0.428000 0.304510 
-0.427000 0.306145 
-0.426000 0.307771 
-0.425000 0.309387 
-0.424000 0.310994 
-0.423000 0.312592 
-0.422000 0.314180 
-0.421000 0.315759 
-0.420000 0.317329 
-0.419000 0.318889 
-0.418000 0.320441 
-0.417000 0.321983 
-0.416000 0.323516 
-0.415000 0.325040 
-0.414000 0.326555 
-0.413000 0.328061 
-0.412000 0.329559 
-0.411000 0.331047 
-0.410000 0.332527 
-0.409000 0.333998 
-0.408000 0.335460 
-0.407000 0.336913 
-0.406000 0.338358 
-0.405000 0.339794 
-0.404000 0.341221 
-0.403000 0.342640 
-0.402000 0.344051 
-0.401000 0.345453 
-0.400000 0.346846 
-0.399000 0.348231 
-0.398000 0.349608 
-0.397000 0.350976 
-0.396000 0.352336 
-0.395000 0.353688 
-0.394000 0.355031 
-0.393000 0.356367 
-0.392000 0.357694 
-0.391000 0.359013 
-0.390000 0.360323 
-0.389000 0.361626 
-0.388000 0.362921 
-0.387000 0.364207 
-0.386000 0.365486 
-0.385000 0.366757 
-0.384000 0.368020 
-0.383000 0.369274 
-0.382000 0.370521 
-0.381000 0.371761 
-0.380000 0.372992 
-0.379000 0.374215 
-0.378000 0.375431 
-0.377000 0.376639 
-0.376000 0.377840 
-0.375000 0.379032 
-0.374000 0.380217 
-0.373000 0.381395 
-0.372000 0.382565 
-0.371000 0.383727 
-0.370000 0.384882 
-0.369000 0.386029 
-0.368000 0.387168 
-0.367000 0.388300 
-0.366000 0.389425 
-0.365000 0.390543 
-0.364000 0.391652 
-0.363000 0.392755 
-0.362000 0.393850 
-0.361000 0.394938 
-0.360000 0.396018 
-0.359000 0.397092 
-0.358000 0.398158 
-0.357000 0.399216 
-0.356000 0.400268 
-0.355000 0.401312 
-0.354000 0.402349 
-0.353000 0.403379 
-0.352000 0.404402 
-0.351000 0.405417 
-0.350000 0.406426 
-0.349000 0.407427 
-0.348000 0.408422 
-0.347000 0.409409 
-0.346000 0.410389 
-0.345000 0.411362 
-0.344000 0.412329 
-0.343000 0.413288 
-0.342000 0.414240 
-0.341000 0.415186 
-0.340000 0.416124 
-0.339000 0.417056 
-0.338000 0.417980 
-0.337000 0.418898 
-0.336000 0.419809 
-0.335000 0.420713 
-0.334000 0.421610 
-0.333000 0.422500 
-0.332000 0.423384 
-0.331000 0.424261 
-0.330000 0.425131 
-0.329000 0.425994 
-0.328000 0.426850 
-0.327000 0.427700 
-0.326000 0.428543 
-0.325000 0.429379 
-0.324000 0.430209 
-0.323000 0.431031 
-0.322000 0.431848 
-0.321000 0.432657 
-0.320000 0.433460 
-0.319000 0.434256 
-0.318000 0.435046 
-0.317000 0.435829 
-0.316000 0.436605 
-0.315000 0.437375 
-0.314000 0.438138 
-0.313000 0.438894 
-0.312000 0.439644 
-0.311000 0.440388 
-0.310000 0.441124 
-0.309000 0.441855 
-0.308000 0.442578 
-0.307000 0.443296 
-0.306000 0.444006 
-0.305000 0.444710 
-0.304000 0.445408 
-0.303000 0.446099 
-0.302000 0.446784 
-0.301000 0.447462 
-0.300000 0.448134 
-0.299000 0.448799 
-0.298000 0.449457 
-0.297000 0.450110 
-0.296000 0.450755 
-0.295000 0.451395 
-0.294000 0.452027 
-0.293000 0.452654 
-0.292000 0.453274 
-0.291000 0.453887 
-0.290000 0.454494 
-0.289000 0.455095 
-0.288000 0.455689 
-0.287000 0.456277 
-0.286000 0.456858 
-0.285000 0.457433 
-0.284000 0.458002 
-0.283000 0.458567 
-0.282000 0.459123 
-0.281000 0.459672 
-0.280000 0.460215 
-0.279000 0.460751 
-0.278000 0.461281 
-0.277000 0.461805 
-0.276000 0.462322 
-0.275000 0.462833 
-0.274000 0.463337 
-0.273000 0.463835 
-0.272000 0.464326 
-0.271000 0.464812 
-0.270000 0.465290 
-0.269000 0.465763 
-0.268000 0.466229 
-0.267000 0.466688 
-0.266000 0.467141 
-0.265000 0.467588 
-0.264000 0.468028 
-0.263000 0.468462 
-0.262000 0.468889 
-0.261000 0.469310 
-0.260000 0.469724 
-0.259000 0.470132 
-0.258000 0.470534 
-0.257000 0.470929 
-0.256000 0.471318 
-0.255000 0.471700 
-0.254000 0.472076 
-0.253000 0.472445 
-0.252000 0.472808 
-0.251000 0.473164 
-0.250000 0.473514 
-0.249000 0.473858 
-0.248000 0.474195 
-0.247000 0.474525 
-0.246000 0.474849 
-0.245000 0.475166 
-0.244000 0.475477 
-0.243000 0.475781 
-0.242000 0.476079 
-0.241000 0.476370 
-0.240000 0.476655 
-0.239000 0.476933 
-0.238000 0.477204 
-0.237000 0.477469 
-0.236000 0.477727 
-0.235000 0.477979 
-0.234000 0.478224 
-0.233000 0.478462 
-0.232000 0.478694 
-0.231000 0.478919 
-0.230000 0.479138 
-0.229000 0.479349 
-0.228000 0.479555 
-0.227000 0.479753 
-0.226000 0.479945 
-0.225000 0.480129 
-0.224000 0.480308 
-0.223000 0.480479 
-0.222000 0.480644 
-0.221000 0.480802 
-0.220000 0.480953 
-0.219000 0.481097 
-0.218000 0.481234 
-0.217000 0.481365 
-0.216000 0.481489 
-0.215000 0.481606 
-0.214000 0.481716 
-0.213000 0.481819 
-0.212000 0.481915 
-0.211000 0.482004 
-0.210000 0.482086 
-0.209000 0.482161 
-0.208000 0.482230 
-0.207000 0.482291 
-0.206000 0.482345 
-0.205000 0.482392 
-0.204000 0.482432 
-0.203000 0.482465 
-0.202000 0.482491 
-0.201000 0.482510 
-0.200000 0.482522 
-0.199000 0.482526 
-0.198000 0.482523 
-0.197000 0.482514 
-0.196000 0.482496 
-0.195000 0.482472 
-0.194000 0.482440 
-0.193000 0.482401 
-0.192000 0.482355 
-0.191000 0.482301 
-0.190000 0.482240 
-0.189000 0.482171 
-0.188000 0.482095 
-0.187000 0.482012 
-0.186000 0.481921 
-0.185000 0.481823 
-0.184000 0.481717 
-0.183000 0.481603 
-0.182000 0.481482 
-0.181000 0.481354 
-0.180000 0.481217 
-0.179000 0.481073 
-0.178000 0.480922 
-0.177000 0.480762 
-0.176000 0.480595 
-0.175000 0.480420 
-0.174000 0.480237 
-0.173000 0.480047 
-0.172000 0.479848 
-0.171000 0.479642 
-0.170000 0.479427 
-0.169000 0.479205 
-0.168000 0.478975 
-0.167000 0.478736 
-0.166000 0.478490 
-0.165000 0.478235 
-0.164000 0.477972 
-0.163000 0.477701 
-0.162000 0.477422 
-0.161000 0.477135 
-0.160000 0.476839 
-0.159000 0.476535 
-0.158000 0.476223 
-0.157000 0.475902 
-0.156000 0.475573 
-0.155000 0.475235 
-0.154000 0.474889 
-0.153000 0.474534 
-0.152000 0.474171 
-0.151000 0.473799 
-0.150000 0.473418 
-0.149000 0.473028 
-0.148000 0.472630 
-0.147000 0.472223 
-0.146000 0.471807 
-0.145000 0.471382 
-0.144000 0.470949 
-0.143000 0.470506 
-0.142000 0.470054 
-0.141000 0.469593 
-0.140000 0.469123 
-0.139000 0.468644 
-0.138000 0.468156 
-0.137000 0.467658 
-0.136000 0.467151 
-0.135000 0.466635 
-0.134000 0.466109 
-0.133000 0.465574 
-0.132000 0.465029 
-0.131000 0.464475 
-0.130000 0.463911 
-0.129000 0.463337 
-0.128000 0.462754 
-0.127000 0.462160 
-0.126000 0.461557 
-0.125000 0.460944 
-0.124000 0.460322 
-0.123000 0.459689 
-0.122000 0.459046 
-0.121000 0.458392 
-0.120000 0.457729 
-0.119000 0.457055 
-0.118000 0.456371 
-0.117000 0.455677 
-0.116000 0.454972 
-0.115000 0.454257 
-0.114000 0.453531 
-0.113000 0.452795 
-0.112000 0.452048 
-0.111000 0.451290 
-0.110000 0.450521 
-0.109000 0.449741 
-0.108000 0.448950 
-0.107000 0.448149 
-0.106000 0.447336 
-0.105000 0.446512 
-0.104000 0.445677 
-0.103000 0.444830 
-0.102000 0.443972 
-0.101000 0.443103 
-0.100000 0.442222 
-0.099000 0.441329 
-0.098000 0.440425 
-0.097000 0.439509 
-0.096000 0.438581 
-0.095000 0.437641 
-0.094000 0.436689 
-0.093000 0.435725 
-0.092000 0.434749 
-0.091000 0.433760 
-0.090000 0.432759 
-0.089000 0.431746 
-0.088000 0.430720 
-0.087000 0.429682 
-0.086000 0.428631 
-0.085000 0.427567 
-0.084000 0.426490 
-0.083000 0.425401 
-0.082000 0.424298 
-0.081000 0.423182 
-0.080000 0.422053 
-0.079000 0.420910 
-0.078000 0.419754 
-0.077000 0.418585 
-0.076000 0.417402 
-0.075000 0.416205 
-0.074000 0.414994 
-0.073000 0.413769 
-0.072000 0.412531 
-0.071000 0.411278 
-0.070000 0.410011 
-0.069000 0.408729 
-0.068000 0.407433 
-0.067000 0.406123 
-0.066000 0.404797 
-0.065000 0.403457 
-0.064000 0.402102 
-0.063000 0.400732 
-0.062000 0.399347 
-0.061000 0.397947 
-0.060000 0.396531 
-0.059000 0.395099 
-0.058000 0.393652 
-0.057000 0.392190 
-0.056000 0.390711 
-0.055000 0.389216 
-0.054000 0.387706 
-0.053000 0.386179 
-0.052000 0.384635 
-0.051000 0.383075 
-0.050000 0.381498 
-0.049000 0.379905 
-0.048000 0.378295 
-0.047000 0.376667 
-0.046000 0.375023 
-0.045000 0.373360 
-0.044000 0.371681 
-0.043000 0.369984 
-0.042000 0.368269 
-0.041000 0.366536 
-0.040000 0.364785 
-0.039000 0.363016 
-0.038000 0.361228 
-0.037000 0.359422 
-0.036000 0.357597 
-0.035000 0.355753 
-0.034000 0.353891 
-0.033000 0.352009 
-0.032000 0.350107 
-0.031000 0.348186 
-0.030000 0.346246 
-0.029000 0.344286 
-0.028000 0.342305 
-0.027000 0.340305 
-0.026000 0.338284 
-0.025000 0.336242 
-0.024000 0.334180 
-0.023000 0.332097 
-0.022000 0.329992 
-0.021000 0.327867 
-0.020000 0.325720 
-0.019000 0.323551 
-0.018000 0.321360 
-0.017000 0.319148 
-0.016000 0.316913 
-0.015000 0.314655 
-0.014000 0.312375 
-0.013000 0.310072 
-0.012000 0.307746 
-0.011000 0.305397 
-0.010000 0.303024 
-0.009000 0.300628 
-0.008000 0.298208 
-0.007000 0.295763 
-0.006000 0.293294 
-0.005000 0.290801 
-0.004000 0.288283 
-0.003000 0.285739 
-0.002000 0.283171 
-0.001000 0.280577 
-0.000000 0.277957 
0.001000 0.275311 
0.002000 0.272640 
0.003000 0.269941 
0.004000 0.267216 
0.005000 0.264464 
0.006000 0.261685 
0.007000 0.258878 
0.008000 0.256044 
0.009000 0.253181 
0.010000 0.250291 
0.011000 0.247372 
0.012000 0.244424 
0.013000 0.241447 
0.014000 0.238441 
0.015000 0.235405 
0.016000 0.232339 
0.017000 0.229243 
0.018000 0.226117 
0.019000 0.222960 
0.020000 0.219772 
0.021000 0.216553 
0.022000 0.213302 
0.023000 0.210019 
0.024000 0.206704 
0.025000 0.203356 
0.026000 0.199976 
0.027000 0.196562 
0.028000 0.193115 
0.029000 0.189635 
0.030000 0.186120 
0.031000 0.182570 
0.032000 0.178987 
0.033000 0.175367 
0.034000 0.171713 
0.035000 0.168023 
0.036000 0.164297 
0.037000 0.160534 
0.038000 0.156735 
0.039000 0.152898 
0.040000 0.149024 
0.041000 0.145112 
0.042000 0.141162 
0.043000 0.137174 
0.044000 0.133146 
0.045000 0.129080 
0.046000 0.124974 
0.047000 0.120828 
0.048000 0.116641 
0.049000 0.112414 
0.050000 0.108146 
0.051000 0.103836 
0.052000 0.099484 
0.053000 0.095090 
0.054000 0.090654 
0.055000 0.086174 
0.056000 0.081651 
0.057000 0.077085 
0.058000 0.072474 
0.059000 0.067819 
0.060000 0.063118 
0.061000 0.058372 
0.062000 0.053581 
0.063000 0.048743 
0.064000 0.043859 
0.065000 0.038928 
0.066000 0.033950 
0.067000 0.028923 
0.068000 0.023849 
0.069000 0.018726 
0.070000 0.013554 
0.071000 0.008333 
0.072000 0.003062 
0.073000 -0.002259 
0.074000 -0.007631 
0.075000 -0.013053 
0.076000 -0.018527 
0.077000 -0.024053 
0.078000 -0.029631 
0.079000 -0.035261 
0.080000 -0.040945 
0.081000 -0.046681 
0.082000 -0.052472 
0.083000 -0.058316 
0.084000 -0.064215 
0.085000 -0.070168 
0.086000 -0.076177 
0.087000 -0.082241 
0.088000 -0.088361 
0.089000 -0.094537 
0.090000 -0.100770 
0.091000 -0.107059 
0.092000 -0.113406 
0.093000 -0.119810 
0.094000 -0.126273 
0.095000 -0.132793 
0.096000 -0.139371 
0.097000 -0.146008 
0.098000 -0.152704 
0.099000 -0.159460 
0.100000 -0.166274 
0.101000 -0.173148 
0.102000 -0.180082 
0.103000 -0.187076 
0.104000 -0.194131 
0.105000 -0.201245 
0.106000 -0.208420 
0.107000 -0.215656 
0.108000 -0.222952 
0.109000 -0.230309 
0.110000 -0.237727 
0.111000 -0.245205 
0.112000 -0.252745 
0.113000 -0.260345 
0.114000 -0.268006 
0.115000 -0.275728 
0.116000 -0.283510 
0.117000 -0.291353 
0.118000 -0.299256 
0.119000 -0.307219 
0.120000 -0.315242 
0.121000 -0.323324 
0.122000 -0.331466 
0.123000 -0.339667 
0.124000 -0.347926 
0.125000 -0.356244 
0.126000 -0.364619 
0.127000 -0.373051 
0.128000 -0.381540 
0.129000 -0.390085 
0.130000 -0.398685 
0.131000 -0.407339 
0.132000 -0.416048 
0.133000 -0.424809 
0.134000 -0.433623 
0.135000 -0.442487 
0.136000 -0.451402 
0.137000 -0.460366 
0.138000 -0.469378 
0.139000 -0.478436 
0.140000 -0.487541 
0.141000 -0.496689 
0.142000 -0.505880 
0.143000 -0.515113 
0.144000 -0.524385 
0.145000 -0.533695 
0.146000 -0.543042 
0.147000 -0.552424 
0.148000 -0.561838 
0.149000 -0.571283 
0.150000 -0.580758 
0.151000 -0.590258 
0.152000 -0.599784 
0.153000 -0.609332 
0.154000 -0.618899 
0.155000 -0.628484 
0.156000 -0.638084 
0.157000 -0.647696 
0.158000 -0.657318 
0.159000 -0.666946 
0.160000 -0.676578 
0.161000 -0.686211 
0.162000 -0.695842 
0.163000 -0.705466 
0.164000 -0.715083 
0.165000 -0.724686 
0.166000 -0.734275 
0.167000 -0.743844 
0.168000 -0.753390 
0.169000 -0.762909 
0.170000 -0.772398 
0.171000 -0.781853 
0.172000 -0.791269 
0.173000 -0.800643 
0.174000 -0.809971 
0.175000 -0.819248 
0.176000 -0.828469 
0.177000 -0.837632 
0.178000 -0.846731 
0.179000 -0.855762 
0.180000 -0.864720 
0.181000 -0.873601 
0.182000 -0.882400 
0.183000 -0.891113 
0.184000 -0.899735 
0.185000 -0.908261 
0.186000 -0.916686 
0.187000 -0.925007 
0.188000 -0.933217 
0.189000 -0.941314 
0.190000 -0.949290 
0.191000 -0.957143 
0.192000 -0.964868 
0.193000 -0.972459 
0.194000 -0.979913 
0.195000 -0.987224 
0.196000 -0.994388 
0.197000 -1.001401 
0.198000 -1.008259 
0.199000 -1.014957 
0.200000 -1.021491 
0.201000 -1.027857 
0.202000 -1.034050 
0.203000 -1.040068 
0.204000 -1.045907 
0.205000 -1.051562 
0.206000 -1.057031 
0.207000 -1.062309 
0.208000 -1.067395 
0.209000 -1.072284 
0.210000 -1.076974 
0.211000 -1.081463 
0.212000 -1.085747 
0.213000 -1.089825 
0.214000 -1.093693 
0.215000 -1.097352 
0.216000 -1.100797 
0.217000 -1.104044 
0.218000 -1.107059 
0.219000 -1.109858 
0.220000 -1.112438 
0.221000 -1.114801 
0.222000 -1.116944 
0.223000 -1.118868 
0.224000 -1.120572 
0.225000 -1.122056 
0.226000 -1.123322 
0.227000 -1.124368 
0.228000 -1.125195 
0.229000 -1.125805 
0.230000 -1.126199 
0.231000 -1.126376 
0.232000 -1.126340 
0.233000 -1.126091 
0.234000 -1.125631 
0.235000 -1.124962 
0.236000 -1.124086 
0.237000 -1.123006 
0.238000 -1.121723 
0.239000 -1.120239 
0.240000 -1.118559 
0.241000 -1.116683 
0.242000 -1.114616 
0.243000 -1.112361 
0.244000 -1.109919 
0.245000 -1.107295 
0.246000 -1.104492 
0.247000 -1.101513 
0.248000 -1.098362 
0.249000 -1.095042 
0.250000 -1.091557 
0.251000 -1.087911 
0.252000 -1.084107 
0.253000 -1.080148 
0.254000 -1.076040 
0.255000 -1.071785 
0.256000 -1.067388 
0.257000 -1.062853 
0.258000 -1.058182 
0.259000 -1.053381 
0.260000 -1.048454 
0.261000 -1.043403 
0.262000 -1.038233 
0.263000 -1.032949 
0.264000 -1.027553 
0.265000 -1.022050 
0.266000 -1.016443 
0.267000 -1.010737 
0.268000 -1.004934 
0.269000 -0.999040 
0.270000 -0.993057 
0.271000 -0.986989 
0.272000 -0.980840 
0.273000 -0.974613 
0.274000 -0.968312 
0.275000 -0.961940 
0.276000 -0.955501 
0.277000 -0.948998 
0.278000 -0.942434 
0.279000 -0.935812 
0.280000 -0.929136 
0.281000 -0.922409 
0.282000 -0.915633 
0.283000 -0.908812 
0.284000 -0.901949 
0.285000 -0.895046 
0.286000 -0.888106 
0.287000 -0.881131 
0.288000 -0.874125 
0.289000 -0.867091 
0.290000 -0.860029 
0.291000 -0.852944 
0.292000 -0.845837 
0.293000 -0.838710 
0.294000 -0.831566 
0.295000 -0.824407 
0.296000 -0.817235 
0.297000 -0.810052 
0.298000 -0.802860 
0.299000 -0.795661 
0.300000 -0.788456 
0.301000 -0.781248 
0.302000 -0.774039 
0.303000 -0.766829 
0.304000 -0.759622 
0.305000 -0.752417 
0.306000 -0.745217 
0.307000 -0.738022 
0.308000 -0.730836 
0.309000 -0.723658 
0.310000 -0.716490 
0.311000 -0.709334 
0.312000 -0.702190 
0.313000 -0.695060 
0.314000 -0.687945 
0.315000 -0.680846 
0.316000 -0.673764 
0.317000 -0.666699 
0.318000 -0.659653 
0.319000 -0.652627 
0.320000 -0.645622 
0.321000 -0.638638 
0.322000 -0.631676 
0.323000 -0.624737 
0.324000 -0.617822 
0.325000 -0.610931 
0.326000 -0.604064 
0.327000 -0.597224 
0.328000 -0.590409 
0.329000 -0.583621 
0.330000 -0.576861 
0.331000 -0.570128 
0.332000 -0.563423 
0.333000 -0.556746 
0.334000 -0.550099 
0.335000 -0.543481 
0.336000 -0.536893 
0.337000 -0.530334 
0.338000 -0.523807 
0.339000 -0.517310 
0.340000 -0.510843 
0.341000 -0.504409 
0.342000 -0.498005 
0.343000 -0.491633 
0.344000 -0.485294 
0.345000 -0.478986 
0.346000 -0.472710 
0.347000 -0.466467 
0.348000 -0.460256 
0.349000 -0.454078 
0.350000 -0.447933 
0.351000 -0.441821 
0.352000 -0.435741 
0.353000 -0.429695 
0.354000 -0.423681 
0.355000 -0.417701 
0.356000 -0.411754 
0.357000 -0.405840 
0.358000 -0.399959 
0.359000 -0.394111 
0.360000 -0.388297 
0.361000 -0.382515 
0.362000 -0.376767 
0.363000 -0.371052 
0.364000 -0.365369 
0.365000 -0.359720 
0.366000 -0.354104 
0.367000 -0.348520 
0.368000 -0.342970 
0.369000 -0.337452 
0.370000 -0.331966 
0.371000 -0.326514 
0.372000 -0.321093 
0.373000 -0.315705 
0.374000 -0.310350 
0.375000 -0.305026 
0.376000 -0.299735 
0.377000 -0.294475 
0.378000 -0.289247 
0.379000 -0.284051 
0.380000 -0.278886 
0.381000 -0.273753 
0.382000 -0.268651 
0.383000 -0.263580 
0.384000 -0.258540 
0.385000 -0.253531 
0.386000 -0.248553 
0.387000 -0.243605 
0.388000 -0.238688 
0.389000 -0.233801 
0.390000 -0.228944 
0.391000 -0.224116 
0.392000 -0.219319 
0.393000 -0.214551 
0.394000 -0.209813 
0.395000 -0.205104 
0.396000 -0.200424 
0.397000 -0.195774 
0.398000 -0.191152 
0.399000 -0.186558 
0.400000 -0.181993 
0.401000 -0.177457 
0.402000 -0.172948 
0.403000 -0.168468 
0.404000 -0.164015 
0.405000 -0.159590 
0.406000 -0.155192 
0.407000 -0.150822 
0.408000 -0.146479 
0.409000 -0.142162 
0.410000 -0.137873 
0.411000 -0.133610 
0.412000 -0.129373 
0.413000 -0.125163 
0.414000 -0.120979 
0.415000 -0.116821 
0.416000 -0.112689 
0.417000 -0.108582 
0.418000 -0.104500 
0.419000 -0.100444 
0.420000 -0.096413 
0.421000 -0.092407 
0.422000 -0.088426 
0.423000 -0.084469 
0.424000 -0.080537 
0.425000 -0.076628 
0.426000 -0.072745 
0.427000 -0.068884 
0.428000 -0.065048 
0.429000 -0.061236 
0.430000 -0.057446 
0.431000 -0.053680 
0.432000 -0.049938 
0.433000 -0.046218 
0.434000 -0.042521 
0.435000 -0.038846 
0.436000 -0.035195 
0.437000 -0.031565 
0.438000 -0.027958 
0.439000 -0.024372 
0.440000 -0.020809 
0.441000 -0.017267 
0.442000 -0.013747 
0.443000 -0.010249 
0.444000 -0.006771 
0.445000 -0.003315 
0.446000 0.000120 
0.447000 0.003535 
0.448000 0.006928 
0.449000 0.010301 
0.450000 0.013654 
0.451000 0.016986 
0.452000 0.020299 
0.453000 0.023591 
0.454000 0.026864 
0.455000 0.030116 
0.456000 0.033349 
0.457000 0.036563 
0.458000 0.039758 
0.459000 0.042933 
0.460000 0.046089 
0.461000 0.049226 
0.462000 0.052345 
0.463000 0.055445 
0.464000 0.058526 
0.465000 0.061589 
0.466000 0.064633 
0.467000 0.067660 
0.468000 0.070668 
0.469000 0.073659 
0.470000 0.076632 
0.471000 0.079587 
0.472000 0.082525 
0.473000 0.085445 
0.474000 0.088348 
0.475000 0.091234 
0.476000 0.094102 
0.477000 0.096954 
0.478000 0.099789 
0.479000 0.102607 
0.480000 0.105409 
0.481000 0.108194 
0.482000 0.110963 
0.483000 0.113715 
0.484000 0.116451 
0.485000 0.119172 
0.486000 0.121876 
0.487000 0.124564 
0.488000 0.127237 
0.489000 0.129894 
0.490000 0.132536 
0.491000 0.135162 
0.492000 0.137773 
0.493000 0.140368 
0.494000 0.142949 
0.495000 0.145514 
0.496000 0.148065 
0.497000 0.150601 
0.498000 0.153121 
0.499000 0.155628 
0.500000 0.158120 
0.501000 0.160597 
0.502000 0.163060 
0.503000 0.165509 
0.504000 0.167943 
0.505000 0.170364 
0.506000 0.172770 
0.507000 0.175163 
0.508000 0.177541 
0.509000 0.179906 
0.510000 0.182258 
0.511000 0.184596 
0.512000 0.186920 
0.513000 0.189231 
0.514000 0.191529 
0.515000 0.193813 
0.516000 0.196084 
0.517000 0.198342 
0.518000 0.200588 
0.519000 0.202820 
0.520000 0.205040 
0.521000 0.207246 
0.522000 0.209440 
0.523000 0.211622 
0.524000 0.213791 
0.525000 0.215948 
0.526000 0.218092 
0.527000 0.220224 
0.528000 0.222343 
0.529000 0.224451 
0.530000 0.226546 
0.531000 0.228630 
0.532000 0.230701 
0.533000 0.232761 
0.534000 0.234809 
0.535000 0.236845 
0.536000 0.238870 
0.537000 0.240883 
0.538000 0.242884 
0.539000 0.244874 
0.540000 0.246852 
0.541000 0.248820 
0.542000 0.250776 
0.543000 0.252720 
0.544000 0.254654 
0.545000 0.256576 
0.546000 0.258488 
0.547000 0.260389 
0.548000 0.262278 
0.549000 0.264157 
0.550000 0.266025 
0.551000 0.267882 
0.552000 0.269729 
0.553000 0.271565 
0.554000 0.273391 
0.555000 0.275206 
0.556000 0.277010 
0.557000 0.278805 
0.558000 0.280589 
0.559000 0.282362 
0.560000 0.284126 
0.561000 0.285879 
0.562000 0.287622 
0.563000 0.289355 
0.564000 0.291079 
0.565000 0.292792 
0.566000 0.294495 
0.567000 0.296188 
0.568000 0.297872 
0.569000 0.299546 
0.570000 0.301210 
0.571000 0.302865 
0.572000 0.304510 
0.573000 0.306145 
0.574000 0.307771 
0.575000 0.309387 
0.576000 0.310994 
0.577000 0.312592 
0.578000 0.314180 
0.579000 0.315759 
0.580000 0.317329 
0.581000 0.318889 
0.582000 0.320441 
0.583000 0.321983 
0.584000 0.323516 
0.585000 0.325040 
0.586000 0.326555 
0.587000 0.328061 
0.588000 0.329559 
0.589000 0.331047 
0.590000 0.332527 
0.591000 0.333998 
0.592000 0.335460 
0.593000 0.336913 
0.594000 0.338358 
0.595000 0.339794 
0.596000 0.341221 
0.597000 0.342640 
0.598000 0.344051 
0.599000 0.345453 
0.600000 0.346846 
0.601000 0.348231 
0.602000 0.349608 
0.603000 0.350976 
0.604000 0.352336 
0.605000 0.353688 
0.606000 0.355031 
0.607000 0.356367 
0.608000 0.357694 
0.609000 0.359013 
0.610000 0.360323 
0.611000 0.361626 
0.612000 0.362921 
0.613000 0.364207 
0.614000 0.365486 
0.615000 0.366757 
0.616000 0.368020 
0.617000 0.369274 
0.618000 0.370521 
0.619000 0.371761 
0.620000 0.372992 
0.621000 0.374215 
0.622000 0.375431 
0.623000 0.376639 
0.624000 0.377840 
0.625000 0.379032 
0.626000 0.380217 
0.627000 0.381395 
0.628000 0.382565 
0.629000 0.383727 
0.630000 0.384882 
0.631000 0.386029 
0.632000 0.387168 
0.633000 0.388300 
0.634000 0.389425 
0.635000 0.390543 
0.636000 0.391652 
0.637000 0.392755 
0.638000 0.393850 
0.639000 0.394938 
0.640000 0.396018 
0.641000 0.397092 
0.642000 0.398158 
0.643000 0.399216 
0.644000 0.400268 
0.645000 0.401312 
0.646000 0.402349 
0.647000 0.403379 
0.648000 0.404402 
0.649000 0.405417 
0.650000 0.406426 
0.651000 0.407427 
0.652000 0.408422 
0.653000 0.409409 
0.654000 0.410389 
0.655000 0.411362 
0.656000 0.412329 
0.657000 0.413288 
0.658000 0.414240 
0.659000 0.415186 
0.660000 0.416124 
0.661000 0.417056 
0.662000 0.417980 
0.663000 0.418898 
0.664000 0.419809 
0.665000 0.420713 
0.666000 0.421610 
0.667000 0.422500 
0.668000 0.423384 
0.669000 0.424261 
0.670000 0.425131 
0.671000 0.425994 
0.672000 0.426850 
0.673000 0.427700 
0.674000 0.428543 
0.675000 0.429379 
0.676000 0.430209 
0.677000 0.431031 
0.678000 0.431848 
0.679000 0.432657 
0.680000 0.433460 
0.681000 0.434256 
0.682000 0.435046 
0.683000 0.435829 
0.684000 0.436605 
0.685000 0.437375 
0.686000 0.438138 
0.687000 0.438894 
0.688000 0.439644 
0.689000 0.440388 
0.690000 0.441124 
0.691000 0.441855 
0.692000 0.442578 
0.693000 0.443296 
0.694000 0.444006 
0.695000 0.444710 
0.696000 0.445408 
0.697000 0.446099 
0.698000 0.446784 
0.699000 0.447462 
0.700000 0.448134 
0.701000 0.448799 
0.702000 0.449457 
0.703000 0.450110 
0.704000 0.450755 
0.705000 0.451395 
0.706000 0.452027 
0.707000 0.452654 
0.708000 0.453274 
0.709000 0.453887 
0.710000 0.454494 
0.711000 0.455095 
0.712000 0.455689 
0.713000 0.456277 
0.714000 0.456858 
0.715000 0.457433 
0.716000 0.458002 
0.717000 0.458567 
0.718000 0.459123 
0.719000 0.459672 
0.720000 0.460215 
0.721000 0.460751 
0.722000 0.461281 
0.723000 0.461805 
0.724000 0.462322 
0.725000 0.462833 
0.726000 0.463337 
0.727000 0.463835 
0.728000 0.464326 
0.729000 0.464812 
0.730000 0.465290 
0.731000 0.465763 
0.732000 0.466229 
0.733000 0.466688 
0.734000 0.467141 
0.735000 0.467588 
0.736000 0.468028 
0.737000 0.468462 
0.738000 0.468889 
0.739000 0.469310 
0.740000 0.469724 
0.741000 0.470132 
0.742000 0.470534 
0.743000 0.470929 
0.744000 0.471318 
0.745000 0.471700 
0.746000 0.472076 
0.747000 0.472445 
0.748000 0.472808 
0.749000 0.473164 
0.750000 0.473514 
0.751000 0.473858 
0.752000 0.474195 
0.753000 0.474525 
0.754000 0.474849 
0.755000 0.475166 
0.756000 0.475477 
0.757000 0.475781 
0.758000 0.476079 
0.759000 0.476370 
0.760000 0.476655 
0.761000 0.476933 
0.762000 0.477204 
0.763000 0.477469 
0.764000 0.477727 
0.765000 0.477979 
0.766000 0.478224 
0.767000 0.478462 
0.768000 0.478694 
0.769000 0.478919 
0.770000 0.479138 
0.771000 0.479349 
0.772000 0.479555 
0.773000 0.479753 
0.774000 0.479945 
0.775000 0.480129 
0.776000 0.480308 
0.777000 0.480479 
0.778000 0.480644 
0.779000 0.480802 
0.780000 0.480953 
0.781000 0.481097 
0.782000 0.481234 
0.783000 0.481365 
0.784000 0.481489 
0.785000 0.481606 
0.786000 0.481716 
0.787000 0.481819 
0.788000 0.481915 
0.789000 0.482004 
0.790000 0.482086 
0.791000 0.482161 
0.792000 0.482230 
0.793000 0.482291 
0.794000 0.482345 
0.795000 0.482392 
0.796000 0.482432 
0.797000 0.482465 
0.798000 0.482491 
0.799000 0.482510 
0.800000 0.482522 
0.801000 0.482526 
0.802000 0.482523 
0.803000 0.482514 
0.804000 0.482496 
0.805000 0.482472 
0.806000 0.482440 
0.807000 0.482401 
0.808000 0.482355 
0.809000 0.482301 
0.810000 0.482240 
0.811000 0.482171 
0.812000 0.482095 
0.813000 0.482012 
0.814000 0.481921 
0.815000 0.481823 
0.816000 0.481717 
0.817000 0.481603 
0.818000 0.481482 
0.819000 0.481354 
0.820000 0.481217 
0.821000 0.481073 
0.822000 0.480922 
0.823000 0.480762 
0.824000 0.480595 
0.825000 0.480420 
0.826000 0.480237 
0.827000 0.480047 
0.828000 0.479848 
0.829000 0.479642 
0.830000 0.479427 
0.831000 0.479205 
0.832000 0.478975 
0.833000 0.478736 
0.834000 0.478490 
0.835000 0.478235 
0.836000 0.477972 
0.837000 0.477701 
0.838000 0.477422 
0.839000 0.477135 
0.840000 0.476839 
0.841000 0.476535 
0.842000 0.476223 
0.843000 0.475902 
0.844000 0.475573 
0.845000 0.475235 
0.846000 0.474889 
0.847000 0.474534 
0.848000 0.474171 
0.849000 0.473799 
0.850000 0.473418 
0.851000 0.473028 
0.852000 0.472630 
0.853000 0.472223 
0.854000 0.471807 
0.855000 0.471382 
0.856000 0.470949 
0.857000 0.470506 
0.858000 0.470054 
0.859000 0.469593 
0.860000 0.469123 
0.861000 0.468644 
0.862000 0.468156 
0.863000 0.467658 
0.864000 0.467151 
0.865000 0.466635 
0.866000 0.466109 
0.867000 0.465574 
0.868000 0.465029 
0.869000 0.464475 
0.870000 0.463911 
0.871000 0.463337 
0.872000 0.462754 
0.873000 0.462160 
0.874000 0.461557 
0.875000 0.460944 
0.876000 0.460322 
0.877000 0.459689 
0.878000 0.459046 
0.879000 0.458392 
0.880000 0.457729 
0.881000 0.457055 
0.882000 0.456371 
0.883000 0.455677 
0.884000 0.454972 
0.885000 0.454257 
0.886000 0.453531 
0.887000 0.452795 
0.888000 0.452048 
0.889000 0.451290 
0.890000 0.450521 
0.891000 0.449741 
0.892000 0.448950 
0.893000 0.448149 
0.894000 0.447336 
0.895000 0.446512 
0.896000 0.445677 
0.897000 0.444830 
0.898000 0.443972 
0.899000 0.443103 
0.900000 0.442222 
0.901000 0.441329 
0.902000 0.440425 
0.903000 0.439509 
0.904000 0.438581 
0.905000 0.437641 
0.906000 0.436689 
0.907000 0.435725 
0.908000 0.434749 
0.909000 0.433760 
0.910000 0.432759 
0.911000 0.431746 
0.912000 0.430720 
0.913000 0.429682 
0.914000 0.428631 
0.915000 0.427567 
0.916000 0.426490 
0.917000 0.425401 
0.918000 0.424298 
0.919000 0.423182 
0.920000 0.422053 
0.921000 0.420910 
0.922000 0.419754 
0.923000 0.418585 
0.924000 0.417402 
0.925000 0.416205 
0.926000 0.414994 
0.927000 0.413769 
0.928000 0.412531 
0.929000 0.411278 
0.930000 0.410011 
0.931000 0.408729 
0.932000 0.407433 
0.933000 0.406123 
0.934000 0.404797 
0.935000 0.403457 
0.936000 0.402102 
0.937000 0.400732 
0.938000 0.399347 
0.939000 0.397947 
0.940000 0.396531 
0.941000 0.395099 
0.942000 0.393652 
0.943000 0.392190 
0.944000 0.390711 
0.945000 0.389216 
0.946000 0.387706 
0.947000 0.386179 
0.948000 0.384635 
0.949000 0.383075 
0.950000 0.381498 
0.951000 0.379905 
0.952000 0.378295 
0.953000 0.376667 
0.954000 0.375023 
0.955000 0.373360 
0.956000 0.371681 
0.957000 0.369984 
0.958000 0.368269 
0.959000 0.366536 
0.960000 0.364785 
0.961000 0.363016 
0.962000 0.361228 
0.963000 0.359422 
0.964000 0.357597 
0.965000 0.355753 
0.966000 0.353891 
0.967000 0.352009 
0.968000 0.350107 
0.969000 0.348186 
0.970000 0.346246 
0.971000 0.344286 
0.972000 0.342305 
0.973000 0.340305 
0.974000 0.338284 
0.975000 0.336242 
0.976000 0.334180 
0.977000 0.332097 
0.978000 0.329992 
0.979000 0.327867 
0.980000 0.325720 
0.981000 0.323551 
0.982000 0.321360 
0.983000 0.319148 
0.984000 0.316913 
0.985000 0.314655 
0.986000 0.312375 
0.987000 0.310072 
0.988000 0.307746 
0.989000 0.305397 
0.990000 0.303024 
0.991000 0.300628 
0.992000 0.298208 
0.993000 0.295763 
0.994000 0.293294 
0.995000 0.290801 
0.996000 0.288283 
0.997000 0.285739 
0.998000 0.283171 
0.999000 0.280577 
1.000000 0.277957 
1.001000 0.275311 
1.002000 0.272640 
1.003000 0.269941 
1.004000 0.267216 
1.005000 0.264464 
1.006000 0.261685 
1.007000 0.258878 
1.008000 0.256044 
1.009000 0.253181 
1.010000 0.250291 
1.011000 0.247372 
1.012000 0.244424 
1.013000 0.241447 
1.014000 0.238441 
1.015000 0.235405 
1.016000 0.232339 
1.017000 0.229243 
1.018000 0.226117 
1.019000 0.222960 
1.020000 0.219772 
1.021000 0.216553 
1.022000 0.213302 
1.023000 0.210019 
1.024000 0.206704 
1.025000 0.203356 
1.026000 0.199976 
1.027000 0.196562 
1.028000 0.193115 
1.029000 0.189635 
1.030000 0.186120 
1.031000 0.182570 
1.032000 0.178987 
1.033000 0.175367 
1.034000 0.171713 
1.035000 0.168023 
1.036000 0.164297 
1.037000 0.160534 
1.038000 0.156735 
1.039000 0.152898 
1.040000 0.149024 
1.041000 0.145112 
1.042000 0.141162 
1.043000 0.137174 
1.044000 0.133146 
1.045000 0.129080 
1.046000 0.124974 
1.047000 0.120828 
1.048000 0.116641 
1.049000 0.112414 
1.050000 0.108146 
1.051000 0.103836 
1.052000 0.099484 
1.053000 0.095090 
1.054000 0.090654 
1.055000 0.086174 
1.056000 0.081651 
1.057000 0.077085 
1.058000 0.072474 
1.059000 0.067819 
1.060000 0.063118 
1.061000 0.058372 
1.062000 0.053581 
1.063000 0.048743 
1.064000 0.043859 
1.065000 0.038928 
1.066000 0.033950 
1.067000 0.028923 
1.068000 0.023849 
1.069000 0.018726 
1.070000 0.013554 
1.071000 0.008333 
1.072000 0.003062 
1.073000 -0.002259 
1.074000 -0.007631 
1.075000 -0.013053 
1.076000 -0.018527 
1.077000 -0.024053 
1.078000 -0.029631 
1.079000 -0.035261 
1.080000 -0.040945 
1.081000 -0.046681 
1.082000 -0.052472 
1.083000 -0.058316 
1.084000 -0.064215 
1.085000 -0.070168 
1.086000 -0.076177 
1.087000 -0.082241 
1.088000 -0.088361 
1.089000 -0.094537 
1.090000 -0.100770 
1.091000 -0.107059 
1.092000 -0.113406 
1.093000 -0.119810 
1.094000 -0.126273 
1.095000 -0.132793 
1.096000 -0.139371 
1.097000 -0.146008 
1.098000 -0.152704 
1.099000 -0.159460 
1.100000 -0.166274 
1.101000 -0.173148 
1.102000 -0.180082 
1.103000 -0.187076 
1.104000 -0.194131 
1.105000 -0.201245 
1.106000 -0.208420 
1.107000 -0.215656 
1.108000 -0.222952 
1.109000 -0.230309 
1.110000 -0.237727 
1.111000 -0.245205 
1.112000 -0.252745 
1.113000 -0.260345 
1.114000 -0.268006 
1.115000 -0.275728 
1.116000 -0.283510 
1.117000 -0.291353 
1.118000 -0.299256 
1.119000 -0.307219 
1.120000 -0.315242 
1.121000 -0.323324 
1.122000 -0.331466 
1.123000 -0.339667 
1.124000 -0.347926 
1.125000 -0.356244 
1.126000 -0.364619 
1.127000 -0.373051 
1.128000 -0.381540 
1.129000 -0.390085 
1.130000 -0.398685 
1.131000 -0.407339 
1.132000 -0.416048 
1.133000 -0.424809 
1.134000 -0.433623 
1.135000 -0.442487 
1.136000 -0.451402 
1.137000 -0.460366 
1.138000 -0.469378 
1.139000 -0.478436 
1.140000 -0.487541 
1.141000 -0.496689 
1.142000 -0.505880 
1.143000 -0.515113 
1.144000 -0.524385 
1.145000 -0.533695 
1.146000 -0.543042 
1.147000 -0.552424 
1.148000 -0.561838 
1.149000 -0.571283 
1.150000 -0.580758 
1.151000 -0.590258 
1.152000 -0.599784 
1.153000 -0.609332 
1.154000 -0.618899 
1.155000 -0.628484 
1.156000 -0.638084 
1.157000 -0.647696 
1.158000 -0.657318 
1.159000 -0.666946 
1.160000 -0.676578 
1.161000 -0.686211 
1.162000 -0.695842 
1.163000 -0.705466 
1.164000 -0.715083 
1.165000 -0.724686 
1.166000 -0.734275 
1.167000 -0.743844 
1.168000 -0.753390 
1.169000 -0.762909 
1.170000 -0.772398 
1.171000 -0.781853 
1.172000 -0.791269 
1.173000 -0.800643 
1.174000 -0.809971 
1.175000 -0.819248 
1.176000 -0.828469 
1.177000 -0.837632 
1.178000 -0.846731 
1.179000 -0.855762 
1.180000 -0.864720 
1.181000 -0.873601 
1.182000 -0.882400 
1.183000 -0.891113 
1.184000 -0.899735 
1.185000 -0.908261 
1.186000 -0.916686 
1.187000 -0.925007 
1.188000 -0.933217 
1.189000 -0.941314 
1.190000 -0.949290 
1.191000 -0.957143 
1.192000 -0.964868 
1.193000 -0.972459 
1.194000 -0.979913 
1.195000 -0.987224 
1.196000 -0.994388 
1.197000 -1.001401 
1.198000 -1.008259 
1.199000 -1.014957 
1.200000 -1.021491 
1.201000 -1.027857 
1.202000 -1.034050 
1.203000 -1.040068 
1.204000 -1.045907 
1.205000 -1.051562 
1.206000 -1.057031 
1.207000 -1.062309 
1.208000 -1.067395 
1.209000 -1.072284 
1.210000 -1.076974 
1.211000 -1.081463 
1.212000 -1.085747 
1.213000 -1.089825 
1.214000 -1.093693 
1.215000 -1.097352 
1.216000 -1.100797 
1.217000 -1.104044 
1.218000 -1.107059 
1.219000 -1.109858 
1.220000 -1.112438 
1.221000 -1.114801 
1.222000 -1.116944 
1.223000 -1.118868 
1.224000 -1.120572 
1.225000 -1.122056 
1.226000 -1.123322 
1.227000 -1.124368 
1.228000 -1.125195 
1.229000 -1.125805 
1.230000 -1.126199 
1.231000 -1.126376 
1.232000 -1.126340 
1.233000 -1.126091 
1.234000 -1.125631 
1.235000 -1.124962 
1.236000 -1.124086 
1.237000 -1.123006 
1.238000 -1.121723 
1.239000 -1.120239 
1.240000 -1.118559 
1.241000 -1.116683 
1.242000 -1.114616 
1.243000 -1.112361 
1.244000 -1.109919 
1.245000 -1.107295 
1.246000 -1.104492 
1.247000 -1.101513 
1.248000 -1.098362 
1.249000 -1.095042 
1.250000 -1.091557 
1.251000 -1.087911 
1.252000 -1.084107 
1.253000 -1.080148 
1.254000 -1.076040 
1.255000 -1.071785 
1.256000 -1.067388 
1.257000 -1.062853 
1.258000 -1.058182 
1.259000 -1.053381 
1.260000 -1.048454 
1.261000 -1.043403 
1.262000 -1.038233 
1.263000 -1.032949 
1.264000 -1.027553 
1.265000 -1.022050 
1.266000 -1.016443 
1.267000 -1.010737 
1.268000 -1.004934 
1.269000 -0.999040 
1.270000 -0.993057 
1.271000 -0.986989 
1.272000 -0.980840 
1.273000 -0.974613 
1.274000 -0.968312 
1.275000 -0.961940 
1.276000 -0.955501 
1.277000 -0.948998 
1.278000 -0.942434 
1.279000 -0.935812 
1.280000 -0.929136 
1.281000 -0.922409 
1.282000 -0.915633 
1.283000 -0.908812 
1.284000 -0.901949 
1.285000 -0.895046 
1.286000 -0.888106 
1.287000 -0.881131 
1.288000 -0.874125 
1.289000 -0.867091 
1.290000 -0.860029 
1.291000 -0.852944 
1.292000 -0.845837 
1.293000 -0.838710 
1.294000 -0.831566 
1.295000 -0.824407 
1.296000 -0.817235 
1.297000 -0.810052 
1.298000 -0.802860 
1.299000 -0.795661 
1.300000 -0.788456 
1.301000 -0.781248 
1.302000 -0.774039 
1.303000 -0.766829 
1.304000 -0.759622 
1.305000 -0.752417 
1.306000 -0.745217 
1.307000 -0.738022 
1.308000 -0.730836 
1.309000 -0.723658 
1.310000 -0.716490 
1.311000 -0.709334 
1.312000 -0.702190 
1.313000 -0.695060 
1.314000 -0.687945 
1.315000 -0.680846 
1.316000 -0.673764 
1.317000 -0.666699 
1.318000 -0.659653 
1.319000 -0.652627 
1.320000 -0.645622 
1.321000 -0.638638 
1.322000 -0.631676 
1.323000 -0.624737 
1.324000 -0.617822 
1.325000 -0.610931 
1.326000 -0.604064 
1.327000 -0.597224 
1.328000 -0.590409 
1.329000 -0.583621 
1.330000 -0.576861 
1.331000 -0.570128 
1.332000 -0.563423 
1.333000 -0.556746 
1.334000 -0.550099 
1.335000 -0.543481 
1.336000 -0.536893 
1.337000 -0.530334 
1.338000 -0.523807 
1.339000 -0.517310 
1.340000 -0.510843 
1.341000 -0.504409 
1.342000 -0.498005 
1.343000 -0.491633 
1.344000 -0.485294 
1.345000 -0.478986 
1.346000 -0.472710 
1.347000 -0.466467 
1.348000 -0.460256 
1.349000 -0.454078 
1.350000 -0.447933 
1.351000 -0.441821 
1.352000 -0.435741 
1.353000 -0.429695 
1.354000 -0.423681 
1.355000 -0.417701 
1.356000 -0.411754 
1.357000 -0.405840 
1.358000 -0.399959 
1.359000 -0.394111 
1.360000 -0.388297 
1.361000 -0.382515 
1.362000 -0.376767 
1.363000 -0.371052 
1.364000 -0.365369 
1.365000 -0.359720 
1.366000 -0.354104 
1.367000 -0.348520 
1.368000 -0.342970 
1.369000 -0.337452 
1.370000 -0.331966 
1.371000 -0.326514 
1.372000 -0.321093 
1.373000 -0.315705 
1.374000 -0.310350 
1.375000 -0.305026 
1.376000 -0.299735 
1.377000 -0.294475 
1.378000 -0.289247 
1.379000 -0.284051 
1.380000 -0.278886 
1.381000 -0.273753 
1.382000 -0.268651 
1.383000 -0.263580 
1.384000 -0.258540 
1.385000 -0.253531 
1.386000 -0.248553 
1.387000 -0.243605 
1.388000 -0.238688 
1.389000 -0.233801 
1.390000 -0.228944 
1.391000 -0.224116 
1.392000 -0.219319 
1.393000 -0.214551 
1.394000 -0.209813 
1.395000 -0.205104 
1.396000 -0.200424 
1.397000 -0.195774 
1.398000 -0.191152 
1.399000 -0.186558 
1.400000 -0.181993 
1.401000 -0.177457 
1.402000 -0.172948 
1.403000 -0.168468 
1.404000 -0.164015 
1.405000 -0.159590 
1.406000 -0.155192 
1.407000 -0.150822 
1.408000 -0.146479 
1.409000 -0.142162 
1.410000 -0.137873 
1.411000 -0.133610 
1.412000 -0.129373 
1.413000 -0.125163 
1.414000 -0.120979 
1.415000 -0.116821 
1.416000 -0.112689 
1.417000 -0.108582 
1.418000 -0.104500 
1.419000 -0.100444 
1.420000 -0.096413 
1.421000 -0.092407 
1.422000 -0.088426 
1.423000 -0.084469 
1.424000 -0.080537 
1.425000 -0.076628 
1.426000 -0.072745 
1.427000 -0.068884 
1.428000 -0.065048 
1.429000 -0.061236 
1.430000 -0.057446 
1.431000 -0.053680 
1.432000 -0.049938 
1.433000 -0.046218 
1.434000 -0.042521 
1.435000 -0.038846 
1.436000 -0.035195 
1.437000 -0.031565 
1.438000 -0.027958 
1.439000 -0.024372 
1.440000 -0.020809 
1.441000 -0.017267 
1.442000 -0.013747 
1.443000 -0.010249 
1.444000 -0.006771 
1.445000 -0.003315 
1.446000 0.000120 
1.447000 0.003535 
1.448000 0.006928 
1.449000 0.010301 
1.450000 0.013654 
1.451000 0.016986 
1.452000 0.020299 
1.453000 0.023591 
1.454000 0.026864 
1.455000 0.030116 
1.456000 0.033349 
1.457000 0.036563 
1.458000 0.039758 
1.459000 0.042933 
1.460000 0.046089 
1.461000 0.049226 
1.462000 0.052345 
1.463000 0.055445 
1.464000 0.058526 
1.465000 0.061589 
1.466000 0.064633 
1.467000 0.067660 
1.468000 0.070668 
1.469000 0.073659 
1.470000 0.076632 
1.471000 0.079587 
1.472000 0.082525 
1.473000 0.085445 
1.474000 0.088348 
1.475000 0.091234 
1.476000 0.094102 
1.477000 0.096954 
1.478000 0.099789 
1.479000 0.102607 
1.480000 0.105409 
1.481000 0.108194 
1.482000 0.110963 
1.483000 0.113715 
1.484000 0.116451 
1.485000 0.119172 
1.486000 0.121876 
1.487000 0.124564 
1.488000 0.127237 
1.489000 0.129894 
1.490000 0.132536 
1.491000 0.135162 
1.492000 0.137773 
1.493000 0.140368 
1.494000 0.142949 
1.495000 0.145514 
1.496000 0.148065 
1.497000 0.150601 
1.498000 0.153121 
1.499000 0.155628 
