# Tc_folded model 
-1.500000 0.374006 
-1.499000 0.375223 
-1.498000 0.376432 
-1.497000 0.377634 
-1.496000 0.378828 
-1.495000 0.380014 
-1.494000 0.381193 
-1.493000 0.382364 
-1.492000 0.383528 
-1.491000 0.384684 
-1.490000 0.385832 
-1.489000 0.386973 
-1.488000 0.388106 
-1.487000 0.389232 
-1.486000 0.390351 
-1.485000 0.391462 
-1.484000 0.392566 
-1.483000 0.393662 
-1.482000 0.394751 
-1.481000 0.395833 
-1.480000 0.396908 
-1.479000 0.397975 
-1.478000 0.399035 
-1.477000 0.400087 
-1.476000 0.401133 
-1.475000 0.402171 
-1.474000 0.403202 
-1.473000 0.404226 
-1.472000 0.405243 
-1.471000 0.406253 
-1.470000 0.407256 
-1.469000 0.408251 
-1.468000 0.409240 
-1.467000 0.410221 
-1.466000 0.411196 
-1.465000 0.412163 
-1.464000 0.413124 
-1.463000 0.414077 
-1.462000 0.415024 
-1.461000 0.415963 
-1.460000 0.416896 
-1.459000 0.417822 
-1.458000 0.418741 
-1.457000 0.419653 
-1.456000 0.420558 
-1.455000 0.421456 
-1.454000 0.422348 
-1.453000 0.423232 
-1.452000 0.424110 
-1.451000 0.424982 
-1.450000 0.425846 
-1.449000 0.426703 
-1.448000 0.427554 
-1.447000 0.428398 
-1.446000 0.429236 
-1.445000 0.430067 
-1.444000 0.430891 
-1.443000 0.431708 
-1.442000 0.432518 
-1.441000 0.433322 
-1.440000 0.434120 
-1.439000 0.434910 
-1.438000 0.435695 
-1.437000 0.436472 
-1.436000 0.437243 
-1.435000 0.438007 
-1.434000 0.438765 
-1.433000 0.439516 
-1.432000 0.440260 
-1.431000 0.440998 
-1.430000 0.441730 
-1.429000 0.442454 
-1.428000 0.443173 
-1.427000 0.443885 
-1.426000 0.444590 
-1.425000 0.445289 
-1.424000 0.445981 
-1.423000 0.446667 
-1.422000 0.447346 
-1.421000 0.448019 
-1.420000 0.448685 
-1.419000 0.449345 
-1.418000 0.449998 
-1.417000 0.450645 
-1.416000 0.451285 
-1.415000 0.451919 
-1.414000 0.452547 
-1.413000 0.453168 
-1.412000 0.453782 
-1.411000 0.454390 
-1.410000 0.454992 
-1.409000 0.455588 
-1.408000 0.456176 
-1.407000 0.456759 
-1.406000 0.457335 
-1.405000 0.457904 
-1.404000 0.458471 
-1.403000 0.459028 
-1.402000 0.459578 
-1.401000 0.460122 
-1.400000 0.460659 
-1.399000 0.461190 
-1.398000 0.461715 
-1.397000 0.462233 
-1.396000 0.462745 
-1.395000 0.463251 
-1.394000 0.463750 
-1.393000 0.464242 
-1.392000 0.464729 
-1.391000 0.465208 
-1.390000 0.465682 
-1.389000 0.466149 
-1.388000 0.466609 
-1.387000 0.467064 
-1.386000 0.467511 
-1.385000 0.467953 
-1.384000 0.468388 
-1.383000 0.468816 
-1.382000 0.469238 
-1.381000 0.469654 
-1.380000 0.470063 
-1.379000 0.470466 
-1.378000 0.470862 
-1.377000 0.471252 
-1.376000 0.471635 
-1.375000 0.472012 
-1.374000 0.472382 
-1.373000 0.472746 
-1.372000 0.473104 
-1.371000 0.473455 
-1.370000 0.473799 
-1.369000 0.474137 
-1.368000 0.474469 
-1.367000 0.474794 
-1.366000 0.475112 
-1.365000 0.475424 
-1.364000 0.475729 
-1.363000 0.476028 
-1.362000 0.476321 
-1.361000 0.476606 
-1.360000 0.476885 
-1.359000 0.477158 
-1.358000 0.477424 
-1.357000 0.477683 
-1.356000 0.477936 
-1.355000 0.478182 
-1.354000 0.478422 
-1.353000 0.478655 
-1.352000 0.478881 
-1.351000 0.479101 
-1.350000 0.479314 
-1.349000 0.479520 
-1.348000 0.479719 
-1.347000 0.479912 
-1.346000 0.480098 
-1.345000 0.480277 
-1.344000 0.480450 
-1.343000 0.480616 
-1.342000 0.480775 
-1.341000 0.480927 
-1.340000 0.481073 
-1.339000 0.481211 
-1.338000 0.481343 
-1.337000 0.481468 
-1.336000 0.481586 
-1.335000 0.481697 
-1.334000 0.481801 
-1.333000 0.481899 
-1.332000 0.481989 
-1.331000 0.482073 
-1.330000 0.482149 
-1.329000 0.482218 
-1.328000 0.482281 
-1.327000 0.482336 
-1.326000 0.482385 
-1.325000 0.482426 
-1.324000 0.482460 
-1.323000 0.482487 
-1.322000 0.482507 
-1.321000 0.482520 
-1.320000 0.482526 
-1.319000 0.482524 
-1.318000 0.482516 
-1.317000 0.482500 
-1.316000 0.482477 
-1.315000 0.482446 
-1.314000 0.482408 
-1.313000 0.482363 
-1.312000 0.482311 
-1.311000 0.482251 
-1.310000 0.482184 
-1.309000 0.482109 
-1.308000 0.482027 
-1.307000 0.481937 
-1.306000 0.481840 
-1.305000 0.481736 
-1.304000 0.481623 
-1.303000 0.481504 
-1.302000 0.481376 
-1.301000 0.481241 
-1.300000 0.481099 
-1.299000 0.480948 
-1.298000 0.480790 
-1.297000 0.480624 
-1.296000 0.480451 
-1.295000 0.480269 
-1.294000 0.480080 
-1.293000 0.479883 
-1.292000 0.479678 
-1.291000 0.479465 
-1.290000 0.479244 
-1.289000 0.479015 
-1.288000 0.478778 
-1.287000 0.478533 
-1.286000 0.478279 
-1.285000 0.478018 
-1.284000 0.477749 
-1.283000 0.477471 
-1.282000 0.477185 
-1.281000 0.476891 
-1.280000 0.476588 
-1.279000 0.476277 
-1.278000 0.475958 
-1.277000 0.475630 
-1.276000 0.475294 
-1.275000 0.474949 
-1.274000 0.474596 
-1.273000 0.474234 
-1.272000 0.473863 
-1.271000 0.473484 
-1.270000 0.473096 
-1.269000 0.472699 
-1.268000 0.472294 
-1.267000 0.471879 
-1.266000 0.471456 
-1.265000 0.471024 
-1.264000 0.470583 
-1.263000 0.470133 
-1.262000 0.469673 
-1.261000 0.469205 
-1.260000 0.468727 
-1.259000 0.468241 
-1.258000 0.467744 
-1.257000 0.467239 
-1.256000 0.466724 
-1.255000 0.466200 
-1.254000 0.465667 
-1.253000 0.465123 
-1.252000 0.464571 
-1.251000 0.464008 
-1.250000 0.463436 
-1.249000 0.462855 
-1.248000 0.462263 
-1.247000 0.461662 
-1.246000 0.461051 
-1.245000 0.460429 
-1.244000 0.459798 
-1.243000 0.459157 
-1.242000 0.458505 
-1.241000 0.457844 
-1.240000 0.457172 
-1.239000 0.456490 
-1.238000 0.455797 
-1.237000 0.455094 
-1.236000 0.454381 
-1.235000 0.453657 
-1.234000 0.452922 
-1.233000 0.452177 
-1.232000 0.451421 
-1.231000 0.450654 
-1.230000 0.449876 
-1.229000 0.449087 
-1.228000 0.448287 
-1.227000 0.447476 
-1.226000 0.446654 
-1.225000 0.445821 
-1.224000 0.444976 
-1.223000 0.444120 
-1.222000 0.443253 
-1.221000 0.442374 
-1.220000 0.441483 
-1.219000 0.440581 
-1.218000 0.439667 
-1.217000 0.438741 
-1.216000 0.437803 
-1.215000 0.436853 
-1.214000 0.435892 
-1.213000 0.434917 
-1.212000 0.433931 
-1.211000 0.432932 
-1.210000 0.431921 
-1.209000 0.430898 
-1.208000 0.429861 
-1.207000 0.428813 
-1.206000 0.427751 
-1.205000 0.426676 
-1.204000 0.425589 
-1.203000 0.424488 
-1.202000 0.423375 
-1.201000 0.422248 
-1.200000 0.421108 
-1.199000 0.419954 
-1.198000 0.418787 
-1.197000 0.417606 
-1.196000 0.416412 
-1.195000 0.415203 
-1.194000 0.413981 
-1.193000 0.412745 
-1.192000 0.411494 
-1.191000 0.410230 
-1.190000 0.408951 
-1.189000 0.407657 
-1.188000 0.406349 
-1.187000 0.405026 
-1.186000 0.403689 
-1.185000 0.402336 
-1.184000 0.400969 
-1.183000 0.399586 
-1.182000 0.398188 
-1.181000 0.396775 
-1.180000 0.395347 
-1.179000 0.393902 
-1.178000 0.392442 
-1.177000 0.390966 
-1.176000 0.389474 
-1.175000 0.387966 
-1.174000 0.386442 
-1.173000 0.384902 
-1.172000 0.383344 
-1.171000 0.381771 
-1.170000 0.380180 
-1.169000 0.378573 
-1.168000 0.376948 
-1.167000 0.375306 
-1.166000 0.373647 
-1.165000 0.371971 
-1.164000 0.370277 
-1.163000 0.368565 
-1.162000 0.366835 
-1.161000 0.365087 
-1.160000 0.363321 
-1.159000 0.361537 
-1.158000 0.359734 
-1.157000 0.357912 
-1.156000 0.356072 
-1.155000 0.354212 
-1.154000 0.352333 
-1.153000 0.350436 
-1.152000 0.348518 
-1.151000 0.346581 
-1.150000 0.344624 
-1.149000 0.342647 
-1.148000 0.340650 
-1.147000 0.338632 
-1.146000 0.336594 
-1.145000 0.334536 
-1.144000 0.332456 
-1.143000 0.330356 
-1.142000 0.328234 
-1.141000 0.326090 
-1.140000 0.323925 
-1.139000 0.321738 
-1.138000 0.319530 
-1.137000 0.317298 
-1.136000 0.315045 
-1.135000 0.312769 
-1.134000 0.310470 
-1.133000 0.308148 
-1.132000 0.305803 
-1.131000 0.303434 
-1.130000 0.301042 
-1.129000 0.298625 
-1.128000 0.296185 
-1.127000 0.293720 
-1.126000 0.291231 
-1.125000 0.288717 
-1.124000 0.286178 
-1.123000 0.283614 
-1.122000 0.281025 
-1.121000 0.278409 
-1.120000 0.275768 
-1.119000 0.273101 
-1.118000 0.270407 
-1.117000 0.267686 
-1.116000 0.264939 
-1.115000 0.262164 
-1.114000 0.259363 
-1.113000 0.256533 
-1.112000 0.253675 
-1.111000 0.250790 
-1.110000 0.247875 
-1.109000 0.244932 
-1.108000 0.241961 
-1.107000 0.238959 
-1.106000 0.235929 
-1.105000 0.232868 
-1.104000 0.229778 
-1.103000 0.226657 
-1.102000 0.223505 
-1.101000 0.220322 
-1.100000 0.217108 
-1.099000 0.213863 
-1.098000 0.210585 
-1.097000 0.207276 
-1.096000 0.203934 
-1.095000 0.200559 
-1.094000 0.197151 
-1.093000 0.193710 
-1.092000 0.190235 
-1.091000 0.186726 
-1.090000 0.183183 
-1.089000 0.179605 
-1.088000 0.175992 
-1.087000 0.172344 
-1.086000 0.168660 
-1.085000 0.164940 
-1.084000 0.161183 
-1.083000 0.157390 
-1.082000 0.153560 
-1.081000 0.149693 
-1.080000 0.145787 
-1.079000 0.141844 
-1.078000 0.137862 
-1.077000 0.133842 
-1.076000 0.129782 
-1.075000 0.125682 
-1.074000 0.121543 
-1.073000 0.117364 
-1.072000 0.113143 
-1.071000 0.108882 
-1.070000 0.104580 
-1.069000 0.100235 
-1.068000 0.095849 
-1.067000 0.091419 
-1.066000 0.086947 
-1.065000 0.082432 
-1.064000 0.077873 
-1.063000 0.073270 
-1.062000 0.068622 
-1.061000 0.063929 
-1.060000 0.059191 
-1.059000 0.054408 
-1.058000 0.049578 
-1.057000 0.044702 
-1.056000 0.039779 
-1.055000 0.034809 
-1.054000 0.029791 
-1.053000 0.024725 
-1.052000 0.019610 
-1.051000 0.014447 
-1.050000 0.009234 
-1.049000 0.003972 
-1.048000 -0.001341 
-1.047000 -0.006704 
-1.046000 -0.012118 
-1.045000 -0.017583 
-1.044000 -0.023100 
-1.043000 -0.028669 
-1.042000 -0.034290 
-1.041000 -0.039964 
-1.040000 -0.045691 
-1.039000 -0.051472 
-1.038000 -0.057307 
-1.037000 -0.063197 
-1.036000 -0.069141 
-1.035000 -0.075140 
-1.034000 -0.081195 
-1.033000 -0.087305 
-1.032000 -0.093472 
-1.031000 -0.099695 
-1.030000 -0.105974 
-1.029000 -0.112311 
-1.028000 -0.118706 
-1.027000 -0.125158 
-1.026000 -0.131668 
-1.025000 -0.138236 
-1.024000 -0.144863 
-1.023000 -0.151549 
-1.022000 -0.158294 
-1.021000 -0.165099 
-1.020000 -0.171963 
-1.019000 -0.178886 
-1.018000 -0.185870 
-1.017000 -0.192914 
-1.016000 -0.200018 
-1.015000 -0.207182 
-1.014000 -0.214408 
-1.013000 -0.221693 
-1.012000 -0.229040 
-1.011000 -0.236447 
-1.010000 -0.243915 
-1.009000 -0.251444 
-1.008000 -0.259034 
-1.007000 -0.266685 
-1.006000 -0.274396 
-1.005000 -0.282168 
-1.004000 -0.290000 
-1.003000 -0.297893 
-1.002000 -0.305846 
-1.001000 -0.313858 
-1.000000 -0.321931 
-0.999000 -0.330063 
-0.998000 -0.338253 
-0.997000 -0.346503 
-0.996000 -0.354810 
-0.995000 -0.363175 
-0.994000 -0.371598 
-0.993000 -0.380077 
-0.992000 -0.388612 
-0.991000 -0.397203 
-0.990000 -0.405848 
-0.989000 -0.414547 
-0.988000 -0.423299 
-0.987000 -0.432104 
-0.986000 -0.440960 
-0.985000 -0.449866 
-0.984000 -0.458822 
-0.983000 -0.467825 
-0.982000 -0.476876 
-0.981000 -0.485972 
-0.980000 -0.495113 
-0.979000 -0.504297 
-0.978000 -0.513523 
-0.977000 -0.522788 
-0.976000 -0.532092 
-0.975000 -0.541433 
-0.974000 -0.550809 
-0.973000 -0.560218 
-0.972000 -0.569658 
-0.971000 -0.579127 
-0.970000 -0.588624 
-0.969000 -0.598145 
-0.968000 -0.607689 
-0.967000 -0.617253 
-0.966000 -0.626836 
-0.965000 -0.636433 
-0.964000 -0.646043 
-0.963000 -0.655663 
-0.962000 -0.665291 
-0.961000 -0.674922 
-0.960000 -0.684555 
-0.959000 -0.694187 
-0.958000 -0.703813 
-0.957000 -0.713430 
-0.956000 -0.723037 
-0.955000 -0.732628 
-0.954000 -0.742200 
-0.953000 -0.751751 
-0.952000 -0.761275 
-0.951000 -0.770769 
-0.950000 -0.780230 
-0.949000 -0.789653 
-0.948000 -0.799035 
-0.947000 -0.808371 
-0.946000 -0.817657 
-0.945000 -0.826888 
-0.944000 -0.836061 
-0.943000 -0.845172 
-0.942000 -0.854214 
-0.941000 -0.863185 
-0.940000 -0.872080 
-0.939000 -0.880894 
-0.938000 -0.889622 
-0.937000 -0.898259 
-0.936000 -0.906802 
-0.935000 -0.915245 
-0.934000 -0.923584 
-0.933000 -0.931814 
-0.932000 -0.939930 
-0.931000 -0.947928 
-0.930000 -0.955803 
-0.929000 -0.963549 
-0.928000 -0.971164 
-0.927000 -0.978641 
-0.926000 -0.985977 
-0.925000 -0.993167 
-0.924000 -1.000207 
-0.923000 -1.007091 
-0.922000 -1.013817 
-0.921000 -1.020379 
-0.920000 -1.026774 
-0.919000 -1.032998 
-0.918000 -1.039047 
-0.917000 -1.044916 
-0.916000 -1.050603 
-0.915000 -1.056104 
-0.914000 -1.061416 
-0.913000 -1.066535 
-0.912000 -1.071458 
-0.911000 -1.076182 
-0.910000 -1.080706 
-0.909000 -1.085025 
-0.908000 -1.089138 
-0.907000 -1.093043 
-0.906000 -1.096738 
-0.905000 -1.100220 
-0.904000 -1.103504 
-0.903000 -1.106556 
-0.902000 -1.109392 
-0.901000 -1.112010 
-0.900000 -1.114410 
-0.899000 -1.116591 
-0.898000 -1.118553 
-0.897000 -1.120295 
-0.896000 -1.121817 
-0.895000 -1.123120 
-0.894000 -1.124203 
-0.893000 -1.125069 
-0.892000 -1.125716 
-0.891000 -1.126146 
-0.890000 -1.126361 
-0.889000 -1.126361 
-0.888000 -1.126149 
-0.887000 -1.125725 
-0.886000 -1.125092 
-0.885000 -1.124252 
-0.884000 -1.123206 
-0.883000 -1.121957 
-0.882000 -1.120508 
-0.881000 -1.118861 
-0.880000 -1.117019 
-0.879000 -1.114985 
-0.878000 -1.112762 
-0.877000 -1.110352 
-0.876000 -1.107759 
-0.875000 -1.104987 
-0.874000 -1.102038 
-0.873000 -1.098916 
-0.872000 -1.095625 
-0.871000 -1.092168 
-0.870000 -1.088549 
-0.869000 -1.084772 
-0.868000 -1.080840 
-0.867000 -1.076757 
-0.866000 -1.072527 
-0.865000 -1.068154 
-0.864000 -1.063642 
-0.863000 -1.058995 
-0.862000 -1.054216 
-0.861000 -1.049310 
-0.860000 -1.044280 
-0.859000 -1.039130 
-0.858000 -1.033865 
-0.857000 -1.028488 
-0.856000 -1.023003 
-0.855000 -1.017414 
-0.854000 -1.011724 
-0.853000 -1.005938 
-0.852000 -1.000059 
-0.851000 -0.994091 
-0.850000 -0.988038 
-0.849000 -0.981902 
-0.848000 -0.975689 
-0.847000 -0.969400 
-0.846000 -0.963040 
-0.845000 -0.956612 
-0.844000 -0.950120 
-0.843000 -0.943566 
-0.842000 -0.936954 
-0.841000 -0.930287 
-0.840000 -0.923569 
-0.839000 -0.916801 
-0.838000 -0.909988 
-0.837000 -0.903131 
-0.836000 -0.896235 
-0.835000 -0.889301 
-0.834000 -0.882332 
-0.833000 -0.875332 
-0.832000 -0.868302 
-0.831000 -0.861245 
-0.830000 -0.854163 
-0.829000 -0.847060 
-0.828000 -0.839936 
-0.827000 -0.832795 
-0.826000 -0.825638 
-0.825000 -0.818468 
-0.824000 -0.811287 
-0.823000 -0.804096 
-0.822000 -0.796898 
-0.821000 -0.789695 
-0.820000 -0.782488 
-0.819000 -0.775278 
-0.818000 -0.768069 
-0.817000 -0.760860 
-0.816000 -0.753655 
-0.815000 -0.746454 
-0.814000 -0.739259 
-0.813000 -0.732071 
-0.812000 -0.724891 
-0.811000 -0.717722 
-0.810000 -0.710563 
-0.809000 -0.703417 
-0.808000 -0.696285 
-0.807000 -0.689167 
-0.806000 -0.682065 
-0.805000 -0.674980 
-0.804000 -0.667912 
-0.803000 -0.660863 
-0.802000 -0.653834 
-0.801000 -0.646825 
-0.800000 -0.639837 
-0.799000 -0.632871 
-0.798000 -0.625928 
-0.797000 -0.619009 
-0.796000 -0.612113 
-0.795000 -0.605243 
-0.794000 -0.598398 
-0.793000 -0.591579 
-0.792000 -0.584786 
-0.791000 -0.578021 
-0.790000 -0.571283 
-0.789000 -0.564573 
-0.788000 -0.557892 
-0.787000 -0.551239 
-0.786000 -0.544616 
-0.785000 -0.538023 
-0.784000 -0.531460 
-0.783000 -0.524927 
-0.782000 -0.518424 
-0.781000 -0.511953 
-0.780000 -0.505512 
-0.779000 -0.499104 
-0.778000 -0.492726 
-0.777000 -0.486381 
-0.776000 -0.480068 
-0.775000 -0.473787 
-0.774000 -0.467538 
-0.773000 -0.461322 
-0.772000 -0.455138 
-0.771000 -0.448987 
-0.770000 -0.442869 
-0.769000 -0.436784 
-0.768000 -0.430732 
-0.767000 -0.424713 
-0.766000 -0.418727 
-0.765000 -0.412774 
-0.764000 -0.406854 
-0.763000 -0.400968 
-0.762000 -0.395114 
-0.761000 -0.389294 
-0.760000 -0.383507 
-0.759000 -0.377753 
-0.758000 -0.372032 
-0.757000 -0.366344 
-0.756000 -0.360689 
-0.755000 -0.355067 
-0.754000 -0.349478 
-0.753000 -0.343921 
-0.752000 -0.338398 
-0.751000 -0.332907 
-0.750000 -0.327449 
-0.749000 -0.322023 
-0.748000 -0.316629 
-0.747000 -0.311268 
-0.746000 -0.305939 
-0.745000 -0.300642 
-0.744000 -0.295377 
-0.743000 -0.290143 
-0.742000 -0.284942 
-0.741000 -0.279772 
-0.740000 -0.274633 
-0.739000 -0.269526 
-0.738000 -0.264449 
-0.737000 -0.259404 
-0.736000 -0.254390 
-0.735000 -0.249406 
-0.734000 -0.244453 
-0.733000 -0.239531 
-0.732000 -0.234638 
-0.731000 -0.229776 
-0.730000 -0.224944 
-0.729000 -0.220142 
-0.728000 -0.215369 
-0.727000 -0.210626 
-0.726000 -0.205912 
-0.725000 -0.201227 
-0.724000 -0.196571 
-0.723000 -0.191944 
-0.722000 -0.187346 
-0.721000 -0.182776 
-0.720000 -0.178234 
-0.719000 -0.173721 
-0.718000 -0.169236 
-0.717000 -0.164778 
-0.716000 -0.160348 
-0.715000 -0.155946 
-0.714000 -0.151571 
-0.713000 -0.147223 
-0.712000 -0.142902 
-0.711000 -0.138608 
-0.710000 -0.134341 
-0.709000 -0.130100 
-0.708000 -0.125885 
-0.707000 -0.121696 
-0.706000 -0.117534 
-0.705000 -0.113397 
-0.704000 -0.109286 
-0.703000 -0.105200 
-0.702000 -0.101140 
-0.701000 -0.097104 
-0.700000 -0.093094 
-0.699000 -0.089108 
-0.698000 -0.085147 
-0.697000 -0.081211 
-0.696000 -0.077299 
-0.695000 -0.073410 
-0.694000 -0.069546 
-0.693000 -0.065706 
-0.692000 -0.061889 
-0.691000 -0.058096 
-0.690000 -0.054326 
-0.689000 -0.050579 
-0.688000 -0.046856 
-0.687000 -0.043155 
-0.686000 -0.039476 
-0.685000 -0.035821 
-0.684000 -0.032187 
-0.683000 -0.028576 
-0.682000 -0.024987 
-0.681000 -0.021420 
-0.680000 -0.017875 
-0.679000 -0.014351 
-0.678000 -0.010848 
-0.677000 -0.007367 
-0.676000 -0.003908 
-0.675000 -0.000469 
-0.674000 0.002949 
-0.673000 0.006346 
-0.672000 0.009723 
-0.671000 0.013079 
-0.670000 0.016415 
-0.669000 0.019731 
-0.668000 0.023027 
-0.667000 0.026302 
-0.666000 0.029559 
-0.665000 0.032795 
-0.664000 0.036012 
-0.663000 0.039210 
-0.662000 0.042388 
-0.661000 0.045548 
-0.660000 0.048688 
-0.659000 0.051810 
-0.658000 0.054913 
-0.657000 0.057998 
-0.656000 0.061064 
-0.655000 0.064111 
-0.654000 0.067141 
-0.653000 0.070153 
-0.652000 0.073146 
-0.651000 0.076122 
-0.650000 0.079080 
-0.649000 0.082021 
-0.648000 0.084944 
-0.647000 0.087850 
-0.646000 0.090739 
-0.645000 0.093610 
-0.644000 0.096465 
-0.643000 0.099303 
-0.642000 0.102124 
-0.641000 0.104928 
-0.640000 0.107716 
-0.639000 0.110488 
-0.638000 0.113243 
-0.637000 0.115982 
-0.636000 0.118705 
-0.635000 0.121412 
-0.634000 0.124103 
-0.633000 0.126779 
-0.632000 0.129439 
-0.631000 0.132083 
-0.630000 0.134712 
-0.629000 0.137325 
-0.628000 0.139923 
-0.627000 0.142506 
-0.626000 0.145074 
-0.625000 0.147627 
-0.624000 0.150166 
-0.623000 0.152689 
-0.622000 0.155198 
-0.621000 0.157692 
-0.620000 0.160172 
-0.619000 0.162638 
-0.618000 0.165089 
-0.617000 0.167526 
-0.616000 0.169949 
-0.615000 0.172357 
-0.614000 0.174752 
-0.613000 0.177134 
-0.612000 0.179501 
-0.611000 0.181855 
-0.610000 0.184195 
-0.609000 0.186521 
-0.608000 0.188835 
-0.607000 0.191135 
-0.606000 0.193421 
-0.605000 0.195695 
-0.604000 0.197955 
-0.603000 0.200203 
-0.602000 0.202437 
-0.601000 0.204659 
-0.600000 0.206868 
-0.599000 0.209064 
-0.598000 0.211248 
-0.597000 0.213419 
-0.596000 0.215578 
-0.595000 0.217724 
-0.594000 0.219858 
-0.593000 0.221980 
-0.592000 0.224090 
-0.591000 0.226187 
-0.590000 0.228273 
-0.589000 0.230346 
-0.588000 0.232408 
-0.587000 0.234458 
-0.586000 0.236496 
-0.585000 0.238522 
-0.584000 0.240537 
-0.583000 0.242541 
-0.582000 0.244533 
-0.581000 0.246513 
-0.580000 0.248482 
-0.579000 0.250440 
-0.578000 0.252387 
-0.577000 0.254322 
-0.576000 0.256247 
-0.575000 0.258160 
-0.574000 0.260063 
-0.573000 0.261954 
-0.572000 0.263835 
-0.571000 0.265705 
-0.570000 0.267564 
-0.569000 0.269412 
-0.568000 0.271250 
-0.567000 0.273078 
-0.566000 0.274895 
-0.565000 0.276701 
-0.564000 0.278497 
-0.563000 0.280283 
-0.562000 0.282058 
-0.561000 0.283823 
-0.560000 0.285578 
-0.559000 0.287323 
-0.558000 0.289058 
-0.557000 0.290783 
-0.556000 0.292498 
-0.555000 0.294203 
-0.554000 0.295898 
-0.553000 0.297583 
-0.552000 0.299259 
-0.551000 0.300925 
-0.550000 0.302581 
-0.549000 0.304228 
-0.548000 0.305865 
-0.547000 0.307492 
-0.546000 0.309110 
-0.545000 0.310719 
-0.544000 0.312318 
-0.543000 0.313908 
-0.542000 0.315488 
-0.541000 0.317059 
-0.540000 0.318622 
-0.539000 0.320174 
-0.538000 0.321718 
-0.537000 0.323253 
-0.536000 0.324779 
-0.535000 0.326295 
-0.534000 0.327803 
-0.533000 0.329302 
-0.532000 0.330792 
-0.531000 0.332273 
-0.530000 0.333746 
-0.529000 0.335209 
-0.528000 0.336664 
-0.527000 0.338110 
-0.526000 0.339548 
-0.525000 0.340977 
-0.524000 0.342397 
-0.523000 0.343809 
-0.522000 0.345212 
-0.521000 0.346607 
-0.520000 0.347994 
-0.519000 0.349372 
-0.518000 0.350741 
-0.517000 0.352103 
-0.516000 0.353456 
-0.515000 0.354801 
-0.514000 0.356138 
-0.513000 0.357466 
-0.512000 0.358786 
-0.511000 0.360099 
-0.510000 0.361403 
-0.509000 0.362699 
-0.508000 0.363987 
-0.507000 0.365267 
-0.506000 0.366539 
-0.505000 0.367803 
-0.504000 0.369059 
-0.503000 0.370308 
-0.502000 0.371548 
-0.501000 0.372781 
-0.500000 0.374006 
-0.499000 0.375223 
-0.498000 0.376432 
-0.497000 0.377634 
-0.496000 0.378828 
-0.495000 0.380014 
-0.494000 0.381193 
-0.493000 0.382364 
-0.492000 0.383528 
-0.491000 0.384684 
-0.490000 0.385832 
-0.489000 0.386973 
-0.488000 0.388106 
-0.487000 0.389232 
-0.486000 0.390351 
-0.485000 0.391462 
-0.484000 0.392566 
-0.483000 0.393662 
-0.482000 0.394751 
-0.481000 0.395833 
-0.480000 0.396908 
-0.479000 0.397975 
-0.478000 0.399035 
-0.477000 0.400087 
-0.476000 0.401133 
-0.475000 0.402171 
-0.474000 0.403202 
-0.473000 0.404226 
-0.472000 0.405243 
-0.471000 0.406253 
-0.470000 0.407256 
-0.469000 0.408251 
-0.468000 0.409240 
-0.467000 0.410221 
-0.466000 0.411196 
-0.465000 0.412163 
-0.464000 0.413124 
-0.463000 0.414077 
-0.462000 0.415024 
-0.461000 0.415963 
-0.460000 0.416896 
-0.459000 0.417822 
-0.458000 0.418741 
-0.457000 0.419653 
-0.456000 0.420558 
-0.455000 0.421456 
-0.454000 0.422348 
-0.453000 0.423232 
-0.452000 0.424110 
-0.451000 0.424982 
-0.450000 0.425846 
-0.449000 0.426703 
-0.448000 0.427554 
-0.447000 0.428398 
-0.446000 0.429236 
-0.445000 0.430067 
-0.444000 0.430891 
-0.443000 0.431708 
-0.442000 0.432518 
-0.441000 0.433322 
-0.440000 0.434120 
-0.439000 0.434910 
-0.438000 0.435695 
-0.437000 0.436472 
-0.436000 0.437243 
-0.435000 0.438007 
-0.434000 0.438765 
-0.433000 0.439516 
-0.432000 0.440260 
-0.431000 0.440998 
-0.430000 0.441730 
-0.429000 0.442454 
-0.428000 0.443173 
-0.427000 0.443885 
-0.426000 0.444590 
-0.425000 0.445289 
-0.424000 0.445981 
-0.423000 0.446667 
-0.422000 0.447346 
-0.421000 0.448019 
-0.420000 0.448685 
-0.419000 0.449345 
-0.418000 0.449998 
-0.417000 0.450645 
-0.416000 0.451285 
-0.415000 0.451919 
-0.414000 0.452547 
-0.413000 0.453168 
-0.412000 0.453782 
-0.411000 0.454390 
-0.410000 0.454992 
-0.409000 0.455588 
-0.408000 0.456176 
-0.407000 0.456759 
-0.406000 0.457335 
-0.405000 0.457904 
-0.404000 0.458471 
-0.403000 0.459028 
-0.402000 0.459578 
-0.401000 0.460122 
-0.400000 0.460659 
-0.399000 0.461190 
-0.398000 0.461715 
-0.397000 0.462233 
-0.396000 0.462745 
-0.395000 0.463251 
-0.394000 0.463750 
-0.393000 0.464242 
-0.392000 0.464729 
-0.391000 0.465208 
-0.390000 0.465682 
-0.389000 0.466149 
-0.388000 0.466609 
-0.387000 0.467064 
-0.386000 0.467511 
-0.385000 0.467953 
-0.384000 0.468388 
-0.383000 0.468816 
-0.382000 0.469238 
-0.381000 0.469654 
-0.380000 0.470063 
-0.379000 0.470466 
-0.378000 0.470862 
-0.377000 0.471252 
-0.376000 0.471635 
-0.375000 0.472012 
-0.374000 0.472382 
-0.373000 0.472746 
-0.372000 0.473104 
-0.371000 0.473455 
-0.370000 0.473799 
-0.369000 0.474137 
-0.368000 0.474469 
-0.367000 0.474794 
-0.366000 0.475112 
-0.365000 0.475424 
-0.364000 0.475729 
-0.363000 0.476028 
-0.362000 0.476321 
-0.361000 0.476606 
-0.360000 0.476885 
-0.359000 0.477158 
-0.358000 0.477424 
-0.357000 0.477683 
-0.356000 0.477936 
-0.355000 0.478182 
-0.354000 0.478422 
-0.353000 0.478655 
-0.352000 0.478881 
-0.351000 0.479101 
-0.350000 0.479314 
-0.349000 0.479520 
-0.348000 0.479719 
-0.347000 0.479912 
-0.346000 0.480098 
-0.345000 0.480277 
-0.344000 0.480450 
-0.343000 0.480616 
-0.342000 0.480775 
-0.341000 0.480927 
-0.340000 0.481073 
-0.339000 0.481211 
-0.338000 0.481343 
-0.337000 0.481468 
-0.336000 0.481586 
-0.335000 0.481697 
-0.334000 0.481801 
-0.333000 0.481899 
-0.332000 0.481989 
-0.331000 0.482073 
-0.330000 0.482149 
-0.329000 0.482218 
-0.328000 0.482281 
-0.327000 0.482336 
-0.326000 0.482385 
-0.325000 0.482426 
-0.324000 0.482460 
-0.323000 0.482487 
-0.322000 0.482507 
-0.321000 0.482520 
-0.320000 0.482526 
-0.319000 0.482524 
-0.318000 0.482516 
-0.317000 0.482500 
-0.316000 0.482477 
-0.315000 0.482446 
-0.314000 0.482408 
-0.313000 0.482363 
-0.312000 0.482311 
-0.311000 0.482251 
-0.310000 0.482184 
-0.309000 0.482109 
-0.308000 0.482027 
-0.307000 0.481937 
-0.306000 0.481840 
-0.305000 0.481736 
-0.304000 0.481623 
-0.303000 0.481504 
-0.302000 0.481376 
-0.301000 0.481241 
-0.300000 0.481099 
-0.299000 0.480948 
-0.298000 0.480790 
-0.297000 0.480624 
-0.296000 0.480451 
-0.295000 0.480269 
-0.294000 0.480080 
-0.293000 0.479883 
-0.292000 0.479678 
-0.291000 0.479465 
-0.290000 0.479244 
-0.289000 0.479015 
-0.288000 0.478778 
-0.287000 0.478533 
-0.286000 0.478279 
-0.285000 0.478018 
-0.284000 0.477749 
-0.283000 0.477471 
-0.282000 0.477185 
-0.281000 0.476891 
-0.280000 0.476588 
-0.279000 0.476277 
-0.278000 0.475958 
-0.277000 0.475630 
-0.276000 0.475294 
-0.275000 0.474949 
-0.274000 0.474596 
-0.273000 0.474234 
-0.272000 0.473863 
-0.271000 0.473484 
-0.270000 0.473096 
-0.269000 0.472699 
-0.268000 0.472294 
-0.267000 0.471879 
-0.266000 0.471456 
-0.265000 0.471024 
-0.264000 0.470583 
-0.263000 0.470133 
-0.262000 0.469673 
-0.261000 0.469205 
-0.260000 0.468727 
-0.259000 0.468241 
-0.258000 0.467744 
-0.257000 0.467239 
-0.256000 0.466724 
-0.255000 0.466200 
-0.254000 0.465667 
-0.253000 0.465123 
-0.252000 0.464571 
-0.251000 0.464008 
-0.250000 0.463436 
-0.249000 0.462855 
-0.248000 0.462263 
-0.247000 0.461662 
-0.246000 0.461051 
-0.245000 0.460429 
-0.244000 0.459798 
-0.243000 0.459157 
-0.242000 0.458505 
-0.241000 0.457844 
-0.240000 0.457172 
-0.239000 0.456490 
-0.238000 0.455797 
-0.237000 0.455094 
-0.236000 0.454381 
-0.235000 0.453657 
-0.234000 0.452922 
-0.233000 0.452177 
-0.232000 0.451421 
-0.231000 0.450654 
-0.230000 0.449876 
-0.229000 0.449087 
-0.228000 0.448287 
-0.227000 0.447476 
-0.226000 0.446654 
-0.225000 0.445821 
-0.224000 0.444976 
-0.223000 0.444120 
-0.222000 0.443253 
-0.221000 0.442374 
-0.220000 0.441483 
-0.219000 0.440581 
-0.218000 0.439667 
-0.217000 0.438741 
-0.216000 0.437803 
-0.215000 0.436853 
-0.214000 0.435892 
-0.213000 0.434917 
-0.212000 0.433931 
-0.211000 0.432932 
-0.210000 0.431921 
-0.209000 0.430898 
-0.208000 0.429861 
-0.207000 0.428813 
-0.206000 0.427751 
-0.205000 0.426676 
-0.204000 0.425589 
-0.203000 0.424488 
-0.202000 0.423375 
-0.201000 0.422248 
-0.200000 0.421108 
-0.199000 0.419954 
-0.198000 0.418787 
-0.197000 0.417606 
-0.196000 0.416412 
-0.195000 0.415203 
-0.194000 0.413981 
-0.193000 0.412745 
-0.192000 0.411494 
-0.191000 0.410230 
-0.190000 0.408951 
-0.189000 0.407657 
-0.188000 0.406349 
-0.187000 0.405026 
-0.186000 0.403689 
-0.185000 0.402336 
-0.184000 0.400969 
-0.183000 0.399586 
-0.182000 0.398188 
-0.181000 0.396775 
-0.180000 0.395347 
-0.179000 0.393902 
-0.178000 0.392442 
-0.177000 0.390966 
-0.176000 0.389474 
-0.175000 0.387966 
-0.174000 0.386442 
-0.173000 0.384902 
-0.172000 0.383344 
-0.171000 0.381771 
-0.170000 0.380180 
-0.169000 0.378573 
-0.168000 0.376948 
-0.167000 0.375306 
-0.166000 0.373647 
-0.165000 0.371971 
-0.164000 0.370277 
-0.163000 0.368565 
-0.162000 0.366835 
-0.161000 0.365087 
-0.160000 0.363321 
-0.159000 0.361537 
-0.158000 0.359734 
-0.157000 0.357912 
-0.156000 0.356072 
-0.155000 0.354212 
-0.154000 0.352333 
-0.153000 0.350436 
-0.152000 0.348518 
-0.151000 0.346581 
-0.150000 0.344624 
-0.149000 0.342647 
-0.148000 0.340650 
-0.147000 0.338632 
-0.146000 0.336594 
-0.145000 0.334536 
-0.144000 0.332456 
-0.143000 0.330356 
-0.142000 0.328234 
-0.141000 0.326090 
-0.140000 0.323925 
-0.139000 0.321738 
-0.138000 0.319530 
-0.137000 0.317298 
-0.136000 0.315045 
-0.135000 0.312769 
-0.134000 0.310470 
-0.133000 0.308148 
-0.132000 0.305803 
-0.131000 0.303434 
-0.130000 0.301042 
-0.129000 0.298625 
-0.128000 0.296185 
-0.127000 0.293720 
-0.126000 0.291231 
-0.125000 0.288717 
-0.124000 0.286178 
-0.123000 0.283614 
-0.122000 0.281025 
-0.121000 0.278409 
-0.120000 0.275768 
-0.119000 0.273101 
-0.118000 0.270407 
-0.117000 0.267686 
-0.116000 0.264939 
-0.115000 0.262164 
-0.114000 0.259363 
-0.113000 0.256533 
-0.112000 0.253675 
-0.111000 0.250790 
-0.110000 0.247875 
-0.109000 0.244932 
-0.108000 0.241961 
-0.107000 0.238959 
-0.106000 0.235929 
-0.105000 0.232868 
-0.104000 0.229778 
-0.103000 0.226657 
-0.102000 0.223505 
-0.101000 0.220322 
-0.100000 0.217108 
-0.099000 0.213863 
-0.098000 0.210585 
-0.097000 0.207276 
-0.096000 0.203934 
-0.095000 0.200559 
-0.094000 0.197151 
-0.093000 0.193710 
-0.092000 0.190235 
-0.091000 0.186726 
-0.090000 0.183183 
-0.089000 0.179605 
-0.088000 0.175992 
-0.087000 0.172344 
-0.086000 0.168660 
-0.085000 0.164940 
-0.084000 0.161183 
-0.083000 0.157390 
-0.082000 0.153560 
-0.081000 0.149693 
-0.080000 0.145787 
-0.079000 0.141844 
-0.078000 0.137862 
-0.077000 0.133842 
-0.076000 0.129782 
-0.075000 0.125682 
-0.074000 0.121543 
-0.073000 0.117364 
-0.072000 0.113143 
-0.071000 0.108882 
-0.070000 0.104580 
-0.069000 0.100235 
-0.068000 0.095849 
-0.067000 0.091419 
-0.066000 0.086947 
-0.065000 0.082432 
-0.064000 0.077873 
-0.063000 0.073270 
-0.062000 0.068622 
-0.061000 0.063929 
-0.060000 0.059191 
-0.059000 0.054408 
-0.058000 0.049578 
-0.057000 0.044702 
-0.056000 0.039779 
-0.055000 0.034809 
-0.054000 0.029791 
-0.053000 0.024725 
-0.052000 0.019610 
-0.051000 0.014447 
-0.050000 0.009234 
-0.049000 0.003972 
-0.048000 -0.001341 
-0.047000 -0.006704 
-0.046000 -0.012118 
-0.045000 -0.017583 
-0.044000 -0.023100 
-0.043000 -0.028669 
-0.042000 -0.034290 
-0.041000 -0.039964 
-0.040000 -0.045691 
-0.039000 -0.051472 
-0.038000 -0.057307 
-0.037000 -0.063197 
-0.036000 -0.069141 
-0.035000 -0.075140 
-0.034000 -0.081195 
-0.033000 -0.087305 
-0.032000 -0.093472 
-0.031000 -0.099695 
-0.030000 -0.105974 
-0.029000 -0.112311 
-0.028000 -0.118706 
-0.027000 -0.125158 
-0.026000 -0.131668 
-0.025000 -0.138236 
-0.024000 -0.144863 
-0.023000 -0.151549 
-0.022000 -0.158294 
-0.021000 -0.165099 
-0.020000 -0.171963 
-0.019000 -0.178886 
-0.018000 -0.185870 
-0.017000 -0.192914 
-0.016000 -0.200018 
-0.015000 -0.207182 
-0.014000 -0.214408 
-0.013000 -0.221693 
-0.012000 -0.229040 
-0.011000 -0.236447 
-0.010000 -0.243915 
-0.009000 -0.251444 
-0.008000 -0.259034 
-0.007000 -0.266685 
-0.006000 -0.274396 
-0.005000 -0.282168 
-0.004000 -0.290000 
-0.003000 -0.297893 
-0.002000 -0.305846 
-0.001000 -0.313858 
-0.000000 -0.321931 
0.001000 -0.330063 
0.002000 -0.338253 
0.003000 -0.346503 
0.004000 -0.354810 
0.005000 -0.363175 
0.006000 -0.371598 
0.007000 -0.380077 
0.008000 -0.388612 
0.009000 -0.397203 
0.010000 -0.405848 
0.011000 -0.414547 
0.012000 -0.423299 
0.013000 -0.432104 
0.014000 -0.440960 
0.015000 -0.449866 
0.016000 -0.458822 
0.017000 -0.467825 
0.018000 -0.476876 
0.019000 -0.485972 
0.020000 -0.495113 
0.021000 -0.504297 
0.022000 -0.513523 
0.023000 -0.522788 
0.024000 -0.532092 
0.025000 -0.541433 
0.026000 -0.550809 
0.027000 -0.560218 
0.028000 -0.569658 
0.029000 -0.579127 
0.030000 -0.588624 
0.031000 -0.598145 
0.032000 -0.607689 
0.033000 -0.617253 
0.034000 -0.626836 
0.035000 -0.636433 
0.036000 -0.646043 
0.037000 -0.655663 
0.038000 -0.665291 
0.039000 -0.674922 
0.040000 -0.684555 
0.041000 -0.694187 
0.042000 -0.703813 
0.043000 -0.713430 
0.044000 -0.723037 
0.045000 -0.732628 
0.046000 -0.742200 
0.047000 -0.751751 
0.048000 -0.761275 
0.049000 -0.770769 
0.050000 -0.780230 
0.051000 -0.789653 
0.052000 -0.799035 
0.053000 -0.808371 
0.054000 -0.817657 
0.055000 -0.826888 
0.056000 -0.836061 
0.057000 -0.845172 
0.058000 -0.854214 
0.059000 -0.863185 
0.060000 -0.872080 
0.061000 -0.880894 
0.062000 -0.889622 
0.063000 -0.898259 
0.064000 -0.906802 
0.065000 -0.915245 
0.066000 -0.923584 
0.067000 -0.931814 
0.068000 -0.939930 
0.069000 -0.947928 
0.070000 -0.955803 
0.071000 -0.963549 
0.072000 -0.971164 
0.073000 -0.978641 
0.074000 -0.985977 
0.075000 -0.993167 
0.076000 -1.000207 
0.077000 -1.007091 
0.078000 -1.013817 
0.079000 -1.020379 
0.080000 -1.026774 
0.081000 -1.032998 
0.082000 -1.039047 
0.083000 -1.044916 
0.084000 -1.050603 
0.085000 -1.056104 
0.086000 -1.061416 
0.087000 -1.066535 
0.088000 -1.071458 
0.089000 -1.076182 
0.090000 -1.080706 
0.091000 -1.085025 
0.092000 -1.089138 
0.093000 -1.093043 
0.094000 -1.096738 
0.095000 -1.100220 
0.096000 -1.103504 
0.097000 -1.106556 
0.098000 -1.109392 
0.099000 -1.112010 
0.100000 -1.114410 
0.101000 -1.116591 
0.102000 -1.118553 
0.103000 -1.120295 
0.104000 -1.121817 
0.105000 -1.123120 
0.106000 -1.124203 
0.107000 -1.125069 
0.108000 -1.125716 
0.109000 -1.126146 
0.110000 -1.126361 
0.111000 -1.126361 
0.112000 -1.126149 
0.113000 -1.125725 
0.114000 -1.125092 
0.115000 -1.124252 
0.116000 -1.123206 
0.117000 -1.121957 
0.118000 -1.120508 
0.119000 -1.118861 
0.120000 -1.117019 
0.121000 -1.114985 
0.122000 -1.112762 
0.123000 -1.110352 
0.124000 -1.107759 
0.125000 -1.104987 
0.126000 -1.102038 
0.127000 -1.098916 
0.128000 -1.095625 
0.129000 -1.092168 
0.130000 -1.088549 
0.131000 -1.084772 
0.132000 -1.080840 
0.133000 -1.076757 
0.134000 -1.072527 
0.135000 -1.068154 
0.136000 -1.063642 
0.137000 -1.058995 
0.138000 -1.054216 
0.139000 -1.049310 
0.140000 -1.044280 
0.141000 -1.039130 
0.142000 -1.033865 
0.143000 -1.028488 
0.144000 -1.023003 
0.145000 -1.017414 
0.146000 -1.011724 
0.147000 -1.005938 
0.148000 -1.000059 
0.149000 -0.994091 
0.150000 -0.988038 
0.151000 -0.981902 
0.152000 -0.975689 
0.153000 -0.969400 
0.154000 -0.963040 
0.155000 -0.956612 
0.156000 -0.950120 
0.157000 -0.943566 
0.158000 -0.936954 
0.159000 -0.930287 
0.160000 -0.923569 
0.161000 -0.916801 
0.162000 -0.909988 
0.163000 -0.903131 
0.164000 -0.896235 
0.165000 -0.889301 
0.166000 -0.882332 
0.167000 -0.875332 
0.168000 -0.868302 
0.169000 -0.861245 
0.170000 -0.854163 
0.171000 -0.847060 
0.172000 -0.839936 
0.173000 -0.832795 
0.174000 -0.825638 
0.175000 -0.818468 
0.176000 -0.811287 
0.177000 -0.804096 
0.178000 -0.796898 
0.179000 -0.789695 
0.180000 -0.782488 
0.181000 -0.775278 
0.182000 -0.768069 
0.183000 -0.760860 
0.184000 -0.753655 
0.185000 -0.746454 
0.186000 -0.739259 
0.187000 -0.732071 
0.188000 -0.724891 
0.189000 -0.717722 
0.190000 -0.710563 
0.191000 -0.703417 
0.192000 -0.696285 
0.193000 -0.689167 
0.194000 -0.682065 
0.195000 -0.674980 
0.196000 -0.667912 
0.197000 -0.660863 
0.198000 -0.653834 
0.199000 -0.646825 
0.200000 -0.639837 
0.201000 -0.632871 
0.202000 -0.625928 
0.203000 -0.619009 
0.204000 -0.612113 
0.205000 -0.605243 
0.206000 -0.598398 
0.207000 -0.591579 
0.208000 -0.584786 
0.209000 -0.578021 
0.210000 -0.571283 
0.211000 -0.564573 
0.212000 -0.557892 
0.213000 -0.551239 
0.214000 -0.544616 
0.215000 -0.538023 
0.216000 -0.531460 
0.217000 -0.524927 
0.218000 -0.518424 
0.219000 -0.511953 
0.220000 -0.505512 
0.221000 -0.499104 
0.222000 -0.492726 
0.223000 -0.486381 
0.224000 -0.480068 
0.225000 -0.473787 
0.226000 -0.467538 
0.227000 -0.461322 
0.228000 -0.455138 
0.229000 -0.448987 
0.230000 -0.442869 
0.231000 -0.436784 
0.232000 -0.430732 
0.233000 -0.424713 
0.234000 -0.418727 
0.235000 -0.412774 
0.236000 -0.406854 
0.237000 -0.400968 
0.238000 -0.395114 
0.239000 -0.389294 
0.240000 -0.383507 
0.241000 -0.377753 
0.242000 -0.372032 
0.243000 -0.366344 
0.244000 -0.360689 
0.245000 -0.355067 
0.246000 -0.349478 
0.247000 -0.343921 
0.248000 -0.338398 
0.249000 -0.332907 
0.250000 -0.327449 
0.251000 -0.322023 
0.252000 -0.316629 
0.253000 -0.311268 
0.254000 -0.305939 
0.255000 -0.300642 
0.256000 -0.295377 
0.257000 -0.290143 
0.258000 -0.284942 
0.259000 -0.279772 
0.260000 -0.274633 
0.261000 -0.269526 
0.262000 -0.264449 
0.263000 -0.259404 
0.264000 -0.254390 
0.265000 -0.249406 
0.266000 -0.244453 
0.267000 -0.239531 
0.268000 -0.234638 
0.269000 -0.229776 
0.270000 -0.224944 
0.271000 -0.220142 
0.272000 -0.215369 
0.273000 -0.210626 
0.274000 -0.205912 
0.275000 -0.201227 
0.276000 -0.196571 
0.277000 -0.191944 
0.278000 -0.187346 
0.279000 -0.182776 
0.280000 -0.178234 
0.281000 -0.173721 
0.282000 -0.169236 
0.283000 -0.164778 
0.284000 -0.160348 
0.285000 -0.155946 
0.286000 -0.151571 
0.287000 -0.147223 
0.288000 -0.142902 
0.289000 -0.138608 
0.290000 -0.134341 
0.291000 -0.130100 
0.292000 -0.125885 
0.293000 -0.121696 
0.294000 -0.117534 
0.295000 -0.113397 
0.296000 -0.109286 
0.297000 -0.105200 
0.298000 -0.101140 
0.299000 -0.097104 
0.300000 -0.093094 
0.301000 -0.089108 
0.302000 -0.085147 
0.303000 -0.081211 
0.304000 -0.077299 
0.305000 -0.073410 
0.306000 -0.069546 
0.307000 -0.065706 
0.308000 -0.061889 
0.309000 -0.058096 
0.310000 -0.054326 
0.311000 -0.050579 
0.312000 -0.046856 
0.313000 -0.043155 
0.314000 -0.039476 
0.315000 -0.035821 
0.316000 -0.032187 
0.317000 -0.028576 
0.318000 -0.024987 
0.319000 -0.021420 
0.320000 -0.017875 
0.321000 -0.014351 
0.322000 -0.010848 
0.323000 -0.007367 
0.324000 -0.003908 
0.325000 -0.000469 
0.326000 0.002949 
0.327000 0.006346 
0.328000 0.009723 
0.329000 0.013079 
0.330000 0.016415 
0.331000 0.019731 
0.332000 0.023027 
0.333000 0.026302 
0.334000 0.029559 
0.335000 0.032795 
0.336000 0.036012 
0.337000 0.039210 
0.338000 0.042388 
0.339000 0.045548 
0.340000 0.048688 
0.341000 0.051810 
0.342000 0.054913 
0.343000 0.057998 
0.344000 0.061064 
0.345000 0.064111 
0.346000 0.067141 
0.347000 0.070153 
0.348000 0.073146 
0.349000 0.076122 
0.350000 0.079080 
0.351000 0.082021 
0.352000 0.084944 
0.353000 0.087850 
0.354000 0.090739 
0.355000 0.093610 
0.356000 0.096465 
0.357000 0.099303 
0.358000 0.102124 
0.359000 0.104928 
0.360000 0.107716 
0.361000 0.110488 
0.362000 0.113243 
0.363000 0.115982 
0.364000 0.118705 
0.365000 0.121412 
0.366000 0.124103 
0.367000 0.126779 
0.368000 0.129439 
0.369000 0.132083 
0.370000 0.134712 
0.371000 0.137325 
0.372000 0.139923 
0.373000 0.142506 
0.374000 0.145074 
0.375000 0.147627 
0.376000 0.150166 
0.377000 0.152689 
0.378000 0.155198 
0.379000 0.157692 
0.380000 0.160172 
0.381000 0.162638 
0.382000 0.165089 
0.383000 0.167526 
0.384000 0.169949 
0.385000 0.172357 
0.386000 0.174752 
0.387000 0.177134 
0.388000 0.179501 
0.389000 0.181855 
0.390000 0.184195 
0.391000 0.186521 
0.392000 0.188835 
0.393000 0.191135 
0.394000 0.193421 
0.395000 0.195695 
0.396000 0.197955 
0.397000 0.200203 
0.398000 0.202437 
0.399000 0.204659 
0.400000 0.206868 
0.401000 0.209064 
0.402000 0.211248 
0.403000 0.213419 
0.404000 0.215578 
0.405000 0.217724 
0.406000 0.219858 
0.407000 0.221980 
0.408000 0.224090 
0.409000 0.226187 
0.410000 0.228273 
0.411000 0.230346 
0.412000 0.232408 
0.413000 0.234458 
0.414000 0.236496 
0.415000 0.238522 
0.416000 0.240537 
0.417000 0.242541 
0.418000 0.244533 
0.419000 0.246513 
0.420000 0.248482 
0.421000 0.250440 
0.422000 0.252387 
0.423000 0.254322 
0.424000 0.256247 
0.425000 0.258160 
0.426000 0.260063 
0.427000 0.261954 
0.428000 0.263835 
0.429000 0.265705 
0.430000 0.267564 
0.431000 0.269412 
0.432000 0.271250 
0.433000 0.273078 
0.434000 0.274895 
0.435000 0.276701 
0.436000 0.278497 
0.437000 0.280283 
0.438000 0.282058 
0.439000 0.283823 
0.440000 0.285578 
0.441000 0.287323 
0.442000 0.289058 
0.443000 0.290783 
0.444000 0.292498 
0.445000 0.294203 
0.446000 0.295898 
0.447000 0.297583 
0.448000 0.299259 
0.449000 0.300925 
0.450000 0.302581 
0.451000 0.304228 
0.452000 0.305865 
0.453000 0.307492 
0.454000 0.309110 
0.455000 0.310719 
0.456000 0.312318 
0.457000 0.313908 
0.458000 0.315488 
0.459000 0.317059 
0.460000 0.318622 
0.461000 0.320174 
0.462000 0.321718 
0.463000 0.323253 
0.464000 0.324779 
0.465000 0.326295 
0.466000 0.327803 
0.467000 0.329302 
0.468000 0.330792 
0.469000 0.332273 
0.470000 0.333746 
0.471000 0.335209 
0.472000 0.336664 
0.473000 0.338110 
0.474000 0.339548 
0.475000 0.340977 
0.476000 0.342397 
0.477000 0.343809 
0.478000 0.345212 
0.479000 0.346607 
0.480000 0.347994 
0.481000 0.349372 
0.482000 0.350741 
0.483000 0.352103 
0.484000 0.353456 
0.485000 0.354801 
0.486000 0.356138 
0.487000 0.357466 
0.488000 0.358786 
0.489000 0.360099 
0.490000 0.361403 
0.491000 0.362699 
0.492000 0.363987 
0.493000 0.365267 
0.494000 0.366539 
0.495000 0.367803 
0.496000 0.369059 
0.497000 0.370308 
0.498000 0.371548 
0.499000 0.372781 
0.500000 0.374006 
0.501000 0.375223 
0.502000 0.376432 
0.503000 0.377634 
0.504000 0.378828 
0.505000 0.380014 
0.506000 0.381193 
0.507000 0.382364 
0.508000 0.383528 
0.509000 0.384684 
0.510000 0.385832 
0.511000 0.386973 
0.512000 0.388106 
0.513000 0.389232 
0.514000 0.390351 
0.515000 0.391462 
0.516000 0.392566 
0.517000 0.393662 
0.518000 0.394751 
0.519000 0.395833 
0.520000 0.396908 
0.521000 0.397975 
0.522000 0.399035 
0.523000 0.400087 
0.524000 0.401133 
0.525000 0.402171 
0.526000 0.403202 
0.527000 0.404226 
0.528000 0.405243 
0.529000 0.406253 
0.530000 0.407256 
0.531000 0.408251 
0.532000 0.409240 
0.533000 0.410221 
0.534000 0.411196 
0.535000 0.412163 
0.536000 0.413124 
0.537000 0.414077 
0.538000 0.415024 
0.539000 0.415963 
0.540000 0.416896 
0.541000 0.417822 
0.542000 0.418741 
0.543000 0.419653 
0.544000 0.420558 
0.545000 0.421456 
0.546000 0.422348 
0.547000 0.423232 
0.548000 0.424110 
0.549000 0.424982 
0.550000 0.425846 
0.551000 0.426703 
0.552000 0.427554 
0.553000 0.428398 
0.554000 0.429236 
0.555000 0.430067 
0.556000 0.430891 
0.557000 0.431708 
0.558000 0.432518 
0.559000 0.433322 
0.560000 0.434120 
0.561000 0.434910 
0.562000 0.435695 
0.563000 0.436472 
0.564000 0.437243 
0.565000 0.438007 
0.566000 0.438765 
0.567000 0.439516 
0.568000 0.440260 
0.569000 0.440998 
0.570000 0.441730 
0.571000 0.442454 
0.572000 0.443173 
0.573000 0.443885 
0.574000 0.444590 
0.575000 0.445289 
0.576000 0.445981 
0.577000 0.446667 
0.578000 0.447346 
0.579000 0.448019 
0.580000 0.448685 
0.581000 0.449345 
0.582000 0.449998 
0.583000 0.450645 
0.584000 0.451285 
0.585000 0.451919 
0.586000 0.452547 
0.587000 0.453168 
0.588000 0.453782 
0.589000 0.454390 
0.590000 0.454992 
0.591000 0.455588 
0.592000 0.456176 
0.593000 0.456759 
0.594000 0.457335 
0.595000 0.457904 
0.596000 0.458471 
0.597000 0.459028 
0.598000 0.459578 
0.599000 0.460122 
0.600000 0.460659 
0.601000 0.461190 
0.602000 0.461715 
0.603000 0.462233 
0.604000 0.462745 
0.605000 0.463251 
0.606000 0.463750 
0.607000 0.464242 
0.608000 0.464729 
0.609000 0.465208 
0.610000 0.465682 
0.611000 0.466149 
0.612000 0.466609 
0.613000 0.467064 
0.614000 0.467511 
0.615000 0.467953 
0.616000 0.468388 
0.617000 0.468816 
0.618000 0.469238 
0.619000 0.469654 
0.620000 0.470063 
0.621000 0.470466 
0.622000 0.470862 
0.623000 0.471252 
0.624000 0.471635 
0.625000 0.472012 
0.626000 0.472382 
0.627000 0.472746 
0.628000 0.473104 
0.629000 0.473455 
0.630000 0.473799 
0.631000 0.474137 
0.632000 0.474469 
0.633000 0.474794 
0.634000 0.475112 
0.635000 0.475424 
0.636000 0.475729 
0.637000 0.476028 
0.638000 0.476321 
0.639000 0.476606 
0.640000 0.476885 
0.641000 0.477158 
0.642000 0.477424 
0.643000 0.477683 
0.644000 0.477936 
0.645000 0.478182 
0.646000 0.478422 
0.647000 0.478655 
0.648000 0.478881 
0.649000 0.479101 
0.650000 0.479314 
0.651000 0.479520 
0.652000 0.479719 
0.653000 0.479912 
0.654000 0.480098 
0.655000 0.480277 
0.656000 0.480450 
0.657000 0.480616 
0.658000 0.480775 
0.659000 0.480927 
0.660000 0.481073 
0.661000 0.481211 
0.662000 0.481343 
0.663000 0.481468 
0.664000 0.481586 
0.665000 0.481697 
0.666000 0.481801 
0.667000 0.481899 
0.668000 0.481989 
0.669000 0.482073 
0.670000 0.482149 
0.671000 0.482218 
0.672000 0.482281 
0.673000 0.482336 
0.674000 0.482385 
0.675000 0.482426 
0.676000 0.482460 
0.677000 0.482487 
0.678000 0.482507 
0.679000 0.482520 
0.680000 0.482526 
0.681000 0.482524 
0.682000 0.482516 
0.683000 0.482500 
0.684000 0.482477 
0.685000 0.482446 
0.686000 0.482408 
0.687000 0.482363 
0.688000 0.482311 
0.689000 0.482251 
0.690000 0.482184 
0.691000 0.482109 
0.692000 0.482027 
0.693000 0.481937 
0.694000 0.481840 
0.695000 0.481736 
0.696000 0.481623 
0.697000 0.481504 
0.698000 0.481376 
0.699000 0.481241 
0.700000 0.481099 
0.701000 0.480948 
0.702000 0.480790 
0.703000 0.480624 
0.704000 0.480451 
0.705000 0.480269 
0.706000 0.480080 
0.707000 0.479883 
0.708000 0.479678 
0.709000 0.479465 
0.710000 0.479244 
0.711000 0.479015 
0.712000 0.478778 
0.713000 0.478533 
0.714000 0.478279 
0.715000 0.478018 
0.716000 0.477749 
0.717000 0.477471 
0.718000 0.477185 
0.719000 0.476891 
0.720000 0.476588 
0.721000 0.476277 
0.722000 0.475958 
0.723000 0.475630 
0.724000 0.475294 
0.725000 0.474949 
0.726000 0.474596 
0.727000 0.474234 
0.728000 0.473863 
0.729000 0.473484 
0.730000 0.473096 
0.731000 0.472699 
0.732000 0.472294 
0.733000 0.471879 
0.734000 0.471456 
0.735000 0.471024 
0.736000 0.470583 
0.737000 0.470133 
0.738000 0.469673 
0.739000 0.469205 
0.740000 0.468727 
0.741000 0.468241 
0.742000 0.467744 
0.743000 0.467239 
0.744000 0.466724 
0.745000 0.466200 
0.746000 0.465667 
0.747000 0.465123 
0.748000 0.464571 
0.749000 0.464008 
0.750000 0.463436 
0.751000 0.462855 
0.752000 0.462263 
0.753000 0.461662 
0.754000 0.461051 
0.755000 0.460429 
0.756000 0.459798 
0.757000 0.459157 
0.758000 0.458505 
0.759000 0.457844 
0.760000 0.457172 
0.761000 0.456490 
0.762000 0.455797 
0.763000 0.455094 
0.764000 0.454381 
0.765000 0.453657 
0.766000 0.452922 
0.767000 0.452177 
0.768000 0.451421 
0.769000 0.450654 
0.770000 0.449876 
0.771000 0.449087 
0.772000 0.448287 
0.773000 0.447476 
0.774000 0.446654 
0.775000 0.445821 
0.776000 0.444976 
0.777000 0.444120 
0.778000 0.443253 
0.779000 0.442374 
0.780000 0.441483 
0.781000 0.440581 
0.782000 0.439667 
0.783000 0.438741 
0.784000 0.437803 
0.785000 0.436853 
0.786000 0.435892 
0.787000 0.434917 
0.788000 0.433931 
0.789000 0.432932 
0.790000 0.431921 
0.791000 0.430898 
0.792000 0.429861 
0.793000 0.428813 
0.794000 0.427751 
0.795000 0.426676 
0.796000 0.425589 
0.797000 0.424488 
0.798000 0.423375 
0.799000 0.422248 
0.800000 0.421108 
0.801000 0.419954 
0.802000 0.418787 
0.803000 0.417606 
0.804000 0.416412 
0.805000 0.415203 
0.806000 0.413981 
0.807000 0.412745 
0.808000 0.411494 
0.809000 0.410230 
0.810000 0.408951 
0.811000 0.407657 
0.812000 0.406349 
0.813000 0.405026 
0.814000 0.403689 
0.815000 0.402336 
0.816000 0.400969 
0.817000 0.399586 
0.818000 0.398188 
0.819000 0.396775 
0.820000 0.395347 
0.821000 0.393902 
0.822000 0.392442 
0.823000 0.390966 
0.824000 0.389474 
0.825000 0.387966 
0.826000 0.386442 
0.827000 0.384902 
0.828000 0.383344 
0.829000 0.381771 
0.830000 0.380180 
0.831000 0.378573 
0.832000 0.376948 
0.833000 0.375306 
0.834000 0.373647 
0.835000 0.371971 
0.836000 0.370277 
0.837000 0.368565 
0.838000 0.366835 
0.839000 0.365087 
0.840000 0.363321 
0.841000 0.361537 
0.842000 0.359734 
0.843000 0.357912 
0.844000 0.356072 
0.845000 0.354212 
0.846000 0.352333 
0.847000 0.350436 
0.848000 0.348518 
0.849000 0.346581 
0.850000 0.344624 
0.851000 0.342647 
0.852000 0.340650 
0.853000 0.338632 
0.854000 0.336594 
0.855000 0.334536 
0.856000 0.332456 
0.857000 0.330356 
0.858000 0.328234 
0.859000 0.326090 
0.860000 0.323925 
0.861000 0.321738 
0.862000 0.319530 
0.863000 0.317298 
0.864000 0.315045 
0.865000 0.312769 
0.866000 0.310470 
0.867000 0.308148 
0.868000 0.305803 
0.869000 0.303434 
0.870000 0.301042 
0.871000 0.298625 
0.872000 0.296185 
0.873000 0.293720 
0.874000 0.291231 
0.875000 0.288717 
0.876000 0.286178 
0.877000 0.283614 
0.878000 0.281025 
0.879000 0.278409 
0.880000 0.275768 
0.881000 0.273101 
0.882000 0.270407 
0.883000 0.267686 
0.884000 0.264939 
0.885000 0.262164 
0.886000 0.259363 
0.887000 0.256533 
0.888000 0.253675 
0.889000 0.250790 
0.890000 0.247875 
0.891000 0.244932 
0.892000 0.241961 
0.893000 0.238959 
0.894000 0.235929 
0.895000 0.232868 
0.896000 0.229778 
0.897000 0.226657 
0.898000 0.223505 
0.899000 0.220322 
0.900000 0.217108 
0.901000 0.213863 
0.902000 0.210585 
0.903000 0.207276 
0.904000 0.203934 
0.905000 0.200559 
0.906000 0.197151 
0.907000 0.193710 
0.908000 0.190235 
0.909000 0.186726 
0.910000 0.183183 
0.911000 0.179605 
0.912000 0.175992 
0.913000 0.172344 
0.914000 0.168660 
0.915000 0.164940 
0.916000 0.161183 
0.917000 0.157390 
0.918000 0.153560 
0.919000 0.149693 
0.920000 0.145787 
0.921000 0.141844 
0.922000 0.137862 
0.923000 0.133842 
0.924000 0.129782 
0.925000 0.125682 
0.926000 0.121543 
0.927000 0.117364 
0.928000 0.113143 
0.929000 0.108882 
0.930000 0.104580 
0.931000 0.100235 
0.932000 0.095849 
0.933000 0.091419 
0.934000 0.086947 
0.935000 0.082432 
0.936000 0.077873 
0.937000 0.073270 
0.938000 0.068622 
0.939000 0.063929 
0.940000 0.059191 
0.941000 0.054408 
0.942000 0.049578 
0.943000 0.044702 
0.944000 0.039779 
0.945000 0.034809 
0.946000 0.029791 
0.947000 0.024725 
0.948000 0.019610 
0.949000 0.014447 
0.950000 0.009234 
0.951000 0.003972 
0.952000 -0.001341 
0.953000 -0.006704 
0.954000 -0.012118 
0.955000 -0.017583 
0.956000 -0.023100 
0.957000 -0.028669 
0.958000 -0.034290 
0.959000 -0.039964 
0.960000 -0.045691 
0.961000 -0.051472 
0.962000 -0.057307 
0.963000 -0.063197 
0.964000 -0.069141 
0.965000 -0.075140 
0.966000 -0.081195 
0.967000 -0.087305 
0.968000 -0.093472 
0.969000 -0.099695 
0.970000 -0.105974 
0.971000 -0.112311 
0.972000 -0.118706 
0.973000 -0.125158 
0.974000 -0.131668 
0.975000 -0.138236 
0.976000 -0.144863 
0.977000 -0.151549 
0.978000 -0.158294 
0.979000 -0.165099 
0.980000 -0.171963 
0.981000 -0.178886 
0.982000 -0.185870 
0.983000 -0.192914 
0.984000 -0.200018 
0.985000 -0.207182 
0.986000 -0.214408 
0.987000 -0.221693 
0.988000 -0.229040 
0.989000 -0.236447 
0.990000 -0.243915 
0.991000 -0.251444 
0.992000 -0.259034 
0.993000 -0.266685 
0.994000 -0.274396 
0.995000 -0.282168 
0.996000 -0.290000 
0.997000 -0.297893 
0.998000 -0.305846 
0.999000 -0.313858 
1.000000 -0.321931 
1.001000 -0.330063 
1.002000 -0.338253 
1.003000 -0.346503 
1.004000 -0.354810 
1.005000 -0.363175 
1.006000 -0.371598 
1.007000 -0.380077 
1.008000 -0.388612 
1.009000 -0.397203 
1.010000 -0.405848 
1.011000 -0.414547 
1.012000 -0.423299 
1.013000 -0.432104 
1.014000 -0.440960 
1.015000 -0.449866 
1.016000 -0.458822 
1.017000 -0.467825 
1.018000 -0.476876 
1.019000 -0.485972 
1.020000 -0.495113 
1.021000 -0.504297 
1.022000 -0.513523 
1.023000 -0.522788 
1.024000 -0.532092 
1.025000 -0.541433 
1.026000 -0.550809 
1.027000 -0.560218 
1.028000 -0.569658 
1.029000 -0.579127 
1.030000 -0.588624 
1.031000 -0.598145 
1.032000 -0.607689 
1.033000 -0.617253 
1.034000 -0.626836 
1.035000 -0.636433 
1.036000 -0.646043 
1.037000 -0.655663 
1.038000 -0.665291 
1.039000 -0.674922 
1.040000 -0.684555 
1.041000 -0.694187 
1.042000 -0.703813 
1.043000 -0.713430 
1.044000 -0.723037 
1.045000 -0.732628 
1.046000 -0.742200 
1.047000 -0.751751 
1.048000 -0.761275 
1.049000 -0.770769 
1.050000 -0.780230 
1.051000 -0.789653 
1.052000 -0.799035 
1.053000 -0.808371 
1.054000 -0.817657 
1.055000 -0.826888 
1.056000 -0.836061 
1.057000 -0.845172 
1.058000 -0.854214 
1.059000 -0.863185 
1.060000 -0.872080 
1.061000 -0.880894 
1.062000 -0.889622 
1.063000 -0.898259 
1.064000 -0.906802 
1.065000 -0.915245 
1.066000 -0.923584 
1.067000 -0.931814 
1.068000 -0.939930 
1.069000 -0.947928 
1.070000 -0.955803 
1.071000 -0.963549 
1.072000 -0.971164 
1.073000 -0.978641 
1.074000 -0.985977 
1.075000 -0.993167 
1.076000 -1.000207 
1.077000 -1.007091 
1.078000 -1.013817 
1.079000 -1.020379 
1.080000 -1.026774 
1.081000 -1.032998 
1.082000 -1.039047 
1.083000 -1.044916 
1.084000 -1.050603 
1.085000 -1.056104 
1.086000 -1.061416 
1.087000 -1.066535 
1.088000 -1.071458 
1.089000 -1.076182 
1.090000 -1.080706 
1.091000 -1.085025 
1.092000 -1.089138 
1.093000 -1.093043 
1.094000 -1.096738 
1.095000 -1.100220 
1.096000 -1.103504 
1.097000 -1.106556 
1.098000 -1.109392 
1.099000 -1.112010 
1.100000 -1.114410 
1.101000 -1.116591 
1.102000 -1.118553 
1.103000 -1.120295 
1.104000 -1.121817 
1.105000 -1.123120 
1.106000 -1.124203 
1.107000 -1.125069 
1.108000 -1.125716 
1.109000 -1.126146 
1.110000 -1.126361 
1.111000 -1.126361 
1.112000 -1.126149 
1.113000 -1.125725 
1.114000 -1.125092 
1.115000 -1.124252 
1.116000 -1.123206 
1.117000 -1.121957 
1.118000 -1.120508 
1.119000 -1.118861 
1.120000 -1.117019 
1.121000 -1.114985 
1.122000 -1.112762 
1.123000 -1.110352 
1.124000 -1.107759 
1.125000 -1.104987 
1.126000 -1.102038 
1.127000 -1.098916 
1.128000 -1.095625 
1.129000 -1.092168 
1.130000 -1.088549 
1.131000 -1.084772 
1.132000 -1.080840 
1.133000 -1.076757 
1.134000 -1.072527 
1.135000 -1.068154 
1.136000 -1.063642 
1.137000 -1.058995 
1.138000 -1.054216 
1.139000 -1.049310 
1.140000 -1.044280 
1.141000 -1.039130 
1.142000 -1.033865 
1.143000 -1.028488 
1.144000 -1.023003 
1.145000 -1.017414 
1.146000 -1.011724 
1.147000 -1.005938 
1.148000 -1.000059 
1.149000 -0.994091 
1.150000 -0.988038 
1.151000 -0.981902 
1.152000 -0.975689 
1.153000 -0.969400 
1.154000 -0.963040 
1.155000 -0.956612 
1.156000 -0.950120 
1.157000 -0.943566 
1.158000 -0.936954 
1.159000 -0.930287 
1.160000 -0.923569 
1.161000 -0.916801 
1.162000 -0.909988 
1.163000 -0.903131 
1.164000 -0.896235 
1.165000 -0.889301 
1.166000 -0.882332 
1.167000 -0.875332 
1.168000 -0.868302 
1.169000 -0.861245 
1.170000 -0.854163 
1.171000 -0.847060 
1.172000 -0.839936 
1.173000 -0.832795 
1.174000 -0.825638 
1.175000 -0.818468 
1.176000 -0.811287 
1.177000 -0.804096 
1.178000 -0.796898 
1.179000 -0.789695 
1.180000 -0.782488 
1.181000 -0.775278 
1.182000 -0.768069 
1.183000 -0.760860 
1.184000 -0.753655 
1.185000 -0.746454 
1.186000 -0.739259 
1.187000 -0.732071 
1.188000 -0.724891 
1.189000 -0.717722 
1.190000 -0.710563 
1.191000 -0.703417 
1.192000 -0.696285 
1.193000 -0.689167 
1.194000 -0.682065 
1.195000 -0.674980 
1.196000 -0.667912 
1.197000 -0.660863 
1.198000 -0.653834 
1.199000 -0.646825 
1.200000 -0.639837 
1.201000 -0.632871 
1.202000 -0.625928 
1.203000 -0.619009 
1.204000 -0.612113 
1.205000 -0.605243 
1.206000 -0.598398 
1.207000 -0.591579 
1.208000 -0.584786 
1.209000 -0.578021 
1.210000 -0.571283 
1.211000 -0.564573 
1.212000 -0.557892 
1.213000 -0.551239 
1.214000 -0.544616 
1.215000 -0.538023 
1.216000 -0.531460 
1.217000 -0.524927 
1.218000 -0.518424 
1.219000 -0.511953 
1.220000 -0.505512 
1.221000 -0.499104 
1.222000 -0.492726 
1.223000 -0.486381 
1.224000 -0.480068 
1.225000 -0.473787 
1.226000 -0.467538 
1.227000 -0.461322 
1.228000 -0.455138 
1.229000 -0.448987 
1.230000 -0.442869 
1.231000 -0.436784 
1.232000 -0.430732 
1.233000 -0.424713 
1.234000 -0.418727 
1.235000 -0.412774 
1.236000 -0.406854 
1.237000 -0.400968 
1.238000 -0.395114 
1.239000 -0.389294 
1.240000 -0.383507 
1.241000 -0.377753 
1.242000 -0.372032 
1.243000 -0.366344 
1.244000 -0.360689 
1.245000 -0.355067 
1.246000 -0.349478 
1.247000 -0.343921 
1.248000 -0.338398 
1.249000 -0.332907 
1.250000 -0.327449 
1.251000 -0.322023 
1.252000 -0.316629 
1.253000 -0.311268 
1.254000 -0.305939 
1.255000 -0.300642 
1.256000 -0.295377 
1.257000 -0.290143 
1.258000 -0.284942 
1.259000 -0.279772 
1.260000 -0.274633 
1.261000 -0.269526 
1.262000 -0.264449 
1.263000 -0.259404 
1.264000 -0.254390 
1.265000 -0.249406 
1.266000 -0.244453 
1.267000 -0.239531 
1.268000 -0.234638 
1.269000 -0.229776 
1.270000 -0.224944 
1.271000 -0.220142 
1.272000 -0.215369 
1.273000 -0.210626 
1.274000 -0.205912 
1.275000 -0.201227 
1.276000 -0.196571 
1.277000 -0.191944 
1.278000 -0.187346 
1.279000 -0.182776 
1.280000 -0.178234 
1.281000 -0.173721 
1.282000 -0.169236 
1.283000 -0.164778 
1.284000 -0.160348 
1.285000 -0.155946 
1.286000 -0.151571 
1.287000 -0.147223 
1.288000 -0.142902 
1.289000 -0.138608 
1.290000 -0.134341 
1.291000 -0.130100 
1.292000 -0.125885 
1.293000 -0.121696 
1.294000 -0.117534 
1.295000 -0.113397 
1.296000 -0.109286 
1.297000 -0.105200 
1.298000 -0.101140 
1.299000 -0.097104 
1.300000 -0.093094 
1.301000 -0.089108 
1.302000 -0.085147 
1.303000 -0.081211 
1.304000 -0.077299 
1.305000 -0.073410 
1.306000 -0.069546 
1.307000 -0.065706 
1.308000 -0.061889 
1.309000 -0.058096 
1.310000 -0.054326 
1.311000 -0.050579 
1.312000 -0.046856 
1.313000 -0.043155 
1.314000 -0.039476 
1.315000 -0.035821 
1.316000 -0.032187 
1.317000 -0.028576 
1.318000 -0.024987 
1.319000 -0.021420 
1.320000 -0.017875 
1.321000 -0.014351 
1.322000 -0.010848 
1.323000 -0.007367 
1.324000 -0.003908 
1.325000 -0.000469 
1.326000 0.002949 
1.327000 0.006346 
1.328000 0.009723 
1.329000 0.013079 
1.330000 0.016415 
1.331000 0.019731 
1.332000 0.023027 
1.333000 0.026302 
1.334000 0.029559 
1.335000 0.032795 
1.336000 0.036012 
1.337000 0.039210 
1.338000 0.042388 
1.339000 0.045548 
1.340000 0.048688 
1.341000 0.051810 
1.342000 0.054913 
1.343000 0.057998 
1.344000 0.061064 
1.345000 0.064111 
1.346000 0.067141 
1.347000 0.070153 
1.348000 0.073146 
1.349000 0.076122 
1.350000 0.079080 
1.351000 0.082021 
1.352000 0.084944 
1.353000 0.087850 
1.354000 0.090739 
1.355000 0.093610 
1.356000 0.096465 
1.357000 0.099303 
1.358000 0.102124 
1.359000 0.104928 
1.360000 0.107716 
1.361000 0.110488 
1.362000 0.113243 
1.363000 0.115982 
1.364000 0.118705 
1.365000 0.121412 
1.366000 0.124103 
1.367000 0.126779 
1.368000 0.129439 
1.369000 0.132083 
1.370000 0.134712 
1.371000 0.137325 
1.372000 0.139923 
1.373000 0.142506 
1.374000 0.145074 
1.375000 0.147627 
1.376000 0.150166 
1.377000 0.152689 
1.378000 0.155198 
1.379000 0.157692 
1.380000 0.160172 
1.381000 0.162638 
1.382000 0.165089 
1.383000 0.167526 
1.384000 0.169949 
1.385000 0.172357 
1.386000 0.174752 
1.387000 0.177134 
1.388000 0.179501 
1.389000 0.181855 
1.390000 0.184195 
1.391000 0.186521 
1.392000 0.188835 
1.393000 0.191135 
1.394000 0.193421 
1.395000 0.195695 
1.396000 0.197955 
1.397000 0.200203 
1.398000 0.202437 
1.399000 0.204659 
1.400000 0.206868 
1.401000 0.209064 
1.402000 0.211248 
1.403000 0.213419 
1.404000 0.215578 
1.405000 0.217724 
1.406000 0.219858 
1.407000 0.221980 
1.408000 0.224090 
1.409000 0.226187 
1.410000 0.228273 
1.411000 0.230346 
1.412000 0.232408 
1.413000 0.234458 
1.414000 0.236496 
1.415000 0.238522 
1.416000 0.240537 
1.417000 0.242541 
1.418000 0.244533 
1.419000 0.246513 
1.420000 0.248482 
1.421000 0.250440 
1.422000 0.252387 
1.423000 0.254322 
1.424000 0.256247 
1.425000 0.258160 
1.426000 0.260063 
1.427000 0.261954 
1.428000 0.263835 
1.429000 0.265705 
1.430000 0.267564 
1.431000 0.269412 
1.432000 0.271250 
1.433000 0.273078 
1.434000 0.274895 
1.435000 0.276701 
1.436000 0.278497 
1.437000 0.280283 
1.438000 0.282058 
1.439000 0.283823 
1.440000 0.285578 
1.441000 0.287323 
1.442000 0.289058 
1.443000 0.290783 
1.444000 0.292498 
1.445000 0.294203 
1.446000 0.295898 
1.447000 0.297583 
1.448000 0.299259 
1.449000 0.300925 
1.450000 0.302581 
1.451000 0.304228 
1.452000 0.305865 
1.453000 0.307492 
1.454000 0.309110 
1.455000 0.310719 
1.456000 0.312318 
1.457000 0.313908 
1.458000 0.315488 
1.459000 0.317059 
1.460000 0.318622 
1.461000 0.320174 
1.462000 0.321718 
1.463000 0.323253 
1.464000 0.324779 
1.465000 0.326295 
1.466000 0.327803 
1.467000 0.329302 
1.468000 0.330792 
1.469000 0.332273 
1.470000 0.333746 
1.471000 0.335209 
1.472000 0.336664 
1.473000 0.338110 
1.474000 0.339548 
1.475000 0.340977 
1.476000 0.342397 
1.477000 0.343809 
1.478000 0.345212 
1.479000 0.346607 
1.480000 0.347994 
1.481000 0.349372 
1.482000 0.350741 
1.483000 0.352103 
1.484000 0.353456 
1.485000 0.354801 
1.486000 0.356138 
1.487000 0.357466 
1.488000 0.358786 
1.489000 0.360099 
1.490000 0.361403 
1.491000 0.362699 
1.492000 0.363987 
1.493000 0.365267 
1.494000 0.366539 
1.495000 0.367803 
1.496000 0.369059 
1.497000 0.370308 
1.498000 0.371548 
1.499000 0.372781 
