# Tc_folded model 
-1.500000 -0.327795 
-1.499000 -0.325996 
-1.498000 -0.324193 
-1.497000 -0.322387 
-1.496000 -0.320576 
-1.495000 -0.318761 
-1.494000 -0.316942 
-1.493000 -0.315120 
-1.492000 -0.313293 
-1.491000 -0.311462 
-1.490000 -0.309627 
-1.489000 -0.307788 
-1.488000 -0.305945 
-1.487000 -0.304097 
-1.486000 -0.302246 
-1.485000 -0.300390 
-1.484000 -0.298530 
-1.483000 -0.296666 
-1.482000 -0.294797 
-1.481000 -0.292925 
-1.480000 -0.291048 
-1.479000 -0.289167 
-1.478000 -0.287281 
-1.477000 -0.285391 
-1.476000 -0.283497 
-1.475000 -0.281598 
-1.474000 -0.279695 
-1.473000 -0.277787 
-1.472000 -0.275875 
-1.471000 -0.273959 
-1.470000 -0.272038 
-1.469000 -0.270112 
-1.468000 -0.268182 
-1.467000 -0.266247 
-1.466000 -0.264308 
-1.465000 -0.262364 
-1.464000 -0.260415 
-1.463000 -0.258462 
-1.462000 -0.256504 
-1.461000 -0.254542 
-1.460000 -0.252574 
-1.459000 -0.250602 
-1.458000 -0.248625 
-1.457000 -0.246643 
-1.456000 -0.244656 
-1.455000 -0.242665 
-1.454000 -0.240668 
-1.453000 -0.238667 
-1.452000 -0.236661 
-1.451000 -0.234649 
-1.450000 -0.232633 
-1.449000 -0.230612 
-1.448000 -0.228585 
-1.447000 -0.226554 
-1.446000 -0.224517 
-1.445000 -0.222475 
-1.444000 -0.220428 
-1.443000 -0.218376 
-1.442000 -0.216319 
-1.441000 -0.214256 
-1.440000 -0.212188 
-1.439000 -0.210115 
-1.438000 -0.208036 
-1.437000 -0.205952 
-1.436000 -0.203863 
-1.435000 -0.201768 
-1.434000 -0.199667 
-1.433000 -0.197562 
-1.432000 -0.195450 
-1.431000 -0.193333 
-1.430000 -0.191210 
-1.429000 -0.189082 
-1.428000 -0.186948 
-1.427000 -0.184809 
-1.426000 -0.182663 
-1.425000 -0.180512 
-1.424000 -0.178355 
-1.423000 -0.176192 
-1.422000 -0.174023 
-1.421000 -0.171849 
-1.420000 -0.169668 
-1.419000 -0.167482 
-1.418000 -0.165289 
-1.417000 -0.163090 
-1.416000 -0.160886 
-1.415000 -0.158675 
-1.414000 -0.156458 
-1.413000 -0.154235 
-1.412000 -0.152005 
-1.411000 -0.149769 
-1.410000 -0.147527 
-1.409000 -0.145279 
-1.408000 -0.143024 
-1.407000 -0.140763 
-1.406000 -0.138495 
-1.405000 -0.136221 
-1.404000 -0.133940 
-1.403000 -0.131652 
-1.402000 -0.129358 
-1.401000 -0.127057 
-1.400000 -0.124750 
-1.399000 -0.122435 
-1.398000 -0.120114 
-1.397000 -0.117786 
-1.396000 -0.115451 
-1.395000 -0.113110 
-1.394000 -0.110761 
-1.393000 -0.108405 
-1.392000 -0.106042 
-1.391000 -0.103672 
-1.390000 -0.101295 
-1.389000 -0.098910 
-1.388000 -0.096518 
-1.387000 -0.094119 
-1.386000 -0.091713 
-1.385000 -0.089299 
-1.384000 -0.086878 
-1.383000 -0.084449 
-1.382000 -0.082012 
-1.381000 -0.079568 
-1.380000 -0.077116 
-1.379000 -0.074657 
-1.378000 -0.072190 
-1.377000 -0.069715 
-1.376000 -0.067232 
-1.375000 -0.064741 
-1.374000 -0.062242 
-1.373000 -0.059735 
-1.372000 -0.057220 
-1.371000 -0.054697 
-1.370000 -0.052166 
-1.369000 -0.049626 
-1.368000 -0.047078 
-1.367000 -0.044522 
-1.366000 -0.041957 
-1.365000 -0.039384 
-1.364000 -0.036802 
-1.363000 -0.034212 
-1.362000 -0.031613 
-1.361000 -0.029005 
-1.360000 -0.026388 
-1.359000 -0.023763 
-1.358000 -0.021128 
-1.357000 -0.018485 
-1.356000 -0.015833 
-1.355000 -0.013171 
-1.354000 -0.010500 
-1.353000 -0.007820 
-1.352000 -0.005131 
-1.351000 -0.002432 
-1.350000 0.000276 
-1.349000 0.002994 
-1.348000 0.005721 
-1.347000 0.008458 
-1.346000 0.011205 
-1.345000 0.013961 
-1.344000 0.016728 
-1.343000 0.019504 
-1.342000 0.022291 
-1.341000 0.025087 
-1.340000 0.027894 
-1.339000 0.030711 
-1.338000 0.033538 
-1.337000 0.036376 
-1.336000 0.039224 
-1.335000 0.042083 
-1.334000 0.044952 
-1.333000 0.047832 
-1.332000 0.050723 
-1.331000 0.053625 
-1.330000 0.056538 
-1.329000 0.059462 
-1.328000 0.062397 
-1.327000 0.065343 
-1.326000 0.068301 
-1.325000 0.071270 
-1.324000 0.074251 
-1.323000 0.077243 
-1.322000 0.080247 
-1.321000 0.083262 
-1.320000 0.086290 
-1.319000 0.089329 
-1.318000 0.092381 
-1.317000 0.095444 
-1.316000 0.098520 
-1.315000 0.101609 
-1.314000 0.104709 
-1.313000 0.107823 
-1.312000 0.110949 
-1.311000 0.114087 
-1.310000 0.117239 
-1.309000 0.120404 
-1.308000 0.123581 
-1.307000 0.126772 
-1.306000 0.129976 
-1.305000 0.133194 
-1.304000 0.136425 
-1.303000 0.139670 
-1.302000 0.142928 
-1.301000 0.146201 
-1.300000 0.149487 
-1.299000 0.152787 
-1.298000 0.156102 
-1.297000 0.159431 
-1.296000 0.162774 
-1.295000 0.166132 
-1.294000 0.169505 
-1.293000 0.172892 
-1.292000 0.176295 
-1.291000 0.179712 
-1.290000 0.183145 
-1.289000 0.186593 
-1.288000 0.190057 
-1.287000 0.193536 
-1.286000 0.197031 
-1.285000 0.200542 
-1.284000 0.204069 
-1.283000 0.207612 
-1.282000 0.211171 
-1.281000 0.214747 
-1.280000 0.218340 
-1.279000 0.221949 
-1.278000 0.225575 
-1.277000 0.229219 
-1.276000 0.232879 
-1.275000 0.236557 
-1.274000 0.240252 
-1.273000 0.243965 
-1.272000 0.247696 
-1.271000 0.251445 
-1.270000 0.255212 
-1.269000 0.258998 
-1.268000 0.262802 
-1.267000 0.266625 
-1.266000 0.270466 
-1.265000 0.274327 
-1.264000 0.278207 
-1.263000 0.282106 
-1.262000 0.286025 
-1.261000 0.289964 
-1.260000 0.293922 
-1.259000 0.297901 
-1.258000 0.301900 
-1.257000 0.305920 
-1.256000 0.309961 
-1.255000 0.314022 
-1.254000 0.318104 
-1.253000 0.322208 
-1.252000 0.326334 
-1.251000 0.330481 
-1.250000 0.334650 
-1.249000 0.338842 
-1.248000 0.343055 
-1.247000 0.347292 
-1.246000 0.351551 
-1.245000 0.355834 
-1.244000 0.360139 
-1.243000 0.364469 
-1.242000 0.368822 
-1.241000 0.373199 
-1.240000 0.377600 
-1.239000 0.382026 
-1.238000 0.386477 
-1.237000 0.390953 
-1.236000 0.395454 
-1.235000 0.399980 
-1.234000 0.404533 
-1.233000 0.409111 
-1.232000 0.413716 
-1.231000 0.418347 
-1.230000 0.423006 
-1.229000 0.427691 
-1.228000 0.432404 
-1.227000 0.437145 
-1.226000 0.441914 
-1.225000 0.446711 
-1.224000 0.451537 
-1.223000 0.456391 
-1.222000 0.461275 
-1.221000 0.466189 
-1.220000 0.471132 
-1.219000 0.476106 
-1.218000 0.481110 
-1.217000 0.486145 
-1.216000 0.491212 
-1.215000 0.496309 
-1.214000 0.501439 
-1.213000 0.506601 
-1.212000 0.511796 
-1.211000 0.517023 
-1.210000 0.522284 
-1.209000 0.527579 
-1.208000 0.532908 
-1.207000 0.538271 
-1.206000 0.543669 
-1.205000 0.549102 
-1.204000 0.554571 
-1.203000 0.560076 
-1.202000 0.565617 
-1.201000 0.571195 
-1.200000 0.576811 
-1.199000 0.582464 
-1.198000 0.588155 
-1.197000 0.593885 
-1.196000 0.599654 
-1.195000 0.605462 
-1.194000 0.611310 
-1.193000 0.617199 
-1.192000 0.623128 
-1.191000 0.629099 
-1.190000 0.635112 
-1.189000 0.641167 
-1.188000 0.647264 
-1.187000 0.653405 
-1.186000 0.659590 
-1.185000 0.665819 
-1.184000 0.672093 
-1.183000 0.678412 
-1.182000 0.684778 
-1.181000 0.691189 
-1.180000 0.697648 
-1.179000 0.704154 
-1.178000 0.710708 
-1.177000 0.717311 
-1.176000 0.723963 
-1.175000 0.730665 
-1.174000 0.737418 
-1.173000 0.744221 
-1.172000 0.751077 
-1.171000 0.757984 
-1.170000 0.764944 
-1.169000 0.771958 
-1.168000 0.779026 
-1.167000 0.786149 
-1.166000 0.793328 
-1.165000 0.800562 
-1.164000 0.807854 
-1.163000 0.815203 
-1.162000 0.822609 
-1.161000 0.830075 
-1.160000 0.837601 
-1.159000 0.845186 
-1.158000 0.852833 
-1.157000 0.860541 
-1.156000 0.868312 
-1.155000 0.876146 
-1.154000 0.884044 
-1.153000 0.892006 
-1.152000 0.900034 
-1.151000 0.908128 
-1.150000 0.916288 
-1.149000 0.924517 
-1.148000 0.932813 
-1.147000 0.941179 
-1.146000 0.949615 
-1.145000 0.958122 
-1.144000 0.966700 
-1.143000 0.975350 
-1.142000 0.984073 
-1.141000 0.992870 
-1.140000 1.001742 
-1.139000 1.010689 
-1.138000 1.019712 
-1.137000 1.028812 
-1.136000 1.037989 
-1.135000 1.047245 
-1.134000 1.056581 
-1.133000 1.065995 
-1.132000 1.075491 
-1.131000 1.085068 
-1.130000 1.094726 
-1.129000 1.104467 
-1.128000 1.114292 
-1.127000 1.124200 
-1.126000 1.134193 
-1.125000 1.144271 
-1.124000 1.154434 
-1.123000 1.164684 
-1.122000 1.175020 
-1.121000 1.185443 
-1.120000 1.195954 
-1.119000 1.206552 
-1.118000 1.217239 
-1.117000 1.228013 
-1.116000 1.238876 
-1.115000 1.249827 
-1.114000 1.260867 
-1.113000 1.271995 
-1.112000 1.283212 
-1.111000 1.294517 
-1.110000 1.305909 
-1.109000 1.317388 
-1.108000 1.328954 
-1.107000 1.340606 
-1.106000 1.352342 
-1.105000 1.364163 
-1.104000 1.376066 
-1.103000 1.388051 
-1.102000 1.400116 
-1.101000 1.412258 
-1.100000 1.424477 
-1.099000 1.436769 
-1.098000 1.449133 
-1.097000 1.461565 
-1.096000 1.474063 
-1.095000 1.486623 
-1.094000 1.499241 
-1.093000 1.511914 
-1.092000 1.524636 
-1.091000 1.537404 
-1.090000 1.550211 
-1.089000 1.563051 
-1.088000 1.575920 
-1.087000 1.588809 
-1.086000 1.601711 
-1.085000 1.614619 
-1.084000 1.627523 
-1.083000 1.640414 
-1.082000 1.653283 
-1.081000 1.666117 
-1.080000 1.678906 
-1.079000 1.691637 
-1.078000 1.704297 
-1.077000 1.716870 
-1.076000 1.729342 
-1.075000 1.741696 
-1.074000 1.753914 
-1.073000 1.765978 
-1.072000 1.777866 
-1.071000 1.789559 
-1.070000 1.801034 
-1.069000 1.812265 
-1.068000 1.823228 
-1.067000 1.833896 
-1.066000 1.844240 
-1.065000 1.854231 
-1.064000 1.863837 
-1.063000 1.873024 
-1.062000 1.881758 
-1.061000 1.890004 
-1.060000 1.897722 
-1.059000 1.904875 
-1.058000 1.911420 
-1.057000 1.917317 
-1.056000 1.922522 
-1.055000 1.926991 
-1.054000 1.930677 
-1.053000 1.933536 
-1.052000 1.935519 
-1.051000 1.936581 
-1.050000 1.936673 
-1.049000 1.935749 
-1.048000 1.933762 
-1.047000 1.930667 
-1.046000 1.926419 
-1.045000 1.920976 
-1.044000 1.914297 
-1.043000 1.906345 
-1.042000 1.897086 
-1.041000 1.886487 
-1.040000 1.874524 
-1.039000 1.861172 
-1.038000 1.846416 
-1.037000 1.830244 
-1.036000 1.812649 
-1.035000 1.793633 
-1.034000 1.773203 
-1.033000 1.751372 
-1.032000 1.728160 
-1.031000 1.703597 
-1.030000 1.677715 
-1.029000 1.650557 
-1.028000 1.622169 
-1.027000 1.592606 
-1.026000 1.561083 
-1.025000 1.529290 
-1.024000 1.496488 
-1.023000 1.462748 
-1.022000 1.428145 
-1.021000 1.392759 
-1.020000 1.356669 
-1.019000 1.319960 
-1.018000 1.282713 
-1.017000 1.245013 
-1.016000 1.206943 
-1.015000 1.168586 
-1.014000 1.130020 
-1.013000 1.091325 
-1.012000 1.052576 
-1.011000 1.013846 
-1.010000 0.975202 
-1.009000 0.936711 
-1.008000 0.898432 
-1.007000 0.860425 
-1.006000 0.822740 
-1.005000 0.785427 
-1.004000 0.748531 
-1.003000 0.712090 
-1.002000 0.676142 
-1.001000 0.640718 
-1.000000 0.605847 
-0.999000 0.571553 
-0.998000 0.537857 
-0.997000 0.504776 
-0.996000 0.472326 
-0.995000 0.440517 
-0.994000 0.409359 
-0.993000 0.378858 
-0.992000 0.349018 
-0.991000 0.319840 
-0.990000 0.291326 
-0.989000 0.263473 
-0.988000 0.236278 
-0.987000 0.209735 
-0.986000 0.183840 
-0.985000 0.158586 
-0.984000 0.133963 
-0.983000 0.109964 
-0.982000 0.086578 
-0.981000 0.063796 
-0.980000 0.041607 
-0.979000 0.019999 
-0.978000 -0.001038 
-0.977000 -0.021517 
-0.976000 -0.041449 
-0.975000 -0.060847 
-0.974000 -0.079723 
-0.973000 -0.098089 
-0.972000 -0.115957 
-0.971000 -0.133339 
-0.970000 -0.150247 
-0.969000 -0.166694 
-0.968000 -0.182692 
-0.967000 -0.198251 
-0.966000 -0.213384 
-0.965000 -0.228101 
-0.964000 -0.242415 
-0.963000 -0.256336 
-0.962000 -0.269874 
-0.961000 -0.283040 
-0.960000 -0.295845 
-0.959000 -0.308299 
-0.958000 -0.320410 
-0.957000 -0.332190 
-0.956000 -0.343646 
-0.955000 -0.354789 
-0.954000 -0.365627 
-0.953000 -0.376168 
-0.952000 -0.386421 
-0.951000 -0.396395 
-0.950000 -0.406096 
-0.949000 -0.415533 
-0.948000 -0.424713 
-0.947000 -0.433643 
-0.946000 -0.442331 
-0.945000 -0.450783 
-0.944000 -0.459006 
-0.943000 -0.467006 
-0.942000 -0.474789 
-0.941000 -0.482362 
-0.940000 -0.489730 
-0.939000 -0.496900 
-0.938000 -0.503876 
-0.937000 -0.510663 
-0.936000 -0.517268 
-0.935000 -0.523695 
-0.934000 -0.529949 
-0.933000 -0.536034 
-0.932000 -0.541956 
-0.931000 -0.547718 
-0.930000 -0.553326 
-0.929000 -0.558782 
-0.928000 -0.564092 
-0.927000 -0.569258 
-0.926000 -0.574286 
-0.925000 -0.579178 
-0.924000 -0.583938 
-0.923000 -0.588570 
-0.922000 -0.593076 
-0.921000 -0.597461 
-0.920000 -0.601727 
-0.919000 -0.605878 
-0.918000 -0.609916 
-0.917000 -0.613844 
-0.916000 -0.617665 
-0.915000 -0.621382 
-0.914000 -0.624997 
-0.913000 -0.628513 
-0.912000 -0.631933 
-0.911000 -0.635258 
-0.910000 -0.638492 
-0.909000 -0.641636 
-0.908000 -0.644692 
-0.907000 -0.647663 
-0.906000 -0.650551 
-0.905000 -0.653358 
-0.904000 -0.656086 
-0.903000 -0.658736 
-0.902000 -0.661311 
-0.901000 -0.663812 
-0.900000 -0.666241 
-0.899000 -0.668599 
-0.898000 -0.670890 
-0.897000 -0.673113 
-0.896000 -0.675270 
-0.895000 -0.677364 
-0.894000 -0.679395 
-0.893000 -0.681365 
-0.892000 -0.683276 
-0.891000 -0.685128 
-0.890000 -0.686923 
-0.889000 -0.688663 
-0.888000 -0.690347 
-0.887000 -0.691979 
-0.886000 -0.693559 
-0.885000 -0.695087 
-0.884000 -0.696566 
-0.883000 -0.697996 
-0.882000 -0.699378 
-0.881000 -0.700713 
-0.880000 -0.702003 
-0.879000 -0.703249 
-0.878000 -0.704450 
-0.877000 -0.705609 
-0.876000 -0.706725 
-0.875000 -0.707801 
-0.874000 -0.708837 
-0.873000 -0.709833 
-0.872000 -0.710790 
-0.871000 -0.711710 
-0.870000 -0.712593 
-0.869000 -0.713440 
-0.868000 -0.714251 
-0.867000 -0.715028 
-0.866000 -0.715770 
-0.865000 -0.716479 
-0.864000 -0.717156 
-0.863000 -0.717800 
-0.862000 -0.718413 
-0.861000 -0.718995 
-0.860000 -0.719547 
-0.859000 -0.720069 
-0.858000 -0.720562 
-0.857000 -0.721027 
-0.856000 -0.721464 
-0.855000 -0.721873 
-0.854000 -0.722256 
-0.853000 -0.722612 
-0.852000 -0.722942 
-0.851000 -0.723247 
-0.850000 -0.723527 
-0.849000 -0.723782 
-0.848000 -0.724013 
-0.847000 -0.724221 
-0.846000 -0.724406 
-0.845000 -0.724568 
-0.844000 -0.724708 
-0.843000 -0.724825 
-0.842000 -0.724922 
-0.841000 -0.724997 
-0.840000 -0.725051 
-0.839000 -0.725085 
-0.838000 -0.725099 
-0.837000 -0.725094 
-0.836000 -0.725069 
-0.835000 -0.725025 
-0.834000 -0.724962 
-0.833000 -0.724881 
-0.832000 -0.724782 
-0.831000 -0.724666 
-0.830000 -0.724532 
-0.829000 -0.724380 
-0.828000 -0.724212 
-0.827000 -0.724028 
-0.826000 -0.723827 
-0.825000 -0.723610 
-0.824000 -0.723378 
-0.823000 -0.723130 
-0.822000 -0.722866 
-0.821000 -0.722588 
-0.820000 -0.722295 
-0.819000 -0.721987 
-0.818000 -0.721666 
-0.817000 -0.721330 
-0.816000 -0.720980 
-0.815000 -0.720617 
-0.814000 -0.720240 
-0.813000 -0.719851 
-0.812000 -0.719448 
-0.811000 -0.719032 
-0.810000 -0.718604 
-0.809000 -0.718164 
-0.808000 -0.717711 
-0.807000 -0.717247 
-0.806000 -0.716770 
-0.805000 -0.716282 
-0.804000 -0.715782 
-0.803000 -0.715272 
-0.802000 -0.714750 
-0.801000 -0.714217 
-0.800000 -0.713673 
-0.799000 -0.713118 
-0.798000 -0.712553 
-0.797000 -0.711978 
-0.796000 -0.711393 
-0.795000 -0.710797 
-0.794000 -0.710192 
-0.793000 -0.709576 
-0.792000 -0.708952 
-0.791000 -0.708317 
-0.790000 -0.707674 
-0.789000 -0.707021 
-0.788000 -0.706359 
-0.787000 -0.705688 
-0.786000 -0.705008 
-0.785000 -0.704319 
-0.784000 -0.703622 
-0.783000 -0.702916 
-0.782000 -0.702202 
-0.781000 -0.701479 
-0.780000 -0.700749 
-0.779000 -0.700010 
-0.778000 -0.699263 
-0.777000 -0.698509 
-0.776000 -0.697747 
-0.775000 -0.696977 
-0.774000 -0.696199 
-0.773000 -0.695414 
-0.772000 -0.694622 
-0.771000 -0.693822 
-0.770000 -0.693015 
-0.769000 -0.692201 
-0.768000 -0.691380 
-0.767000 -0.690552 
-0.766000 -0.689717 
-0.765000 -0.688876 
-0.764000 -0.688028 
-0.763000 -0.687173 
-0.762000 -0.686311 
-0.761000 -0.685444 
-0.760000 -0.684569 
-0.759000 -0.683689 
-0.758000 -0.682802 
-0.757000 -0.681909 
-0.756000 -0.681010 
-0.755000 -0.680105 
-0.754000 -0.679194 
-0.753000 -0.678277 
-0.752000 -0.677354 
-0.751000 -0.676426 
-0.750000 -0.675491 
-0.749000 -0.674551 
-0.748000 -0.673606 
-0.747000 -0.672655 
-0.746000 -0.671698 
-0.745000 -0.670737 
-0.744000 -0.669769 
-0.743000 -0.668797 
-0.742000 -0.667819 
-0.741000 -0.666836 
-0.740000 -0.665848 
-0.739000 -0.664854 
-0.738000 -0.663856 
-0.737000 -0.662853 
-0.736000 -0.661845 
-0.735000 -0.660831 
-0.734000 -0.659813 
-0.733000 -0.658791 
-0.732000 -0.657763 
-0.731000 -0.656731 
-0.730000 -0.655694 
-0.729000 -0.654652 
-0.728000 -0.653606 
-0.727000 -0.652555 
-0.726000 -0.651500 
-0.725000 -0.650440 
-0.724000 -0.649376 
-0.723000 -0.648307 
-0.722000 -0.647234 
-0.721000 -0.646157 
-0.720000 -0.645075 
-0.719000 -0.643989 
-0.718000 -0.642899 
-0.717000 -0.641805 
-0.716000 -0.640706 
-0.715000 -0.639604 
-0.714000 -0.638497 
-0.713000 -0.637387 
-0.712000 -0.636272 
-0.711000 -0.635153 
-0.710000 -0.634030 
-0.709000 -0.632904 
-0.708000 -0.631773 
-0.707000 -0.630639 
-0.706000 -0.629500 
-0.705000 -0.628358 
-0.704000 -0.627212 
-0.703000 -0.626063 
-0.702000 -0.624909 
-0.701000 -0.623752 
-0.700000 -0.622591 
-0.699000 -0.621427 
-0.698000 -0.620258 
-0.697000 -0.619087 
-0.696000 -0.617911 
-0.695000 -0.616732 
-0.694000 -0.615550 
-0.693000 -0.614363 
-0.692000 -0.613174 
-0.691000 -0.611981 
-0.690000 -0.610784 
-0.689000 -0.609584 
-0.688000 -0.608380 
-0.687000 -0.607173 
-0.686000 -0.605963 
-0.685000 -0.604749 
-0.684000 -0.603532 
-0.683000 -0.602311 
-0.682000 -0.601087 
-0.681000 -0.599860 
-0.680000 -0.598630 
-0.679000 -0.597396 
-0.678000 -0.596159 
-0.677000 -0.594918 
-0.676000 -0.593675 
-0.675000 -0.592428 
-0.674000 -0.591178 
-0.673000 -0.589925 
-0.672000 -0.588668 
-0.671000 -0.587409 
-0.670000 -0.586146 
-0.669000 -0.584880 
-0.668000 -0.583611 
-0.667000 -0.582339 
-0.666000 -0.581064 
-0.665000 -0.579785 
-0.664000 -0.578504 
-0.663000 -0.577219 
-0.662000 -0.575931 
-0.661000 -0.574641 
-0.660000 -0.573347 
-0.659000 -0.572050 
-0.658000 -0.570750 
-0.657000 -0.569447 
-0.656000 -0.568141 
-0.655000 -0.566832 
-0.654000 -0.565520 
-0.653000 -0.564205 
-0.652000 -0.562887 
-0.651000 -0.561567 
-0.650000 -0.560243 
-0.649000 -0.558916 
-0.648000 -0.557586 
-0.647000 -0.556253 
-0.646000 -0.554918 
-0.645000 -0.553579 
-0.644000 -0.552237 
-0.643000 -0.550893 
-0.642000 -0.549545 
-0.641000 -0.548195 
-0.640000 -0.546842 
-0.639000 -0.545486 
-0.638000 -0.544126 
-0.637000 -0.542765 
-0.636000 -0.541400 
-0.635000 -0.540032 
-0.634000 -0.538661 
-0.633000 -0.537288 
-0.632000 -0.535911 
-0.631000 -0.534532 
-0.630000 -0.533150 
-0.629000 -0.531765 
-0.628000 -0.530377 
-0.627000 -0.528986 
-0.626000 -0.527592 
-0.625000 -0.526196 
-0.624000 -0.524796 
-0.623000 -0.523394 
-0.622000 -0.521989 
-0.621000 -0.520581 
-0.620000 -0.519170 
-0.619000 -0.517756 
-0.618000 -0.516340 
-0.617000 -0.514920 
-0.616000 -0.513498 
-0.615000 -0.512073 
-0.614000 -0.510645 
-0.613000 -0.509214 
-0.612000 -0.507780 
-0.611000 -0.506344 
-0.610000 -0.504904 
-0.609000 -0.503462 
-0.608000 -0.502017 
-0.607000 -0.500569 
-0.606000 -0.499118 
-0.605000 -0.497664 
-0.604000 -0.496207 
-0.603000 -0.494748 
-0.602000 -0.493285 
-0.601000 -0.491820 
-0.600000 -0.490352 
-0.599000 -0.488881 
-0.598000 -0.487407 
-0.597000 -0.485930 
-0.596000 -0.484451 
-0.595000 -0.482968 
-0.594000 -0.481483 
-0.593000 -0.479994 
-0.592000 -0.478503 
-0.591000 -0.477009 
-0.590000 -0.475512 
-0.589000 -0.474012 
-0.588000 -0.472509 
-0.587000 -0.471003 
-0.586000 -0.469494 
-0.585000 -0.467982 
-0.584000 -0.466467 
-0.583000 -0.464950 
-0.582000 -0.463429 
-0.581000 -0.461906 
-0.580000 -0.460379 
-0.579000 -0.458850 
-0.578000 -0.457317 
-0.577000 -0.455782 
-0.576000 -0.454244 
-0.575000 -0.452702 
-0.574000 -0.451158 
-0.573000 -0.449610 
-0.572000 -0.448060 
-0.571000 -0.446507 
-0.570000 -0.444950 
-0.569000 -0.443391 
-0.568000 -0.441828 
-0.567000 -0.440263 
-0.566000 -0.438694 
-0.565000 -0.437122 
-0.564000 -0.435548 
-0.563000 -0.433970 
-0.562000 -0.432389 
-0.561000 -0.430805 
-0.560000 -0.429218 
-0.559000 -0.427628 
-0.558000 -0.426034 
-0.557000 -0.424438 
-0.556000 -0.422839 
-0.555000 -0.421236 
-0.554000 -0.419630 
-0.553000 -0.418021 
-0.552000 -0.416409 
-0.551000 -0.414793 
-0.550000 -0.413175 
-0.549000 -0.411553 
-0.548000 -0.409928 
-0.547000 -0.408300 
-0.546000 -0.406668 
-0.545000 -0.405034 
-0.544000 -0.403396 
-0.543000 -0.401755 
-0.542000 -0.400110 
-0.541000 -0.398462 
-0.540000 -0.396811 
-0.539000 -0.395157 
-0.538000 -0.393499 
-0.537000 -0.391838 
-0.536000 -0.390174 
-0.535000 -0.388506 
-0.534000 -0.386835 
-0.533000 -0.385161 
-0.532000 -0.383483 
-0.531000 -0.381802 
-0.530000 -0.380117 
-0.529000 -0.378429 
-0.528000 -0.376738 
-0.527000 -0.375043 
-0.526000 -0.373237 
-0.525000 -0.371535 
-0.524000 -0.369830 
-0.523000 -0.368120 
-0.522000 -0.366407 
-0.521000 -0.364691 
-0.520000 -0.362971 
-0.519000 -0.361248 
-0.518000 -0.359520 
-0.517000 -0.357790 
-0.516000 -0.356055 
-0.515000 -0.354317 
-0.514000 -0.352575 
-0.513000 -0.350830 
-0.512000 -0.349081 
-0.511000 -0.347328 
-0.510000 -0.345571 
-0.509000 -0.343811 
-0.508000 -0.342046 
-0.507000 -0.340278 
-0.506000 -0.338507 
-0.505000 -0.336731 
-0.504000 -0.334952 
-0.503000 -0.333168 
-0.502000 -0.331381 
-0.501000 -0.329590 
-0.500000 -0.327795 
-0.499000 -0.325996 
-0.498000 -0.324193 
-0.497000 -0.322387 
-0.496000 -0.320576 
-0.495000 -0.318761 
-0.494000 -0.316942 
-0.493000 -0.315120 
-0.492000 -0.313293 
-0.491000 -0.311462 
-0.490000 -0.309627 
-0.489000 -0.307788 
-0.488000 -0.305945 
-0.487000 -0.304097 
-0.486000 -0.302246 
-0.485000 -0.300390 
-0.484000 -0.298530 
-0.483000 -0.296666 
-0.482000 -0.294797 
-0.481000 -0.292925 
-0.480000 -0.291048 
-0.479000 -0.289167 
-0.478000 -0.287281 
-0.477000 -0.285391 
-0.476000 -0.283497 
-0.475000 -0.281598 
-0.474000 -0.279695 
-0.473000 -0.277787 
-0.472000 -0.275875 
-0.471000 -0.273959 
-0.470000 -0.272038 
-0.469000 -0.270112 
-0.468000 -0.268182 
-0.467000 -0.266247 
-0.466000 -0.264308 
-0.465000 -0.262364 
-0.464000 -0.260415 
-0.463000 -0.258462 
-0.462000 -0.256504 
-0.461000 -0.254542 
-0.460000 -0.252574 
-0.459000 -0.250602 
-0.458000 -0.248625 
-0.457000 -0.246643 
-0.456000 -0.244656 
-0.455000 -0.242665 
-0.454000 -0.240668 
-0.453000 -0.238667 
-0.452000 -0.236661 
-0.451000 -0.234649 
-0.450000 -0.232633 
-0.449000 -0.230612 
-0.448000 -0.228585 
-0.447000 -0.226554 
-0.446000 -0.224517 
-0.445000 -0.222475 
-0.444000 -0.220428 
-0.443000 -0.218376 
-0.442000 -0.216319 
-0.441000 -0.214256 
-0.440000 -0.212188 
-0.439000 -0.210115 
-0.438000 -0.208036 
-0.437000 -0.205952 
-0.436000 -0.203863 
-0.435000 -0.201768 
-0.434000 -0.199667 
-0.433000 -0.197562 
-0.432000 -0.195450 
-0.431000 -0.193333 
-0.430000 -0.191210 
-0.429000 -0.189082 
-0.428000 -0.186948 
-0.427000 -0.184809 
-0.426000 -0.182663 
-0.425000 -0.180512 
-0.424000 -0.178355 
-0.423000 -0.176192 
-0.422000 -0.174023 
-0.421000 -0.171849 
-0.420000 -0.169668 
-0.419000 -0.167482 
-0.418000 -0.165289 
-0.417000 -0.163090 
-0.416000 -0.160886 
-0.415000 -0.158675 
-0.414000 -0.156458 
-0.413000 -0.154235 
-0.412000 -0.152005 
-0.411000 -0.149769 
-0.410000 -0.147527 
-0.409000 -0.145279 
-0.408000 -0.143024 
-0.407000 -0.140763 
-0.406000 -0.138495 
-0.405000 -0.136221 
-0.404000 -0.133940 
-0.403000 -0.131652 
-0.402000 -0.129358 
-0.401000 -0.127057 
-0.400000 -0.124750 
-0.399000 -0.122435 
-0.398000 -0.120114 
-0.397000 -0.117786 
-0.396000 -0.115451 
-0.395000 -0.113110 
-0.394000 -0.110761 
-0.393000 -0.108405 
-0.392000 -0.106042 
-0.391000 -0.103672 
-0.390000 -0.101295 
-0.389000 -0.098910 
-0.388000 -0.096518 
-0.387000 -0.094119 
-0.386000 -0.091713 
-0.385000 -0.089299 
-0.384000 -0.086878 
-0.383000 -0.084449 
-0.382000 -0.082012 
-0.381000 -0.079568 
-0.380000 -0.077116 
-0.379000 -0.074657 
-0.378000 -0.072190 
-0.377000 -0.069715 
-0.376000 -0.067232 
-0.375000 -0.064741 
-0.374000 -0.062242 
-0.373000 -0.059735 
-0.372000 -0.057220 
-0.371000 -0.054697 
-0.370000 -0.052166 
-0.369000 -0.049626 
-0.368000 -0.047078 
-0.367000 -0.044522 
-0.366000 -0.041957 
-0.365000 -0.039384 
-0.364000 -0.036802 
-0.363000 -0.034212 
-0.362000 -0.031613 
-0.361000 -0.029005 
-0.360000 -0.026388 
-0.359000 -0.023763 
-0.358000 -0.021128 
-0.357000 -0.018485 
-0.356000 -0.015833 
-0.355000 -0.013171 
-0.354000 -0.010500 
-0.353000 -0.007820 
-0.352000 -0.005131 
-0.351000 -0.002432 
-0.350000 0.000276 
-0.349000 0.002994 
-0.348000 0.005721 
-0.347000 0.008458 
-0.346000 0.011205 
-0.345000 0.013961 
-0.344000 0.016728 
-0.343000 0.019504 
-0.342000 0.022291 
-0.341000 0.025087 
-0.340000 0.027894 
-0.339000 0.030711 
-0.338000 0.033538 
-0.337000 0.036376 
-0.336000 0.039224 
-0.335000 0.042083 
-0.334000 0.044952 
-0.333000 0.047832 
-0.332000 0.050723 
-0.331000 0.053625 
-0.330000 0.056538 
-0.329000 0.059462 
-0.328000 0.062397 
-0.327000 0.065343 
-0.326000 0.068301 
-0.325000 0.071270 
-0.324000 0.074251 
-0.323000 0.077243 
-0.322000 0.080247 
-0.321000 0.083262 
-0.320000 0.086290 
-0.319000 0.089329 
-0.318000 0.092381 
-0.317000 0.095444 
-0.316000 0.098520 
-0.315000 0.101609 
-0.314000 0.104709 
-0.313000 0.107823 
-0.312000 0.110949 
-0.311000 0.114087 
-0.310000 0.117239 
-0.309000 0.120404 
-0.308000 0.123581 
-0.307000 0.126772 
-0.306000 0.129976 
-0.305000 0.133194 
-0.304000 0.136425 
-0.303000 0.139670 
-0.302000 0.142928 
-0.301000 0.146201 
-0.300000 0.149487 
-0.299000 0.152787 
-0.298000 0.156102 
-0.297000 0.159431 
-0.296000 0.162774 
-0.295000 0.166132 
-0.294000 0.169505 
-0.293000 0.172892 
-0.292000 0.176295 
-0.291000 0.179712 
-0.290000 0.183145 
-0.289000 0.186593 
-0.288000 0.190057 
-0.287000 0.193536 
-0.286000 0.197031 
-0.285000 0.200542 
-0.284000 0.204069 
-0.283000 0.207612 
-0.282000 0.211171 
-0.281000 0.214747 
-0.280000 0.218340 
-0.279000 0.221949 
-0.278000 0.225575 
-0.277000 0.229219 
-0.276000 0.232879 
-0.275000 0.236557 
-0.274000 0.240252 
-0.273000 0.243965 
-0.272000 0.247696 
-0.271000 0.251445 
-0.270000 0.255212 
-0.269000 0.258998 
-0.268000 0.262802 
-0.267000 0.266625 
-0.266000 0.270466 
-0.265000 0.274327 
-0.264000 0.278207 
-0.263000 0.282106 
-0.262000 0.286025 
-0.261000 0.289964 
-0.260000 0.293922 
-0.259000 0.297901 
-0.258000 0.301900 
-0.257000 0.305920 
-0.256000 0.309961 
-0.255000 0.314022 
-0.254000 0.318104 
-0.253000 0.322208 
-0.252000 0.326334 
-0.251000 0.330481 
-0.250000 0.334650 
-0.249000 0.338842 
-0.248000 0.343055 
-0.247000 0.347292 
-0.246000 0.351551 
-0.245000 0.355834 
-0.244000 0.360139 
-0.243000 0.364469 
-0.242000 0.368822 
-0.241000 0.373199 
-0.240000 0.377600 
-0.239000 0.382026 
-0.238000 0.386477 
-0.237000 0.390953 
-0.236000 0.395454 
-0.235000 0.399980 
-0.234000 0.404533 
-0.233000 0.409111 
-0.232000 0.413716 
-0.231000 0.418347 
-0.230000 0.423006 
-0.229000 0.427691 
-0.228000 0.432404 
-0.227000 0.437145 
-0.226000 0.441914 
-0.225000 0.446711 
-0.224000 0.451537 
-0.223000 0.456391 
-0.222000 0.461275 
-0.221000 0.466189 
-0.220000 0.471132 
-0.219000 0.476106 
-0.218000 0.481110 
-0.217000 0.486145 
-0.216000 0.491212 
-0.215000 0.496309 
-0.214000 0.501439 
-0.213000 0.506601 
-0.212000 0.511796 
-0.211000 0.517023 
-0.210000 0.522284 
-0.209000 0.527579 
-0.208000 0.532908 
-0.207000 0.538271 
-0.206000 0.543669 
-0.205000 0.549102 
-0.204000 0.554571 
-0.203000 0.560076 
-0.202000 0.565617 
-0.201000 0.571195 
-0.200000 0.576811 
-0.199000 0.582464 
-0.198000 0.588155 
-0.197000 0.593885 
-0.196000 0.599654 
-0.195000 0.605462 
-0.194000 0.611310 
-0.193000 0.617199 
-0.192000 0.623128 
-0.191000 0.629099 
-0.190000 0.635112 
-0.189000 0.641167 
-0.188000 0.647264 
-0.187000 0.653405 
-0.186000 0.659590 
-0.185000 0.665819 
-0.184000 0.672093 
-0.183000 0.678412 
-0.182000 0.684778 
-0.181000 0.691189 
-0.180000 0.697648 
-0.179000 0.704154 
-0.178000 0.710708 
-0.177000 0.717311 
-0.176000 0.723963 
-0.175000 0.730665 
-0.174000 0.737418 
-0.173000 0.744221 
-0.172000 0.751077 
-0.171000 0.757984 
-0.170000 0.764944 
-0.169000 0.771958 
-0.168000 0.779026 
-0.167000 0.786149 
-0.166000 0.793328 
-0.165000 0.800562 
-0.164000 0.807854 
-0.163000 0.815203 
-0.162000 0.822609 
-0.161000 0.830075 
-0.160000 0.837601 
-0.159000 0.845186 
-0.158000 0.852833 
-0.157000 0.860541 
-0.156000 0.868312 
-0.155000 0.876146 
-0.154000 0.884044 
-0.153000 0.892006 
-0.152000 0.900034 
-0.151000 0.908128 
-0.150000 0.916288 
-0.149000 0.924517 
-0.148000 0.932813 
-0.147000 0.941179 
-0.146000 0.949615 
-0.145000 0.958122 
-0.144000 0.966700 
-0.143000 0.975350 
-0.142000 0.984073 
-0.141000 0.992870 
-0.140000 1.001742 
-0.139000 1.010689 
-0.138000 1.019712 
-0.137000 1.028812 
-0.136000 1.037989 
-0.135000 1.047245 
-0.134000 1.056581 
-0.133000 1.065995 
-0.132000 1.075491 
-0.131000 1.085068 
-0.130000 1.094726 
-0.129000 1.104467 
-0.128000 1.114292 
-0.127000 1.124200 
-0.126000 1.134193 
-0.125000 1.144271 
-0.124000 1.154434 
-0.123000 1.164684 
-0.122000 1.175020 
-0.121000 1.185443 
-0.120000 1.195954 
-0.119000 1.206552 
-0.118000 1.217239 
-0.117000 1.228013 
-0.116000 1.238876 
-0.115000 1.249827 
-0.114000 1.260867 
-0.113000 1.271995 
-0.112000 1.283212 
-0.111000 1.294517 
-0.110000 1.305909 
-0.109000 1.317388 
-0.108000 1.328954 
-0.107000 1.340606 
-0.106000 1.352342 
-0.105000 1.364163 
-0.104000 1.376066 
-0.103000 1.388051 
-0.102000 1.400116 
-0.101000 1.412258 
-0.100000 1.424477 
-0.099000 1.436769 
-0.098000 1.449133 
-0.097000 1.461565 
-0.096000 1.474063 
-0.095000 1.486623 
-0.094000 1.499241 
-0.093000 1.511914 
-0.092000 1.524636 
-0.091000 1.537404 
-0.090000 1.550211 
-0.089000 1.563051 
-0.088000 1.575920 
-0.087000 1.588809 
-0.086000 1.601711 
-0.085000 1.614619 
-0.084000 1.627523 
-0.083000 1.640414 
-0.082000 1.653283 
-0.081000 1.666117 
-0.080000 1.678906 
-0.079000 1.691637 
-0.078000 1.704297 
-0.077000 1.716870 
-0.076000 1.729342 
-0.075000 1.741696 
-0.074000 1.753914 
-0.073000 1.765978 
-0.072000 1.777866 
-0.071000 1.789559 
-0.070000 1.801034 
-0.069000 1.812265 
-0.068000 1.823228 
-0.067000 1.833896 
-0.066000 1.844240 
-0.065000 1.854231 
-0.064000 1.863837 
-0.063000 1.873024 
-0.062000 1.881758 
-0.061000 1.890004 
-0.060000 1.897722 
-0.059000 1.904875 
-0.058000 1.911420 
-0.057000 1.917317 
-0.056000 1.922522 
-0.055000 1.926991 
-0.054000 1.930677 
-0.053000 1.933536 
-0.052000 1.935519 
-0.051000 1.936581 
-0.050000 1.936673 
-0.049000 1.935749 
-0.048000 1.933762 
-0.047000 1.930667 
-0.046000 1.926419 
-0.045000 1.920976 
-0.044000 1.914297 
-0.043000 1.906345 
-0.042000 1.897086 
-0.041000 1.886487 
-0.040000 1.874524 
-0.039000 1.861172 
-0.038000 1.846416 
-0.037000 1.830244 
-0.036000 1.812649 
-0.035000 1.793633 
-0.034000 1.773203 
-0.033000 1.751372 
-0.032000 1.728160 
-0.031000 1.703597 
-0.030000 1.677715 
-0.029000 1.650557 
-0.028000 1.622169 
-0.027000 1.592606 
-0.026000 1.561083 
-0.025000 1.529290 
-0.024000 1.496488 
-0.023000 1.462748 
-0.022000 1.428145 
-0.021000 1.392759 
-0.020000 1.356669 
-0.019000 1.319960 
-0.018000 1.282713 
-0.017000 1.245013 
-0.016000 1.206943 
-0.015000 1.168586 
-0.014000 1.130020 
-0.013000 1.091325 
-0.012000 1.052576 
-0.011000 1.013846 
-0.010000 0.975202 
-0.009000 0.936711 
-0.008000 0.898432 
-0.007000 0.860425 
-0.006000 0.822740 
-0.005000 0.785427 
-0.004000 0.748531 
-0.003000 0.712090 
-0.002000 0.676142 
-0.001000 0.640718 
-0.000000 0.605847 
0.001000 0.571553 
0.002000 0.537857 
0.003000 0.504776 
0.004000 0.472326 
0.005000 0.440517 
0.006000 0.409359 
0.007000 0.378858 
0.008000 0.349018 
0.009000 0.319840 
0.010000 0.291326 
0.011000 0.263473 
0.012000 0.236278 
0.013000 0.209735 
0.014000 0.183840 
0.015000 0.158586 
0.016000 0.133963 
0.017000 0.109964 
0.018000 0.086578 
0.019000 0.063796 
0.020000 0.041607 
0.021000 0.019999 
0.022000 -0.001038 
0.023000 -0.021517 
0.024000 -0.041449 
0.025000 -0.060847 
0.026000 -0.079723 
0.027000 -0.098089 
0.028000 -0.115957 
0.029000 -0.133339 
0.030000 -0.150247 
0.031000 -0.166694 
0.032000 -0.182692 
0.033000 -0.198251 
0.034000 -0.213384 
0.035000 -0.228101 
0.036000 -0.242415 
0.037000 -0.256336 
0.038000 -0.269874 
0.039000 -0.283040 
0.040000 -0.295845 
0.041000 -0.308299 
0.042000 -0.320410 
0.043000 -0.332190 
0.044000 -0.343646 
0.045000 -0.354789 
0.046000 -0.365627 
0.047000 -0.376168 
0.048000 -0.386421 
0.049000 -0.396395 
0.050000 -0.406096 
0.051000 -0.415533 
0.052000 -0.424713 
0.053000 -0.433643 
0.054000 -0.442331 
0.055000 -0.450783 
0.056000 -0.459006 
0.057000 -0.467006 
0.058000 -0.474789 
0.059000 -0.482362 
0.060000 -0.489730 
0.061000 -0.496900 
0.062000 -0.503876 
0.063000 -0.510663 
0.064000 -0.517268 
0.065000 -0.523695 
0.066000 -0.529949 
0.067000 -0.536034 
0.068000 -0.541956 
0.069000 -0.547718 
0.070000 -0.553326 
0.071000 -0.558782 
0.072000 -0.564092 
0.073000 -0.569258 
0.074000 -0.574286 
0.075000 -0.579178 
0.076000 -0.583938 
0.077000 -0.588570 
0.078000 -0.593076 
0.079000 -0.597461 
0.080000 -0.601727 
0.081000 -0.605878 
0.082000 -0.609916 
0.083000 -0.613844 
0.084000 -0.617665 
0.085000 -0.621382 
0.086000 -0.624997 
0.087000 -0.628513 
0.088000 -0.631933 
0.089000 -0.635258 
0.090000 -0.638492 
0.091000 -0.641636 
0.092000 -0.644692 
0.093000 -0.647663 
0.094000 -0.650551 
0.095000 -0.653358 
0.096000 -0.656086 
0.097000 -0.658736 
0.098000 -0.661311 
0.099000 -0.663812 
0.100000 -0.666241 
0.101000 -0.668599 
0.102000 -0.670890 
0.103000 -0.673113 
0.104000 -0.675270 
0.105000 -0.677364 
0.106000 -0.679395 
0.107000 -0.681365 
0.108000 -0.683276 
0.109000 -0.685128 
0.110000 -0.686923 
0.111000 -0.688663 
0.112000 -0.690347 
0.113000 -0.691979 
0.114000 -0.693559 
0.115000 -0.695087 
0.116000 -0.696566 
0.117000 -0.697996 
0.118000 -0.699378 
0.119000 -0.700713 
0.120000 -0.702003 
0.121000 -0.703249 
0.122000 -0.704450 
0.123000 -0.705609 
0.124000 -0.706725 
0.125000 -0.707801 
0.126000 -0.708837 
0.127000 -0.709833 
0.128000 -0.710790 
0.129000 -0.711710 
0.130000 -0.712593 
0.131000 -0.713440 
0.132000 -0.714251 
0.133000 -0.715028 
0.134000 -0.715770 
0.135000 -0.716479 
0.136000 -0.717156 
0.137000 -0.717800 
0.138000 -0.718413 
0.139000 -0.718995 
0.140000 -0.719547 
0.141000 -0.720069 
0.142000 -0.720562 
0.143000 -0.721027 
0.144000 -0.721464 
0.145000 -0.721873 
0.146000 -0.722256 
0.147000 -0.722612 
0.148000 -0.722942 
0.149000 -0.723247 
0.150000 -0.723527 
0.151000 -0.723782 
0.152000 -0.724013 
0.153000 -0.724221 
0.154000 -0.724406 
0.155000 -0.724568 
0.156000 -0.724708 
0.157000 -0.724825 
0.158000 -0.724922 
0.159000 -0.724997 
0.160000 -0.725051 
0.161000 -0.725085 
0.162000 -0.725099 
0.163000 -0.725094 
0.164000 -0.725069 
0.165000 -0.725025 
0.166000 -0.724962 
0.167000 -0.724881 
0.168000 -0.724782 
0.169000 -0.724666 
0.170000 -0.724532 
0.171000 -0.724380 
0.172000 -0.724212 
0.173000 -0.724028 
0.174000 -0.723827 
0.175000 -0.723610 
0.176000 -0.723378 
0.177000 -0.723130 
0.178000 -0.722866 
0.179000 -0.722588 
0.180000 -0.722295 
0.181000 -0.721987 
0.182000 -0.721666 
0.183000 -0.721330 
0.184000 -0.720980 
0.185000 -0.720617 
0.186000 -0.720240 
0.187000 -0.719851 
0.188000 -0.719448 
0.189000 -0.719032 
0.190000 -0.718604 
0.191000 -0.718164 
0.192000 -0.717711 
0.193000 -0.717247 
0.194000 -0.716770 
0.195000 -0.716282 
0.196000 -0.715782 
0.197000 -0.715272 
0.198000 -0.714750 
0.199000 -0.714217 
0.200000 -0.713673 
0.201000 -0.713118 
0.202000 -0.712553 
0.203000 -0.711978 
0.204000 -0.711393 
0.205000 -0.710797 
0.206000 -0.710192 
0.207000 -0.709576 
0.208000 -0.708952 
0.209000 -0.708317 
0.210000 -0.707674 
0.211000 -0.707021 
0.212000 -0.706359 
0.213000 -0.705688 
0.214000 -0.705008 
0.215000 -0.704319 
0.216000 -0.703622 
0.217000 -0.702916 
0.218000 -0.702202 
0.219000 -0.701479 
0.220000 -0.700749 
0.221000 -0.700010 
0.222000 -0.699263 
0.223000 -0.698509 
0.224000 -0.697747 
0.225000 -0.696977 
0.226000 -0.696199 
0.227000 -0.695414 
0.228000 -0.694622 
0.229000 -0.693822 
0.230000 -0.693015 
0.231000 -0.692201 
0.232000 -0.691380 
0.233000 -0.690552 
0.234000 -0.689717 
0.235000 -0.688876 
0.236000 -0.688028 
0.237000 -0.687173 
0.238000 -0.686311 
0.239000 -0.685444 
0.240000 -0.684569 
0.241000 -0.683689 
0.242000 -0.682802 
0.243000 -0.681909 
0.244000 -0.681010 
0.245000 -0.680105 
0.246000 -0.679194 
0.247000 -0.678277 
0.248000 -0.677354 
0.249000 -0.676426 
0.250000 -0.675491 
0.251000 -0.674551 
0.252000 -0.673606 
0.253000 -0.672655 
0.254000 -0.671698 
0.255000 -0.670737 
0.256000 -0.669769 
0.257000 -0.668797 
0.258000 -0.667819 
0.259000 -0.666836 
0.260000 -0.665848 
0.261000 -0.664854 
0.262000 -0.663856 
0.263000 -0.662853 
0.264000 -0.661845 
0.265000 -0.660831 
0.266000 -0.659813 
0.267000 -0.658791 
0.268000 -0.657763 
0.269000 -0.656731 
0.270000 -0.655694 
0.271000 -0.654652 
0.272000 -0.653606 
0.273000 -0.652555 
0.274000 -0.651500 
0.275000 -0.650440 
0.276000 -0.649376 
0.277000 -0.648307 
0.278000 -0.647234 
0.279000 -0.646157 
0.280000 -0.645075 
0.281000 -0.643989 
0.282000 -0.642899 
0.283000 -0.641805 
0.284000 -0.640706 
0.285000 -0.639604 
0.286000 -0.638497 
0.287000 -0.637387 
0.288000 -0.636272 
0.289000 -0.635153 
0.290000 -0.634030 
0.291000 -0.632904 
0.292000 -0.631773 
0.293000 -0.630639 
0.294000 -0.629500 
0.295000 -0.628358 
0.296000 -0.627212 
0.297000 -0.626063 
0.298000 -0.624909 
0.299000 -0.623752 
0.300000 -0.622591 
0.301000 -0.621427 
0.302000 -0.620258 
0.303000 -0.619087 
0.304000 -0.617911 
0.305000 -0.616732 
0.306000 -0.615550 
0.307000 -0.614363 
0.308000 -0.613174 
0.309000 -0.611981 
0.310000 -0.610784 
0.311000 -0.609584 
0.312000 -0.608380 
0.313000 -0.607173 
0.314000 -0.605963 
0.315000 -0.604749 
0.316000 -0.603532 
0.317000 -0.602311 
0.318000 -0.601087 
0.319000 -0.599860 
0.320000 -0.598630 
0.321000 -0.597396 
0.322000 -0.596159 
0.323000 -0.594918 
0.324000 -0.593675 
0.325000 -0.592428 
0.326000 -0.591178 
0.327000 -0.589925 
0.328000 -0.588668 
0.329000 -0.587409 
0.330000 -0.586146 
0.331000 -0.584880 
0.332000 -0.583611 
0.333000 -0.582339 
0.334000 -0.581064 
0.335000 -0.579785 
0.336000 -0.578504 
0.337000 -0.577219 
0.338000 -0.575931 
0.339000 -0.574641 
0.340000 -0.573347 
0.341000 -0.572050 
0.342000 -0.570750 
0.343000 -0.569447 
0.344000 -0.568141 
0.345000 -0.566832 
0.346000 -0.565520 
0.347000 -0.564205 
0.348000 -0.562887 
0.349000 -0.561567 
0.350000 -0.560243 
0.351000 -0.558916 
0.352000 -0.557586 
0.353000 -0.556253 
0.354000 -0.554918 
0.355000 -0.553579 
0.356000 -0.552237 
0.357000 -0.550893 
0.358000 -0.549545 
0.359000 -0.548195 
0.360000 -0.546842 
0.361000 -0.545486 
0.362000 -0.544126 
0.363000 -0.542765 
0.364000 -0.541400 
0.365000 -0.540032 
0.366000 -0.538661 
0.367000 -0.537288 
0.368000 -0.535911 
0.369000 -0.534532 
0.370000 -0.533150 
0.371000 -0.531765 
0.372000 -0.530377 
0.373000 -0.528986 
0.374000 -0.527592 
0.375000 -0.526196 
0.376000 -0.524796 
0.377000 -0.523394 
0.378000 -0.521989 
0.379000 -0.520581 
0.380000 -0.519170 
0.381000 -0.517756 
0.382000 -0.516340 
0.383000 -0.514920 
0.384000 -0.513498 
0.385000 -0.512073 
0.386000 -0.510645 
0.387000 -0.509214 
0.388000 -0.507780 
0.389000 -0.506344 
0.390000 -0.504904 
0.391000 -0.503462 
0.392000 -0.502017 
0.393000 -0.500569 
0.394000 -0.499118 
0.395000 -0.497664 
0.396000 -0.496207 
0.397000 -0.494748 
0.398000 -0.493285 
0.399000 -0.491820 
0.400000 -0.490352 
0.401000 -0.488881 
0.402000 -0.487407 
0.403000 -0.485930 
0.404000 -0.484451 
0.405000 -0.482968 
0.406000 -0.481483 
0.407000 -0.479994 
0.408000 -0.478503 
0.409000 -0.477009 
0.410000 -0.475512 
0.411000 -0.474012 
0.412000 -0.472509 
0.413000 -0.471003 
0.414000 -0.469494 
0.415000 -0.467982 
0.416000 -0.466467 
0.417000 -0.464950 
0.418000 -0.463429 
0.419000 -0.461906 
0.420000 -0.460379 
0.421000 -0.458850 
0.422000 -0.457317 
0.423000 -0.455782 
0.424000 -0.454244 
0.425000 -0.452702 
0.426000 -0.451158 
0.427000 -0.449610 
0.428000 -0.448060 
0.429000 -0.446507 
0.430000 -0.444950 
0.431000 -0.443391 
0.432000 -0.441828 
0.433000 -0.440263 
0.434000 -0.438694 
0.435000 -0.437122 
0.436000 -0.435548 
0.437000 -0.433970 
0.438000 -0.432389 
0.439000 -0.430805 
0.440000 -0.429218 
0.441000 -0.427628 
0.442000 -0.426034 
0.443000 -0.424438 
0.444000 -0.422839 
0.445000 -0.421236 
0.446000 -0.419630 
0.447000 -0.418021 
0.448000 -0.416409 
0.449000 -0.414793 
0.450000 -0.413175 
0.451000 -0.411553 
0.452000 -0.409928 
0.453000 -0.408300 
0.454000 -0.406668 
0.455000 -0.405034 
0.456000 -0.403396 
0.457000 -0.401755 
0.458000 -0.400110 
0.459000 -0.398462 
0.460000 -0.396811 
0.461000 -0.395157 
0.462000 -0.393499 
0.463000 -0.391838 
0.464000 -0.390174 
0.465000 -0.388506 
0.466000 -0.386835 
0.467000 -0.385161 
0.468000 -0.383483 
0.469000 -0.381802 
0.470000 -0.380117 
0.471000 -0.378429 
0.472000 -0.376738 
0.473000 -0.375043 
0.474000 -0.373237 
0.475000 -0.371535 
0.476000 -0.369830 
0.477000 -0.368120 
0.478000 -0.366407 
0.479000 -0.364691 
0.480000 -0.362971 
0.481000 -0.361248 
0.482000 -0.359520 
0.483000 -0.357790 
0.484000 -0.356055 
0.485000 -0.354317 
0.486000 -0.352575 
0.487000 -0.350830 
0.488000 -0.349081 
0.489000 -0.347328 
0.490000 -0.345571 
0.491000 -0.343811 
0.492000 -0.342046 
0.493000 -0.340278 
0.494000 -0.338507 
0.495000 -0.336731 
0.496000 -0.334952 
0.497000 -0.333168 
0.498000 -0.331381 
0.499000 -0.329590 
0.500000 -0.327795 
0.501000 -0.325996 
0.502000 -0.324193 
0.503000 -0.322387 
0.504000 -0.320576 
0.505000 -0.318761 
0.506000 -0.316942 
0.507000 -0.315120 
0.508000 -0.313293 
0.509000 -0.311462 
0.510000 -0.309627 
0.511000 -0.307788 
0.512000 -0.305945 
0.513000 -0.304097 
0.514000 -0.302246 
0.515000 -0.300390 
0.516000 -0.298530 
0.517000 -0.296666 
0.518000 -0.294797 
0.519000 -0.292925 
0.520000 -0.291048 
0.521000 -0.289167 
0.522000 -0.287281 
0.523000 -0.285391 
0.524000 -0.283497 
0.525000 -0.281598 
0.526000 -0.279695 
0.527000 -0.277787 
0.528000 -0.275875 
0.529000 -0.273959 
0.530000 -0.272038 
0.531000 -0.270112 
0.532000 -0.268182 
0.533000 -0.266247 
0.534000 -0.264308 
0.535000 -0.262364 
0.536000 -0.260415 
0.537000 -0.258462 
0.538000 -0.256504 
0.539000 -0.254542 
0.540000 -0.252574 
0.541000 -0.250602 
0.542000 -0.248625 
0.543000 -0.246643 
0.544000 -0.244656 
0.545000 -0.242665 
0.546000 -0.240668 
0.547000 -0.238667 
0.548000 -0.236661 
0.549000 -0.234649 
0.550000 -0.232633 
0.551000 -0.230612 
0.552000 -0.228585 
0.553000 -0.226554 
0.554000 -0.224517 
0.555000 -0.222475 
0.556000 -0.220428 
0.557000 -0.218376 
0.558000 -0.216319 
0.559000 -0.214256 
0.560000 -0.212188 
0.561000 -0.210115 
0.562000 -0.208036 
0.563000 -0.205952 
0.564000 -0.203863 
0.565000 -0.201768 
0.566000 -0.199667 
0.567000 -0.197562 
0.568000 -0.195450 
0.569000 -0.193333 
0.570000 -0.191210 
0.571000 -0.189082 
0.572000 -0.186948 
0.573000 -0.184809 
0.574000 -0.182663 
0.575000 -0.180512 
0.576000 -0.178355 
0.577000 -0.176192 
0.578000 -0.174023 
0.579000 -0.171849 
0.580000 -0.169668 
0.581000 -0.167482 
0.582000 -0.165289 
0.583000 -0.163090 
0.584000 -0.160886 
0.585000 -0.158675 
0.586000 -0.156458 
0.587000 -0.154235 
0.588000 -0.152005 
0.589000 -0.149769 
0.590000 -0.147527 
0.591000 -0.145279 
0.592000 -0.143024 
0.593000 -0.140763 
0.594000 -0.138495 
0.595000 -0.136221 
0.596000 -0.133940 
0.597000 -0.131652 
0.598000 -0.129358 
0.599000 -0.127057 
0.600000 -0.124750 
0.601000 -0.122435 
0.602000 -0.120114 
0.603000 -0.117786 
0.604000 -0.115451 
0.605000 -0.113110 
0.606000 -0.110761 
0.607000 -0.108405 
0.608000 -0.106042 
0.609000 -0.103672 
0.610000 -0.101295 
0.611000 -0.098910 
0.612000 -0.096518 
0.613000 -0.094119 
0.614000 -0.091713 
0.615000 -0.089299 
0.616000 -0.086878 
0.617000 -0.084449 
0.618000 -0.082012 
0.619000 -0.079568 
0.620000 -0.077116 
0.621000 -0.074657 
0.622000 -0.072190 
0.623000 -0.069715 
0.624000 -0.067232 
0.625000 -0.064741 
0.626000 -0.062242 
0.627000 -0.059735 
0.628000 -0.057220 
0.629000 -0.054697 
0.630000 -0.052166 
0.631000 -0.049626 
0.632000 -0.047078 
0.633000 -0.044522 
0.634000 -0.041957 
0.635000 -0.039384 
0.636000 -0.036802 
0.637000 -0.034212 
0.638000 -0.031613 
0.639000 -0.029005 
0.640000 -0.026388 
0.641000 -0.023763 
0.642000 -0.021128 
0.643000 -0.018485 
0.644000 -0.015833 
0.645000 -0.013171 
0.646000 -0.010500 
0.647000 -0.007820 
0.648000 -0.005131 
0.649000 -0.002432 
0.650000 0.000276 
0.651000 0.002994 
0.652000 0.005721 
0.653000 0.008458 
0.654000 0.011205 
0.655000 0.013961 
0.656000 0.016728 
0.657000 0.019504 
0.658000 0.022291 
0.659000 0.025087 
0.660000 0.027894 
0.661000 0.030711 
0.662000 0.033538 
0.663000 0.036376 
0.664000 0.039224 
0.665000 0.042083 
0.666000 0.044952 
0.667000 0.047832 
0.668000 0.050723 
0.669000 0.053625 
0.670000 0.056538 
0.671000 0.059462 
0.672000 0.062397 
0.673000 0.065343 
0.674000 0.068301 
0.675000 0.071270 
0.676000 0.074251 
0.677000 0.077243 
0.678000 0.080247 
0.679000 0.083262 
0.680000 0.086290 
0.681000 0.089329 
0.682000 0.092381 
0.683000 0.095444 
0.684000 0.098520 
0.685000 0.101609 
0.686000 0.104709 
0.687000 0.107823 
0.688000 0.110949 
0.689000 0.114087 
0.690000 0.117239 
0.691000 0.120404 
0.692000 0.123581 
0.693000 0.126772 
0.694000 0.129976 
0.695000 0.133194 
0.696000 0.136425 
0.697000 0.139670 
0.698000 0.142928 
0.699000 0.146201 
0.700000 0.149487 
0.701000 0.152787 
0.702000 0.156102 
0.703000 0.159431 
0.704000 0.162774 
0.705000 0.166132 
0.706000 0.169505 
0.707000 0.172892 
0.708000 0.176295 
0.709000 0.179712 
0.710000 0.183145 
0.711000 0.186593 
0.712000 0.190057 
0.713000 0.193536 
0.714000 0.197031 
0.715000 0.200542 
0.716000 0.204069 
0.717000 0.207612 
0.718000 0.211171 
0.719000 0.214747 
0.720000 0.218340 
0.721000 0.221949 
0.722000 0.225575 
0.723000 0.229219 
0.724000 0.232879 
0.725000 0.236557 
0.726000 0.240252 
0.727000 0.243965 
0.728000 0.247696 
0.729000 0.251445 
0.730000 0.255212 
0.731000 0.258998 
0.732000 0.262802 
0.733000 0.266625 
0.734000 0.270466 
0.735000 0.274327 
0.736000 0.278207 
0.737000 0.282106 
0.738000 0.286025 
0.739000 0.289964 
0.740000 0.293922 
0.741000 0.297901 
0.742000 0.301900 
0.743000 0.305920 
0.744000 0.309961 
0.745000 0.314022 
0.746000 0.318104 
0.747000 0.322208 
0.748000 0.326334 
0.749000 0.330481 
0.750000 0.334650 
0.751000 0.338842 
0.752000 0.343055 
0.753000 0.347292 
0.754000 0.351551 
0.755000 0.355834 
0.756000 0.360139 
0.757000 0.364469 
0.758000 0.368822 
0.759000 0.373199 
0.760000 0.377600 
0.761000 0.382026 
0.762000 0.386477 
0.763000 0.390953 
0.764000 0.395454 
0.765000 0.399980 
0.766000 0.404533 
0.767000 0.409111 
0.768000 0.413716 
0.769000 0.418347 
0.770000 0.423006 
0.771000 0.427691 
0.772000 0.432404 
0.773000 0.437145 
0.774000 0.441914 
0.775000 0.446711 
0.776000 0.451537 
0.777000 0.456391 
0.778000 0.461275 
0.779000 0.466189 
0.780000 0.471132 
0.781000 0.476106 
0.782000 0.481110 
0.783000 0.486145 
0.784000 0.491212 
0.785000 0.496309 
0.786000 0.501439 
0.787000 0.506601 
0.788000 0.511796 
0.789000 0.517023 
0.790000 0.522284 
0.791000 0.527579 
0.792000 0.532908 
0.793000 0.538271 
0.794000 0.543669 
0.795000 0.549102 
0.796000 0.554571 
0.797000 0.560076 
0.798000 0.565617 
0.799000 0.571195 
0.800000 0.576811 
0.801000 0.582464 
0.802000 0.588155 
0.803000 0.593885 
0.804000 0.599654 
0.805000 0.605462 
0.806000 0.611310 
0.807000 0.617199 
0.808000 0.623128 
0.809000 0.629099 
0.810000 0.635112 
0.811000 0.641167 
0.812000 0.647264 
0.813000 0.653405 
0.814000 0.659590 
0.815000 0.665819 
0.816000 0.672093 
0.817000 0.678412 
0.818000 0.684778 
0.819000 0.691189 
0.820000 0.697648 
0.821000 0.704154 
0.822000 0.710708 
0.823000 0.717311 
0.824000 0.723963 
0.825000 0.730665 
0.826000 0.737418 
0.827000 0.744221 
0.828000 0.751077 
0.829000 0.757984 
0.830000 0.764944 
0.831000 0.771958 
0.832000 0.779026 
0.833000 0.786149 
0.834000 0.793328 
0.835000 0.800562 
0.836000 0.807854 
0.837000 0.815203 
0.838000 0.822609 
0.839000 0.830075 
0.840000 0.837601 
0.841000 0.845186 
0.842000 0.852833 
0.843000 0.860541 
0.844000 0.868312 
0.845000 0.876146 
0.846000 0.884044 
0.847000 0.892006 
0.848000 0.900034 
0.849000 0.908128 
0.850000 0.916288 
0.851000 0.924517 
0.852000 0.932813 
0.853000 0.941179 
0.854000 0.949615 
0.855000 0.958122 
0.856000 0.966700 
0.857000 0.975350 
0.858000 0.984073 
0.859000 0.992870 
0.860000 1.001742 
0.861000 1.010689 
0.862000 1.019712 
0.863000 1.028812 
0.864000 1.037989 
0.865000 1.047245 
0.866000 1.056581 
0.867000 1.065995 
0.868000 1.075491 
0.869000 1.085068 
0.870000 1.094726 
0.871000 1.104467 
0.872000 1.114292 
0.873000 1.124200 
0.874000 1.134193 
0.875000 1.144271 
0.876000 1.154434 
0.877000 1.164684 
0.878000 1.175020 
0.879000 1.185443 
0.880000 1.195954 
0.881000 1.206552 
0.882000 1.217239 
0.883000 1.228013 
0.884000 1.238876 
0.885000 1.249827 
0.886000 1.260867 
0.887000 1.271995 
0.888000 1.283212 
0.889000 1.294517 
0.890000 1.305909 
0.891000 1.317388 
0.892000 1.328954 
0.893000 1.340606 
0.894000 1.352342 
0.895000 1.364163 
0.896000 1.376066 
0.897000 1.388051 
0.898000 1.400116 
0.899000 1.412258 
0.900000 1.424477 
0.901000 1.436769 
0.902000 1.449133 
0.903000 1.461565 
0.904000 1.474063 
0.905000 1.486623 
0.906000 1.499241 
0.907000 1.511914 
0.908000 1.524636 
0.909000 1.537404 
0.910000 1.550211 
0.911000 1.563051 
0.912000 1.575920 
0.913000 1.588809 
0.914000 1.601711 
0.915000 1.614619 
0.916000 1.627523 
0.917000 1.640414 
0.918000 1.653283 
0.919000 1.666117 
0.920000 1.678906 
0.921000 1.691637 
0.922000 1.704297 
0.923000 1.716870 
0.924000 1.729342 
0.925000 1.741696 
0.926000 1.753914 
0.927000 1.765978 
0.928000 1.777866 
0.929000 1.789559 
0.930000 1.801034 
0.931000 1.812265 
0.932000 1.823228 
0.933000 1.833896 
0.934000 1.844240 
0.935000 1.854231 
0.936000 1.863837 
0.937000 1.873024 
0.938000 1.881758 
0.939000 1.890004 
0.940000 1.897722 
0.941000 1.904875 
0.942000 1.911420 
0.943000 1.917317 
0.944000 1.922522 
0.945000 1.926991 
0.946000 1.930677 
0.947000 1.933536 
0.948000 1.935519 
0.949000 1.936581 
0.950000 1.936673 
0.951000 1.935749 
0.952000 1.933762 
0.953000 1.930667 
0.954000 1.926419 
0.955000 1.920976 
0.956000 1.914297 
0.957000 1.906345 
0.958000 1.897086 
0.959000 1.886487 
0.960000 1.874524 
0.961000 1.861172 
0.962000 1.846416 
0.963000 1.830244 
0.964000 1.812649 
0.965000 1.793633 
0.966000 1.773203 
0.967000 1.751372 
0.968000 1.728160 
0.969000 1.703597 
0.970000 1.677715 
0.971000 1.650557 
0.972000 1.622169 
0.973000 1.592606 
0.974000 1.561083 
0.975000 1.529290 
0.976000 1.496488 
0.977000 1.462748 
0.978000 1.428145 
0.979000 1.392759 
0.980000 1.356669 
0.981000 1.319960 
0.982000 1.282713 
0.983000 1.245013 
0.984000 1.206943 
0.985000 1.168586 
0.986000 1.130020 
0.987000 1.091325 
0.988000 1.052576 
0.989000 1.013846 
0.990000 0.975202 
0.991000 0.936711 
0.992000 0.898432 
0.993000 0.860425 
0.994000 0.822740 
0.995000 0.785427 
0.996000 0.748531 
0.997000 0.712090 
0.998000 0.676142 
0.999000 0.640718 
1.000000 0.605847 
1.001000 0.571553 
1.002000 0.537857 
1.003000 0.504776 
1.004000 0.472326 
1.005000 0.440517 
1.006000 0.409359 
1.007000 0.378858 
1.008000 0.349018 
1.009000 0.319840 
1.010000 0.291326 
1.011000 0.263473 
1.012000 0.236278 
1.013000 0.209735 
1.014000 0.183840 
1.015000 0.158586 
1.016000 0.133963 
1.017000 0.109964 
1.018000 0.086578 
1.019000 0.063796 
1.020000 0.041607 
1.021000 0.019999 
1.022000 -0.001038 
1.023000 -0.021517 
1.024000 -0.041449 
1.025000 -0.060847 
1.026000 -0.079723 
1.027000 -0.098089 
1.028000 -0.115957 
1.029000 -0.133339 
1.030000 -0.150247 
1.031000 -0.166694 
1.032000 -0.182692 
1.033000 -0.198251 
1.034000 -0.213384 
1.035000 -0.228101 
1.036000 -0.242415 
1.037000 -0.256336 
1.038000 -0.269874 
1.039000 -0.283040 
1.040000 -0.295845 
1.041000 -0.308299 
1.042000 -0.320410 
1.043000 -0.332190 
1.044000 -0.343646 
1.045000 -0.354789 
1.046000 -0.365627 
1.047000 -0.376168 
1.048000 -0.386421 
1.049000 -0.396395 
1.050000 -0.406096 
1.051000 -0.415533 
1.052000 -0.424713 
1.053000 -0.433643 
1.054000 -0.442331 
1.055000 -0.450783 
1.056000 -0.459006 
1.057000 -0.467006 
1.058000 -0.474789 
1.059000 -0.482362 
1.060000 -0.489730 
1.061000 -0.496900 
1.062000 -0.503876 
1.063000 -0.510663 
1.064000 -0.517268 
1.065000 -0.523695 
1.066000 -0.529949 
1.067000 -0.536034 
1.068000 -0.541956 
1.069000 -0.547718 
1.070000 -0.553326 
1.071000 -0.558782 
1.072000 -0.564092 
1.073000 -0.569258 
1.074000 -0.574286 
1.075000 -0.579178 
1.076000 -0.583938 
1.077000 -0.588570 
1.078000 -0.593076 
1.079000 -0.597461 
1.080000 -0.601727 
1.081000 -0.605878 
1.082000 -0.609916 
1.083000 -0.613844 
1.084000 -0.617665 
1.085000 -0.621382 
1.086000 -0.624997 
1.087000 -0.628513 
1.088000 -0.631933 
1.089000 -0.635258 
1.090000 -0.638492 
1.091000 -0.641636 
1.092000 -0.644692 
1.093000 -0.647663 
1.094000 -0.650551 
1.095000 -0.653358 
1.096000 -0.656086 
1.097000 -0.658736 
1.098000 -0.661311 
1.099000 -0.663812 
1.100000 -0.666241 
1.101000 -0.668599 
1.102000 -0.670890 
1.103000 -0.673113 
1.104000 -0.675270 
1.105000 -0.677364 
1.106000 -0.679395 
1.107000 -0.681365 
1.108000 -0.683276 
1.109000 -0.685128 
1.110000 -0.686923 
1.111000 -0.688663 
1.112000 -0.690347 
1.113000 -0.691979 
1.114000 -0.693559 
1.115000 -0.695087 
1.116000 -0.696566 
1.117000 -0.697996 
1.118000 -0.699378 
1.119000 -0.700713 
1.120000 -0.702003 
1.121000 -0.703249 
1.122000 -0.704450 
1.123000 -0.705609 
1.124000 -0.706725 
1.125000 -0.707801 
1.126000 -0.708837 
1.127000 -0.709833 
1.128000 -0.710790 
1.129000 -0.711710 
1.130000 -0.712593 
1.131000 -0.713440 
1.132000 -0.714251 
1.133000 -0.715028 
1.134000 -0.715770 
1.135000 -0.716479 
1.136000 -0.717156 
1.137000 -0.717800 
1.138000 -0.718413 
1.139000 -0.718995 
1.140000 -0.719547 
1.141000 -0.720069 
1.142000 -0.720562 
1.143000 -0.721027 
1.144000 -0.721464 
1.145000 -0.721873 
1.146000 -0.722256 
1.147000 -0.722612 
1.148000 -0.722942 
1.149000 -0.723247 
1.150000 -0.723527 
1.151000 -0.723782 
1.152000 -0.724013 
1.153000 -0.724221 
1.154000 -0.724406 
1.155000 -0.724568 
1.156000 -0.724708 
1.157000 -0.724825 
1.158000 -0.724922 
1.159000 -0.724997 
1.160000 -0.725051 
1.161000 -0.725085 
1.162000 -0.725099 
1.163000 -0.725094 
1.164000 -0.725069 
1.165000 -0.725025 
1.166000 -0.724962 
1.167000 -0.724881 
1.168000 -0.724782 
1.169000 -0.724666 
1.170000 -0.724532 
1.171000 -0.724380 
1.172000 -0.724212 
1.173000 -0.724028 
1.174000 -0.723827 
1.175000 -0.723610 
1.176000 -0.723378 
1.177000 -0.723130 
1.178000 -0.722866 
1.179000 -0.722588 
1.180000 -0.722295 
1.181000 -0.721987 
1.182000 -0.721666 
1.183000 -0.721330 
1.184000 -0.720980 
1.185000 -0.720617 
1.186000 -0.720240 
1.187000 -0.719851 
1.188000 -0.719448 
1.189000 -0.719032 
1.190000 -0.718604 
1.191000 -0.718164 
1.192000 -0.717711 
1.193000 -0.717247 
1.194000 -0.716770 
1.195000 -0.716282 
1.196000 -0.715782 
1.197000 -0.715272 
1.198000 -0.714750 
1.199000 -0.714217 
1.200000 -0.713673 
1.201000 -0.713118 
1.202000 -0.712553 
1.203000 -0.711978 
1.204000 -0.711393 
1.205000 -0.710797 
1.206000 -0.710192 
1.207000 -0.709576 
1.208000 -0.708952 
1.209000 -0.708317 
1.210000 -0.707674 
1.211000 -0.707021 
1.212000 -0.706359 
1.213000 -0.705688 
1.214000 -0.705008 
1.215000 -0.704319 
1.216000 -0.703622 
1.217000 -0.702916 
1.218000 -0.702202 
1.219000 -0.701479 
1.220000 -0.700749 
1.221000 -0.700010 
1.222000 -0.699263 
1.223000 -0.698509 
1.224000 -0.697747 
1.225000 -0.696977 
1.226000 -0.696199 
1.227000 -0.695414 
1.228000 -0.694622 
1.229000 -0.693822 
1.230000 -0.693015 
1.231000 -0.692201 
1.232000 -0.691380 
1.233000 -0.690552 
1.234000 -0.689717 
1.235000 -0.688876 
1.236000 -0.688028 
1.237000 -0.687173 
1.238000 -0.686311 
1.239000 -0.685444 
1.240000 -0.684569 
1.241000 -0.683689 
1.242000 -0.682802 
1.243000 -0.681909 
1.244000 -0.681010 
1.245000 -0.680105 
1.246000 -0.679194 
1.247000 -0.678277 
1.248000 -0.677354 
1.249000 -0.676426 
1.250000 -0.675491 
1.251000 -0.674551 
1.252000 -0.673606 
1.253000 -0.672655 
1.254000 -0.671698 
1.255000 -0.670737 
1.256000 -0.669769 
1.257000 -0.668797 
1.258000 -0.667819 
1.259000 -0.666836 
1.260000 -0.665848 
1.261000 -0.664854 
1.262000 -0.663856 
1.263000 -0.662853 
1.264000 -0.661845 
1.265000 -0.660831 
1.266000 -0.659813 
1.267000 -0.658791 
1.268000 -0.657763 
1.269000 -0.656731 
1.270000 -0.655694 
1.271000 -0.654652 
1.272000 -0.653606 
1.273000 -0.652555 
1.274000 -0.651500 
1.275000 -0.650440 
1.276000 -0.649376 
1.277000 -0.648307 
1.278000 -0.647234 
1.279000 -0.646157 
1.280000 -0.645075 
1.281000 -0.643989 
1.282000 -0.642899 
1.283000 -0.641805 
1.284000 -0.640706 
1.285000 -0.639604 
1.286000 -0.638497 
1.287000 -0.637387 
1.288000 -0.636272 
1.289000 -0.635153 
1.290000 -0.634030 
1.291000 -0.632904 
1.292000 -0.631773 
1.293000 -0.630639 
1.294000 -0.629500 
1.295000 -0.628358 
1.296000 -0.627212 
1.297000 -0.626063 
1.298000 -0.624909 
1.299000 -0.623752 
1.300000 -0.622591 
1.301000 -0.621427 
1.302000 -0.620258 
1.303000 -0.619087 
1.304000 -0.617911 
1.305000 -0.616732 
1.306000 -0.615550 
1.307000 -0.614363 
1.308000 -0.613174 
1.309000 -0.611981 
1.310000 -0.610784 
1.311000 -0.609584 
1.312000 -0.608380 
1.313000 -0.607173 
1.314000 -0.605963 
1.315000 -0.604749 
1.316000 -0.603532 
1.317000 -0.602311 
1.318000 -0.601087 
1.319000 -0.599860 
1.320000 -0.598630 
1.321000 -0.597396 
1.322000 -0.596159 
1.323000 -0.594918 
1.324000 -0.593675 
1.325000 -0.592428 
1.326000 -0.591178 
1.327000 -0.589925 
1.328000 -0.588668 
1.329000 -0.587409 
1.330000 -0.586146 
1.331000 -0.584880 
1.332000 -0.583611 
1.333000 -0.582339 
1.334000 -0.581064 
1.335000 -0.579785 
1.336000 -0.578504 
1.337000 -0.577219 
1.338000 -0.575931 
1.339000 -0.574641 
1.340000 -0.573347 
1.341000 -0.572050 
1.342000 -0.570750 
1.343000 -0.569447 
1.344000 -0.568141 
1.345000 -0.566832 
1.346000 -0.565520 
1.347000 -0.564205 
1.348000 -0.562887 
1.349000 -0.561567 
1.350000 -0.560243 
1.351000 -0.558916 
1.352000 -0.557586 
1.353000 -0.556253 
1.354000 -0.554918 
1.355000 -0.553579 
1.356000 -0.552237 
1.357000 -0.550893 
1.358000 -0.549545 
1.359000 -0.548195 
1.360000 -0.546842 
1.361000 -0.545486 
1.362000 -0.544126 
1.363000 -0.542765 
1.364000 -0.541400 
1.365000 -0.540032 
1.366000 -0.538661 
1.367000 -0.537288 
1.368000 -0.535911 
1.369000 -0.534532 
1.370000 -0.533150 
1.371000 -0.531765 
1.372000 -0.530377 
1.373000 -0.528986 
1.374000 -0.527592 
1.375000 -0.526196 
1.376000 -0.524796 
1.377000 -0.523394 
1.378000 -0.521989 
1.379000 -0.520581 
1.380000 -0.519170 
1.381000 -0.517756 
1.382000 -0.516340 
1.383000 -0.514920 
1.384000 -0.513498 
1.385000 -0.512073 
1.386000 -0.510645 
1.387000 -0.509214 
1.388000 -0.507780 
1.389000 -0.506344 
1.390000 -0.504904 
1.391000 -0.503462 
1.392000 -0.502017 
1.393000 -0.500569 
1.394000 -0.499118 
1.395000 -0.497664 
1.396000 -0.496207 
1.397000 -0.494748 
1.398000 -0.493285 
1.399000 -0.491820 
1.400000 -0.490352 
1.401000 -0.488881 
1.402000 -0.487407 
1.403000 -0.485930 
1.404000 -0.484451 
1.405000 -0.482968 
1.406000 -0.481483 
1.407000 -0.479994 
1.408000 -0.478503 
1.409000 -0.477009 
1.410000 -0.475512 
1.411000 -0.474012 
1.412000 -0.472509 
1.413000 -0.471003 
1.414000 -0.469494 
1.415000 -0.467982 
1.416000 -0.466467 
1.417000 -0.464950 
1.418000 -0.463429 
1.419000 -0.461906 
1.420000 -0.460379 
1.421000 -0.458850 
1.422000 -0.457317 
1.423000 -0.455782 
1.424000 -0.454244 
1.425000 -0.452702 
1.426000 -0.451158 
1.427000 -0.449610 
1.428000 -0.448060 
1.429000 -0.446507 
1.430000 -0.444950 
1.431000 -0.443391 
1.432000 -0.441828 
1.433000 -0.440263 
1.434000 -0.438694 
1.435000 -0.437122 
1.436000 -0.435548 
1.437000 -0.433970 
1.438000 -0.432389 
1.439000 -0.430805 
1.440000 -0.429218 
1.441000 -0.427628 
1.442000 -0.426034 
1.443000 -0.424438 
1.444000 -0.422839 
1.445000 -0.421236 
1.446000 -0.419630 
1.447000 -0.418021 
1.448000 -0.416409 
1.449000 -0.414793 
1.450000 -0.413175 
1.451000 -0.411553 
1.452000 -0.409928 
1.453000 -0.408300 
1.454000 -0.406668 
1.455000 -0.405034 
1.456000 -0.403396 
1.457000 -0.401755 
1.458000 -0.400110 
1.459000 -0.398462 
1.460000 -0.396811 
1.461000 -0.395157 
1.462000 -0.393499 
1.463000 -0.391838 
1.464000 -0.390174 
1.465000 -0.388506 
1.466000 -0.386835 
1.467000 -0.385161 
1.468000 -0.383483 
1.469000 -0.381802 
1.470000 -0.380117 
1.471000 -0.378429 
1.472000 -0.376738 
1.473000 -0.375043 
1.474000 -0.373237 
1.475000 -0.371535 
1.476000 -0.369830 
1.477000 -0.368120 
1.478000 -0.366407 
1.479000 -0.364691 
1.480000 -0.362971 
1.481000 -0.361248 
1.482000 -0.359520 
1.483000 -0.357790 
1.484000 -0.356055 
1.485000 -0.354317 
1.486000 -0.352575 
1.487000 -0.350830 
1.488000 -0.349081 
1.489000 -0.347328 
1.490000 -0.345571 
1.491000 -0.343811 
1.492000 -0.342046 
1.493000 -0.340278 
1.494000 -0.338507 
1.495000 -0.336731 
1.496000 -0.334952 
1.497000 -0.333168 
1.498000 -0.331381 
1.499000 -0.329590 
