# Tref_folded model 
-1.500000 1.483572 
-1.499000 1.483864 
-1.498000 1.484131 
-1.497000 1.484372 
-1.496000 1.484587 
-1.495000 1.484776 
-1.494000 1.484939 
-1.493000 1.485077 
-1.492000 1.485188 
-1.491000 1.485274 
-1.490000 1.485334 
-1.489000 1.485368 
-1.488000 1.485377 
-1.487000 1.485360 
-1.486000 1.485316 
-1.485000 1.485247 
-1.484000 1.485153 
-1.483000 1.485032 
-1.482000 1.484886 
-1.481000 1.484714 
-1.480000 1.484516 
-1.479000 1.484292 
-1.478000 1.484043 
-1.477000 1.483768 
-1.476000 1.483467 
-1.475000 1.483140 
-1.474000 1.482788 
-1.473000 1.482409 
-1.472000 1.482005 
-1.471000 1.481575 
-1.470000 1.481120 
-1.469000 1.480638 
-1.468000 1.480131 
-1.467000 1.479598 
-1.466000 1.479038 
-1.465000 1.478453 
-1.464000 1.477843 
-1.463000 1.477206 
-1.462000 1.476543 
-1.461000 1.475855 
-1.460000 1.475140 
-1.459000 1.474400 
-1.458000 1.473633 
-1.457000 1.472841 
-1.456000 1.472023 
-1.455000 1.471178 
-1.454000 1.470308 
-1.453000 1.469411 
-1.452000 1.468488 
-1.451000 1.467539 
-1.450000 1.466564 
-1.449000 1.465563 
-1.448000 1.464536 
-1.447000 1.463482 
-1.446000 1.462402 
-1.445000 1.461296 
-1.444000 1.460164 
-1.443000 1.459005 
-1.442000 1.457820 
-1.441000 1.456608 
-1.440000 1.455370 
-1.439000 1.454105 
-1.438000 1.452814 
-1.437000 1.451497 
-1.436000 1.450153 
-1.435000 1.448782 
-1.434000 1.447384 
-1.433000 1.445960 
-1.432000 1.444509 
-1.431000 1.443031 
-1.430000 1.441527 
-1.429000 1.439995 
-1.428000 1.438437 
-1.427000 1.436852 
-1.426000 1.435240 
-1.425000 1.433600 
-1.424000 1.431934 
-1.423000 1.430240 
-1.422000 1.428520 
-1.421000 1.426772 
-1.420000 1.424996 
-1.419000 1.423194 
-1.418000 1.421364 
-1.417000 1.419506 
-1.416000 1.417621 
-1.415000 1.415709 
-1.414000 1.413768 
-1.413000 1.411801 
-1.412000 1.409805 
-1.411000 1.407782 
-1.410000 1.405730 
-1.409000 1.403651 
-1.408000 1.401544 
-1.407000 1.399409 
-1.406000 1.397246 
-1.405000 1.395054 
-1.404000 1.392835 
-1.403000 1.390587 
-1.402000 1.388310 
-1.401000 1.386006 
-1.400000 1.383673 
-1.399000 1.381311 
-1.398000 1.378920 
-1.397000 1.376501 
-1.396000 1.374053 
-1.395000 1.371576 
-1.394000 1.369071 
-1.393000 1.366536 
-1.392000 1.363972 
-1.391000 1.361379 
-1.390000 1.358757 
-1.389000 1.356105 
-1.388000 1.353424 
-1.387000 1.350713 
-1.386000 1.347973 
-1.385000 1.345203 
-1.384000 1.342404 
-1.383000 1.339574 
-1.382000 1.336715 
-1.381000 1.333826 
-1.380000 1.330906 
-1.379000 1.327957 
-1.378000 1.324977 
-1.377000 1.321967 
-1.376000 1.318926 
-1.375000 1.315855 
-1.374000 1.312753 
-1.373000 1.309620 
-1.372000 1.306456 
-1.371000 1.303262 
-1.370000 1.300036 
-1.369000 1.296779 
-1.368000 1.293491 
-1.367000 1.290172 
-1.366000 1.286821 
-1.365000 1.283439 
-1.364000 1.280025 
-1.363000 1.276579 
-1.362000 1.273101 
-1.361000 1.269591 
-1.360000 1.266049 
-1.359000 1.262475 
-1.358000 1.258868 
-1.357000 1.255229 
-1.356000 1.251558 
-1.355000 1.247854 
-1.354000 1.244116 
-1.353000 1.240346 
-1.352000 1.236543 
-1.351000 1.232707 
-1.350000 1.228837 
-1.349000 1.224934 
-1.348000 1.220998 
-1.347000 1.217027 
-1.346000 1.213023 
-1.345000 1.208985 
-1.344000 1.204913 
-1.343000 1.200807 
-1.342000 1.196666 
-1.341000 1.192491 
-1.340000 1.188281 
-1.339000 1.184037 
-1.338000 1.179757 
-1.337000 1.175443 
-1.336000 1.171093 
-1.335000 1.166708 
-1.334000 1.162288 
-1.333000 1.157832 
-1.332000 1.153340 
-1.331000 1.148813 
-1.330000 1.144249 
-1.329000 1.139649 
-1.328000 1.135013 
-1.327000 1.130341 
-1.326000 1.125631 
-1.325000 1.120885 
-1.324000 1.116102 
-1.323000 1.111282 
-1.322000 1.106424 
-1.321000 1.101529 
-1.320000 1.096597 
-1.319000 1.091626 
-1.318000 1.086618 
-1.317000 1.081572 
-1.316000 1.076487 
-1.315000 1.071364 
-1.314000 1.066202 
-1.313000 1.061002 
-1.312000 1.055762 
-1.311000 1.050484 
-1.310000 1.045166 
-1.309000 1.039809 
-1.308000 1.034412 
-1.307000 1.028975 
-1.306000 1.023498 
-1.305000 1.017981 
-1.304000 1.012423 
-1.303000 1.006825 
-1.302000 1.001186 
-1.301000 0.995506 
-1.300000 0.989785 
-1.299000 0.984023 
-1.298000 0.978219 
-1.297000 0.972373 
-1.296000 0.966486 
-1.295000 0.960556 
-1.294000 0.954584 
-1.293000 0.948569 
-1.292000 0.942512 
-1.291000 0.936411 
-1.290000 0.930268 
-1.289000 0.924081 
-1.288000 0.917851 
-1.287000 0.911577 
-1.286000 0.905258 
-1.285000 0.898896 
-1.284000 0.892489 
-1.283000 0.886038 
-1.282000 0.879542 
-1.281000 0.873000 
-1.280000 0.866414 
-1.279000 0.859782 
-1.278000 0.853104 
-1.277000 0.846380 
-1.276000 0.839610 
-1.275000 0.832793 
-1.274000 0.825930 
-1.273000 0.819020 
-1.272000 0.812063 
-1.271000 0.805058 
-1.270000 0.798006 
-1.269000 0.790906 
-1.268000 0.783758 
-1.267000 0.776562 
-1.266000 0.769317 
-1.265000 0.762024 
-1.264000 0.754681 
-1.263000 0.747289 
-1.262000 0.739848 
-1.261000 0.732356 
-1.260000 0.724815 
-1.259000 0.717224 
-1.258000 0.709581 
-1.257000 0.701889 
-1.256000 0.694145 
-1.255000 0.686349 
-1.254000 0.678503 
-1.253000 0.670604 
-1.252000 0.662653 
-1.251000 0.654650 
-1.250000 0.646595 
-1.249000 0.638486 
-1.248000 0.630324 
-1.247000 0.622109 
-1.246000 0.613841 
-1.245000 0.605518 
-1.244000 0.597141 
-1.243000 0.588710 
-1.242000 0.580223 
-1.241000 0.571682 
-1.240000 0.563086 
-1.239000 0.554434 
-1.238000 0.545726 
-1.237000 0.536962 
-1.236000 0.528141 
-1.235000 0.519264 
-1.234000 0.510330 
-1.233000 0.501338 
-1.232000 0.492289 
-1.231000 0.483182 
-1.230000 0.474017 
-1.229000 0.464794 
-1.228000 0.455512 
-1.227000 0.446171 
-1.226000 0.436771 
-1.225000 0.427311 
-1.224000 0.417791 
-1.223000 0.408211 
-1.222000 0.398571 
-1.221000 0.388870 
-1.220000 0.379109 
-1.219000 0.369285 
-1.218000 0.359401 
-1.217000 0.349454 
-1.216000 0.339446 
-1.215000 0.329375 
-1.214000 0.319241 
-1.213000 0.309044 
-1.212000 0.298784 
-1.211000 0.288460 
-1.210000 0.278073 
-1.209000 0.267621 
-1.208000 0.257105 
-1.207000 0.246525 
-1.206000 0.235879 
-1.205000 0.225168 
-1.204000 0.214391 
-1.203000 0.203549 
-1.202000 0.192640 
-1.201000 0.181665 
-1.200000 0.170624 
-1.199000 0.159515 
-1.198000 0.148339 
-1.197000 0.137096 
-1.196000 0.125785 
-1.195000 0.114406 
-1.194000 0.102958 
-1.193000 0.091442 
-1.192000 0.079858 
-1.191000 0.068204 
-1.190000 0.056481 
-1.189000 0.044688 
-1.188000 0.032825 
-1.187000 0.020893 
-1.186000 0.008890 
-1.185000 -0.003184 
-1.184000 -0.015328 
-1.183000 -0.027544 
-1.182000 -0.039830 
-1.181000 -0.052188 
-1.180000 -0.064618 
-1.179000 -0.077119 
-1.178000 -0.089693 
-1.177000 -0.102339 
-1.176000 -0.115058 
-1.175000 -0.127849 
-1.174000 -0.140713 
-1.173000 -0.153650 
-1.172000 -0.166661 
-1.171000 -0.179744 
-1.170000 -0.192902 
-1.169000 -0.206133 
-1.168000 -0.219438 
-1.167000 -0.232817 
-1.166000 -0.246270 
-1.165000 -0.259797 
-1.164000 -0.273399 
-1.163000 -0.287075 
-1.162000 -0.300825 
-1.161000 -0.314651 
-1.160000 -0.328551 
-1.159000 -0.342525 
-1.158000 -0.356575 
-1.157000 -0.370699 
-1.156000 -0.384899 
-1.155000 -0.399173 
-1.154000 -0.413522 
-1.153000 -0.427947 
-1.152000 -0.442446 
-1.151000 -0.457020 
-1.150000 -0.471668 
-1.149000 -0.486392 
-1.148000 -0.501190 
-1.147000 -0.516063 
-1.146000 -0.531011 
-1.145000 -0.546033 
-1.144000 -0.561129 
-1.143000 -0.576299 
-1.142000 -0.591543 
-1.141000 -0.606861 
-1.140000 -0.622252 
-1.139000 -0.637717 
-1.138000 -0.653255 
-1.137000 -0.668866 
-1.136000 -0.684549 
-1.135000 -0.700304 
-1.134000 -0.716132 
-1.133000 -0.732031 
-1.132000 -0.748001 
-1.131000 -0.764042 
-1.130000 -0.780153 
-1.129000 -0.796334 
-1.128000 -0.812584 
-1.127000 -0.828904 
-1.126000 -0.845292 
-1.125000 -0.861748 
-1.124000 -0.878271 
-1.123000 -0.894861 
-1.122000 -0.911516 
-1.121000 -0.928238 
-1.120000 -0.945023 
-1.119000 -0.961873 
-1.118000 -0.978786 
-1.117000 -0.995762 
-1.116000 -1.012799 
-1.115000 -1.029896 
-1.114000 -1.047054 
-1.113000 -1.064270 
-1.112000 -1.081544 
-1.111000 -1.098876 
-1.110000 -1.116263 
-1.109000 -1.133704 
-1.108000 -1.151200 
-1.107000 -1.168747 
-1.106000 -1.186346 
-1.105000 -1.203995 
-1.104000 -1.221693 
-1.103000 -1.239438 
-1.102000 -1.257229 
-1.101000 -1.275064 
-1.100000 -1.292943 
-1.099000 -1.310863 
-1.098000 -1.328823 
-1.097000 -1.346821 
-1.096000 -1.364856 
-1.095000 -1.382926 
-1.094000 -1.401029 
-1.093000 -1.419164 
-1.092000 -1.437327 
-1.091000 -1.455519 
-1.090000 -1.473735 
-1.089000 -1.491976 
-1.088000 -1.510237 
-1.087000 -1.528518 
-1.086000 -1.546816 
-1.085000 -1.565129 
-1.084000 -1.583454 
-1.083000 -1.601789 
-1.082000 -1.620131 
-1.081000 -1.638479 
-1.080000 -1.656829 
-1.079000 -1.675179 
-1.078000 -1.693526 
-1.077000 -1.711868 
-1.076000 -1.730201 
-1.075000 -1.748523 
-1.074000 -1.766830 
-1.073000 -1.785121 
-1.072000 -1.803391 
-1.071000 -1.821637 
-1.070000 -1.839858 
-1.069000 -1.858048 
-1.068000 -1.876205 
-1.067000 -1.894325 
-1.066000 -1.912406 
-1.065000 -1.930442 
-1.064000 -1.948432 
-1.063000 -1.966371 
-1.062000 -1.984256 
-1.061000 -2.002082 
-1.060000 -2.019846 
-1.059000 -2.037545 
-1.058000 -2.055173 
-1.057000 -2.072728 
-1.056000 -2.090205 
-1.055000 -2.107600 
-1.054000 -2.124908 
-1.053000 -2.142127 
-1.052000 -2.159250 
-1.051000 -2.176275 
-1.050000 -2.193197 
-1.049000 -2.210010 
-1.048000 -2.226711 
-1.047000 -2.243296 
-1.046000 -2.259759 
-1.045000 -2.276097 
-1.044000 -2.292304 
-1.043000 -2.308375 
-1.042000 -2.324307 
-1.041000 -2.340094 
-1.040000 -2.355732 
-1.039000 -2.371215 
-1.038000 -2.386540 
-1.037000 -2.401701 
-1.036000 -2.416693 
-1.035000 -2.431511 
-1.034000 -2.446151 
-1.033000 -2.460608 
-1.032000 -2.474876 
-1.031000 -2.488951 
-1.030000 -2.502829 
-1.029000 -2.516503 
-1.028000 -2.529970 
-1.027000 -2.543224 
-1.026000 -2.556260 
-1.025000 -2.569075 
-1.024000 -2.581662 
-1.023000 -2.594017 
-1.022000 -2.606136 
-1.021000 -2.618014 
-1.020000 -2.629646 
-1.019000 -2.641027 
-1.018000 -2.652153 
-1.017000 -2.663019 
-1.016000 -2.673622 
-1.015000 -2.683956 
-1.014000 -2.694018 
-1.013000 -2.703802 
-1.012000 -2.713306 
-1.011000 -2.722524 
-1.010000 -2.731454 
-1.009000 -2.740090 
-1.008000 -2.748429 
-1.007000 -2.756468 
-1.006000 -2.764203 
-1.005000 -2.771631 
-1.004000 -2.778747 
-1.003000 -2.785549 
-1.002000 -2.792034 
-1.001000 -2.798198 
-1.000000 -2.804039 
-0.999000 -2.809554 
-0.998000 -2.814741 
-0.997000 -2.819596 
-0.996000 -2.824118 
-0.995000 -2.828304 
-0.994000 -2.832152 
-0.993000 -2.835660 
-0.992000 -2.838827 
-0.991000 -2.841651 
-0.990000 -2.844131 
-0.989000 -2.846264 
-0.988000 -2.848051 
-0.987000 -2.849490 
-0.986000 -2.850580 
-0.985000 -2.851320 
-0.984000 -2.851711 
-0.983000 -2.851751 
-0.982000 -2.851441 
-0.981000 -2.850780 
-0.980000 -2.849768 
-0.979000 -2.848407 
-0.978000 -2.846697 
-0.977000 -2.844638 
-0.976000 -2.842231 
-0.975000 -2.839476 
-0.974000 -2.836377 
-0.973000 -2.832932 
-0.972000 -2.829145 
-0.971000 -2.825016 
-0.970000 -2.820547 
-0.969000 -2.815741 
-0.968000 -2.810599 
-0.967000 -2.805124 
-0.966000 -2.799318 
-0.965000 -2.793183 
-0.964000 -2.786722 
-0.963000 -2.779938 
-0.962000 -2.772834 
-0.961000 -2.765413 
-0.960000 -2.757678 
-0.959000 -2.749632 
-0.958000 -2.741279 
-0.957000 -2.732623 
-0.956000 -2.723666 
-0.955000 -2.714413 
-0.954000 -2.704867 
-0.953000 -2.695032 
-0.952000 -2.684913 
-0.951000 -2.674514 
-0.950000 -2.663838 
-0.949000 -2.652891 
-0.948000 -2.641676 
-0.947000 -2.630197 
-0.946000 -2.618460 
-0.945000 -2.606469 
-0.944000 -2.594229 
-0.943000 -2.581743 
-0.942000 -2.569018 
-0.941000 -2.556057 
-0.940000 -2.542866 
-0.939000 -2.529449 
-0.938000 -2.515811 
-0.937000 -2.501957 
-0.936000 -2.487892 
-0.935000 -2.473621 
-0.934000 -2.459149 
-0.933000 -2.444481 
-0.932000 -2.429621 
-0.931000 -2.414575 
-0.930000 -2.399348 
-0.929000 -2.383945 
-0.928000 -2.368371 
-0.927000 -2.352630 
-0.926000 -2.336727 
-0.925000 -2.320669 
-0.924000 -2.304458 
-0.923000 -2.288101 
-0.922000 -2.271602 
-0.921000 -2.254966 
-0.920000 -2.238197 
-0.919000 -2.221301 
-0.918000 -2.204282 
-0.917000 -2.187146 
-0.916000 -2.169895 
-0.915000 -2.152536 
-0.914000 -2.135072 
-0.913000 -2.117509 
-0.912000 -2.099850 
-0.911000 -2.082100 
-0.910000 -2.064263 
-0.909000 -2.046344 
-0.908000 -2.028347 
-0.907000 -2.010276 
-0.906000 -1.992135 
-0.905000 -1.973929 
-0.904000 -1.955660 
-0.903000 -1.937334 
-0.902000 -1.918954 
-0.901000 -1.900524 
-0.900000 -1.882047 
-0.899000 -1.863528 
-0.898000 -1.844970 
-0.897000 -1.826376 
-0.896000 -1.807751 
-0.895000 -1.789097 
-0.894000 -1.770417 
-0.893000 -1.751716 
-0.892000 -1.732997 
-0.891000 -1.714261 
-0.890000 -1.695514 
-0.889000 -1.676757 
-0.888000 -1.657994 
-0.887000 -1.639228 
-0.886000 -1.620461 
-0.885000 -1.601697 
-0.884000 -1.582937 
-0.883000 -1.564185 
-0.882000 -1.545443 
-0.881000 -1.526714 
-0.880000 -1.508001 
-0.879000 -1.489305 
-0.878000 -1.470629 
-0.877000 -1.451975 
-0.876000 -1.433346 
-0.875000 -1.414743 
-0.874000 -1.396169 
-0.873000 -1.377627 
-0.872000 -1.359117 
-0.871000 -1.340642 
-0.870000 -1.322203 
-0.869000 -1.303803 
-0.868000 -1.285444 
-0.867000 -1.267126 
-0.866000 -1.248852 
-0.865000 -1.230624 
-0.864000 -1.212442 
-0.863000 -1.194309 
-0.862000 -1.176225 
-0.861000 -1.158194 
-0.860000 -1.140214 
-0.859000 -1.122289 
-0.858000 -1.104419 
-0.857000 -1.086606 
-0.856000 -1.068850 
-0.855000 -1.051153 
-0.854000 -1.033517 
-0.853000 -1.015941 
-0.852000 -0.998428 
-0.851000 -0.980978 
-0.850000 -0.963592 
-0.849000 -0.946270 
-0.848000 -0.929015 
-0.847000 -0.911826 
-0.846000 -0.894705 
-0.845000 -0.877653 
-0.844000 -0.860669 
-0.843000 -0.843755 
-0.842000 -0.826911 
-0.841000 -0.810139 
-0.840000 -0.793438 
-0.839000 -0.776809 
-0.838000 -0.760254 
-0.837000 -0.743771 
-0.836000 -0.727362 
-0.835000 -0.711028 
-0.834000 -0.694768 
-0.833000 -0.678584 
-0.832000 -0.662475 
-0.831000 -0.646442 
-0.830000 -0.630485 
-0.829000 -0.614604 
-0.828000 -0.598801 
-0.827000 -0.583075 
-0.826000 -0.567426 
-0.825000 -0.551854 
-0.824000 -0.536360 
-0.823000 -0.520945 
-0.822000 -0.505607 
-0.821000 -0.490348 
-0.820000 -0.475168 
-0.819000 -0.460065 
-0.818000 -0.445042 
-0.817000 -0.430097 
-0.816000 -0.415232 
-0.815000 -0.400445 
-0.814000 -0.385736 
-0.813000 -0.371107 
-0.812000 -0.356557 
-0.811000 -0.342086 
-0.810000 -0.327694 
-0.809000 -0.313380 
-0.808000 -0.299146 
-0.807000 -0.284990 
-0.806000 -0.270913 
-0.805000 -0.256914 
-0.804000 -0.242994 
-0.803000 -0.229153 
-0.802000 -0.215390 
-0.801000 -0.201705 
-0.800000 -0.188098 
-0.799000 -0.174569 
-0.798000 -0.161118 
-0.797000 -0.147745 
-0.796000 -0.134449 
-0.795000 -0.121230 
-0.794000 -0.108089 
-0.793000 -0.095025 
-0.792000 -0.082037 
-0.791000 -0.069126 
-0.790000 -0.056291 
-0.789000 -0.043532 
-0.788000 -0.030849 
-0.787000 -0.018242 
-0.786000 -0.005711 
-0.785000 0.006746 
-0.784000 0.019127 
-0.783000 0.031434 
-0.782000 0.043666 
-0.781000 0.055824 
-0.780000 0.067908 
-0.779000 0.079919 
-0.778000 0.091855 
-0.777000 0.103719 
-0.776000 0.115510 
-0.775000 0.127228 
-0.774000 0.138874 
-0.773000 0.150447 
-0.772000 0.161949 
-0.771000 0.173380 
-0.770000 0.184739 
-0.769000 0.196027 
-0.768000 0.207245 
-0.767000 0.218392 
-0.766000 0.229470 
-0.765000 0.240477 
-0.764000 0.251416 
-0.763000 0.262285 
-0.762000 0.273085 
-0.761000 0.283817 
-0.760000 0.294480 
-0.759000 0.305076 
-0.758000 0.315604 
-0.757000 0.326065 
-0.756000 0.336458 
-0.755000 0.346786 
-0.754000 0.357046 
-0.753000 0.367241 
-0.752000 0.377370 
-0.751000 0.387434 
-0.750000 0.397432 
-0.749000 0.407366 
-0.748000 0.417235 
-0.747000 0.427040 
-0.746000 0.436781 
-0.745000 0.446459 
-0.744000 0.456074 
-0.743000 0.465625 
-0.742000 0.475114 
-0.741000 0.484541 
-0.740000 0.493905 
-0.739000 0.503208 
-0.738000 0.512450 
-0.737000 0.521631 
-0.736000 0.530750 
-0.735000 0.539810 
-0.734000 0.548809 
-0.733000 0.557748 
-0.732000 0.566628 
-0.731000 0.575449 
-0.730000 0.584211 
-0.729000 0.592914 
-0.728000 0.601559 
-0.727000 0.610146 
-0.726000 0.618675 
-0.725000 0.627146 
-0.724000 0.635561 
-0.723000 0.643918 
-0.722000 0.652220 
-0.721000 0.660465 
-0.720000 0.668654 
-0.719000 0.676787 
-0.718000 0.684865 
-0.717000 0.692888 
-0.716000 0.700856 
-0.715000 0.708769 
-0.714000 0.716628 
-0.713000 0.724434 
-0.712000 0.732185 
-0.711000 0.739884 
-0.710000 0.747529 
-0.709000 0.755121 
-0.708000 0.762661 
-0.707000 0.770149 
-0.706000 0.777584 
-0.705000 0.784968 
-0.704000 0.792300 
-0.703000 0.799581 
-0.702000 0.806811 
-0.701000 0.813990 
-0.700000 0.821119 
-0.699000 0.828198 
-0.698000 0.835227 
-0.697000 0.842206 
-0.696000 0.849136 
-0.695000 0.856017 
-0.694000 0.862849 
-0.693000 0.869632 
-0.692000 0.876367 
-0.691000 0.883053 
-0.690000 0.889692 
-0.689000 0.896283 
-0.688000 0.902827 
-0.687000 0.909323 
-0.686000 0.915773 
-0.685000 0.922176 
-0.684000 0.928532 
-0.683000 0.934843 
-0.682000 0.941107 
-0.681000 0.947326 
-0.680000 0.953499 
-0.679000 0.959626 
-0.678000 0.965709 
-0.677000 0.971747 
-0.676000 0.977740 
-0.675000 0.983689 
-0.674000 0.989593 
-0.673000 0.995454 
-0.672000 1.001271 
-0.671000 1.007044 
-0.670000 1.012775 
-0.669000 1.018461 
-0.668000 1.024106 
-0.667000 1.029707 
-0.666000 1.035266 
-0.665000 1.040782 
-0.664000 1.046257 
-0.663000 1.051690 
-0.662000 1.057081 
-0.661000 1.062430 
-0.660000 1.067739 
-0.659000 1.073006 
-0.658000 1.078232 
-0.657000 1.083418 
-0.656000 1.088563 
-0.655000 1.093668 
-0.654000 1.098732 
-0.653000 1.103757 
-0.652000 1.108742 
-0.651000 1.113688 
-0.650000 1.118594 
-0.649000 1.123460 
-0.648000 1.128288 
-0.647000 1.133077 
-0.646000 1.137827 
-0.645000 1.142539 
-0.644000 1.147213 
-0.643000 1.151848 
-0.642000 1.156445 
-0.641000 1.161005 
-0.640000 1.165527 
-0.639000 1.170011 
-0.638000 1.174458 
-0.637000 1.178868 
-0.636000 1.183241 
-0.635000 1.187577 
-0.634000 1.191876 
-0.633000 1.196139 
-0.632000 1.200366 
-0.631000 1.204556 
-0.630000 1.208710 
-0.629000 1.212828 
-0.628000 1.216911 
-0.627000 1.220958 
-0.626000 1.224969 
-0.625000 1.228946 
-0.624000 1.232886 
-0.623000 1.236792 
-0.622000 1.240663 
-0.621000 1.244500 
-0.620000 1.248301 
-0.619000 1.252069 
-0.618000 1.255801 
-0.617000 1.259500 
-0.616000 1.263165 
-0.615000 1.266795 
-0.614000 1.270392 
-0.613000 1.273955 
-0.612000 1.277485 
-0.611000 1.280981 
-0.610000 1.284444 
-0.609000 1.287874 
-0.608000 1.291271 
-0.607000 1.294635 
-0.606000 1.297966 
-0.605000 1.301264 
-0.604000 1.304530 
-0.603000 1.307763 
-0.602000 1.310964 
-0.601000 1.314133 
-0.600000 1.317269 
-0.599000 1.320374 
-0.598000 1.323447 
-0.597000 1.326488 
-0.596000 1.329497 
-0.595000 1.332475 
-0.594000 1.335422 
-0.593000 1.338337 
-0.592000 1.341221 
-0.591000 1.344073 
-0.590000 1.346895 
-0.589000 1.349686 
-0.588000 1.352446 
-0.587000 1.355175 
-0.586000 1.357874 
-0.585000 1.360542 
-0.584000 1.363179 
-0.583000 1.365787 
-0.582000 1.368364 
-0.581000 1.370910 
-0.580000 1.373427 
-0.579000 1.375914 
-0.578000 1.378371 
-0.577000 1.380798 
-0.576000 1.383196 
-0.575000 1.385564 
-0.574000 1.387902 
-0.573000 1.390211 
-0.572000 1.392490 
-0.571000 1.394740 
-0.570000 1.396961 
-0.569000 1.399153 
-0.568000 1.401316 
-0.567000 1.403450 
-0.566000 1.405554 
-0.565000 1.407630 
-0.564000 1.409678 
-0.563000 1.411696 
-0.562000 1.413686 
-0.561000 1.415648 
-0.560000 1.417581 
-0.559000 1.419486 
-0.558000 1.421362 
-0.557000 1.423210 
-0.556000 1.425030 
-0.555000 1.426821 
-0.554000 1.428585 
-0.553000 1.430321 
-0.552000 1.432029 
-0.551000 1.433708 
-0.550000 1.435360 
-0.549000 1.436985 
-0.548000 1.438581 
-0.547000 1.440150 
-0.546000 1.441692 
-0.545000 1.443205 
-0.544000 1.444692 
-0.543000 1.446151 
-0.542000 1.447582 
-0.541000 1.448987 
-0.540000 1.450364 
-0.539000 1.451714 
-0.538000 1.453036 
-0.537000 1.454332 
-0.536000 1.455600 
-0.535000 1.456842 
-0.534000 1.458056 
-0.533000 1.459244 
-0.532000 1.460405 
-0.531000 1.461538 
-0.530000 1.462645 
-0.529000 1.463726 
-0.528000 1.464779 
-0.527000 1.465806 
-0.526000 1.466807 
-0.525000 1.467780 
-0.524000 1.468727 
-0.523000 1.469648 
-0.522000 1.470542 
-0.521000 1.471410 
-0.520000 1.472251 
-0.519000 1.473066 
-0.518000 1.473854 
-0.517000 1.474617 
-0.516000 1.475352 
-0.515000 1.476062 
-0.514000 1.476745 
-0.513000 1.477403 
-0.512000 1.478034 
-0.511000 1.478638 
-0.510000 1.479217 
-0.509000 1.479770 
-0.508000 1.480296 
-0.507000 1.480797 
-0.506000 1.481271 
-0.505000 1.481719 
-0.504000 1.482142 
-0.503000 1.482538 
-0.502000 1.482909 
-0.501000 1.483253 
-0.500000 1.483572 
-0.499000 1.483864 
-0.498000 1.484131 
-0.497000 1.484372 
-0.496000 1.484587 
-0.495000 1.484776 
-0.494000 1.484939 
-0.493000 1.485077 
-0.492000 1.485188 
-0.491000 1.485274 
-0.490000 1.485334 
-0.489000 1.485368 
-0.488000 1.485377 
-0.487000 1.485360 
-0.486000 1.485316 
-0.485000 1.485247 
-0.484000 1.485153 
-0.483000 1.485032 
-0.482000 1.484886 
-0.481000 1.484714 
-0.480000 1.484516 
-0.479000 1.484292 
-0.478000 1.484043 
-0.477000 1.483768 
-0.476000 1.483467 
-0.475000 1.483140 
-0.474000 1.482788 
-0.473000 1.482409 
-0.472000 1.482005 
-0.471000 1.481575 
-0.470000 1.481120 
-0.469000 1.480638 
-0.468000 1.480131 
-0.467000 1.479598 
-0.466000 1.479038 
-0.465000 1.478453 
-0.464000 1.477843 
-0.463000 1.477206 
-0.462000 1.476543 
-0.461000 1.475855 
-0.460000 1.475140 
-0.459000 1.474400 
-0.458000 1.473633 
-0.457000 1.472841 
-0.456000 1.472023 
-0.455000 1.471178 
-0.454000 1.470308 
-0.453000 1.469411 
-0.452000 1.468488 
-0.451000 1.467539 
-0.450000 1.466564 
-0.449000 1.465563 
-0.448000 1.464536 
-0.447000 1.463482 
-0.446000 1.462402 
-0.445000 1.461296 
-0.444000 1.460164 
-0.443000 1.459005 
-0.442000 1.457820 
-0.441000 1.456608 
-0.440000 1.455370 
-0.439000 1.454105 
-0.438000 1.452814 
-0.437000 1.451497 
-0.436000 1.450153 
-0.435000 1.448782 
-0.434000 1.447384 
-0.433000 1.445960 
-0.432000 1.444509 
-0.431000 1.443031 
-0.430000 1.441527 
-0.429000 1.439995 
-0.428000 1.438437 
-0.427000 1.436852 
-0.426000 1.435240 
-0.425000 1.433600 
-0.424000 1.431934 
-0.423000 1.430240 
-0.422000 1.428520 
-0.421000 1.426772 
-0.420000 1.424996 
-0.419000 1.423194 
-0.418000 1.421364 
-0.417000 1.419506 
-0.416000 1.417621 
-0.415000 1.415709 
-0.414000 1.413768 
-0.413000 1.411801 
-0.412000 1.409805 
-0.411000 1.407782 
-0.410000 1.405730 
-0.409000 1.403651 
-0.408000 1.401544 
-0.407000 1.399409 
-0.406000 1.397246 
-0.405000 1.395054 
-0.404000 1.392835 
-0.403000 1.390587 
-0.402000 1.388310 
-0.401000 1.386006 
-0.400000 1.383673 
-0.399000 1.381311 
-0.398000 1.378920 
-0.397000 1.376501 
-0.396000 1.374053 
-0.395000 1.371576 
-0.394000 1.369071 
-0.393000 1.366536 
-0.392000 1.363972 
-0.391000 1.361379 
-0.390000 1.358757 
-0.389000 1.356105 
-0.388000 1.353424 
-0.387000 1.350713 
-0.386000 1.347973 
-0.385000 1.345203 
-0.384000 1.342404 
-0.383000 1.339574 
-0.382000 1.336715 
-0.381000 1.333826 
-0.380000 1.330906 
-0.379000 1.327957 
-0.378000 1.324977 
-0.377000 1.321967 
-0.376000 1.318926 
-0.375000 1.315855 
-0.374000 1.312753 
-0.373000 1.309620 
-0.372000 1.306456 
-0.371000 1.303262 
-0.370000 1.300036 
-0.369000 1.296779 
-0.368000 1.293491 
-0.367000 1.290172 
-0.366000 1.286821 
-0.365000 1.283439 
-0.364000 1.280025 
-0.363000 1.276579 
-0.362000 1.273101 
-0.361000 1.269591 
-0.360000 1.266049 
-0.359000 1.262475 
-0.358000 1.258868 
-0.357000 1.255229 
-0.356000 1.251558 
-0.355000 1.247854 
-0.354000 1.244116 
-0.353000 1.240346 
-0.352000 1.236543 
-0.351000 1.232707 
-0.350000 1.228837 
-0.349000 1.224934 
-0.348000 1.220998 
-0.347000 1.217027 
-0.346000 1.213023 
-0.345000 1.208985 
-0.344000 1.204913 
-0.343000 1.200807 
-0.342000 1.196666 
-0.341000 1.192491 
-0.340000 1.188281 
-0.339000 1.184037 
-0.338000 1.179757 
-0.337000 1.175443 
-0.336000 1.171093 
-0.335000 1.166708 
-0.334000 1.162288 
-0.333000 1.157832 
-0.332000 1.153340 
-0.331000 1.148813 
-0.330000 1.144249 
-0.329000 1.139649 
-0.328000 1.135013 
-0.327000 1.130341 
-0.326000 1.125631 
-0.325000 1.120885 
-0.324000 1.116102 
-0.323000 1.111282 
-0.322000 1.106424 
-0.321000 1.101529 
-0.320000 1.096597 
-0.319000 1.091626 
-0.318000 1.086618 
-0.317000 1.081572 
-0.316000 1.076487 
-0.315000 1.071364 
-0.314000 1.066202 
-0.313000 1.061002 
-0.312000 1.055762 
-0.311000 1.050484 
-0.310000 1.045166 
-0.309000 1.039809 
-0.308000 1.034412 
-0.307000 1.028975 
-0.306000 1.023498 
-0.305000 1.017981 
-0.304000 1.012423 
-0.303000 1.006825 
-0.302000 1.001186 
-0.301000 0.995506 
-0.300000 0.989785 
-0.299000 0.984023 
-0.298000 0.978219 
-0.297000 0.972373 
-0.296000 0.966486 
-0.295000 0.960556 
-0.294000 0.954584 
-0.293000 0.948569 
-0.292000 0.942512 
-0.291000 0.936411 
-0.290000 0.930268 
-0.289000 0.924081 
-0.288000 0.917851 
-0.287000 0.911577 
-0.286000 0.905258 
-0.285000 0.898896 
-0.284000 0.892489 
-0.283000 0.886038 
-0.282000 0.879542 
-0.281000 0.873000 
-0.280000 0.866414 
-0.279000 0.859782 
-0.278000 0.853104 
-0.277000 0.846380 
-0.276000 0.839610 
-0.275000 0.832793 
-0.274000 0.825930 
-0.273000 0.819020 
-0.272000 0.812063 
-0.271000 0.805058 
-0.270000 0.798006 
-0.269000 0.790906 
-0.268000 0.783758 
-0.267000 0.776562 
-0.266000 0.769317 
-0.265000 0.762024 
-0.264000 0.754681 
-0.263000 0.747289 
-0.262000 0.739848 
-0.261000 0.732356 
-0.260000 0.724815 
-0.259000 0.717224 
-0.258000 0.709581 
-0.257000 0.701889 
-0.256000 0.694145 
-0.255000 0.686349 
-0.254000 0.678503 
-0.253000 0.670604 
-0.252000 0.662653 
-0.251000 0.654650 
-0.250000 0.646595 
-0.249000 0.638486 
-0.248000 0.630324 
-0.247000 0.622109 
-0.246000 0.613841 
-0.245000 0.605518 
-0.244000 0.597141 
-0.243000 0.588710 
-0.242000 0.580223 
-0.241000 0.571682 
-0.240000 0.563086 
-0.239000 0.554434 
-0.238000 0.545726 
-0.237000 0.536962 
-0.236000 0.528141 
-0.235000 0.519264 
-0.234000 0.510330 
-0.233000 0.501338 
-0.232000 0.492289 
-0.231000 0.483182 
-0.230000 0.474017 
-0.229000 0.464794 
-0.228000 0.455512 
-0.227000 0.446171 
-0.226000 0.436771 
-0.225000 0.427311 
-0.224000 0.417791 
-0.223000 0.408211 
-0.222000 0.398571 
-0.221000 0.388870 
-0.220000 0.379109 
-0.219000 0.369285 
-0.218000 0.359401 
-0.217000 0.349454 
-0.216000 0.339446 
-0.215000 0.329375 
-0.214000 0.319241 
-0.213000 0.309044 
-0.212000 0.298784 
-0.211000 0.288460 
-0.210000 0.278073 
-0.209000 0.267621 
-0.208000 0.257105 
-0.207000 0.246525 
-0.206000 0.235879 
-0.205000 0.225168 
-0.204000 0.214391 
-0.203000 0.203549 
-0.202000 0.192640 
-0.201000 0.181665 
-0.200000 0.170624 
-0.199000 0.159515 
-0.198000 0.148339 
-0.197000 0.137096 
-0.196000 0.125785 
-0.195000 0.114406 
-0.194000 0.102958 
-0.193000 0.091442 
-0.192000 0.079858 
-0.191000 0.068204 
-0.190000 0.056481 
-0.189000 0.044688 
-0.188000 0.032825 
-0.187000 0.020893 
-0.186000 0.008890 
-0.185000 -0.003184 
-0.184000 -0.015328 
-0.183000 -0.027544 
-0.182000 -0.039830 
-0.181000 -0.052188 
-0.180000 -0.064618 
-0.179000 -0.077119 
-0.178000 -0.089693 
-0.177000 -0.102339 
-0.176000 -0.115058 
-0.175000 -0.127849 
-0.174000 -0.140713 
-0.173000 -0.153650 
-0.172000 -0.166661 
-0.171000 -0.179744 
-0.170000 -0.192902 
-0.169000 -0.206133 
-0.168000 -0.219438 
-0.167000 -0.232817 
-0.166000 -0.246270 
-0.165000 -0.259797 
-0.164000 -0.273399 
-0.163000 -0.287075 
-0.162000 -0.300825 
-0.161000 -0.314651 
-0.160000 -0.328551 
-0.159000 -0.342525 
-0.158000 -0.356575 
-0.157000 -0.370699 
-0.156000 -0.384899 
-0.155000 -0.399173 
-0.154000 -0.413522 
-0.153000 -0.427947 
-0.152000 -0.442446 
-0.151000 -0.457020 
-0.150000 -0.471668 
-0.149000 -0.486392 
-0.148000 -0.501190 
-0.147000 -0.516063 
-0.146000 -0.531011 
-0.145000 -0.546033 
-0.144000 -0.561129 
-0.143000 -0.576299 
-0.142000 -0.591543 
-0.141000 -0.606861 
-0.140000 -0.622252 
-0.139000 -0.637717 
-0.138000 -0.653255 
-0.137000 -0.668866 
-0.136000 -0.684549 
-0.135000 -0.700304 
-0.134000 -0.716132 
-0.133000 -0.732031 
-0.132000 -0.748001 
-0.131000 -0.764042 
-0.130000 -0.780153 
-0.129000 -0.796334 
-0.128000 -0.812584 
-0.127000 -0.828904 
-0.126000 -0.845292 
-0.125000 -0.861748 
-0.124000 -0.878271 
-0.123000 -0.894861 
-0.122000 -0.911516 
-0.121000 -0.928238 
-0.120000 -0.945023 
-0.119000 -0.961873 
-0.118000 -0.978786 
-0.117000 -0.995762 
-0.116000 -1.012799 
-0.115000 -1.029896 
-0.114000 -1.047054 
-0.113000 -1.064270 
-0.112000 -1.081544 
-0.111000 -1.098876 
-0.110000 -1.116263 
-0.109000 -1.133704 
-0.108000 -1.151200 
-0.107000 -1.168747 
-0.106000 -1.186346 
-0.105000 -1.203995 
-0.104000 -1.221693 
-0.103000 -1.239438 
-0.102000 -1.257229 
-0.101000 -1.275064 
-0.100000 -1.292943 
-0.099000 -1.310863 
-0.098000 -1.328823 
-0.097000 -1.346821 
-0.096000 -1.364856 
-0.095000 -1.382926 
-0.094000 -1.401029 
-0.093000 -1.419164 
-0.092000 -1.437327 
-0.091000 -1.455519 
-0.090000 -1.473735 
-0.089000 -1.491976 
-0.088000 -1.510237 
-0.087000 -1.528518 
-0.086000 -1.546816 
-0.085000 -1.565129 
-0.084000 -1.583454 
-0.083000 -1.601789 
-0.082000 -1.620131 
-0.081000 -1.638479 
-0.080000 -1.656829 
-0.079000 -1.675179 
-0.078000 -1.693526 
-0.077000 -1.711868 
-0.076000 -1.730201 
-0.075000 -1.748523 
-0.074000 -1.766830 
-0.073000 -1.785121 
-0.072000 -1.803391 
-0.071000 -1.821637 
-0.070000 -1.839858 
-0.069000 -1.858048 
-0.068000 -1.876205 
-0.067000 -1.894325 
-0.066000 -1.912406 
-0.065000 -1.930442 
-0.064000 -1.948432 
-0.063000 -1.966371 
-0.062000 -1.984256 
-0.061000 -2.002082 
-0.060000 -2.019846 
-0.059000 -2.037545 
-0.058000 -2.055173 
-0.057000 -2.072728 
-0.056000 -2.090205 
-0.055000 -2.107600 
-0.054000 -2.124908 
-0.053000 -2.142127 
-0.052000 -2.159250 
-0.051000 -2.176275 
-0.050000 -2.193197 
-0.049000 -2.210010 
-0.048000 -2.226711 
-0.047000 -2.243296 
-0.046000 -2.259759 
-0.045000 -2.276097 
-0.044000 -2.292304 
-0.043000 -2.308375 
-0.042000 -2.324307 
-0.041000 -2.340094 
-0.040000 -2.355732 
-0.039000 -2.371215 
-0.038000 -2.386540 
-0.037000 -2.401701 
-0.036000 -2.416693 
-0.035000 -2.431511 
-0.034000 -2.446151 
-0.033000 -2.460608 
-0.032000 -2.474876 
-0.031000 -2.488951 
-0.030000 -2.502829 
-0.029000 -2.516503 
-0.028000 -2.529970 
-0.027000 -2.543224 
-0.026000 -2.556260 
-0.025000 -2.569075 
-0.024000 -2.581662 
-0.023000 -2.594017 
-0.022000 -2.606136 
-0.021000 -2.618014 
-0.020000 -2.629646 
-0.019000 -2.641027 
-0.018000 -2.652153 
-0.017000 -2.663019 
-0.016000 -2.673622 
-0.015000 -2.683956 
-0.014000 -2.694018 
-0.013000 -2.703802 
-0.012000 -2.713306 
-0.011000 -2.722524 
-0.010000 -2.731454 
-0.009000 -2.740090 
-0.008000 -2.748429 
-0.007000 -2.756468 
-0.006000 -2.764203 
-0.005000 -2.771631 
-0.004000 -2.778747 
-0.003000 -2.785549 
-0.002000 -2.792034 
-0.001000 -2.798198 
-0.000000 -2.804039 
0.001000 -2.809554 
0.002000 -2.814741 
0.003000 -2.819596 
0.004000 -2.824118 
0.005000 -2.828304 
0.006000 -2.832152 
0.007000 -2.835660 
0.008000 -2.838827 
0.009000 -2.841651 
0.010000 -2.844131 
0.011000 -2.846264 
0.012000 -2.848051 
0.013000 -2.849490 
0.014000 -2.850580 
0.015000 -2.851320 
0.016000 -2.851711 
0.017000 -2.851751 
0.018000 -2.851441 
0.019000 -2.850780 
0.020000 -2.849768 
0.021000 -2.848407 
0.022000 -2.846697 
0.023000 -2.844638 
0.024000 -2.842231 
0.025000 -2.839476 
0.026000 -2.836377 
0.027000 -2.832932 
0.028000 -2.829145 
0.029000 -2.825016 
0.030000 -2.820547 
0.031000 -2.815741 
0.032000 -2.810599 
0.033000 -2.805124 
0.034000 -2.799318 
0.035000 -2.793183 
0.036000 -2.786722 
0.037000 -2.779938 
0.038000 -2.772834 
0.039000 -2.765413 
0.040000 -2.757678 
0.041000 -2.749632 
0.042000 -2.741279 
0.043000 -2.732623 
0.044000 -2.723666 
0.045000 -2.714413 
0.046000 -2.704867 
0.047000 -2.695032 
0.048000 -2.684913 
0.049000 -2.674514 
0.050000 -2.663838 
0.051000 -2.652891 
0.052000 -2.641676 
0.053000 -2.630197 
0.054000 -2.618460 
0.055000 -2.606469 
0.056000 -2.594229 
0.057000 -2.581743 
0.058000 -2.569018 
0.059000 -2.556057 
0.060000 -2.542866 
0.061000 -2.529449 
0.062000 -2.515811 
0.063000 -2.501957 
0.064000 -2.487892 
0.065000 -2.473621 
0.066000 -2.459149 
0.067000 -2.444481 
0.068000 -2.429621 
0.069000 -2.414575 
0.070000 -2.399348 
0.071000 -2.383945 
0.072000 -2.368371 
0.073000 -2.352630 
0.074000 -2.336727 
0.075000 -2.320669 
0.076000 -2.304458 
0.077000 -2.288101 
0.078000 -2.271602 
0.079000 -2.254966 
0.080000 -2.238197 
0.081000 -2.221301 
0.082000 -2.204282 
0.083000 -2.187146 
0.084000 -2.169895 
0.085000 -2.152536 
0.086000 -2.135072 
0.087000 -2.117509 
0.088000 -2.099850 
0.089000 -2.082100 
0.090000 -2.064263 
0.091000 -2.046344 
0.092000 -2.028347 
0.093000 -2.010276 
0.094000 -1.992135 
0.095000 -1.973929 
0.096000 -1.955660 
0.097000 -1.937334 
0.098000 -1.918954 
0.099000 -1.900524 
0.100000 -1.882047 
0.101000 -1.863528 
0.102000 -1.844970 
0.103000 -1.826376 
0.104000 -1.807751 
0.105000 -1.789097 
0.106000 -1.770417 
0.107000 -1.751716 
0.108000 -1.732997 
0.109000 -1.714261 
0.110000 -1.695514 
0.111000 -1.676757 
0.112000 -1.657994 
0.113000 -1.639228 
0.114000 -1.620461 
0.115000 -1.601697 
0.116000 -1.582937 
0.117000 -1.564185 
0.118000 -1.545443 
0.119000 -1.526714 
0.120000 -1.508001 
0.121000 -1.489305 
0.122000 -1.470629 
0.123000 -1.451975 
0.124000 -1.433346 
0.125000 -1.414743 
0.126000 -1.396169 
0.127000 -1.377627 
0.128000 -1.359117 
0.129000 -1.340642 
0.130000 -1.322203 
0.131000 -1.303803 
0.132000 -1.285444 
0.133000 -1.267126 
0.134000 -1.248852 
0.135000 -1.230624 
0.136000 -1.212442 
0.137000 -1.194309 
0.138000 -1.176225 
0.139000 -1.158194 
0.140000 -1.140214 
0.141000 -1.122289 
0.142000 -1.104419 
0.143000 -1.086606 
0.144000 -1.068850 
0.145000 -1.051153 
0.146000 -1.033517 
0.147000 -1.015941 
0.148000 -0.998428 
0.149000 -0.980978 
0.150000 -0.963592 
0.151000 -0.946270 
0.152000 -0.929015 
0.153000 -0.911826 
0.154000 -0.894705 
0.155000 -0.877653 
0.156000 -0.860669 
0.157000 -0.843755 
0.158000 -0.826911 
0.159000 -0.810139 
0.160000 -0.793438 
0.161000 -0.776809 
0.162000 -0.760254 
0.163000 -0.743771 
0.164000 -0.727362 
0.165000 -0.711028 
0.166000 -0.694768 
0.167000 -0.678584 
0.168000 -0.662475 
0.169000 -0.646442 
0.170000 -0.630485 
0.171000 -0.614604 
0.172000 -0.598801 
0.173000 -0.583075 
0.174000 -0.567426 
0.175000 -0.551854 
0.176000 -0.536360 
0.177000 -0.520945 
0.178000 -0.505607 
0.179000 -0.490348 
0.180000 -0.475168 
0.181000 -0.460065 
0.182000 -0.445042 
0.183000 -0.430097 
0.184000 -0.415232 
0.185000 -0.400445 
0.186000 -0.385736 
0.187000 -0.371107 
0.188000 -0.356557 
0.189000 -0.342086 
0.190000 -0.327694 
0.191000 -0.313380 
0.192000 -0.299146 
0.193000 -0.284990 
0.194000 -0.270913 
0.195000 -0.256914 
0.196000 -0.242994 
0.197000 -0.229153 
0.198000 -0.215390 
0.199000 -0.201705 
0.200000 -0.188098 
0.201000 -0.174569 
0.202000 -0.161118 
0.203000 -0.147745 
0.204000 -0.134449 
0.205000 -0.121230 
0.206000 -0.108089 
0.207000 -0.095025 
0.208000 -0.082037 
0.209000 -0.069126 
0.210000 -0.056291 
0.211000 -0.043532 
0.212000 -0.030849 
0.213000 -0.018242 
0.214000 -0.005711 
0.215000 0.006746 
0.216000 0.019127 
0.217000 0.031434 
0.218000 0.043666 
0.219000 0.055824 
0.220000 0.067908 
0.221000 0.079919 
0.222000 0.091855 
0.223000 0.103719 
0.224000 0.115510 
0.225000 0.127228 
0.226000 0.138874 
0.227000 0.150447 
0.228000 0.161949 
0.229000 0.173380 
0.230000 0.184739 
0.231000 0.196027 
0.232000 0.207245 
0.233000 0.218392 
0.234000 0.229470 
0.235000 0.240477 
0.236000 0.251416 
0.237000 0.262285 
0.238000 0.273085 
0.239000 0.283817 
0.240000 0.294480 
0.241000 0.305076 
0.242000 0.315604 
0.243000 0.326065 
0.244000 0.336458 
0.245000 0.346786 
0.246000 0.357046 
0.247000 0.367241 
0.248000 0.377370 
0.249000 0.387434 
0.250000 0.397432 
0.251000 0.407366 
0.252000 0.417235 
0.253000 0.427040 
0.254000 0.436781 
0.255000 0.446459 
0.256000 0.456074 
0.257000 0.465625 
0.258000 0.475114 
0.259000 0.484541 
0.260000 0.493905 
0.261000 0.503208 
0.262000 0.512450 
0.263000 0.521631 
0.264000 0.530750 
0.265000 0.539810 
0.266000 0.548809 
0.267000 0.557748 
0.268000 0.566628 
0.269000 0.575449 
0.270000 0.584211 
0.271000 0.592914 
0.272000 0.601559 
0.273000 0.610146 
0.274000 0.618675 
0.275000 0.627146 
0.276000 0.635561 
0.277000 0.643918 
0.278000 0.652220 
0.279000 0.660465 
0.280000 0.668654 
0.281000 0.676787 
0.282000 0.684865 
0.283000 0.692888 
0.284000 0.700856 
0.285000 0.708769 
0.286000 0.716628 
0.287000 0.724434 
0.288000 0.732185 
0.289000 0.739884 
0.290000 0.747529 
0.291000 0.755121 
0.292000 0.762661 
0.293000 0.770149 
0.294000 0.777584 
0.295000 0.784968 
0.296000 0.792300 
0.297000 0.799581 
0.298000 0.806811 
0.299000 0.813990 
0.300000 0.821119 
0.301000 0.828198 
0.302000 0.835227 
0.303000 0.842206 
0.304000 0.849136 
0.305000 0.856017 
0.306000 0.862849 
0.307000 0.869632 
0.308000 0.876367 
0.309000 0.883053 
0.310000 0.889692 
0.311000 0.896283 
0.312000 0.902827 
0.313000 0.909323 
0.314000 0.915773 
0.315000 0.922176 
0.316000 0.928532 
0.317000 0.934843 
0.318000 0.941107 
0.319000 0.947326 
0.320000 0.953499 
0.321000 0.959626 
0.322000 0.965709 
0.323000 0.971747 
0.324000 0.977740 
0.325000 0.983689 
0.326000 0.989593 
0.327000 0.995454 
0.328000 1.001271 
0.329000 1.007044 
0.330000 1.012775 
0.331000 1.018461 
0.332000 1.024106 
0.333000 1.029707 
0.334000 1.035266 
0.335000 1.040782 
0.336000 1.046257 
0.337000 1.051690 
0.338000 1.057081 
0.339000 1.062430 
0.340000 1.067739 
0.341000 1.073006 
0.342000 1.078232 
0.343000 1.083418 
0.344000 1.088563 
0.345000 1.093668 
0.346000 1.098732 
0.347000 1.103757 
0.348000 1.108742 
0.349000 1.113688 
0.350000 1.118594 
0.351000 1.123460 
0.352000 1.128288 
0.353000 1.133077 
0.354000 1.137827 
0.355000 1.142539 
0.356000 1.147213 
0.357000 1.151848 
0.358000 1.156445 
0.359000 1.161005 
0.360000 1.165527 
0.361000 1.170011 
0.362000 1.174458 
0.363000 1.178868 
0.364000 1.183241 
0.365000 1.187577 
0.366000 1.191876 
0.367000 1.196139 
0.368000 1.200366 
0.369000 1.204556 
0.370000 1.208710 
0.371000 1.212828 
0.372000 1.216911 
0.373000 1.220958 
0.374000 1.224969 
0.375000 1.228946 
0.376000 1.232886 
0.377000 1.236792 
0.378000 1.240663 
0.379000 1.244500 
0.380000 1.248301 
0.381000 1.252069 
0.382000 1.255801 
0.383000 1.259500 
0.384000 1.263165 
0.385000 1.266795 
0.386000 1.270392 
0.387000 1.273955 
0.388000 1.277485 
0.389000 1.280981 
0.390000 1.284444 
0.391000 1.287874 
0.392000 1.291271 
0.393000 1.294635 
0.394000 1.297966 
0.395000 1.301264 
0.396000 1.304530 
0.397000 1.307763 
0.398000 1.310964 
0.399000 1.314133 
0.400000 1.317269 
0.401000 1.320374 
0.402000 1.323447 
0.403000 1.326488 
0.404000 1.329497 
0.405000 1.332475 
0.406000 1.335422 
0.407000 1.338337 
0.408000 1.341221 
0.409000 1.344073 
0.410000 1.346895 
0.411000 1.349686 
0.412000 1.352446 
0.413000 1.355175 
0.414000 1.357874 
0.415000 1.360542 
0.416000 1.363179 
0.417000 1.365787 
0.418000 1.368364 
0.419000 1.370910 
0.420000 1.373427 
0.421000 1.375914 
0.422000 1.378371 
0.423000 1.380798 
0.424000 1.383196 
0.425000 1.385564 
0.426000 1.387902 
0.427000 1.390211 
0.428000 1.392490 
0.429000 1.394740 
0.430000 1.396961 
0.431000 1.399153 
0.432000 1.401316 
0.433000 1.403450 
0.434000 1.405554 
0.435000 1.407630 
0.436000 1.409678 
0.437000 1.411696 
0.438000 1.413686 
0.439000 1.415648 
0.440000 1.417581 
0.441000 1.419486 
0.442000 1.421362 
0.443000 1.423210 
0.444000 1.425030 
0.445000 1.426821 
0.446000 1.428585 
0.447000 1.430321 
0.448000 1.432029 
0.449000 1.433708 
0.450000 1.435360 
0.451000 1.436985 
0.452000 1.438581 
0.453000 1.440150 
0.454000 1.441692 
0.455000 1.443205 
0.456000 1.444692 
0.457000 1.446151 
0.458000 1.447582 
0.459000 1.448987 
0.460000 1.450364 
0.461000 1.451714 
0.462000 1.453036 
0.463000 1.454332 
0.464000 1.455600 
0.465000 1.456842 
0.466000 1.458056 
0.467000 1.459244 
0.468000 1.460405 
0.469000 1.461538 
0.470000 1.462645 
0.471000 1.463726 
0.472000 1.464779 
0.473000 1.465806 
0.474000 1.466807 
0.475000 1.467780 
0.476000 1.468727 
0.477000 1.469648 
0.478000 1.470542 
0.479000 1.471410 
0.480000 1.472251 
0.481000 1.473066 
0.482000 1.473854 
0.483000 1.474617 
0.484000 1.475352 
0.485000 1.476062 
0.486000 1.476745 
0.487000 1.477403 
0.488000 1.478034 
0.489000 1.478638 
0.490000 1.479217 
0.491000 1.479770 
0.492000 1.480296 
0.493000 1.480797 
0.494000 1.481271 
0.495000 1.481719 
0.496000 1.482142 
0.497000 1.482538 
0.498000 1.482909 
0.499000 1.483253 
0.500000 1.483572 
0.501000 1.483864 
0.502000 1.484131 
0.503000 1.484372 
0.504000 1.484587 
0.505000 1.484776 
0.506000 1.484939 
0.507000 1.485077 
0.508000 1.485188 
0.509000 1.485274 
0.510000 1.485334 
0.511000 1.485368 
0.512000 1.485377 
0.513000 1.485360 
0.514000 1.485316 
0.515000 1.485247 
0.516000 1.485153 
0.517000 1.485032 
0.518000 1.484886 
0.519000 1.484714 
0.520000 1.484516 
0.521000 1.484292 
0.522000 1.484043 
0.523000 1.483768 
0.524000 1.483467 
0.525000 1.483140 
0.526000 1.482788 
0.527000 1.482409 
0.528000 1.482005 
0.529000 1.481575 
0.530000 1.481120 
0.531000 1.480638 
0.532000 1.480131 
0.533000 1.479598 
0.534000 1.479038 
0.535000 1.478453 
0.536000 1.477843 
0.537000 1.477206 
0.538000 1.476543 
0.539000 1.475855 
0.540000 1.475140 
0.541000 1.474400 
0.542000 1.473633 
0.543000 1.472841 
0.544000 1.472023 
0.545000 1.471178 
0.546000 1.470308 
0.547000 1.469411 
0.548000 1.468488 
0.549000 1.467539 
0.550000 1.466564 
0.551000 1.465563 
0.552000 1.464536 
0.553000 1.463482 
0.554000 1.462402 
0.555000 1.461296 
0.556000 1.460164 
0.557000 1.459005 
0.558000 1.457820 
0.559000 1.456608 
0.560000 1.455370 
0.561000 1.454105 
0.562000 1.452814 
0.563000 1.451497 
0.564000 1.450153 
0.565000 1.448782 
0.566000 1.447384 
0.567000 1.445960 
0.568000 1.444509 
0.569000 1.443031 
0.570000 1.441527 
0.571000 1.439995 
0.572000 1.438437 
0.573000 1.436852 
0.574000 1.435240 
0.575000 1.433600 
0.576000 1.431934 
0.577000 1.430240 
0.578000 1.428520 
0.579000 1.426772 
0.580000 1.424996 
0.581000 1.423194 
0.582000 1.421364 
0.583000 1.419506 
0.584000 1.417621 
0.585000 1.415709 
0.586000 1.413768 
0.587000 1.411801 
0.588000 1.409805 
0.589000 1.407782 
0.590000 1.405730 
0.591000 1.403651 
0.592000 1.401544 
0.593000 1.399409 
0.594000 1.397246 
0.595000 1.395054 
0.596000 1.392835 
0.597000 1.390587 
0.598000 1.388310 
0.599000 1.386006 
0.600000 1.383673 
0.601000 1.381311 
0.602000 1.378920 
0.603000 1.376501 
0.604000 1.374053 
0.605000 1.371576 
0.606000 1.369071 
0.607000 1.366536 
0.608000 1.363972 
0.609000 1.361379 
0.610000 1.358757 
0.611000 1.356105 
0.612000 1.353424 
0.613000 1.350713 
0.614000 1.347973 
0.615000 1.345203 
0.616000 1.342404 
0.617000 1.339574 
0.618000 1.336715 
0.619000 1.333826 
0.620000 1.330906 
0.621000 1.327957 
0.622000 1.324977 
0.623000 1.321967 
0.624000 1.318926 
0.625000 1.315855 
0.626000 1.312753 
0.627000 1.309620 
0.628000 1.306456 
0.629000 1.303262 
0.630000 1.300036 
0.631000 1.296779 
0.632000 1.293491 
0.633000 1.290172 
0.634000 1.286821 
0.635000 1.283439 
0.636000 1.280025 
0.637000 1.276579 
0.638000 1.273101 
0.639000 1.269591 
0.640000 1.266049 
0.641000 1.262475 
0.642000 1.258868 
0.643000 1.255229 
0.644000 1.251558 
0.645000 1.247854 
0.646000 1.244116 
0.647000 1.240346 
0.648000 1.236543 
0.649000 1.232707 
0.650000 1.228837 
0.651000 1.224934 
0.652000 1.220998 
0.653000 1.217027 
0.654000 1.213023 
0.655000 1.208985 
0.656000 1.204913 
0.657000 1.200807 
0.658000 1.196666 
0.659000 1.192491 
0.660000 1.188281 
0.661000 1.184037 
0.662000 1.179757 
0.663000 1.175443 
0.664000 1.171093 
0.665000 1.166708 
0.666000 1.162288 
0.667000 1.157832 
0.668000 1.153340 
0.669000 1.148813 
0.670000 1.144249 
0.671000 1.139649 
0.672000 1.135013 
0.673000 1.130341 
0.674000 1.125631 
0.675000 1.120885 
0.676000 1.116102 
0.677000 1.111282 
0.678000 1.106424 
0.679000 1.101529 
0.680000 1.096597 
0.681000 1.091626 
0.682000 1.086618 
0.683000 1.081572 
0.684000 1.076487 
0.685000 1.071364 
0.686000 1.066202 
0.687000 1.061002 
0.688000 1.055762 
0.689000 1.050484 
0.690000 1.045166 
0.691000 1.039809 
0.692000 1.034412 
0.693000 1.028975 
0.694000 1.023498 
0.695000 1.017981 
0.696000 1.012423 
0.697000 1.006825 
0.698000 1.001186 
0.699000 0.995506 
0.700000 0.989785 
0.701000 0.984023 
0.702000 0.978219 
0.703000 0.972373 
0.704000 0.966486 
0.705000 0.960556 
0.706000 0.954584 
0.707000 0.948569 
0.708000 0.942512 
0.709000 0.936411 
0.710000 0.930268 
0.711000 0.924081 
0.712000 0.917851 
0.713000 0.911577 
0.714000 0.905258 
0.715000 0.898896 
0.716000 0.892489 
0.717000 0.886038 
0.718000 0.879542 
0.719000 0.873000 
0.720000 0.866414 
0.721000 0.859782 
0.722000 0.853104 
0.723000 0.846380 
0.724000 0.839610 
0.725000 0.832793 
0.726000 0.825930 
0.727000 0.819020 
0.728000 0.812063 
0.729000 0.805058 
0.730000 0.798006 
0.731000 0.790906 
0.732000 0.783758 
0.733000 0.776562 
0.734000 0.769317 
0.735000 0.762024 
0.736000 0.754681 
0.737000 0.747289 
0.738000 0.739848 
0.739000 0.732356 
0.740000 0.724815 
0.741000 0.717224 
0.742000 0.709581 
0.743000 0.701889 
0.744000 0.694145 
0.745000 0.686349 
0.746000 0.678503 
0.747000 0.670604 
0.748000 0.662653 
0.749000 0.654650 
0.750000 0.646595 
0.751000 0.638486 
0.752000 0.630324 
0.753000 0.622109 
0.754000 0.613841 
0.755000 0.605518 
0.756000 0.597141 
0.757000 0.588710 
0.758000 0.580223 
0.759000 0.571682 
0.760000 0.563086 
0.761000 0.554434 
0.762000 0.545726 
0.763000 0.536962 
0.764000 0.528141 
0.765000 0.519264 
0.766000 0.510330 
0.767000 0.501338 
0.768000 0.492289 
0.769000 0.483182 
0.770000 0.474017 
0.771000 0.464794 
0.772000 0.455512 
0.773000 0.446171 
0.774000 0.436771 
0.775000 0.427311 
0.776000 0.417791 
0.777000 0.408211 
0.778000 0.398571 
0.779000 0.388870 
0.780000 0.379109 
0.781000 0.369285 
0.782000 0.359401 
0.783000 0.349454 
0.784000 0.339446 
0.785000 0.329375 
0.786000 0.319241 
0.787000 0.309044 
0.788000 0.298784 
0.789000 0.288460 
0.790000 0.278073 
0.791000 0.267621 
0.792000 0.257105 
0.793000 0.246525 
0.794000 0.235879 
0.795000 0.225168 
0.796000 0.214391 
0.797000 0.203549 
0.798000 0.192640 
0.799000 0.181665 
0.800000 0.170624 
0.801000 0.159515 
0.802000 0.148339 
0.803000 0.137096 
0.804000 0.125785 
0.805000 0.114406 
0.806000 0.102958 
0.807000 0.091442 
0.808000 0.079858 
0.809000 0.068204 
0.810000 0.056481 
0.811000 0.044688 
0.812000 0.032825 
0.813000 0.020893 
0.814000 0.008890 
0.815000 -0.003184 
0.816000 -0.015328 
0.817000 -0.027544 
0.818000 -0.039830 
0.819000 -0.052188 
0.820000 -0.064618 
0.821000 -0.077119 
0.822000 -0.089693 
0.823000 -0.102339 
0.824000 -0.115058 
0.825000 -0.127849 
0.826000 -0.140713 
0.827000 -0.153650 
0.828000 -0.166661 
0.829000 -0.179744 
0.830000 -0.192902 
0.831000 -0.206133 
0.832000 -0.219438 
0.833000 -0.232817 
0.834000 -0.246270 
0.835000 -0.259797 
0.836000 -0.273399 
0.837000 -0.287075 
0.838000 -0.300825 
0.839000 -0.314651 
0.840000 -0.328551 
0.841000 -0.342525 
0.842000 -0.356575 
0.843000 -0.370699 
0.844000 -0.384899 
0.845000 -0.399173 
0.846000 -0.413522 
0.847000 -0.427947 
0.848000 -0.442446 
0.849000 -0.457020 
0.850000 -0.471668 
0.851000 -0.486392 
0.852000 -0.501190 
0.853000 -0.516063 
0.854000 -0.531011 
0.855000 -0.546033 
0.856000 -0.561129 
0.857000 -0.576299 
0.858000 -0.591543 
0.859000 -0.606861 
0.860000 -0.622252 
0.861000 -0.637717 
0.862000 -0.653255 
0.863000 -0.668866 
0.864000 -0.684549 
0.865000 -0.700304 
0.866000 -0.716132 
0.867000 -0.732031 
0.868000 -0.748001 
0.869000 -0.764042 
0.870000 -0.780153 
0.871000 -0.796334 
0.872000 -0.812584 
0.873000 -0.828904 
0.874000 -0.845292 
0.875000 -0.861748 
0.876000 -0.878271 
0.877000 -0.894861 
0.878000 -0.911516 
0.879000 -0.928238 
0.880000 -0.945023 
0.881000 -0.961873 
0.882000 -0.978786 
0.883000 -0.995762 
0.884000 -1.012799 
0.885000 -1.029896 
0.886000 -1.047054 
0.887000 -1.064270 
0.888000 -1.081544 
0.889000 -1.098876 
0.890000 -1.116263 
0.891000 -1.133704 
0.892000 -1.151200 
0.893000 -1.168747 
0.894000 -1.186346 
0.895000 -1.203995 
0.896000 -1.221693 
0.897000 -1.239438 
0.898000 -1.257229 
0.899000 -1.275064 
0.900000 -1.292943 
0.901000 -1.310863 
0.902000 -1.328823 
0.903000 -1.346821 
0.904000 -1.364856 
0.905000 -1.382926 
0.906000 -1.401029 
0.907000 -1.419164 
0.908000 -1.437327 
0.909000 -1.455519 
0.910000 -1.473735 
0.911000 -1.491976 
0.912000 -1.510237 
0.913000 -1.528518 
0.914000 -1.546816 
0.915000 -1.565129 
0.916000 -1.583454 
0.917000 -1.601789 
0.918000 -1.620131 
0.919000 -1.638479 
0.920000 -1.656829 
0.921000 -1.675179 
0.922000 -1.693526 
0.923000 -1.711868 
0.924000 -1.730201 
0.925000 -1.748523 
0.926000 -1.766830 
0.927000 -1.785121 
0.928000 -1.803391 
0.929000 -1.821637 
0.930000 -1.839858 
0.931000 -1.858048 
0.932000 -1.876205 
0.933000 -1.894325 
0.934000 -1.912406 
0.935000 -1.930442 
0.936000 -1.948432 
0.937000 -1.966371 
0.938000 -1.984256 
0.939000 -2.002082 
0.940000 -2.019846 
0.941000 -2.037545 
0.942000 -2.055173 
0.943000 -2.072728 
0.944000 -2.090205 
0.945000 -2.107600 
0.946000 -2.124908 
0.947000 -2.142127 
0.948000 -2.159250 
0.949000 -2.176275 
0.950000 -2.193197 
0.951000 -2.210010 
0.952000 -2.226711 
0.953000 -2.243296 
0.954000 -2.259759 
0.955000 -2.276097 
0.956000 -2.292304 
0.957000 -2.308375 
0.958000 -2.324307 
0.959000 -2.340094 
0.960000 -2.355732 
0.961000 -2.371215 
0.962000 -2.386540 
0.963000 -2.401701 
0.964000 -2.416693 
0.965000 -2.431511 
0.966000 -2.446151 
0.967000 -2.460608 
0.968000 -2.474876 
0.969000 -2.488951 
0.970000 -2.502829 
0.971000 -2.516503 
0.972000 -2.529970 
0.973000 -2.543224 
0.974000 -2.556260 
0.975000 -2.569075 
0.976000 -2.581662 
0.977000 -2.594017 
0.978000 -2.606136 
0.979000 -2.618014 
0.980000 -2.629646 
0.981000 -2.641027 
0.982000 -2.652153 
0.983000 -2.663019 
0.984000 -2.673622 
0.985000 -2.683956 
0.986000 -2.694018 
0.987000 -2.703802 
0.988000 -2.713306 
0.989000 -2.722524 
0.990000 -2.731454 
0.991000 -2.740090 
0.992000 -2.748429 
0.993000 -2.756468 
0.994000 -2.764203 
0.995000 -2.771631 
0.996000 -2.778747 
0.997000 -2.785549 
0.998000 -2.792034 
0.999000 -2.798198 
1.000000 -2.804039 
1.001000 -2.809554 
1.002000 -2.814741 
1.003000 -2.819596 
1.004000 -2.824118 
1.005000 -2.828304 
1.006000 -2.832152 
1.007000 -2.835660 
1.008000 -2.838827 
1.009000 -2.841651 
1.010000 -2.844131 
1.011000 -2.846264 
1.012000 -2.848051 
1.013000 -2.849490 
1.014000 -2.850580 
1.015000 -2.851320 
1.016000 -2.851711 
1.017000 -2.851751 
1.018000 -2.851441 
1.019000 -2.850780 
1.020000 -2.849768 
1.021000 -2.848407 
1.022000 -2.846697 
1.023000 -2.844638 
1.024000 -2.842231 
1.025000 -2.839476 
1.026000 -2.836377 
1.027000 -2.832932 
1.028000 -2.829145 
1.029000 -2.825016 
1.030000 -2.820547 
1.031000 -2.815741 
1.032000 -2.810599 
1.033000 -2.805124 
1.034000 -2.799318 
1.035000 -2.793183 
1.036000 -2.786722 
1.037000 -2.779938 
1.038000 -2.772834 
1.039000 -2.765413 
1.040000 -2.757678 
1.041000 -2.749632 
1.042000 -2.741279 
1.043000 -2.732623 
1.044000 -2.723666 
1.045000 -2.714413 
1.046000 -2.704867 
1.047000 -2.695032 
1.048000 -2.684913 
1.049000 -2.674514 
1.050000 -2.663838 
1.051000 -2.652891 
1.052000 -2.641676 
1.053000 -2.630197 
1.054000 -2.618460 
1.055000 -2.606469 
1.056000 -2.594229 
1.057000 -2.581743 
1.058000 -2.569018 
1.059000 -2.556057 
1.060000 -2.542866 
1.061000 -2.529449 
1.062000 -2.515811 
1.063000 -2.501957 
1.064000 -2.487892 
1.065000 -2.473621 
1.066000 -2.459149 
1.067000 -2.444481 
1.068000 -2.429621 
1.069000 -2.414575 
1.070000 -2.399348 
1.071000 -2.383945 
1.072000 -2.368371 
1.073000 -2.352630 
1.074000 -2.336727 
1.075000 -2.320669 
1.076000 -2.304458 
1.077000 -2.288101 
1.078000 -2.271602 
1.079000 -2.254966 
1.080000 -2.238197 
1.081000 -2.221301 
1.082000 -2.204282 
1.083000 -2.187146 
1.084000 -2.169895 
1.085000 -2.152536 
1.086000 -2.135072 
1.087000 -2.117509 
1.088000 -2.099850 
1.089000 -2.082100 
1.090000 -2.064263 
1.091000 -2.046344 
1.092000 -2.028347 
1.093000 -2.010276 
1.094000 -1.992135 
1.095000 -1.973929 
1.096000 -1.955660 
1.097000 -1.937334 
1.098000 -1.918954 
1.099000 -1.900524 
1.100000 -1.882047 
1.101000 -1.863528 
1.102000 -1.844970 
1.103000 -1.826376 
1.104000 -1.807751 
1.105000 -1.789097 
1.106000 -1.770417 
1.107000 -1.751716 
1.108000 -1.732997 
1.109000 -1.714261 
1.110000 -1.695514 
1.111000 -1.676757 
1.112000 -1.657994 
1.113000 -1.639228 
1.114000 -1.620461 
1.115000 -1.601697 
1.116000 -1.582937 
1.117000 -1.564185 
1.118000 -1.545443 
1.119000 -1.526714 
1.120000 -1.508001 
1.121000 -1.489305 
1.122000 -1.470629 
1.123000 -1.451975 
1.124000 -1.433346 
1.125000 -1.414743 
1.126000 -1.396169 
1.127000 -1.377627 
1.128000 -1.359117 
1.129000 -1.340642 
1.130000 -1.322203 
1.131000 -1.303803 
1.132000 -1.285444 
1.133000 -1.267126 
1.134000 -1.248852 
1.135000 -1.230624 
1.136000 -1.212442 
1.137000 -1.194309 
1.138000 -1.176225 
1.139000 -1.158194 
1.140000 -1.140214 
1.141000 -1.122289 
1.142000 -1.104419 
1.143000 -1.086606 
1.144000 -1.068850 
1.145000 -1.051153 
1.146000 -1.033517 
1.147000 -1.015941 
1.148000 -0.998428 
1.149000 -0.980978 
1.150000 -0.963592 
1.151000 -0.946270 
1.152000 -0.929015 
1.153000 -0.911826 
1.154000 -0.894705 
1.155000 -0.877653 
1.156000 -0.860669 
1.157000 -0.843755 
1.158000 -0.826911 
1.159000 -0.810139 
1.160000 -0.793438 
1.161000 -0.776809 
1.162000 -0.760254 
1.163000 -0.743771 
1.164000 -0.727362 
1.165000 -0.711028 
1.166000 -0.694768 
1.167000 -0.678584 
1.168000 -0.662475 
1.169000 -0.646442 
1.170000 -0.630485 
1.171000 -0.614604 
1.172000 -0.598801 
1.173000 -0.583075 
1.174000 -0.567426 
1.175000 -0.551854 
1.176000 -0.536360 
1.177000 -0.520945 
1.178000 -0.505607 
1.179000 -0.490348 
1.180000 -0.475168 
1.181000 -0.460065 
1.182000 -0.445042 
1.183000 -0.430097 
1.184000 -0.415232 
1.185000 -0.400445 
1.186000 -0.385736 
1.187000 -0.371107 
1.188000 -0.356557 
1.189000 -0.342086 
1.190000 -0.327694 
1.191000 -0.313380 
1.192000 -0.299146 
1.193000 -0.284990 
1.194000 -0.270913 
1.195000 -0.256914 
1.196000 -0.242994 
1.197000 -0.229153 
1.198000 -0.215390 
1.199000 -0.201705 
1.200000 -0.188098 
1.201000 -0.174569 
1.202000 -0.161118 
1.203000 -0.147745 
1.204000 -0.134449 
1.205000 -0.121230 
1.206000 -0.108089 
1.207000 -0.095025 
1.208000 -0.082037 
1.209000 -0.069126 
1.210000 -0.056291 
1.211000 -0.043532 
1.212000 -0.030849 
1.213000 -0.018242 
1.214000 -0.005711 
1.215000 0.006746 
1.216000 0.019127 
1.217000 0.031434 
1.218000 0.043666 
1.219000 0.055824 
1.220000 0.067908 
1.221000 0.079919 
1.222000 0.091855 
1.223000 0.103719 
1.224000 0.115510 
1.225000 0.127228 
1.226000 0.138874 
1.227000 0.150447 
1.228000 0.161949 
1.229000 0.173380 
1.230000 0.184739 
1.231000 0.196027 
1.232000 0.207245 
1.233000 0.218392 
1.234000 0.229470 
1.235000 0.240477 
1.236000 0.251416 
1.237000 0.262285 
1.238000 0.273085 
1.239000 0.283817 
1.240000 0.294480 
1.241000 0.305076 
1.242000 0.315604 
1.243000 0.326065 
1.244000 0.336458 
1.245000 0.346786 
1.246000 0.357046 
1.247000 0.367241 
1.248000 0.377370 
1.249000 0.387434 
1.250000 0.397432 
1.251000 0.407366 
1.252000 0.417235 
1.253000 0.427040 
1.254000 0.436781 
1.255000 0.446459 
1.256000 0.456074 
1.257000 0.465625 
1.258000 0.475114 
1.259000 0.484541 
1.260000 0.493905 
1.261000 0.503208 
1.262000 0.512450 
1.263000 0.521631 
1.264000 0.530750 
1.265000 0.539810 
1.266000 0.548809 
1.267000 0.557748 
1.268000 0.566628 
1.269000 0.575449 
1.270000 0.584211 
1.271000 0.592914 
1.272000 0.601559 
1.273000 0.610146 
1.274000 0.618675 
1.275000 0.627146 
1.276000 0.635561 
1.277000 0.643918 
1.278000 0.652220 
1.279000 0.660465 
1.280000 0.668654 
1.281000 0.676787 
1.282000 0.684865 
1.283000 0.692888 
1.284000 0.700856 
1.285000 0.708769 
1.286000 0.716628 
1.287000 0.724434 
1.288000 0.732185 
1.289000 0.739884 
1.290000 0.747529 
1.291000 0.755121 
1.292000 0.762661 
1.293000 0.770149 
1.294000 0.777584 
1.295000 0.784968 
1.296000 0.792300 
1.297000 0.799581 
1.298000 0.806811 
1.299000 0.813990 
1.300000 0.821119 
1.301000 0.828198 
1.302000 0.835227 
1.303000 0.842206 
1.304000 0.849136 
1.305000 0.856017 
1.306000 0.862849 
1.307000 0.869632 
1.308000 0.876367 
1.309000 0.883053 
1.310000 0.889692 
1.311000 0.896283 
1.312000 0.902827 
1.313000 0.909323 
1.314000 0.915773 
1.315000 0.922176 
1.316000 0.928532 
1.317000 0.934843 
1.318000 0.941107 
1.319000 0.947326 
1.320000 0.953499 
1.321000 0.959626 
1.322000 0.965709 
1.323000 0.971747 
1.324000 0.977740 
1.325000 0.983689 
1.326000 0.989593 
1.327000 0.995454 
1.328000 1.001271 
1.329000 1.007044 
1.330000 1.012775 
1.331000 1.018461 
1.332000 1.024106 
1.333000 1.029707 
1.334000 1.035266 
1.335000 1.040782 
1.336000 1.046257 
1.337000 1.051690 
1.338000 1.057081 
1.339000 1.062430 
1.340000 1.067739 
1.341000 1.073006 
1.342000 1.078232 
1.343000 1.083418 
1.344000 1.088563 
1.345000 1.093668 
1.346000 1.098732 
1.347000 1.103757 
1.348000 1.108742 
1.349000 1.113688 
1.350000 1.118594 
1.351000 1.123460 
1.352000 1.128288 
1.353000 1.133077 
1.354000 1.137827 
1.355000 1.142539 
1.356000 1.147213 
1.357000 1.151848 
1.358000 1.156445 
1.359000 1.161005 
1.360000 1.165527 
1.361000 1.170011 
1.362000 1.174458 
1.363000 1.178868 
1.364000 1.183241 
1.365000 1.187577 
1.366000 1.191876 
1.367000 1.196139 
1.368000 1.200366 
1.369000 1.204556 
1.370000 1.208710 
1.371000 1.212828 
1.372000 1.216911 
1.373000 1.220958 
1.374000 1.224969 
1.375000 1.228946 
1.376000 1.232886 
1.377000 1.236792 
1.378000 1.240663 
1.379000 1.244500 
1.380000 1.248301 
1.381000 1.252069 
1.382000 1.255801 
1.383000 1.259500 
1.384000 1.263165 
1.385000 1.266795 
1.386000 1.270392 
1.387000 1.273955 
1.388000 1.277485 
1.389000 1.280981 
1.390000 1.284444 
1.391000 1.287874 
1.392000 1.291271 
1.393000 1.294635 
1.394000 1.297966 
1.395000 1.301264 
1.396000 1.304530 
1.397000 1.307763 
1.398000 1.310964 
1.399000 1.314133 
1.400000 1.317269 
1.401000 1.320374 
1.402000 1.323447 
1.403000 1.326488 
1.404000 1.329497 
1.405000 1.332475 
1.406000 1.335422 
1.407000 1.338337 
1.408000 1.341221 
1.409000 1.344073 
1.410000 1.346895 
1.411000 1.349686 
1.412000 1.352446 
1.413000 1.355175 
1.414000 1.357874 
1.415000 1.360542 
1.416000 1.363179 
1.417000 1.365787 
1.418000 1.368364 
1.419000 1.370910 
1.420000 1.373427 
1.421000 1.375914 
1.422000 1.378371 
1.423000 1.380798 
1.424000 1.383196 
1.425000 1.385564 
1.426000 1.387902 
1.427000 1.390211 
1.428000 1.392490 
1.429000 1.394740 
1.430000 1.396961 
1.431000 1.399153 
1.432000 1.401316 
1.433000 1.403450 
1.434000 1.405554 
1.435000 1.407630 
1.436000 1.409678 
1.437000 1.411696 
1.438000 1.413686 
1.439000 1.415648 
1.440000 1.417581 
1.441000 1.419486 
1.442000 1.421362 
1.443000 1.423210 
1.444000 1.425030 
1.445000 1.426821 
1.446000 1.428585 
1.447000 1.430321 
1.448000 1.432029 
1.449000 1.433708 
1.450000 1.435360 
1.451000 1.436985 
1.452000 1.438581 
1.453000 1.440150 
1.454000 1.441692 
1.455000 1.443205 
1.456000 1.444692 
1.457000 1.446151 
1.458000 1.447582 
1.459000 1.448987 
1.460000 1.450364 
1.461000 1.451714 
1.462000 1.453036 
1.463000 1.454332 
1.464000 1.455600 
1.465000 1.456842 
1.466000 1.458056 
1.467000 1.459244 
1.468000 1.460405 
1.469000 1.461538 
1.470000 1.462645 
1.471000 1.463726 
1.472000 1.464779 
1.473000 1.465806 
1.474000 1.466807 
1.475000 1.467780 
1.476000 1.468727 
1.477000 1.469648 
1.478000 1.470542 
1.479000 1.471410 
1.480000 1.472251 
1.481000 1.473066 
1.482000 1.473854 
1.483000 1.474617 
1.484000 1.475352 
1.485000 1.476062 
1.486000 1.476745 
1.487000 1.477403 
1.488000 1.478034 
1.489000 1.478638 
1.490000 1.479217 
1.491000 1.479770 
1.492000 1.480296 
1.493000 1.480797 
1.494000 1.481271 
1.495000 1.481719 
1.496000 1.482142 
1.497000 1.482538 
1.498000 1.482909 
1.499000 1.483253 
