# time Tc_folded Tref_folded value value_err offset model full_model val_compare val_compare_err residuals residuals_err jitter jitter_flag offset_flag subset_flag 
2455480.529186 4.794477 0.593291 -10482.960657 0.485677 -10476.308312 0.337334 -10479.871463 -2.751860 0.485677 -3.089194 0.485677 1.194778   1   1  -1 
2455480.532970 4.798261 0.593664 -10481.678693 0.440084 -10476.308312 0.337873 -10479.870292 -1.470528 0.440084 -1.808401 0.440084 1.194778   1   1  -1 
2455480.536778 4.802069 0.594039 -10480.431449 0.465046 -10476.308312 0.338414 -10479.869106 -0.223929 0.465046 -0.562343 0.465046 1.194778   1   1  -1 
2455482.554786 -3.327768 0.792900 -10476.128743 0.353905 -10476.308312 0.482285 -10478.128291 2.481833 0.353905 1.999548 0.353905 1.194778   1   1  -1 
2455484.542056 -1.340498 0.988731 -10475.755433 0.514319 -10476.308312 0.306031 -10475.284599 -0.164804 0.514319 -0.470834 0.514319 1.194778   1   1  -1 
2455484.545828 -1.336726 0.989103 -10473.332240 0.532707 -10476.308312 0.305154 -10475.280209 2.253123 0.532707 1.947969 0.532707 1.194778   1   1  -1 
2455484.549671 -1.332883 0.989482 -10474.438386 0.508347 -10476.308312 0.304257 -10475.275745 1.141617 0.508347 0.837359 0.508347 1.194778   1   1  -1 
2455485.527184 -0.355370 0.085809 -10473.605978 0.432034 -10476.308312 -0.075024 -10474.500435 0.819433 0.432034 0.894457 0.432034 1.194778   1   1  -1 
2455485.532971 -0.349583 0.086379 -10471.997247 0.445706 -10476.308312 -0.078469 -10474.498445 2.422729 0.445706 2.501198 0.445706 1.194778   1   1  -1 
2455487.543214 1.660660 0.284475 -10473.844627 0.404437 -10476.308312 -0.898676 -10474.544389 -0.198915 0.404437 0.699762 0.404437 1.194778   1   1  -1 
2455487.548897 1.666343 0.285035 -10473.904015 0.401767 -10476.308312 -0.894805 -10474.541380 -0.257440 0.401767 0.637365 0.401767 1.194778   1   1  -1 
2455493.544252 -2.486146 0.875836 -10479.814585 0.396600 -10476.308312 0.460425 -10479.034203 -0.319957 0.396600 -0.780382 0.396600 1.194778   1   1  -1 
2455493.550478 -2.479920 0.876449 -10480.900282 0.405220 -10476.308312 0.460038 -10479.041716 -1.398527 0.405220 -1.858566 0.405220 1.194778   1   1  -1 
2455495.535877 -0.494521 0.072096 -10480.826331 0.401246 -10476.308312 0.002551 -10481.216616 0.392836 0.401246 0.390285 0.401246 1.194778   1   1  -1 
2455495.541664 -0.488734 0.072667 -10480.647538 0.425418 -10476.308312 -0.000480 -10481.222400 0.574382 0.425418 0.574862 0.425418 1.194778   1   1  -1 
2455498.517820 2.487422 0.365946 -10479.650410 0.663846 -10476.308312 -0.354404 -10481.077107 1.072293 0.663846 1.426697 0.663846 1.194778   1   1  -1 
2455498.523445 2.493047 0.366501 -10478.978096 0.600098 -10476.308312 -0.351304 -10481.070865 1.741465 0.600098 2.092769 0.600098 1.194778   1   1  -1 
2455500.544007 4.513609 0.565613 -10479.588979 0.341836 -10476.308312 0.293837 -10479.430255 0.135113 0.341836 -0.158724 0.341836 1.194778   1   1  -1 
2455500.549389 4.518991 0.566143 -10479.646223 0.372174 -10476.308312 0.294738 -10479.427478 0.075993 0.372174 -0.218745 0.372174 1.194778   1   1  -1 
2455501.547102 -4.631141 0.664461 -10479.228913 0.302659 -10476.308312 0.420227 -10479.054108 0.245422 0.302659 -0.174805 0.302659 1.194778   1   1  -1 
2455501.552738 -4.625505 0.665017 -10480.110772 0.289222 -10476.308312 0.420728 -10479.052768 -0.637276 0.289222 -1.058004 0.289222 1.194778   1   1  -1 
2455505.514789 -0.663454 0.055449 -10479.788974 0.344263 -10476.308312 0.084148 -10480.144855 0.440029 0.344263 0.355881 0.344263 1.194778   1   1  -1 
2455505.520425 -0.657818 0.056005 -10479.398339 0.340728 -10476.308312 0.081630 -10480.150087 0.833378 0.340728 0.751748 0.340728 1.194778   1   1  -1 
2455507.517142 1.338899 0.252767 -10482.165859 0.264981 -10476.308312 -1.081083 -10482.433523 -0.813418 0.264981 0.267664 0.264981 1.194778   1   1  -1 
2455507.522824 1.344581 0.253327 -10483.868821 0.270208 -10476.308312 -1.078820 -10482.434534 -2.513108 0.270208 -1.434287 0.270208 1.194778   1   1  -1 
2455509.518050 3.339807 0.449943 -10482.136940 0.380261 -10476.308312 0.013463 -10482.045438 -0.078038 0.380261 -0.091502 0.380261 1.194778   1   1  -1 
2455509.523524 3.345281 0.450482 -10481.842165 0.354765 -10476.308312 0.015264 -10482.043465 0.216565 0.354765 0.201300 0.354765 1.194778   1   1  -1 
2455511.516449 -4.809639 0.646871 -10481.051242 0.398498 -10476.308312 0.403247 -10480.423854 -0.224141 0.398498 -0.627388 0.398498 1.194778   1   1  -1 
2455511.521935 -4.804153 0.647412 -10481.318563 0.396662 -10476.308312 0.403801 -10480.416932 -0.497830 0.396662 -0.901631 0.396662 1.194778   1   1  -1 
2455513.504562 -2.821526 0.842786 -10476.804338 0.418335 -10476.308312 0.475971 -10477.650157 1.321790 0.418335 0.845819 0.418335 1.194778   1   1  -1 
2455513.510244 -2.815844 0.843346 -10476.668251 0.441085 -10476.308312 0.475789 -10477.642563 1.450101 0.441085 0.974312 0.441085 1.194778   1   1  -1 
2455514.505835 -1.820253 0.941455 -10478.206203 0.335906 -10476.308312 0.394443 -10476.453318 -1.358441 0.335906 -1.752885 0.335906 1.194778   1   1  -1 
2455514.511356 -1.814732 0.941999 -10477.524806 0.341716 -10476.308312 0.393654 -10476.447670 -0.683482 0.341716 -1.077136 0.341716 1.194778   1   1  -1 
2455519.503938 3.177850 0.433983 -10474.517329 0.516685 -10476.308312 -0.042582 -10474.981993 0.422081 0.516685 0.464664 0.516685 1.194778   1   1  -1 
2455519.508811 3.182723 0.434463 -10473.971305 0.498073 -10476.308312 -0.040815 -10474.982504 0.970384 0.498073 1.011199 0.498073 1.194778   1   1  -1 
2455523.508036 -2.965897 0.828559 -10476.567096 0.414917 -10476.308312 0.479734 -10477.401918 1.314556 0.414917 0.834822 0.414917 1.194778   1   1  -1 
2455523.513036 -2.960897 0.829052 -10476.426565 0.432885 -10476.308312 0.479631 -10477.404617 1.457683 0.432885 0.978052 0.432885 1.194778   1   1  -1 
2455524.521481 -1.952452 0.928427 -10476.409103 0.333974 -10476.308312 0.411997 -10477.775509 1.778403 0.333974 1.366406 0.333974 1.194778   1   1  -1 
2455524.526446 -1.947487 0.928917 -10475.818731 0.339194 -10476.308312 0.411383 -10477.776466 2.369118 0.339194 1.957735 0.339194 1.194778   1   1  -1 
2455653.900831 -4.495084 0.677869 -10479.122782 0.372304 -10476.308312 0.431741 -10478.297262 -0.393779 0.372304 -0.825520 0.372304 1.194778   1   1  -1 
2455653.906410 -4.489505 0.678418 -10477.502514 0.368097 -10476.308312 0.432187 -10478.294685 1.224358 0.368097 0.792171 0.368097 1.194778   1   1  -1 
2455654.900357 -3.495558 0.776365 -10477.529507 0.407058 -10476.308312 0.480371 -10477.678648 0.629512 0.407058 0.149141 0.407058 1.194778   1   1  -1 
2455654.905936 -3.489979 0.776915 -10476.951630 0.365708 -10476.308312 0.480465 -10477.674649 1.203484 0.365708 0.723019 0.365708 1.194778   1   1  -1 
2455657.909222 -0.486693 0.072868 -10477.608535 0.302855 -10476.308312 -0.001553 -10476.736484 -0.873604 0.302855 -0.872051 0.302855 1.194778   1   1  -1 
2455657.914813 -0.481102 0.073419 -10478.050098 0.315866 -10476.308312 -0.004503 -10476.739407 -1.315194 0.315866 -1.310691 0.315866 1.194778   1   1  -1 
2455659.907949 1.512034 0.269829 -10477.046490 0.384743 -10476.308312 -0.994088 -10478.410962 0.370384 0.384743 1.364472 0.384743 1.194778   1   1  -1 
2455659.913540 1.517625 0.270380 -10478.198534 0.401510 -10476.308312 -0.990763 -10478.411356 -0.777941 0.401510 0.212822 0.401510 1.194778   1   1  -1 
2455660.901884 2.505969 0.367774 -10478.330760 0.251174 -10476.308312 -0.344221 -10478.562412 -0.112569 0.251174 0.231652 0.251174 1.194778   1   1  -1 
2455662.902485 4.506570 0.564919 -10478.461597 0.474458 -10476.308312 0.292654 -10480.264660 2.095717 0.474458 1.803063 0.474458 1.194778   1   1  -1 
2455662.908180 4.512265 0.565481 -10479.019990 0.454621 -10476.308312 0.293612 -10480.271415 1.545036 0.454621 1.251425 0.454621 1.194778   1   1  -1 
2455663.839263 -4.704497 0.657232 -10481.021871 0.868606 -10476.308312 0.413510 -10481.449826 0.841465 0.868606 0.427955 0.868606 1.194778   1   1  -1 
2455672.897729 4.353969 0.549882 -10477.289791 0.326960 -10476.308312 0.265805 -10477.969861 0.945874 0.326960 0.680070 0.326960 1.194778   1   1  -1 
2455672.902775 4.359015 0.550379 -10477.128218 0.300639 -10476.308312 0.266730 -10477.966323 1.104835 0.300639 0.838105 0.300639 1.194778   1   1  -1 
2455675.905453 -2.786151 0.846272 -10479.983143 0.211350 -10476.308312 0.474793 -10477.903307 -1.605043 0.211350 -2.079836 0.211350 1.194778   1   1  -1 
2455679.879903 1.188299 0.237927 -10481.249420 0.252289 -10476.308312 -1.121823 -10481.812098 -0.559146 0.252289 0.562678 0.252289 1.194778   1   1  -1 
2455679.885123 1.193519 0.238441 -10482.070814 0.256851 -10476.308312 -1.121093 -10481.812417 -1.379489 0.256851 -0.258397 0.256851 1.194778   1   1  -1 
2455712.893679 3.758540 0.491206 -10477.596372 0.280177 -10476.308312 0.135702 -10477.060941 -0.399729 0.280177 -0.535431 0.280177 1.194778   1   1  -1 
2455715.864679 -3.418304 0.783978 -10473.715742 0.681733 -10476.308312 0.481486 -10474.481988 1.247732 0.681733 0.766246 0.681733 1.194778   1   1  -1 
2455715.867376 -3.415607 0.784244 -10473.898980 0.709421 -10476.308312 0.481518 -10474.481663 1.064200 0.709421 0.582683 0.709421 1.194778   1   1  -1 
2455715.869992 -3.412991 0.784501 -10473.445162 0.718389 -10476.308312 0.481548 -10474.481351 1.517737 0.718389 1.036189 0.718389 1.194778   1   1  -1 
2455715.872747 -3.410236 0.784773 -10473.903696 0.742414 -10476.308312 0.481580 -10474.481026 1.058909 0.742414 0.577330 0.742414 1.194778   1   1  -1 
2455727.859452 -1.571376 0.965980 -10475.357665 0.528199 -10476.308312 0.353928 -10476.270917 1.267181 0.528199 0.913252 0.528199 1.194778   1   1  -1 
2455727.863145 -1.567683 0.966344 -10476.960737 0.516663 -10476.308312 0.353246 -10476.269115 -0.338377 0.516663 -0.691622 0.516663 1.194778   1   1  -1 
2455727.866953 -1.563875 0.966719 -10477.060026 0.559742 -10476.308312 0.352539 -10476.267266 -0.440221 0.559742 -0.792760 0.559742 1.194778   1   1  -1 
2455735.809170 -3.769503 0.749370 -10480.718295 0.263016 -10476.308312 0.473295 -10480.816546 0.571545 0.263016 0.098251 0.263016 1.194778   1   1  -1 
2455754.777241 5.050723 0.618542 -10475.455016 0.545675 -10476.308312 0.371194 -10477.065586 1.981764 0.545675 1.610570 0.545675 1.194778   1   1  -1 
2455755.755721 -4.118641 0.714964 -10477.021535 0.384396 -10476.308312 0.457413 -10475.767021 -0.797101 0.384396 -1.254514 0.384396 1.194778   1   1  -1 
2455769.736300 -0.285907 0.092654 -10478.718338 0.338766 -10476.308312 -0.117588 -10480.403972 1.568046 0.338766 1.685634 0.338766 1.194778   1   1  -1 
2455769.742075 -0.280132 0.093223 -10479.209949 0.385157 -10476.308312 -0.121247 -10480.399333 1.068137 0.385157 1.189384 0.385157 1.194778   1   1  -1 
2455776.628483 -3.541569 0.771831 -10477.854877 0.356174 -10476.308312 0.479520 -10477.051502 -0.323855 0.356174 -0.803375 0.356174 1.194778   1   1  -1 
2455782.624998 2.454946 0.362746 -10477.234320 0.380536 -10476.308312 -0.372500 -10478.045865 0.439045 0.380536 0.811545 0.380536 1.194778   1   1  -1 
2455784.737667 4.567615 0.570935 -10473.119634 0.272683 -10476.308312 0.302757 -10475.157036 2.340159 0.272683 2.037402 0.272683 1.194778   1   1  -1 
2455801.526698 1.060956 0.225378 -10477.714254 0.636570 -10476.308312 -1.122561 -10478.779454 -0.057360 0.636570 1.065200 0.636570 1.194778   1   1  -1 
2455801.531628 1.065886 0.225864 -10478.348482 0.588581 -10476.308312 -1.123162 -10478.780694 -0.690951 0.588581 0.432212 0.588581 1.194778   1   1  -1 
2455804.632333 4.166591 0.531417 -10479.889141 0.560283 -10476.308312 0.229495 -10478.180557 -1.479089 0.560283 -1.708584 0.560283 1.194778   1   1  -1 
2455804.637669 4.171927 0.531943 -10479.356651 0.516075 -10476.308312 0.230583 -10478.181078 -0.944990 0.516075 -1.175573 0.516075 1.194778   1   1  -1 
2455807.626267 -2.987319 0.826448 -10477.952953 0.482855 -10476.308312 0.480153 -10478.836404 1.363603 0.482855 0.883451 0.482855 1.194778   1   1  -1 
2455807.631162 -2.982424 0.826931 -10477.762393 0.443292 -10476.308312 0.480060 -10478.837691 1.555358 0.443292 1.075298 0.443292 1.194778   1   1  -1 
2455810.581550 -0.032036 0.117671 -10481.002505 0.377097 -10476.308312 -0.296650 -10479.402440 -1.896715 0.377097 -1.600065 0.377097 1.194778   1   1  -1 
2455810.586723 -0.026863 0.118181 -10480.282556 0.398696 -10476.308312 -0.300692 -10479.403748 -1.179499 0.398696 -0.878808 0.398696 1.194778   1   1  -1 
2455816.587002 -4.174429 0.709467 -10476.284284 0.479893 -10476.308312 0.454172 -10476.547178 0.717065 0.479893 0.262894 0.479893 1.194778   1   1  -1 
2455816.590578 -4.170853 0.709819 -10475.380232 0.444942 -10476.308312 0.454385 -10476.547845 1.621999 0.444942 1.167613 0.444942 1.194778   1   1  -1 
2455816.594154 -4.167277 0.710172 -10476.257023 0.438232 -10476.308312 0.454598 -10476.548515 0.746090 0.438232 0.291492 0.438232 1.194778   1   1  -1 
2455834.622073 3.712797 0.486699 -10480.909706 0.288686 -10476.308312 0.123756 -10481.491318 0.705368 0.288686 0.581612 0.288686 1.194778   1   1  -1 
2455834.627593 3.718317 0.487243 -10481.704100 0.288262 -10476.308312 0.125214 -10481.494927 -0.083959 0.288262 -0.209173 0.288262 1.194778   1   1  -1 
2455836.585712 -4.471409 0.680202 -10482.497452 0.340261 -10476.308312 0.433621 -10482.072140 0.008309 0.340261 -0.425312 0.340261 1.194778   1   1  -1 
2455836.591440 -4.465681 0.680766 -10483.216344 0.339568 -10476.308312 0.434071 -10482.071160 -0.711113 0.339568 -1.145184 0.339568 1.194778   1   1  -1 
2455839.585007 -1.472114 0.975761 -10480.984122 0.455066 -10476.308312 0.334674 -10479.180710 -1.468738 0.455066 -1.803412 0.455066 1.194778   1   1  -1 
2455839.590794 -1.466327 0.976332 -10480.862232 0.459884 -10476.308312 0.333491 -10479.171512 -1.357229 0.459884 -1.690720 0.459884 1.194778   1   1  -1 
2455842.549547 1.492426 0.267896 -10475.984718 0.533150 -10476.308312 -1.005540 -10475.474472 -1.515786 0.533150 -0.510246 0.533150 1.194778   1   1  -1 
2455842.555033 1.497912 0.268437 -10475.769563 0.436601 -10476.308312 -1.002369 -10475.465107 -1.306825 0.436601 -0.304456 0.436601 1.194778   1   1  -1 
2455845.575633 4.518512 0.566096 -10472.970844 0.533869 -10476.308312 0.294658 -10473.082422 0.406237 0.533869 0.111578 0.533869 1.194778   1   1  -1 
2455845.581258 4.524137 0.566651 -10473.156417 0.461200 -10476.308312 0.295598 -10473.082831 0.222012 0.461200 -0.073586 0.461200 1.194778   1   1  -1 
2455870.498785 -1.001870 0.022101 -10481.818484 0.365314 -10476.308312 0.212972 -10480.368409 -1.237103 0.365314 -1.450075 0.365314 1.194778   1   1  -1 
2455870.504422 -0.996233 0.022656 -10481.151885 0.359240 -10476.308312 0.211151 -10480.361171 -0.579563 0.359240 -0.790714 0.359240 1.194778   1   1  -1 
2455874.532217 3.031562 0.419568 -10477.728868 0.513797 -10476.308312 -0.098153 -10476.557128 -1.269893 0.513797 -1.171740 0.513797 1.194778   1   1  -1 
2455874.537437 3.036782 0.420082 -10475.674380 0.695338 -10476.308312 -0.096084 -10476.553416 0.782952 0.695338 0.879036 0.695338 1.194778   1   1  -1 
2455878.549549 -3.098951 0.815448 -10474.975638 0.680478 -10476.308312 0.481776 -10476.078201 1.584339 0.680478 1.102563 0.680478 1.194778   1   1  -1 
2455878.554965 -3.093535 0.815982 -10473.200640 0.660711 -10476.308312 0.481719 -10476.078866 3.359945 0.660711 2.878226 0.660711 1.194778   1   1  -1 
2456020.892743 -2.825584 0.842386 -10474.892081 0.400252 -10476.308312 0.476100 -10476.717805 2.301824 0.400252 1.825724 0.400252 1.194778   1   1  -1 
2456020.898160 -2.820167 0.842920 -10474.995167 0.390725 -10476.308312 0.475928 -10476.723388 2.204149 0.390725 1.728221 0.390725 1.194778   1   1  -1 
2456022.889397 -0.828930 0.039143 -10478.871489 0.497344 -10476.308312 0.152347 -10478.951210 0.232068 0.497344 0.079721 0.497344 1.194778   1   1  -1 
2456022.894884 -0.823443 0.039684 -10479.815426 0.556527 -10476.308312 0.150254 -10478.957559 -0.707613 0.556527 -0.857867 0.556527 1.194778   1   1  -1 
2456024.891353 1.173026 0.236422 -10480.979281 0.428656 -10476.308312 -1.123656 -10480.837932 -1.265004 0.428656 -0.141349 0.428656 1.194778   1   1  -1 
2456024.897048 1.178721 0.236983 -10480.604419 0.407038 -10476.308312 -1.123026 -10480.835809 -0.891636 0.407038 0.231390 0.407038 1.194778   1   1  -1 
2456028.922257 -4.943914 0.633640 -10477.908590 0.345283 -10476.308312 0.389021 -10476.470295 -1.049274 0.345283 -1.438295 0.345283 1.194778   1   1  -1 
2456029.892891 -3.973280 0.729289 -10478.166891 0.543499 -10476.308312 0.464951 -10476.159974 -1.541966 0.543499 -2.006917 0.543499 1.194778   1   1  -1 
2456029.898354 -3.967817 0.729827 -10478.569496 0.519266 -10476.308312 0.465208 -10476.159354 -1.944934 0.519266 -2.410142 0.519266 1.194778   1   1  -1 
2456031.852968 -2.013203 0.922441 -10477.024746 0.408809 -10476.308312 0.419240 -10476.714358 0.108852 0.408809 -0.310388 0.408809 1.194778   1   1  -1 
2456052.857065 -1.304796 0.992249 -10480.793021 0.406318 -10476.308312 0.297600 -10479.448294 -1.047127 0.406318 -1.344727 0.406318 1.194778   1   1  -1 
2456052.862482 -1.299379 0.992783 -10480.156970 0.393840 -10476.308312 0.296295 -10479.449283 -0.411392 0.393840 -0.707687 0.393840 1.194778   1   1  -1 
2456053.851639 -0.310222 0.090258 -10480.816786 0.437473 -10476.308312 -0.102386 -10479.427152 -1.492020 0.437473 -1.389634 0.437473 1.194778   1   1  -1 
2456053.857114 -0.304747 0.090797 -10476.986852 0.414343 -10476.308312 -0.105781 -10479.426290 2.333657 0.414343 2.439438 0.414343 1.194778   1   1  -1 
2456054.839916 0.678055 0.187646 -10479.578072 0.266506 -10476.308312 -0.930322 -10479.222496 -1.285898 0.266506 -0.355576 0.266506 1.194778   1   1  -1 
2456055.886865 1.725004 0.290815 -10478.308216 0.254853 -10476.308312 -0.854254 -10477.763925 -1.398545 0.254853 -0.544291 0.254853 1.194778   1   1  -1 
2456056.818146 2.656285 0.382587 -10476.145121 0.446651 -10476.308312 -0.265672 -10476.058053 -0.352740 0.446651 -0.087068 0.446651 1.194778   1   1  -1 
2456056.823714 2.661853 0.383135 -10476.399813 0.406993 -10476.308312 -0.262896 -10476.049436 -0.613274 0.406993 -0.350377 0.406993 1.194778   1   1  -1 
2456078.843392 4.385842 0.553023 -10475.070920 0.323779 -10476.308312 0.271606 -10476.943374 2.144060 0.323779 1.872454 0.323779 1.194778   1   1  -1 
2456078.849075 4.391525 0.553583 -10475.406297 0.316487 -10476.308312 0.272630 -10476.945339 1.811671 0.316487 1.539042 0.316487 1.194778   1   1  -1 
2456081.832748 -2.772647 0.847603 -10477.091748 0.398009 -10476.308312 0.474316 -10477.282779 0.665347 0.398009 0.191031 0.398009 1.194778   1   1  -1 
2456081.838651 -2.766744 0.848185 -10477.350415 0.323723 -10476.308312 0.474103 -10477.280214 0.403902 0.323723 -0.070201 0.323723 1.194778   1   1  -1 
2456085.820521 1.215126 0.240570 -10474.269371 0.439249 -10476.308312 -1.117513 -10474.923294 -0.463590 0.439249 0.653923 0.439249 1.194778   1   1  -1 
2456085.826250 1.220855 0.241135 -10473.694203 0.458936 -10476.308312 -1.116416 -10474.917840 0.107221 0.458936 1.223637 0.458936 1.194778   1   1  -1 
2456088.742747 4.137352 0.528536 -10472.336592 0.274700 -10476.308312 0.223474 -10473.074320 0.961201 0.274700 0.737728 0.274700 1.194778   1   1  -1 
2456092.900369 -1.852871 0.938240 -10477.981567 0.314413 -10476.308312 0.399012 -10476.829411 -0.753144 0.314413 -1.152156 0.314413 1.194778   1   1  -1 
2456115.815540 0.766611 0.196372 -10474.774807 0.388096 -10476.308312 -0.997017 -10472.917546 -2.854278 0.388096 -1.857261 0.388096 1.194778   1   1  -1 
2456118.809984 3.761055 0.491454 -10471.978956 0.256427 -10476.308312 0.136349 -10472.656896 0.814289 0.256427 0.677940 0.256427 1.194778   1   1  -1 
2456121.820367 -3.376407 0.788107 -10475.055286 0.705930 -10476.308312 0.481925 -10475.675500 1.102139 0.705930 0.620214 0.705930 1.194778   1   1  -1 
2456149.686124 4.193660 0.534084 -10478.886301 0.422505 -10476.308312 0.234981 -10476.715264 -1.936056 0.422505 -2.171037 0.422505 1.194778   1   1  -1 
2456154.723489 -0.916820 0.030482 -10473.222066 0.432559 -10476.308312 0.184414 -10473.604883 0.567231 0.432559 0.382817 0.432559 1.194778   1   1  -1 
2456154.728442 -0.911867 0.030970 -10472.383548 0.640869 -10476.308312 0.182678 -10473.598368 1.397497 0.640869 1.214820 0.640869 1.194778   1   1  -1 
2456166.527551 0.739398 0.193691 -10482.638275 0.322758 -10476.308312 -0.977622 -10480.805566 -2.810331 0.322758 -1.832709 0.322758 1.194778   1   1  -1 
2456168.609469 2.821316 0.398849 -10483.235121 0.485702 -10476.308312 -0.187249 -10480.241646 -3.180723 0.485702 -2.993475 0.485702 1.194778   1   1  -1 
2456168.615105 2.826952 0.399405 -10482.078140 0.428978 -10476.308312 -0.184707 -10480.235702 -2.027146 0.428978 -1.842438 0.428978 1.194778   1   1  -1 
2456171.510563 -4.425435 0.684732 -10477.310953 0.261955 -10476.308312 0.437169 -10476.731301 -0.142483 0.261955 -0.579652 0.261955 1.194778   1   1  -1 
2456173.694840 -2.241158 0.899977 -10472.314153 0.435027 -10476.308312 0.442242 -10474.808109 2.936197 0.435027 2.493956 0.435027 1.194778   1   1  -1 
2456181.612869 -4.470974 0.680245 -10475.571527 0.304713 -10476.308312 0.433655 -10476.774516 1.636644 0.304713 1.202989 0.304713 1.194778   1   1  -1 
2456186.623747 0.539904 0.174032 -10470.871523 0.269145 -10476.308312 -0.810268 -10472.559945 0.878155 0.269145 1.688422 0.269145 1.194778   1   1  -1 
2456189.666838 3.582995 0.473908 -10471.752751 0.854916 -10476.308312 0.088080 -10472.970947 1.306276 0.854916 1.218196 0.854916 1.194778   1   1  -1 
2456190.592865 4.509022 0.565161 -10474.982002 0.436640 -10476.308312 0.293067 -10473.572399 -1.116536 0.436640 -1.409603 0.436640 1.194778   1   1  -1 
2456190.598548 4.514705 0.565721 -10475.915820 0.410184 -10476.308312 0.294021 -10473.576364 -2.045435 0.410184 -2.339456 0.410184 1.194778   1   1  -1 
2456195.586272 -0.645416 0.057227 -10476.324229 0.455921 -10476.308312 0.076043 -10475.183058 -1.065128 0.455921 -1.141171 0.455921 1.194778   1   1  -1 
2456195.591793 -0.639895 0.057771 -10476.833989 0.456503 -10476.308312 0.073534 -10475.182002 -1.578453 0.456503 -1.651987 0.456503 1.194778   1   1  -1 
2456198.564091 2.332403 0.350670 -10469.851121 0.593173 -10476.308312 -0.443832 -10472.591478 2.296524 0.593173 2.740357 0.593173 1.194778   1   1  -1 
2456198.569866 2.338178 0.351239 -10469.520142 0.625422 -10476.308312 -0.440362 -10472.582462 2.621958 0.625422 3.062320 0.625422 1.194778   1   1  -1 
2456204.547188 -1.832344 0.940263 -10474.005151 0.390830 -10476.308312 0.396156 -10474.894185 1.285189 0.390830 0.889034 0.390830 1.194778   1   1  -1 
2456205.523197 -0.856335 0.036442 -10476.331744 0.223735 -10476.308312 0.162637 -10476.284713 0.115607 0.223735 -0.047031 0.223735 1.194778   1   1  -1 
2456208.615737 2.236205 0.341191 -10479.274458 0.471028 -10476.308312 -0.503185 -10478.042988 -1.734656 0.471028 -1.231470 0.471028 1.194778   1   1  -1 
2456209.540800 3.161268 0.432349 -10475.726000 0.526879 -10476.308312 -0.048636 -10476.926582 1.151946 0.526879 1.200582 0.526879 1.194778   1   1  -1 
2456210.532155 4.152623 0.530040 -10475.727704 0.432092 -10476.308312 0.226631 -10475.328970 -0.172103 0.432092 -0.398734 0.432092 1.194778   1   1  -1 
2456212.523498 -4.003879 0.726273 -10470.032065 0.239792 -10476.308312 0.463474 -10470.969163 1.400571 0.239792 0.937098 0.239792 1.194778   1   1  -1 
2456217.523649 0.996272 0.219004 -10469.768240 0.370476 -10476.308312 -1.109868 -10468.705163 -2.172945 0.370476 -1.063077 0.370476 1.194778   1   1  -1 
2456217.529482 1.002105 0.219579 -10468.041405 0.361734 -10476.308312 -1.111378 -10468.712100 -0.440683 0.361734 0.670695 0.361734 1.194778   1   1  -1 
2456218.587951 2.060574 0.323883 -10468.491163 0.391645 -10476.308312 -0.618627 -10469.475957 0.366167 0.391645 0.984794 0.391645 1.194778   1   1  -1 
2456219.500319 2.972942 0.413791 -10469.245686 0.247828 -10476.308312 -0.121851 -10470.372797 1.005260 0.247828 1.127111 0.247828 1.194778   1   1  -1 
2456220.491327 3.963950 0.511448 -10472.137625 0.391613 -10476.308312 0.185639 -10471.692879 -0.259108 0.391613 -0.444746 0.391613 1.194778   1   1  -1 
2456220.514069 3.986692 0.513689 -10472.572915 0.320320 -10476.308312 0.190816 -10471.724699 -0.657400 0.320320 -0.848216 0.320320 1.194778   1   1  -1 
2456409.867093 0.530665 0.173122 -10475.673600 0.617333 -10476.308312 -0.801779 -10476.470611 -0.004768 0.617333 0.797011 0.617333 1.194778   1   1  -1 
2456409.872719 0.536291 0.173676 -10476.137178 0.595203 -10476.308312 -0.806953 -10476.477026 -0.467105 0.595203 0.339848 0.595203 1.194778   1   1  -1 
2456416.824768 -2.659505 0.858752 -10472.302186 0.550392 -10476.308312 0.469708 -10471.524608 -0.307870 0.550392 -0.777578 0.550392 1.194778   1   1  -1 
2456416.828565 -2.655708 0.859126 -10470.986675 0.545862 -10476.308312 0.469534 -10471.524991 1.007851 0.545862 0.538316 0.545862 1.194778   1   1  -1 
2456416.832443 -2.651830 0.859509 -10471.882453 0.566830 -10476.308312 0.469356 -10471.525389 0.112291 0.566830 -0.357064 0.566830 1.194778   1   1  -1 
2456432.884915 3.252798 0.441369 -10474.962361 0.393986 -10476.308312 -0.015966 -10474.593437 -0.384891 0.393986 -0.368924 0.393986 1.194778   1   1  -1 
2456432.890124 3.258007 0.441882 -10475.372110 0.450803 -10476.308312 -0.014161 -10474.592911 -0.793360 0.450803 -0.779199 0.450803 1.194778   1   1  -1 
2456433.905268 4.273151 0.541918 -10472.852948 0.738644 -10476.308312 0.250615 -10474.682195 2.079862 0.738644 1.829247 0.738644 1.194778   1   1  -1 
2456433.910395 4.278278 0.542423 -10474.512391 0.801539 -10476.308312 0.251599 -10474.683546 0.422754 0.801539 0.171155 0.801539 1.194778   1   1  -1 
2456434.892458 -4.887504 0.639198 -10475.434897 0.484791 -10476.308312 0.395153 -10475.090779 0.051034 0.484791 -0.344118 0.484791 1.194778   1   1  -1 
2456434.898129 -4.881833 0.639757 -10474.106533 0.468854 -10476.308312 0.395757 -10475.093939 1.383163 0.468854 0.987406 0.468854 1.194778   1   1  -1 
2456437.889188 -1.890774 0.934505 -10477.501611 0.400790 -10476.308312 0.404122 -10477.449916 0.352427 0.400790 -0.051695 0.400790 1.194778   1   1  -1 
2456437.894720 -1.885242 0.935051 -10477.202903 0.367888 -10476.308312 0.403389 -10477.454158 0.654644 0.367888 0.251255 0.367888 1.194778   1   1  -1 
2456438.860772 -0.919190 0.030248 -10477.416873 0.320407 -10476.308312 0.185242 -10478.073291 0.841659 0.320407 0.656418 0.320407 1.194778   1   1  -1 
2456441.860316 2.080354 0.325833 -10477.889690 0.423142 -10476.308312 -0.605212 -10476.575340 -1.919562 0.423142 -1.314350 0.423142 1.194778   1   1  -1 
2456454.832361 4.904554 0.604138 -10475.281861 0.354619 -10476.308312 0.352523 -10474.012284 -0.917054 0.354619 -1.269577 0.354619 1.194778   1   1  -1 
2456454.837894 4.910087 0.604683 -10474.118452 0.355826 -10476.308312 0.353261 -10474.007294 0.242102 0.355826 -0.111158 0.355826 1.194778   1   1  -1 
2456467.823190 -2.400306 0.884294 -10478.702475 0.627828 -10476.308312 0.454763 -10477.291904 -0.955808 0.627828 -1.410571 0.627828 1.194778   1   1  -1 
2456467.826929 -2.396567 0.884663 -10477.017285 0.556688 -10476.308312 0.454499 -10477.292533 0.729747 0.556688 0.275248 0.556688 1.194778   1   1  -1 
2456467.830702 -2.392794 0.885035 -10477.517838 0.592918 -10476.308312 0.454232 -10477.293161 0.229555 0.592918 -0.224677 0.592918 1.194778   1   1  -1 
2456473.860840 3.637344 0.479263 -10476.447652 0.525661 -10476.308312 0.103346 -10476.262674 -0.081632 0.525661 -0.184978 0.525661 1.194778   1   1  -1 
2456473.864821 3.641325 0.479655 -10476.577531 0.508451 -10476.308312 0.104445 -10476.262410 -0.210675 0.508451 -0.315121 0.508451 1.194778   1   1  -1 
2456473.868595 3.645099 0.480027 -10477.152422 0.549460 -10476.308312 0.105485 -10476.262165 -0.784772 0.549460 -0.890257 0.549460 1.194778   1   1  -1 
2456480.776552 0.405211 0.160759 -10477.791088 0.498216 -10476.308312 -0.683888 -10478.036518 -0.438459 0.498216 0.245430 0.498216 1.194778   1   1  -1 
2456480.782281 0.410940 0.161323 -10479.026503 0.462663 -10476.308312 -0.689326 -10478.040644 -1.675184 0.462663 -0.985859 0.462663 1.194778   1   1  -1 
2456481.631506 1.260165 0.245009 -10479.243238 0.620379 -10476.308312 -1.107272 -10478.079162 -2.271348 0.620379 -1.164076 0.620379 1.194778   1   1  -1 
2456481.637189 1.265848 0.245569 -10479.719427 0.629706 -10476.308312 -1.105723 -10478.073702 -2.751448 0.629706 -1.645725 0.629706 1.194778   1   1  -1 
2456501.599929 0.932898 0.212759 -10471.824389 0.315832 -10476.308312 -1.088860 -10473.303277 0.390028 0.315832 1.478888 0.315832 1.194778   1   1  -1 
2456523.744316 2.781596 0.394935 -10476.503679 0.283739 -10476.308312 -0.205409 -10476.637685 -0.071403 0.283739 0.134006 0.283739 1.194778   1   1  -1 
2456524.691276 3.728556 0.488252 -10475.914483 0.351566 -10476.308312 0.127907 -10476.026443 0.239867 0.351566 0.111960 0.351566 1.194778   1   1  -1 
2456524.696693 3.733973 0.488785 -10476.491657 0.358347 -10476.308312 0.129325 -10476.021669 -0.340663 0.358347 -0.469988 0.358347 1.194778   1   1  -1 
2456525.743740 4.781020 0.591965 -10476.578898 0.318867 -10476.308312 0.335408 -10474.803463 -1.440027 0.318867 -1.775435 0.318867 1.194778   1   1  -1 
2456569.534062 -2.167882 0.907198 -10476.206904 0.538465 -10476.308312 0.435532 -10474.656663 -1.114709 0.538465 -1.550241 0.538465 1.194778   1   1  -1 
2456585.564665 3.714876 0.486903 -10473.765867 0.427831 -10476.308312 0.124306 -10474.410801 0.769240 0.427831 0.644934 0.427831 1.194778   1   1  -1 
2456585.568473 3.718684 0.487279 -10475.180778 0.414412 -10476.308312 0.125311 -10474.406178 -0.649289 0.414412 -0.774600 0.414412 1.194778   1   1  -1 
2456585.572350 3.722561 0.487661 -10474.743998 0.423051 -10476.308312 0.126332 -10474.401478 -0.216187 0.423051 -0.342520 0.423051 1.194778   1   1  -1 
2456586.547688 4.697899 0.583774 -10474.360620 0.464286 -10476.308312 0.323170 -10473.445481 -0.591970 0.464286 -0.915139 0.464286 1.194778   1   1  -1 
2456586.551530 4.701741 0.584152 -10474.580572 0.496503 -10476.308312 0.323749 -10473.442553 -0.814271 0.496503 -1.138019 0.496503 1.194778   1   1  -1 
2456586.555442 4.705653 0.584538 -10475.256026 0.515154 -10476.308312 0.324337 -10473.439577 -1.492112 0.515154 -1.816449 0.515154 1.194778   1   1  -1 
2456590.510961 -1.486673 0.974327 -10473.364197 0.683759 -10476.308312 0.337619 -10472.882770 -0.143808 0.683759 -0.481427 0.683759 1.194778   1   1  -1 
2456590.514943 -1.482691 0.974719 -10471.788641 0.761395 -10476.308312 0.336817 -10472.884393 1.432569 0.761395 1.095752 0.761395 1.194778   1   1  -1 
2456590.518611 -1.479023 0.975081 -10472.177822 0.643858 -10476.308312 0.336077 -10472.885892 1.044147 0.643858 0.708070 0.643858 1.194778   1   1  -1 
2456765.917789 1.406794 0.259458 -10478.736988 0.356105 -10476.308312 -1.051140 -10478.007053 -1.781076 0.356105 -0.729935 0.356105 1.194778   1   1  -1 
2456765.923021 1.412026 0.259974 -10479.356033 0.359343 -10476.308312 -1.048586 -10478.006253 -2.398365 0.359343 -1.349780 0.359343 1.194778   1   1  -1 
2456789.854143 5.047459 0.618220 -10471.510093 0.391560 -10476.308312 0.370795 -10471.883252 0.743955 0.391560 0.373159 0.391560 1.194778   1   1  -1 
2456789.859722 5.053038 0.618770 -10471.639643 0.405092 -10476.308312 0.371476 -10471.878825 0.610658 0.405092 0.239182 0.405092 1.194778   1   1  -1 
2456806.890179 1.787805 0.297004 -10477.728101 0.424327 -10476.308312 -0.810023 -10477.706567 -0.831557 0.424327 -0.021534 0.424327 1.194778   1   1  -1 
2456829.893363 4.495300 0.563809 -10474.769093 0.272363 -10476.308312 0.290750 -10472.609951 -1.868392 0.272363 -2.159142 0.272363 1.194778   1   1  -1 
2456857.748704 1.907106 0.308760 -10473.725387 0.458440 -10476.308312 -0.725378 -10473.850114 -0.600651 0.458440 0.124727 0.458440 1.194778   1   1  -1 
2456857.754433 1.912835 0.309325 -10473.163228 0.448012 -10476.308312 -0.721329 -10473.843119 -0.041438 0.448012 0.679891 0.448012 1.194778   1   1  -1 
2456866.784629 0.795186 0.199188 -10479.134302 0.372433 -10476.308312 -1.016199 -10479.521929 -0.628572 0.372433 0.387627 0.372433 1.194778   1   1  -1 
2456896.727940 0.294963 0.149895 -10476.588857 0.526898 -10476.308312 -0.579759 -10475.457531 -1.711085 0.526898 -1.131326 0.526898 1.194778   1   1  -1 
2456896.733287 0.300310 0.150422 -10476.057196 0.651138 -10476.308312 -0.584760 -10475.459714 -1.182242 0.651138 -0.597482 0.651138 1.194778   1   1  -1 
2457146.919889 -3.209207 0.804583 -10475.918297 0.272209 -10476.308312 0.482483 -10474.818094 -0.617721 0.272209 -1.100203 0.272209 1.194778   1   1  -1 
2457176.844500 -3.728130 0.753447 -10464.313000 0.241278 -10461.266232 0.474670 -10463.830618 -0.007711 0.241278 -0.482382 0.241278 1.194778   1   2  -1 
2457180.950532 0.377902 0.158068 -10468.297390 0.305748 -10461.266232 -0.657970 -10468.978575 0.023215 0.305748 0.681185 0.305748 1.194778   1   2  -1 
2457180.956053 0.383423 0.158612 -10469.641714 0.321155 -10461.266232 -0.663207 -10468.986367 -1.318555 0.321155 -0.655347 0.321155 1.194778   1   2  -1 
2457307.523708 -4.970904 0.630980 -10460.965808 0.284606 -10461.266232 0.386006 -10461.377971 0.798169 0.284606 0.412163 0.284606 1.194778   1   2  -1 
2457307.529113 -4.965499 0.631512 -10461.174528 0.295801 -10461.266232 0.386614 -10461.380571 0.592656 0.295801 0.206043 0.295801 1.194778   1   2  -1 
2457879.840329 -0.933591 0.028829 -10463.101417 0.420408 -10461.266232 0.190231 -10462.308968 -0.602218 0.420408 -0.792449 0.420408 1.194778   1   2  -1 
2457968.637355 -3.467168 0.779163 -10461.424457 0.383012 -10461.266232 0.480827 -10462.042534 1.098904 0.383012 0.618077 0.383012 1.194778   1   2  -1 
2460042.883932 0.619076 0.181834 -10467.619651 0.097183 -10468.868869 -0.880943 -10467.446344 -1.054250 0.097183 -0.173307 0.097183 0.707994   0   0  -1 
2460042.889532 0.624676 0.182386 -10467.826807 0.098837 -10468.868869 -0.885770 -10467.448588 -1.263989 0.098837 -0.378219 0.098837 0.707994   0   0  -1 
2460043.870973 1.606117 0.279100 -10467.810891 0.115769 -10468.868869 -0.935148 -10467.289988 -1.456051 0.115769 -0.520903 0.115769 0.707994   0   0  -1 
2460043.876677 1.611821 0.279662 -10467.827764 0.107743 -10468.868869 -0.931399 -10467.286510 -1.472652 0.107743 -0.541254 0.107743 0.707994   0   0  -1 
2460044.793251 2.528395 0.369984 -10466.216747 0.119007 -10468.868869 -0.332054 -10466.936093 0.387292 0.119007 0.719346 0.119007 0.707994   0   0  -1 
2460044.798982 2.534126 0.370549 -10466.355629 0.118254 -10468.868869 -0.328970 -10466.935711 0.251112 0.118254 0.580082 0.118254 0.707994   0   0  -1 
2460045.773704 3.508848 0.466601 -10468.947680 0.263543 -10468.868869 0.066454 -10467.136794 -1.744432 0.263543 -1.810886 0.263543 0.707994   0   0  -1 
2460045.779649 3.514793 0.467187 -10468.728031 0.178179 -10468.868869 0.068223 -10467.139247 -1.520561 0.178179 -1.588784 0.178179 0.707994   0   0  -1 
2460046.786658 4.521802 0.566420 -10466.718679 0.108298 -10468.868869 0.295208 -10467.647431 1.223961 0.108298 0.928752 0.108298 0.707994   0   0  -1 
2460046.792204 4.527348 0.566967 -10467.571100 0.100449 -10468.868869 0.296133 -10467.650480 0.375513 0.100449 0.079380 0.100449 0.707994   0   0  -1 
2460047.789500 -4.623201 0.665244 -10468.079684 0.107918 -10468.868869 0.420932 -10468.185810 0.527058 0.107918 0.106126 0.107918 0.707994   0   0  -1 
2460047.795047 -4.617654 0.665790 -10468.412170 0.104000 -10468.868869 0.421422 -10468.188646 0.197898 0.104000 -0.223524 0.104000 0.707994   0   0  -1 
2460048.783364 -3.629337 0.763182 -10468.577566 0.129590 -10468.868869 0.477517 -10468.666451 0.566402 0.129590 0.088885 0.129590 0.707994   0   0  -1 
2460048.789012 -3.623689 0.763739 -10468.027070 0.120793 -10468.868869 0.477660 -10468.669063 1.119654 0.120793 0.641993 0.120793 0.707994   0   0  -1 
2460049.801102 -2.611599 0.863473 -10468.921797 0.111941 -10468.868869 0.467420 -10469.137121 0.682743 0.111941 0.215324 0.111941 0.707994   0   0  -1 
2460049.806533 -2.606168 0.864008 -10469.044553 0.118675 -10468.868869 0.467147 -10469.139703 0.562297 0.118675 0.095150 0.118675 0.707994   0   0  -1 
2460050.776767 -1.635934 0.959618 -10470.880979 0.110463 -10468.868869 0.365456 -10469.638888 -0.876635 0.110463 -1.242091 0.110463 0.707994   0   0  -1 
2460050.782471 -1.630230 0.960180 -10470.587932 0.106168 -10468.868869 0.364467 -10469.642133 -0.581332 0.106168 -0.945799 0.106168 0.707994   0   0  -1 
2460068.823617 -3.884773 0.738011 -10467.442048 0.125458 -10468.868869 0.468894 -10467.851654 0.878499 0.125458 0.409606 0.125458 0.707994   0   0  -1 
2460068.829253 -3.879137 0.738566 -10468.177705 0.157911 -10468.868869 0.469128 -10467.853812 0.145235 0.157911 -0.323893 0.157911 0.707994   0   0  -1 
2460073.775251 1.066861 0.225960 -10468.691416 0.136518 -10468.868869 -1.123275 -10469.305463 -0.509228 0.136518 0.614047 0.136518 0.707994   0   0  -1 
2460073.780774 1.072384 0.226504 -10468.532442 0.124641 -10468.868869 -1.123876 -10469.307161 -0.349157 0.124641 0.774719 0.124641 0.707994   0   0  -1 
2460076.728213 4.019823 0.516954 -10468.677012 0.126723 -10468.868869 0.198239 -10469.102137 0.623364 0.126723 0.425125 0.126723 0.707994   0   0  -1 
2460076.733797 4.025407 0.517504 -10468.420636 0.121235 -10468.868869 0.199476 -10469.103555 0.882395 0.121235 0.682919 0.121235 0.707994   0   0  -1 
2460077.755001 5.046611 0.618137 -10469.796842 0.156253 -10468.868869 0.370691 -10469.412452 -0.013698 0.156253 -0.384390 0.156253 0.707994   0   0  -1 
2460077.760768 5.052378 0.618705 -10469.832216 0.150546 -10468.868869 0.371396 -10469.414356 -0.046464 0.150546 -0.417860 0.150546 0.707994   0   0  -1 
2460078.818364 -4.037871 0.722924 -10470.121344 0.118065 -10468.868869 0.461765 -10469.747848 0.088269 0.118065 -0.373496 0.118065 0.707994   0   0  -1 
2460078.823976 -4.032259 0.723477 -10470.631326 0.115757 -10468.868869 0.462052 -10469.749409 -0.419865 0.115757 -0.881917 0.115757 0.707994   0   0  -1 
2460079.846559 -3.009676 0.824245 -10469.784428 0.112864 -10468.868869 0.480553 -10469.955644 0.651769 0.112864 0.171216 0.112864 0.707994   0   0  -1 
2460079.852048 -3.004187 0.824786 -10469.613740 0.114319 -10468.868869 0.480458 -10469.956240 0.822958 0.114319 0.342500 0.114319 0.707994   0   0  -1 
2460080.730235 -2.126000 0.911326 -10469.772583 0.121764 -10468.868869 0.431414 -10469.966777 0.625607 0.121764 0.194194 0.121764 0.707994   0   0  -1 
2460080.735864 -2.120371 0.911880 -10469.610615 0.112383 -10468.868869 0.430844 -10469.966293 0.786522 0.112383 0.355678 0.112383 0.707994   0   0  -1 
2460082.755256 -0.100979 0.110877 -10469.121371 0.143393 -10468.868869 -0.244284 -10469.532017 0.166362 0.143393 0.410646 0.143393 0.707994   0   0  -1 
2460082.760842 -0.095393 0.111428 -10468.518798 0.129661 -10468.868869 -0.248423 -10469.530993 0.763772 0.129661 1.012195 0.129661 0.707994   0   0  -1 
2460086.748603 3.892368 0.504394 -10463.771857 0.096592 -10468.868869 0.168899 -10464.495622 0.892664 0.096592 0.723765 0.096592 0.707994   0   0  -1 
2460086.754324 3.898089 0.504958 -10464.310069 0.104158 -10468.868869 0.170262 -10464.490189 0.350382 0.104158 0.180120 0.104158 0.707994   0   0  -1 
2460199.601214 -5.029158 0.625239 -10467.857782 0.194625 -10468.868869 0.379317 -10468.160922 0.682456 0.194625 0.303140 0.194625 0.707994   0   0  -1 
2460199.607025 -5.023347 0.625812 -10469.302924 0.190719 -10468.868869 0.379995 -10468.154587 -0.768342 0.190719 -1.148337 0.190719 0.707994   0   0  -1 
2460201.515076 -3.115296 0.813837 -10466.554990 0.136306 -10468.868869 0.481936 -10466.403552 0.330498 0.136306 -0.151438 0.136306 0.707994   0   0  -1 
2460201.520627 -3.109745 0.814384 -10466.389365 0.147106 -10468.868869 0.481884 -10466.400016 0.492535 0.147106 0.010651 0.147106 0.707994   0   0  -1 
2460202.533617 -2.096755 0.914207 -10465.659465 0.116368 -10468.868869 0.428411 -10465.947624 0.716571 0.116368 0.288159 0.116368 0.707994   0   0  -1 
2460202.539273 -2.091099 0.914765 -10465.508485 0.110234 -10468.868869 0.427819 -10465.946206 0.865539 0.110234 0.437721 0.110234 0.707994   0   0  -1 
2460203.571018 -1.059354 0.016436 -10465.844882 0.168626 -10468.868869 0.230993 -10465.912510 0.298621 0.168626 0.067628 0.168626 0.707994   0   0  -1 
2460203.577196 -1.053176 0.017045 -10465.648256 0.180164 -10468.868869 0.229104 -10465.913781 0.494629 0.180164 0.265525 0.180164 0.707994   0   0  -1 
2460204.530857 -0.099515 0.111022 -10467.427115 0.098515 -10468.868869 -0.245367 -10466.388299 -1.284183 0.098515 -1.038816 0.098515 0.707994   0   0  -1 
2460204.536387 -0.093985 0.111567 -10466.800940 0.104273 -10468.868869 -0.249469 -10466.392923 -0.657486 0.104273 -0.408017 0.104273 0.707994   0   0  -1 
2460205.516019 0.885647 0.208102 -10468.149301 0.122140 -10468.868869 -1.067905 -10467.390590 -1.826616 0.122140 -0.758711 0.122140 0.707994   0   0  -1 
2460205.521490 0.891118 0.208642 -10467.759986 0.108265 -10468.868869 -1.070555 -10467.394711 -1.435829 0.108265 -0.365275 0.108265 0.707994   0   0  -1 
2460206.534104 1.903732 0.308428 -10467.984215 0.123507 -10468.868869 -0.727765 -10467.411362 -1.300618 0.123507 -0.572853 0.123507 0.707994   0   0  -1 
2460206.539634 1.909262 0.308973 -10467.395836 0.112931 -10468.868869 -0.723854 -10467.409886 -0.709804 0.112931 0.014050 0.112931 0.707994   0   0  -1 
2460208.612713 3.982341 0.513260 -10467.863703 0.119086 -10468.868869 0.189830 -10467.745331 0.071458 0.119086 -0.118372 0.119086 0.707994   0   0  -1 
2460208.618030 3.987658 0.513784 -10468.124237 0.122661 -10468.868869 0.191034 -10467.748070 -0.185133 0.122661 -0.376167 0.122661 0.707994   0   0  -1 
2460209.504007 4.873635 0.601091 -10468.350357 0.247406 -10468.868869 0.348357 -10468.272386 0.270386 0.247406 -0.077971 0.247406 0.707994   0   0  -1 
2460209.509978 4.879606 0.601680 -10468.742438 0.220522 -10468.868869 0.349168 -10468.276237 -0.117034 0.220522 -0.466201 0.220522 0.707994   0   0  -1 
2460210.587394 -4.190823 0.707851 -10468.232795 0.137683 -10468.868869 0.453182 -10468.964561 1.184948 0.137683 0.731766 0.137683 0.707994   0   0  -1 
2460210.593026 -4.185191 0.708406 -10467.916827 0.147704 -10468.868869 0.453524 -10468.967885 1.504582 0.147704 1.051058 0.147704 0.707994   0   0  -1 
2460211.516295 -3.261922 0.799388 -10469.090653 0.190231 -10468.868869 0.482516 -10469.412125 0.803987 0.190231 0.321472 0.190231 0.707994   0   0  -1 
2460211.522268 -3.255949 0.799977 -10468.782398 0.153085 -10468.868869 0.482522 -10469.414186 1.114310 0.153085 0.631788 0.153085 0.707994   0   0  -1 
