# time model 
2455007.429878 -0.002879 
2455009.114520 0.002029 
2455010.799162 0.005136 
2455012.483804 0.006103 
2455014.168446 0.005115 
2455015.853088 0.002719 
2455017.537730 -0.000415 
2455019.222372 -0.003725 
2455020.907013 -0.006869 
2455022.591655 -0.009727 
2455024.276297 -0.012293 
2455025.960939 -0.014550 
2455027.645581 -0.016384 
2455029.330223 -0.017593 
2455031.014865 -0.017979 
2455032.699507 -0.017471 
2455034.384149 -0.016213 
2455036.068791 -0.014556 
2455037.753433 -0.012952 
2455039.438075 -0.011784 
2455041.122717 -0.011201 
2455042.807359 -0.011052 
2455044.492001 -0.010936 
2455046.176643 -0.010374 
2455047.861285 -0.009039 
2455049.545927 -0.006934 
2455051.230569 -0.004458 
2455052.915211 -0.002303 
2455054.599853 -0.001229 
2455056.284495 -0.001773 
2455057.969137 -0.004029 
2455059.653779 -0.007562 
2455061.338421 -0.011507 
2455063.023063 -0.014824 
2455064.707705 -0.016614 
2455066.392346 -0.016392 
2455068.076988 -0.014216 
2455069.761630 -0.010637 
2455071.446272 -0.006503 
2455073.130914 -0.002674 
2455074.815556 0.000214 
2455076.500198 0.001878 
2455078.184840 0.002371 
2455079.869482 0.001935 
2455081.554124 0.000808 
2455083.238766 -0.000919 
2455084.923408 -0.003339 
2455086.608050 -0.006631 
2455088.292692 -0.010886 
2455089.977334 -0.015920 
2455091.661976 -0.021190 
2455093.346618 -0.025854 
2455095.031260 -0.028977 
2455096.715902 -0.029828 
2455098.400544 -0.028144 
2455100.085186 -0.024263 
2455101.769828 -0.019064 
2455103.454470 -0.013707 
2455105.139112 -0.009275 
2455106.823754 -0.006437 
2455108.508396 -0.005266 
2455110.193038 -0.005285 
2455111.877679 -0.005729 
2455113.562321 -0.005929 
2455115.246963 -0.005648 
2455116.931605 -0.005241 
2455118.616247 -0.005543 
2455120.300889 -0.007507 
2455121.985531 -0.011737 
2455123.670173 -0.018090 
2455125.354815 -0.025526 
2455127.039457 -0.032303 
2455128.724099 -0.036471 
2455130.408741 -0.036504 
2455132.093383 -0.031833 
2455133.778025 -0.023089 
2455135.462667 -0.011935 
2455137.147309 -0.000563 
2455138.831951 0.008968 
2455140.516593 0.015289 
2455142.201235 0.017956 
2455143.885877 0.017291 
2455145.570519 0.013922 
2455147.255161 0.008257 
2455148.939803 0.000174 
2455150.624445 -0.010892 
2455152.309087 -0.025449 
2455153.993729 -0.043244 
2455155.678370 -0.062691 
2455157.363012 -0.080768 
2455159.047654 -0.093555 
2455160.732296 -0.097331 
2455162.416938 -0.089877 
2455164.101580 -0.071494 
2455165.786222 -0.045292 
2455167.470864 -0.016534 
2455169.155506 0.008800 
2455170.840148 0.025766 
2455172.524790 0.031893 
2455174.209432 0.027742 
2455175.894074 0.016382 
2455177.578716 0.001958 
2455179.263358 -0.012053 
2455180.948000 -0.024188 
2455182.632642 -0.035359 
2455184.317284 -0.048051 
2455186.001926 -0.064670 
2455187.686568 -0.085759 
2455189.371210 -0.108890 
2455191.055852 -0.128813 
2455192.740494 -0.138941 
2455194.425136 -0.133685 
2455196.109778 -0.110726 
2455197.794420 -0.072324 
2455199.479062 -0.025053 
2455201.163703 0.022006 
2455202.848345 0.059948 
2455204.532987 0.082596 
2455206.217629 0.087921 
2455207.902271 0.077834 
2455209.586913 0.056507 
2455211.271555 0.028072 
2455212.956197 -0.005226 
2455214.640839 -0.043501 
2455216.325481 -0.088065 
2455218.010123 -0.139145 
2455219.694765 -0.193609 
2455221.379407 -0.243952 
2455223.064049 -0.279355 
2455224.748691 -0.288738 
2455226.433333 -0.264835 
2455228.117975 -0.207674 
2455229.802617 -0.125948 
2455231.487259 -0.035422 
2455233.171901 0.045295 
2455234.856543 0.100211 
2455236.541185 0.120653 
2455238.225827 0.107399 
2455239.910469 0.069400 
2455241.595111 0.019603 
2455243.279753 -0.030420 
2455244.964394 -0.074803 
2455246.649036 -0.114840 
2455248.333678 -0.156900 
2455250.018320 -0.207701 
2455251.702962 -0.269008 
2455253.387604 -0.334222 
2455255.072246 -0.388616 
2455256.756888 -0.413530 
2455258.441530 -0.393101 
2455260.126172 -0.320951 
2455261.810814 -0.204079 
2455263.495456 -0.062201 
2455265.180098 0.077465 
2455266.864740 0.188116 
2455268.549382 0.251040 
2455270.234024 0.260162 
2455271.918666 0.221858 
2455273.603308 0.150385 
2455275.287950 0.061103 
2455276.972592 -0.035455 
2455278.657234 -0.136032 
2455280.341876 -0.242624 
2455282.026518 -0.357064 
2455283.711160 -0.474988 
2455285.395802 -0.582423 
2455287.080444 -0.657223 
2455288.765086 -0.675484 
2455290.449727 -0.620741 
2455292.134369 -0.492225 
2455293.819011 -0.308452 
2455295.503653 -0.104079 
2455297.188295 0.079408 
2455298.872937 0.205993 
2455300.557579 0.255828 
2455302.242221 0.230182 
2455303.926863 0.148680 
2455305.611505 0.039975 
2455307.296147 -0.070279 
2455308.980789 -0.169095 
2455310.665431 -0.259346 
2455312.350073 -0.355060 
2455314.034715 -0.470850 
2455315.719357 -0.610158 
2455317.403999 -0.757771 
2455319.088641 -0.880516 
2455320.773283 -0.936678 
2455322.457925 -0.891001 
2455324.142567 -0.729498 
2455325.827209 -0.468030 
2455327.511851 -0.150811 
2455329.196493 0.161117 
2455330.881135 0.407444 
2455332.565777 0.545740 
2455334.250419 0.561901 
2455335.935060 0.470326 
2455337.619702 0.304403 
2455339.304344 0.101765 
2455340.988986 -0.109246 
2455342.673628 -0.316290 
2455344.358270 -0.520497 
2455346.042912 -0.726542 
2455347.727554 -0.930622 
2455349.412196 -1.112699 
2455351.096838 -1.237598 
2455352.781480 -1.265540 
2455354.466122 -1.168263 
2455356.150764 -0.943928 
2455357.835406 -0.623951 
2455359.520048 -0.267845 
2455361.204690 0.052951 
2455362.889332 0.276571 
2455364.573974 0.369345 
2455366.258616 0.334180 
2455367.943258 0.205341 
2455369.627900 0.031829 
2455371.312542 -0.143645 
2455372.997184 -0.301159 
2455374.681826 -0.448415 
2455376.366468 -0.611722 
2455378.051110 -0.816950 
2455379.735751 -1.068925 
2455381.420393 -1.338774 
2455383.105035 -1.565880 
2455384.789677 -1.675088 
2455386.474319 -1.603377 
2455388.158961 -1.325825 
2455389.843603 -0.870387 
2455391.528245 -0.314997 
2455393.212887 0.232759 
2455394.897529 0.666357 
2455396.582171 0.910328 
2455398.266813 0.938800 
2455399.951455 0.776439 
2455401.636097 0.482721 
2455403.320739 0.126862 
2455405.005381 -0.235920 
2455406.690023 -0.577425 
2455408.374665 -0.894514 
2455410.059307 -1.194751 
2455411.743949 -1.477726 
2455413.428591 -1.721951 
2455415.113233 -1.884518 
2455416.797875 -1.914736 
2455418.482517 -1.776259 
2455420.167159 -1.467848 
2455421.851801 -1.032864 
2455423.536443 -0.551971 
2455425.221084 -0.120622 
2455426.905726 0.180418 
2455428.590368 0.309875 
2455430.275010 0.275991 
2455431.959652 0.127628 
2455433.644294 -0.069834 
2455435.328936 -0.263514 
2455437.013578 -0.434434 
2455438.698220 -0.601842 
2455440.382862 -0.808243 
2455442.067504 -1.091368 
2455443.752146 -1.455378 
2455445.436788 -1.854566 
2455447.121430 -2.198154 
2455448.806072 -2.376261 
2455450.490714 -2.298180 
2455452.175356 -1.928515 
2455453.859998 -1.306839 
2455455.544640 -0.542510 
2455457.229282 0.214369 
2455458.913924 0.815687 
2455460.598566 1.156512 
2455462.283208 1.200332 
2455463.967850 0.980458 
2455465.652492 0.579053 
2455467.337134 0.093655 
2455469.021775 -0.394895 
2455470.706417 -0.841006 
2455472.391059 -1.233927 
2455474.075701 -1.581518 
2455475.760343 -1.888028 
2455477.444985 -2.137754 
2455479.129627 -2.293083 
2455480.814269 -2.308182 
2455482.498911 -2.151956 
2455484.183553 -1.829128 
2455485.868195 -1.388682 
2455487.552837 -0.914323 
2455489.237479 -0.499596 
2455490.922121 -0.217417 
2455492.606763 -0.096723 
2455494.291405 -0.116336 
2455495.976047 -0.218974 
2455497.660689 -0.339639 
2455499.345331 -0.436175 
2455501.029973 -0.508461 
2455502.714615 -0.597300 
2455504.399257 -0.762643 
2455506.083899 -1.049913 
2455507.768541 -1.458818 
2455509.453183 -1.928796 
2455511.137825 -2.348935 
2455512.822467 -2.590426 
2455514.507108 -2.550266 
2455516.191750 -2.189919 
2455517.876392 -1.554068 
2455519.561034 -0.761934 
2455521.245676 0.026058 
2455522.930318 0.654332 
2455524.614960 1.014590 
2455526.299602 1.070341 
2455527.984244 0.856608 
2455529.668886 0.457566 
2455531.353528 -0.027207 
2455533.038170 -0.514074 
2455534.722812 -0.953096 
2455536.407454 -1.327951 
2455538.092096 -1.641789 
2455539.776738 -1.898421 
2455541.461380 -2.089196 
2455543.146022 -2.192072 
2455544.830664 -2.182739 
2455546.515306 -2.051375 
2455548.199948 -1.815631 
2455549.884590 -1.522081 
2455551.569232 -1.233845 
2455553.253874 -1.008871 
2455554.938516 -0.878230 
2455556.623158 -0.834460 
2455558.307800 -0.836041 
2455559.992441 -0.827085 
2455561.677083 -0.764430 
2455563.361725 -0.640515 
2455565.046367 -0.491587 
2455566.731009 -0.386546 
2455568.415651 -0.399798 
2455570.100293 -0.578429 
2455571.784935 -0.916959 
2455573.469577 -1.350448 
2455575.154219 -1.769825 
2455576.838861 -2.054716 
2455578.523503 -2.112157 
2455580.208145 -1.907284 
2455581.892787 -1.475083 
2455583.577429 -0.909437 
2455585.262071 -0.334056 
2455586.946713 0.133892 
2455588.631355 0.414712 
2455590.315997 0.482001 
2455592.000639 0.360011 
2455593.685281 0.106280 
2455595.369923 -0.211942 
2455597.054565 -0.537963 
2455598.739207 -0.836064 
2455600.423849 -1.090678 
2455602.108491 -1.297989 
2455603.793132 -1.456270 
2455605.477774 -1.560704 
2455607.162416 -1.605101 
2455608.847058 -1.588717 
2455610.531700 -1.523294 
2455612.216342 -1.435063 
2455613.900984 -1.358835 
2455615.585626 -1.325438 
2455617.270268 -1.347501 
2455618.954910 -1.410267 
2455620.639552 -1.472702 
2455622.324194 -1.480142 
2455624.008836 -1.384793 
2455625.693478 -1.166634 
2455627.378120 -0.846322 
2455629.062762 -0.484247 
2455630.747404 -0.164818 
2455632.432046 0.029267 
2455634.116688 0.044097 
2455635.801330 -0.126575 
2455637.485972 -0.437425 
2455639.170614 -0.804193 
2455640.855256 -1.128657 
2455642.539898 -1.327576 
2455644.224540 -1.356080 
2455645.909182 -1.218244 
2455647.593824 -0.962207 
2455649.278465 -0.662461 
2455650.963107 -0.395964 
2455652.647749 -0.220167 
2455654.332391 -0.159639 
2455656.017033 -0.204439 
2455657.701675 -0.319141 
2455659.386317 -0.458069 
2455661.070959 -0.580846 
2455662.755601 -0.663159 
2455664.440243 -0.700085 
2455666.124885 -0.702389 
2455667.809527 -0.688624 
2455669.494169 -0.676913 
2455671.178811 -0.679615 
2455672.863453 -0.702293 
2455674.548095 -0.746162 
2455676.232737 -0.811648 
2455677.917379 -0.900347 
2455679.602021 -1.013664 
2455681.286663 -1.148364 
2455682.971305 -1.291203 
2455684.655947 -1.415913 
2455686.340589 -1.485441 
2455688.025231 -1.460503 
2455689.709873 -1.312774 
2455691.394515 -1.038515 
2455693.079156 -0.667210 
2455694.763798 -0.260618 
2455696.448440 0.099501 
2455698.133082 0.332683 
2455699.817724 0.383942 
2455701.502366 0.242760 
2455703.187008 -0.050402 
2455704.871650 -0.413648 
2455706.556292 -0.747329 
2455708.240934 -0.964684 
2455709.925576 -1.019116 
2455711.610218 -0.918346 
2455713.294860 -0.719941 
2455714.979502 -0.509289 
2455716.664144 -0.367726 
2455718.348786 -0.342440 
2455720.033428 -0.429486 
2455721.718070 -0.576480 
2455723.402712 -0.704102 
2455725.087354 -0.738153 
2455726.771996 -0.639645 
2455728.456638 -0.421009 
2455730.141280 -0.141922 
2455731.825922 0.113595 
2455733.510564 0.269501 
2455735.195206 0.286297 
2455736.879848 0.174134 
2455738.564489 -0.014779 
2455740.249131 -0.210927 
2455741.933773 -0.358494 
2455743.618415 -0.438891 
2455745.303057 -0.476192 
2455746.987699 -0.521795 
2455748.672341 -0.624968 
2455750.356983 -0.802688 
2455752.041625 -1.023238 
2455753.726267 -1.212552 
2455755.410909 -1.282522 
2455757.095551 -1.170337 
2455758.780193 -0.872040 
2455760.464835 -0.454617 
2455762.149477 -0.039065 
2455763.834119 0.241098 
2455765.518761 0.290503 
2455767.203403 0.091376 
2455768.888045 -0.285300 
2455770.572687 -0.703178 
2455772.257329 -1.010770 
2455773.941971 -1.099307 
2455775.626613 -0.945076 
2455777.311255 -0.618591 
2455778.995897 -0.256043 
2455780.680539 -0.003867 
2455782.365181 0.041375 
2455784.049822 -0.126863 
2455785.734464 -0.421812 
2455787.419106 -0.698853 
2455789.103748 -0.815554 
2455790.788390 -0.691646 
2455792.473032 -0.343945 
2455794.157674 0.118605 
2455795.842316 0.538097 
2455797.526958 0.771295 
2455799.211600 0.747251 
2455800.896242 0.494689 
2455802.580884 0.127584 
2455804.265526 -0.205007 
2455805.950168 -0.383510 
2455807.634810 -0.369102 
2455809.319452 -0.219425 
2455811.004094 -0.061583 
2455812.688736 -0.033657 
2455814.373378 -0.219857 
2455816.058020 -0.607715 
2455817.742662 -1.086829 
2455819.427304 -1.491092 
2455821.111946 -1.667578 
2455822.796588 -1.543195 
2455824.481230 -1.160309 
2455826.165872 -0.664938 
2455827.850513 -0.250847 
2455829.535155 -0.081683 
2455831.219797 -0.223130 
2455832.904439 -0.613667 
2455834.589081 -1.086948 
2455836.273723 -1.437548 
2455837.958365 -1.503644 
2455839.643007 -1.232807 
2455841.327649 -0.703735 
2455843.012291 -0.094801 
2455844.696933 0.387744 
2455846.381575 0.592341 
2455848.066217 0.481424 
2455849.750859 0.143138 
2455851.435501 -0.248944 
2455853.120143 -0.510854 
2455854.804785 -0.526282 
2455856.489427 -0.294876 
2455858.174069 0.069313 
2455859.858711 0.388216 
2455861.543353 0.497318 
2455863.227995 0.317348 
2455864.912637 -0.110363 
2455866.597279 -0.639858 
2455868.281921 -1.081035 
2455869.966563 -1.278954 
2455871.651205 -1.178346 
2455873.335846 -0.846027 
2455875.020488 -0.441805 
2455876.705130 -0.150362 
2455878.389772 -0.103093 
2455880.074414 -0.323133 
2455881.759056 -0.716858 
2455883.443698 -1.115391 
2455885.128340 -1.348333 
2455886.812982 -1.318216 
2455888.497624 -1.043807 
2455890.182266 -0.653542 
2455891.866908 -0.331487 
2455893.551550 -0.238368 
2455895.236192 -0.440877 
2455896.920834 -0.879173 
2455898.605476 -1.386656 
2455900.290118 -1.754326 
2455901.974760 -1.813554 
2455903.659402 -1.503517 
2455905.344044 -0.895997 
2455907.028686 -0.167934 
2455908.713328 0.466494 
2455910.397970 0.836195 
2455912.082612 0.873442 
2455913.767254 0.630693 
2455915.451896 0.249013 
2455917.136537 -0.106822 
2455918.821179 -0.318214 
2455920.505821 -0.358294 
2455922.190463 -0.295032 
2455923.875105 -0.252375 
2455925.559747 -0.347667 
2455927.244389 -0.633274 
2455928.929031 -1.067819 
2455930.613673 -1.529253 
2455932.298315 -1.863783 
2455933.982957 -1.949443 
2455935.667599 -1.747117 
2455937.352241 -1.317515 
2455939.036883 -0.797316 
2455940.721525 -0.345020 
2455942.406167 -0.079591 
2455944.090809 -0.037518 
2455945.775451 -0.165613 
2455947.460093 -0.351380 
2455949.144735 -0.476896 
2455950.829377 -0.472497 
2455952.514019 -0.347168 
2455954.198661 -0.182928 
2455955.883303 -0.096065 
2455957.567945 -0.182197 
2455959.252587 -0.468891 
2455960.937229 -0.896213 
2455962.621870 -1.333769 
2455964.306512 -1.627618 
2455965.991154 -1.658180 
2455967.675796 -1.386043 
2455969.360438 -0.867803 
2455971.045080 -0.236412 
2455972.729722 0.345393 
2455974.414364 0.739823 
2455976.099006 0.875997 
2455977.783648 0.764405 
2455979.468290 0.480873 
2455981.152932 0.129176 
2455982.837574 -0.200927 
2455984.522216 -0.463176 
2455986.206858 -0.661431 
2455987.891500 -0.833438 
2455989.576142 -1.021327 
2455991.260784 -1.243211 
2455992.945426 -1.478632 
2455994.630068 -1.673667 
2455996.314710 -1.762575 
2455997.999352 -1.695848 
2455999.683994 -1.462298 
2456001.368636 -1.095973 
2456003.053278 -0.665556 
2456004.737920 -0.251353 
2456006.422562 0.080266 
2456008.107203 0.294780 
2456009.791845 0.393555 
2456011.476487 0.404068 
2456013.161129 0.362056 
2456014.845771 0.294171 
2456016.530413 0.208604 
2456018.215055 0.096959 
2456019.899697 -0.054604 
2456021.584339 -0.250935 
2456023.268981 -0.477287 
2456024.953623 -0.697627 
2456026.638265 -0.862932 
2456028.322907 -0.926289 
2456030.007549 -0.858959 
2456031.692191 -0.661407 
2456033.376833 -0.365437 
2456035.061475 -0.026990 
2456036.746117 0.287709 
2456038.430759 0.518102 
2456040.115401 0.622783 
2456041.800043 0.587273 
2456043.484685 0.424943 
2456045.169327 0.171747 
2456046.853969 -0.123301 
2456048.538611 -0.409480 
2456050.223253 -0.645077 
2456051.907894 -0.805290 
2456053.592536 -0.885553 
2456055.277178 -0.899349 
2456056.961820 -0.870840 
2456058.646462 -0.824188 
2456060.331104 -0.772960 
2456062.015746 -0.713590 
2456063.700388 -0.626082 
2456065.385030 -0.482797 
2456067.069672 -0.262925 
2456068.754314 0.032650 
2456070.438956 0.372540 
2456072.123598 0.697148 
2456073.808240 0.933248 
2456075.492882 1.017060 
2456077.177524 0.917886 
2456078.862166 0.653100 
2456080.546808 0.287589 
2456082.231450 -0.083679 
2456083.916092 -0.364787 
2456085.600734 -0.489471 
2456087.285376 -0.441846 
2456088.970018 -0.259276 
2456090.654660 -0.016251 
2456092.339302 0.204396 
2456094.023944 0.341483 
2456095.708586 0.374848 
2456097.393227 0.326773 
2456099.077869 0.245848 
2456100.762511 0.181118 
2456102.447153 0.158459 
2456104.131795 0.169903 
2456105.816437 0.180569 
2456107.501079 0.149622 
2456109.185721 0.054993 
2456110.870363 -0.090500 
2456112.555005 -0.240227 
2456114.239647 -0.332695 
2456115.924289 -0.320347 
2456117.608931 -0.194811 
2456119.293573 0.004097 
2456120.978215 0.201615 
2456122.662857 0.319413 
2456124.347499 0.312096 
2456126.032141 0.192195 
2456127.716783 0.030843 
2456129.401425 -0.068693 
2456131.086067 -0.015349 
2456132.770709 0.225728 
2456134.455351 0.609174 
2456136.139993 1.017980 
2456137.824635 1.304031 
2456139.509277 1.346152 
2456141.193918 1.102599 
2456142.878560 0.635667 
2456144.563202 0.096311 
2456146.247844 -0.327442 
2456147.932486 -0.479498 
2456149.617128 -0.295397 
2456151.301770 0.171133 
2456152.986412 0.765915 
2456154.671054 1.289978 
2456156.355696 1.571571 
2456158.040338 1.526490 
2456159.724980 1.183577 
2456161.409622 0.666584 
2456163.094264 0.141343 
2456164.778906 -0.249054 
2456166.463548 -0.434368 
2456168.148190 -0.433160 
2456169.832832 -0.330378 
2456171.517474 -0.229010 
2456173.202116 -0.198873 
2456174.886758 -0.245897 
2456176.571400 -0.315096 
2456178.256042 -0.324498 
2456179.940684 -0.212872 
2456181.625326 0.022380 
2456183.309968 0.316279 
2456184.994610 0.561853 
2456186.679251 0.659414 
2456188.363893 0.566837 
2456190.048535 0.326522 
2456191.733177 0.054378 
2456193.417819 -0.106922 
2456195.102461 -0.051395 
2456196.787103 0.238047 
2456198.471745 0.673340 
2456200.156387 1.091101 
2456201.841029 1.318753 
2456203.525671 1.250482 
2456205.210313 0.900592 
2456206.894955 0.409649 
2456208.579597 -0.002405 
2456210.264239 -0.119854 
2456211.948881 0.180907 
2456213.633523 0.874773 
2456215.318165 1.786659 
2456217.002807 2.647831 
2456218.687449 3.189120 
2456220.372091 3.235364 
2456222.056733 2.764942 
2456223.741375 1.912284 
2456225.426017 0.914025 
2456227.110659 0.021566 
2456228.795301 -0.584865 
2456230.479943 -0.847754 
2456232.164584 -0.832108 
2456233.849226 -0.678138 
2456235.533868 -0.530400 
2456237.218510 -0.475205 
2456238.903152 -0.512325 
2456240.587794 -0.570368 
2456242.272436 -0.555250 
2456243.957078 -0.406747 
2456245.641720 -0.135470 
2456247.326362 0.177385 
2456249.011004 0.417218 
2456250.695646 0.492248 
2456252.380288 0.381612 
2456254.064930 0.151484 
2456255.749572 -0.070129 
2456257.434214 -0.150079 
2456259.118856 -0.013229 
2456260.803498 0.317219 
2456262.488140 0.722483 
2456264.172782 1.035741 
2456265.857424 1.116042 
2456267.542066 0.917274 
2456269.226708 0.521284 
2456270.911350 0.118053 
2456272.595992 -0.062357 
2456274.280634 0.159265 
2456275.965275 0.833482 
2456277.649917 1.849624 
2456279.334559 2.963147 
2456281.019201 3.874117 
2456282.703843 4.327692 
2456284.388485 4.198821 
2456286.073127 3.529812 
2456287.757769 2.508179 
2456289.442411 1.395502 
2456291.127053 0.436378 
2456292.811695 -0.217342 
2456294.496337 -0.539968 
2456296.180979 -0.614562 
2456297.865621 -0.577044 
2456299.550263 -0.548699 
2456301.234905 -0.586320 
2456302.919547 -0.669225 
2456304.604189 -0.724764 
2456306.288831 -0.676818 
2456307.973473 -0.492466 
2456309.658115 -0.204305 
2456311.342757 0.101653 
2456313.027399 0.325994 
2456314.712041 0.404063 
2456316.396683 0.338728 
2456318.081325 0.201342 
2456319.765967 0.099363 
2456321.450608 0.124853 
2456323.135250 0.307551 
2456324.819892 0.595012 
2456326.504534 0.870765 
2456328.189176 1.004588 
2456329.873818 0.914140 
2456331.558460 0.611042 
2456333.243102 0.209928 
2456334.927744 -0.106086 
2456336.612386 -0.151840 
2456338.297028 0.187015 
2456339.981670 0.903749 
2456341.666312 1.863477 
2456343.350954 2.843012 
2456345.035596 3.602956 
2456346.720238 3.964901 
2456348.404880 3.865152 
2456350.089522 3.366250 
2456351.774164 2.624519 
2456353.458806 1.828798 
2456355.143448 1.135591 
2456356.828090 0.625298 
2456358.512732 0.293794 
2456360.197374 0.078170 
2456361.882016 -0.098385 
2456363.566658 -0.284029 
2456365.251299 -0.476441 
2456366.935941 -0.629304 
2456368.620583 -0.681374 
2456370.305225 -0.592497 
2456371.989867 -0.368675 
2456373.674509 -0.064259 
2456375.359151 0.239407 
2456377.043793 0.468434 
2456378.728435 0.587438 
2456380.413077 0.612465 
2456382.097719 0.599654 
2456383.782361 0.614905 
2456385.467003 0.698787 
2456387.151645 0.843355 
2456388.836287 0.992327 
2456390.520929 1.065524 
2456392.205571 0.997337 
2456393.890213 0.772212 
2456395.574855 0.440864 
2456397.259497 0.108876 
2456398.944139 -0.098975 
2456400.628781 -0.084775 
2456402.313423 0.184576 
2456403.998065 0.662919 
2456405.682707 1.239718 
2456407.367349 1.778145 
2456409.051991 2.161099 
2456410.736632 2.327165 
2456412.421274 2.283342 
2456414.105916 2.091375 
2456415.790558 1.835401 
2456417.475200 1.585724 
2456419.159842 1.374019 
2456420.844484 1.189262 
2456422.529126 0.994106 
2456424.213768 0.752463 
2456425.898410 0.454757 
2456427.583052 0.129138 
2456429.267694 -0.166089 
2456430.952336 -0.364813 
2456432.636978 -0.419722 
2456434.321620 -0.321111 
2456436.006262 -0.099859 
2456437.690904 0.186047 
2456439.375546 0.474593 
2456441.060188 0.721652 
2456442.744830 0.912041 
2456444.429472 1.055689 
2456446.114114 1.172092 
2456447.798756 1.271821 
2456449.483398 1.345014 
2456451.168040 1.363158 
2456452.852682 1.293694 
2456454.537324 1.120409 
2456456.221965 0.859232 
2456457.906607 0.560682 
2456459.591249 0.296139 
2456461.275891 0.132662 
2456462.960533 0.106772 
2456464.645175 0.208810 
2456466.329817 0.385368 
2456468.014459 0.559736 
2456469.699101 0.662383 
2456471.383743 0.658939 
2456473.068385 0.563849 
2456474.753027 0.433759 
2456476.437669 0.343187 
2456478.122311 0.352523 
2456479.806953 0.481660 
2456481.491595 0.700161 
2456483.176237 0.937935 
2456484.860879 1.111828 
2456486.545521 1.157138 
2456488.230163 1.051339 
2456489.914805 0.820993 
2456491.599447 0.530124 
2456493.284089 0.255963 
2456494.968731 0.062711 
2456496.653373 -0.016155 
2456498.338015 0.018861 
2456500.022656 0.143471 
2456501.707298 0.326374 
2456503.391940 0.543467 
2456505.076582 0.782603 
2456506.761224 1.037532 
2456508.445866 1.295694 
2456510.130508 1.528104 
2456511.815150 1.688879 
2456513.499792 1.727213 
2456515.184434 1.608071 
2456516.869076 1.332593 
2456518.553718 0.947910 
2456520.238360 0.539643 
2456521.923002 0.207450 
2456523.607644 0.031618 
2456525.292286 0.043419 
2456526.976928 0.211502 
2456528.661570 0.450892 
2456530.346212 0.652354 
2456532.030854 0.721661 
2456533.715496 0.614022 
2456535.400138 0.350560 
2456537.084780 0.010577 
2456538.769422 -0.297262 
2456540.454064 -0.473653 
2456542.138706 -0.462607 
2456543.823348 -0.268334 
2456545.507989 0.050117 
2456547.192631 0.402858 
2456548.877273 0.701294 
2456550.561915 0.885712 
2456552.246557 0.938662 
2456553.931199 0.881183 
2456555.615841 0.756247 
2456557.300483 0.608444 
2456558.985125 0.469309 
2456560.669767 0.353688 
2456562.354409 0.266504 
2456564.039051 0.214003 
2456565.723693 0.211560 
2456567.408335 0.282272 
2456569.092977 0.445754 
2456570.777619 0.702199 
2456572.462261 1.020175 
2456574.146903 1.335931 
2456575.831545 1.567395 
2456577.516187 1.639476 
2456579.200829 1.511641 
2456580.885471 1.196680 
2456582.570113 0.762188 
2456584.254755 0.312672 
2456585.939397 -0.042239 
2456587.624039 -0.222345 
2456589.308680 -0.201729 
2456590.993322 -0.015019 
2456592.677964 0.256833 
2456594.362606 0.515483 
2456596.047248 0.677901 
2456597.731890 0.701124 
2456599.416532 0.591075 
2456601.101174 0.394026 
2456602.785816 0.175852 
2456604.470458 -0.001795 
2456606.155100 -0.099349 
2456607.839742 -0.105786 
2456609.524384 -0.033691 
2456611.209026 0.092380 
2456612.893668 0.247566 
2456614.578310 0.412993 
2456616.262952 0.574996 
2456617.947594 0.719735 
2456619.632236 0.828130 
2456621.316878 0.875824 
2456623.001520 0.839967 
2456624.686162 0.710606 
2456626.370804 0.501326 
2456628.055446 0.253125 
2456629.740088 0.027805 
2456631.424730 -0.108500 
2456633.109372 -0.106550 
2456634.794013 0.047717 
2456636.478655 0.325076 
2456638.163297 0.658798 
2456639.847939 0.962933 
2456641.532581 1.157078 
2456643.217223 1.189301 
2456644.901865 1.049809 
2456646.586507 0.771551 
2456648.271149 0.418691 
2456649.955791 0.067892 
2456651.640433 -0.211005 
2456653.325075 -0.369241 
2456655.009717 -0.385592 
2456656.694359 -0.265546 
2456658.379001 -0.036004 
2456660.063643 0.261326 
2456661.748285 0.575967 
2456663.432927 0.854185 
2456665.117569 1.045334 
2456666.802211 1.110171 
2456668.486853 1.030651 
2456670.171495 0.818484 
2456671.856137 0.518384 
2456673.540779 0.202416 
2456675.225421 -0.045513 
2456676.910063 -0.152100 
2456678.594705 -0.077586 
2456680.279346 0.168705 
2456681.963988 0.526607 
2456683.648630 0.899248 
2456685.333272 1.179654 
2456687.017914 1.281794 
2456688.702556 1.166089 
2456690.387198 0.851110 
2456692.071840 0.407895 
2456693.756482 -0.060817 
2456695.441124 -0.449229 
2456697.125766 -0.675773 
2456698.810408 -0.701122 
2456700.495050 -0.533034 
2456702.179692 -0.218903 
2456703.864334 0.169398 
2456705.548976 0.552545 
2456707.233618 0.858097 
2456708.918260 1.030287 
2456710.602902 1.036042 
2456712.287544 0.869077 
2456713.972186 0.553076 
2456715.656828 0.142899 
2456717.341470 -0.279073 
2456719.026112 -0.614454 
2456720.710754 -0.768997 
2456722.395396 -0.678148 
2456724.080037 -0.330850 
2456725.764679 0.217493 
2456727.449321 0.850253 
2456729.133963 1.415144 
2456730.818605 1.764990 
2456732.503247 1.802065 
2456734.187889 1.511450 
2456735.872531 0.971038 
2456737.557173 0.332914 
2456739.241815 -0.219624 
2456740.926457 -0.526440 
2456742.611099 -0.498975 
2456744.295741 -0.146939 
2456745.980383 0.425279 
2456747.665025 1.050880 
2456749.349667 1.550536 
2456751.034309 1.783495 
2456752.718951 1.684127 
2456754.403593 1.274061 
2456756.088235 0.648907 
2456757.772877 -0.053183 
2456759.457519 -0.689185 
2456761.142161 -1.143323 
2456762.826803 -1.346159 
2456764.511445 -1.279286 
2456766.196087 -0.969393 
2456767.880729 -0.477615 
2456769.565370 0.111172 
2456771.250012 0.697795 
2456772.934654 1.178888 
2456774.619296 1.460584 
2456776.303938 1.476866 
2456777.988580 1.209558 
2456779.673222 0.703105 
2456781.357864 0.065870 
2456783.042506 -0.547688 
2456784.727148 -0.973293 
2456786.411790 -1.083252 
2456788.096432 -0.828748 
2456789.781074 -0.262634 
2456791.465716 0.467840 
2456793.150358 1.159434 
2456794.835000 1.612415 
2456796.519642 1.692743 
2456798.204284 1.376304 
2456799.888926 0.759568 
2456801.573568 0.032037 
2456803.258210 -0.581303 
2456804.942852 -0.888999 
2456806.627494 -0.791292 
2456808.312136 -0.308957 
2456809.996778 0.425421 
2456811.681420 1.209388 
2456813.366061 1.830890 
2456815.050703 2.127152 
2456816.735345 2.024640 
2456818.419987 1.550427 
2456820.104629 0.815437 
2456821.789271 -0.021307 
2456823.473913 -0.794112 
2456825.158555 -1.365506 
2456826.843197 -1.647419 
2456828.527839 -1.607858 
2456830.212481 -1.267004 
2456831.897123 -0.688268 
2456833.581765 0.031911 
2456835.266407 0.774925 
2456836.951049 1.413552 
2456838.635691 1.830378 
2456840.320333 1.940686 
2456842.004975 1.715348 
2456843.689617 1.195975 
2456845.374259 0.494284 
2456847.058901 -0.228748 
2456848.743543 -0.801645 
2456850.428185 -1.089502 
2456852.112827 -1.034900 
2456853.797469 -0.678271 
2456855.482111 -0.148853 
2456857.166753 0.373092 
2456858.851394 0.712073 
2456860.536036 0.753500 
2456862.220678 0.481521 
2456863.905320 -0.014475 
2456865.589962 -0.567372 
2456867.274604 -0.985098 
2456868.959246 -1.111443 
2456870.643888 -0.875211 
2456872.328530 -0.312260 
2456874.013172 0.445683 
2456875.697814 1.210525 
2456877.382456 1.792042 
2456879.067098 2.049546 
2456880.751740 1.926041 
2456882.436382 1.456816 
2456884.121024 0.753165 
2456885.805666 -0.030816 
2456887.490308 -0.736783 
2456889.174950 -1.235235 
2456890.859592 -1.446377 
2456892.544234 -1.347209 
2456894.228876 -0.967471 
2456895.913518 -0.378934 
2456897.598160 0.318100 
2456899.282802 1.009213 
2456900.967444 1.581112 
2456902.652086 1.938060 
2456904.336727 2.018601 
2456906.021369 1.809609 
2456907.706011 1.353069 
2456909.390653 0.741284 
2456911.075295 0.098755 
2456912.759937 -0.446642 
2456914.444579 -0.796204 
2456916.129221 -0.907026 
2456917.813863 -0.803694 
2456919.498505 -0.570072 
2456921.183147 -0.322512 
2456922.867789 -0.172228 
2456924.552431 -0.188700 
2456926.237073 -0.376153 
2456927.921715 -0.671189 
2456929.606357 -0.962726 
2456931.290999 -1.128019 
2456932.975641 -1.073150 
2456934.660283 -0.764920 
2456936.344925 -0.244017 
2456938.029567 0.384513 
2456939.714209 0.980133 
2456941.398851 1.405756 
2456943.083493 1.564852 
2456944.768135 1.426049 
2456946.452777 1.029051 
2456948.137418 0.471665 
2456949.822060 -0.116843 
2456951.506702 -0.607636 
2456953.191344 -0.900698 
2456954.875986 -0.943248 
2456956.560628 -0.735434 
2456958.245270 -0.324288 
2456959.929912 0.210471 
2456961.614554 0.774231 
2456963.299196 1.274830 
2456964.983838 1.636797 
2456966.668480 1.811219 
2456968.353122 1.780937 
2456970.037764 1.561134 
2456971.722406 1.195377 
2456973.407048 0.747315 
2456975.091690 0.288740 
2456976.776332 -0.114328 
2456978.460974 -0.414899 
2456980.145616 -0.594364 
2456981.830258 -0.665132 
2456983.514900 -0.665129 
2456985.199542 -0.645061 
2456986.884184 -0.651623 
2456988.568826 -0.711536 
2456990.253468 -0.821476 
2456991.938110 -0.947499 
2456993.622751 -1.034833 
2456995.307393 -1.025554 
2456996.992035 -0.878973 
2456998.676677 -0.588301 
2457000.361319 -0.187966 
2457002.045961 0.251425 
2457003.730603 0.639751 
2457005.415245 0.891243 
2457007.099887 0.948747 
2457008.784529 0.801142 
2457010.469171 0.488558 
2457012.153813 0.093542 
2457013.838455 -0.279533 
2457015.523097 -0.531050 
2457017.207739 -0.591252 
2457018.892381 -0.436933 
2457020.577023 -0.095406 
2457022.261665 0.364746 
2457023.946307 0.852785 
2457025.630949 1.278875 
2457027.315591 1.574445 
2457029.000233 1.704633 
2457030.684875 1.670455 
2457032.369517 1.501630 
2457034.054159 1.243643 
2457035.738801 0.943791 
2457037.423442 0.640416 
2457039.108084 0.357707 
2457040.792726 0.106110 
2457042.477368 -0.113511 
2457044.162010 -0.304621 
2457045.846652 -0.470961 
2457047.531294 -0.614684 
2457049.215936 -0.736315 
2457050.900578 -0.835247 
2457052.585220 -0.909593 
2457054.269862 -0.955049 
2457055.954504 -0.963586 
2457057.639146 -0.923559 
2457059.323788 -0.822561 
2457061.008430 -0.653222 
2457062.693072 -0.420364 
2457064.377714 -0.146520 
2457066.062356 0.127515 
2457067.746998 0.349210 
2457069.431640 0.467504 
2457071.116282 0.449364 
2457072.800924 0.294229 
2457074.485566 0.040579 
2457076.170208 -0.239181 
2457077.854850 -0.455600 
2457079.539492 -0.526640 
2457081.224134 -0.402352 
2457082.908775 -0.081643 
2457084.593417 0.384882 
2457086.278059 0.907579 
2457087.962701 1.382285 
2457089.647343 1.718954 
2457091.331985 1.865195 
2457093.016627 1.817301 
2457094.701269 1.615759 
2457096.385911 1.327655 
2457098.070553 1.022810 
2457099.755195 0.752251 
2457101.439837 0.536220 
2457103.124479 0.364909 
2457104.809121 0.210180 
2457106.493763 0.042544 
2457108.178405 -0.153751 
2457109.863047 -0.373308 
2457111.547689 -0.591950 
2457113.232331 -0.776848 
2457114.916973 -0.899359 
2457116.601615 -0.944893 
2457118.286257 -0.916016 
2457119.970899 -0.828326 
2457121.655541 -0.702057 
2457123.340183 -0.554045 
2457125.024825 -0.394193 
2457126.709467 -0.227901 
2457128.394108 -0.062636 
2457130.078750 0.085719 
2457131.763392 0.191393 
2457133.448034 0.224728 
2457135.132676 0.164523 
2457136.817318 0.011984 
2457138.501960 -0.200295 
2457140.186602 -0.409880 
2457141.871244 -0.538412 
2457143.555886 -0.514680 
2457145.240528 -0.299367 
2457146.925170 0.097677 
2457148.609812 0.614860 
2457150.294454 1.153235 
2457151.979096 1.603904 
2457153.663738 1.879495 
2457155.348380 1.938901 
2457157.033022 1.796754 
2457158.717664 1.514524 
2457160.402306 1.176893 
2457162.086948 0.862314 
2457163.771590 0.618549 
2457165.456232 0.451751 
2457167.140874 0.332151 
2457168.825516 0.212969 
2457170.510158 0.054286 
2457172.194799 -0.157912 
2457173.879441 -0.404805 
2457175.564083 -0.642004 
2457177.248725 -0.817259 
2457178.933367 -0.890843 
2457180.618009 -0.850224 
2457182.302651 -0.713442 
2457183.987293 -0.520674 
2457185.671935 -0.318364 
2457187.356577 -0.143168 
2457189.041219 -0.012442 
2457190.725861 0.075338 
2457192.410503 0.131667 
2457194.095145 0.165901 
2457195.779787 0.176657 
2457197.464429 0.151507 
2457199.149071 0.075615 
2457200.833713 -0.054708 
2457202.518355 -0.220464 
2457204.202997 -0.377138 
2457205.887639 -0.463875 
2457207.572281 -0.422696 
2457209.256923 -0.220967 
2457210.941565 0.131882 
2457212.626207 0.580939 
2457214.310849 1.038421 
2457215.995491 1.408821 
2457217.680132 1.617959 
2457219.364774 1.635373 
2457221.049416 1.481756 
2457222.734058 1.218716 
2457224.418700 0.924875 
2457226.103342 0.667559 
2457227.787984 0.480870 
2457229.472626 0.358276 
2457231.157268 0.261936 
2457232.841910 0.144309 
2457234.526552 -0.027197 
2457236.211194 -0.252774 
2457237.895836 -0.497051 
2457239.580478 -0.701328 
2457241.265120 -0.806039 
2457242.949762 -0.774219 
2457244.634404 -0.606513 
2457246.319046 -0.341941 
2457248.003688 -0.044454 
2457249.688330 0.218937 
2457251.372972 0.399605 
2457253.057614 0.480052 
2457254.742256 0.473728 
2457256.426898 0.413234 
2457258.111540 0.333022 
2457259.796182 0.254622 
2457261.480823 0.180778 
2457263.165465 0.100511 
2457264.850107 0.001950 
2457266.534749 -0.113871 
2457268.219391 -0.225529 
2457269.904033 -0.294492 
2457271.588675 -0.278624 
2457273.273317 -0.150541 
2457274.957959 0.087195 
2457276.642601 0.397177 
2457278.327243 0.715641 
2457280.011885 0.971851 
2457281.696527 1.111205 
2457283.381169 1.113034 
2457285.065811 0.995992 
2457286.750453 0.808839 
2457288.435095 0.610337 
2457290.119737 0.446405 
2457291.804379 0.333813 
2457293.489021 0.256964 
2457295.173663 0.178892 
2457296.858305 0.061684 
2457298.542947 -0.112428 
2457300.227589 -0.328359 
2457301.912231 -0.539526 
2457303.596873 -0.683122 
2457305.281515 -0.703471 
2457306.966156 -0.574217 
2457308.650798 -0.310523 
2457310.335440 0.033631 
2457312.020082 0.382056 
2457313.704724 0.660493 
2457315.389366 0.819153 
2457317.074008 0.845445 
2457318.758650 0.762878 
2457320.443292 0.617629 
2457322.127934 0.459038 
2457323.812576 0.322175 
2457325.497218 0.219149 
2457327.181860 0.141678 
2457328.866502 0.072458 
2457330.551144 -0.000734 
2457332.235786 -0.075109 
2457333.920428 -0.131751 
2457335.605070 -0.143750 
2457337.289712 -0.089687 
2457338.974354 0.033899 
2457340.658996 0.207055 
2457342.343638 0.390872 
2457344.028280 0.540359 
2457345.712922 0.620483 
2457347.397564 0.618604 
2457349.082206 0.547994 
2457350.766848 0.440901 
2457352.451489 0.334103 
2457354.136131 0.253143 
2457355.820773 0.202070 
2457357.505415 0.163197 
2457359.190057 0.107102 
2457360.874699 0.008672 
2457362.559341 -0.137734 
2457364.243983 -0.310771 
2457365.928625 -0.465950 
2457367.613267 -0.549942 
2457369.297909 -0.520077 
2457370.982551 -0.361486 
2457372.667193 -0.095117 
2457374.351835 0.226691 
2457376.036477 0.535641 
2457377.721119 0.768247 
2457379.405761 0.884428 
2457381.090403 0.877402 
2457382.775045 0.771898 
2457384.459687 0.612206 
2457386.144329 0.445273 
2457387.828971 0.305504 
2457389.513613 0.206676 
2457391.198255 0.143104 
2457392.882897 0.098282 
2457394.567539 0.056400 
2457396.252180 0.011382 
2457397.936822 -0.030327 
2457399.621464 -0.053910 
2457401.306106 -0.044815 
2457402.990748 0.002511 
2457404.675390 0.080013 
2457406.360032 0.167751 
2457408.044674 0.241207 
2457409.729316 0.280870 
2457411.413958 0.279754 
2457413.098600 0.245481 
2457414.783242 0.195956 
2457416.467884 0.150602 
2457418.152526 0.121094 
2457419.837168 0.105853 
2457421.521810 0.090931 
2457423.206452 0.057123 
2457424.891094 -0.009639 
2457426.575736 -0.109138 
2457428.260378 -0.223168 
2457429.945020 -0.319340 
2457431.629662 -0.361396 
2457433.314304 -0.322313 
2457434.998946 -0.195189 
2457436.683588 0.002362 
2457438.368230 0.232183 
2457440.052872 0.446603 
2457441.737513 0.602608 
2457443.422155 0.674133 
2457445.106797 0.658278 
2457446.791439 0.573673 
2457448.476081 0.452147 
2457450.160723 0.327201 
2457451.845365 0.223662 
2457453.530007 0.152054 
2457455.214649 0.109050 
2457456.899291 0.082938 
2457458.583933 0.061180 
2457460.268575 0.036670 
2457461.953217 0.010267 
2457463.637859 -0.010993 
2457465.322501 -0.018641 
2457467.007143 -0.007951 
2457468.691785 0.018973 
2457470.376427 0.053570 
2457472.061069 0.084341 
2457473.745711 0.101769 
2457475.430353 0.102261 
2457477.114995 0.089279 
2457478.799637 0.071142 
2457480.484279 0.056546 
2457482.168921 0.049929 
2457483.853563 0.048916 
2457485.538204 0.045141 
2457487.222846 0.028286 
2457488.907488 -0.008370 
2457490.592130 -0.063303 
2457492.276772 -0.125204 
2457493.961414 -0.175489 
2457495.646056 -0.194190 
2457497.330698 -0.167109 
2457499.015340 -0.091521 
2457500.699982 0.021793 
2457502.384624 0.151073 
2457504.069266 0.269828 
2457505.753908 0.354604 
2457507.438550 0.391579 
2457509.123192 0.379757 
2457510.807834 0.329911 
2457512.492476 0.259939 
2457514.177118 0.188560 
2457515.861760 0.129690 
2457517.546402 0.089346 
2457519.231044 0.065825 
2457520.915686 0.052569 
2457522.600328 0.042208 
2457524.284970 0.030016 
2457525.969612 0.015484 
2457527.654254 0.001659 
2457529.338896 -0.007114 
2457531.023537 -0.007814 
2457532.708179 -0.000461 
2457534.392821 0.011780 
2457536.077463 0.024054 
2457537.762105 0.032016 
2457539.446747 0.033702 
2457541.131389 0.030177 
2457542.816031 0.024690 
2457544.500673 0.020767 
2457546.185315 0.020179 
2457547.869957 0.021790 
2457549.554599 0.021875 
2457551.239241 0.015855 
2457552.923883 0.000708 
2457554.608525 -0.022988 
2457556.293167 -0.050357 
2457557.977809 -0.073296 
2457559.662451 -0.083016 
2457561.347093 -0.073151 
2457563.031735 -0.042257 
2457564.716377 0.005268 
2457566.401019 0.060223 
2457568.085661 0.111272 
2457569.770303 0.148284 
2457571.454945 0.165193 
2457573.139587 0.161419 
2457574.824229 0.141465 
2457576.508870 0.112945 
2457578.193512 0.083877 
2457579.878154 0.060219 
2457581.562796 0.044488 
2457583.247438 0.035783 
2457584.932080 0.031024 
2457586.616722 0.026755 
2457588.301364 0.020741 
2457589.986006 0.012769 
2457591.670648 0.004437 
2457593.355290 -0.001850 
2457595.039932 -0.004143 
2457596.724574 -0.001912 
2457598.409216 0.003701 
2457600.093858 0.010390 
2457601.778500 0.015682 
2457603.463142 0.017964 
2457605.147784 0.017078 
2457606.832426 0.014256 
2457608.517068 0.011434 
2457610.201710 0.010276 
2457611.886352 0.011337 
2457613.570994 0.013742 
2457615.255636 0.015512 
2457616.940278 0.014425 
2457618.624920 0.009033 
2457620.309561 -0.000577 
2457621.994203 -0.012601 
2457623.678845 -0.024020 
2457625.363487 -0.031593 
2457627.048129 -0.032978 
2457628.732771 -0.027548 
2457630.417413 -0.016603 
2457632.102055 -0.002897 
2457633.786697 0.010333 
2457635.471339 0.020455 
2457637.155981 0.026257 
2457638.840623 0.028179 
2457640.525265 0.027915 
2457642.209907 0.027554 
2457643.894549 0.028633 
2457645.579191 0.031474 
2457647.263833 0.035074 
2457648.948475 0.037575 
2457650.633117 0.037131 
2457652.317759 0.032785 
2457654.002401 0.025007 
2457655.687043 0.015642 
2457657.371685 0.007283 
2457659.056327 0.002288 
2457660.740969 0.001861 
2457662.425611 0.005547 
2457664.110253 0.011390 
2457665.794894 0.016701 
2457667.479536 0.019151 
2457669.164178 0.017754 
2457670.848820 0.013334 
2457672.533462 0.008249 
2457674.218104 0.005457 
2457675.902746 0.007249 
2457677.587388 0.014152 
2457679.272030 0.024445 
2457680.956672 0.034523 
2457682.641314 0.040002 
2457684.325956 0.037207 
2457686.010598 0.024492 
2457687.695240 0.002909 
2457689.379882 -0.024012 
2457691.064524 -0.051280 
2457692.749166 -0.073888 
2457694.433808 -0.088149 
2457696.118450 -0.092473 
2457697.803092 -0.087361 
2457699.487734 -0.074732 
2457701.172376 -0.056937 
2457702.857018 -0.035930 
2457704.541660 -0.012934 
2457706.226302 0.011308 
2457707.910944 0.035903 
2457709.595585 0.059214 
2457711.280227 0.078676 
2457712.964869 0.091269 
2457714.649511 0.094498 
2457716.334153 0.087508 
2457718.018795 0.071815 
2457719.703437 0.051218 
2457721.388079 0.030823 
2457723.072721 0.015443 
2457724.757363 0.007968 
2457726.442005 0.008379 
2457728.126647 0.013837 
2457729.811289 0.019890 
2457731.495931 0.022367 
2457733.180573 0.019211 
2457734.865215 0.011487 
2457736.549857 0.003082 
2457738.234499 -0.000843 
2457739.919141 0.003890 
2457741.603783 0.018412 
2457743.288425 0.039775 
2457744.973067 0.061444 
2457746.657709 0.075210 
2457748.342351 0.073876 
2457750.026993 0.053737 
2457751.711635 0.015961 
2457753.396277 -0.033624 
2457755.080918 -0.086209 
2457756.765560 -0.132509 
2457758.450202 -0.165144 
2457760.134844 -0.180105 
2457761.819486 -0.176902 
2457763.504128 -0.157591 
2457765.188770 -0.125294 
2457766.873412 -0.082977 
2457768.558054 -0.033051 
2457770.242696 0.022146 
2457771.927338 0.079369 
2457773.611980 0.133717 
2457775.296622 0.178743 
2457776.981264 0.207679 
2457778.665906 0.215458 
2457780.350548 0.200749 
2457782.035190 0.167081 
2457783.719832 0.122401 
2457785.404474 0.076994 
2457787.089116 0.040414 
2457788.773758 0.018523 
2457790.458400 0.011792 
2457792.143042 0.015582 
2457793.827684 0.022352 
2457795.512326 0.024955 
2457797.196968 0.019725 
2457798.881610 0.008070 
2457800.566251 -0.004105 
2457802.250893 -0.008990 
2457803.935535 -0.000453 
2457805.620177 0.022827 
2457807.304819 0.055970 
2457808.989461 0.088902 
2457810.674103 0.109440 
2457812.358745 0.107332 
2457814.043387 0.077761 
2457815.728029 0.023027 
2457817.412671 -0.048140 
2457819.097313 -0.123253 
2457820.781955 -0.189631 
2457822.466597 -0.237481 
2457824.151239 -0.261470 
2457825.835881 -0.260478 
2457827.520523 -0.236037 
2457829.205165 -0.190502 
2457830.889807 -0.125987 
2457832.574449 -0.044639 
2457834.259091 0.049978 
2457835.943733 0.151265 
2457837.628375 0.248893 
2457839.313017 0.329830 
2457840.997659 0.381181 
2457842.682301 0.393973 
2457844.366942 0.366490 
2457846.051584 0.305672 
2457847.736226 0.225774 
2457849.420868 0.144480 
2457851.105510 0.077734 
2457852.790152 0.035121 
2457854.474794 0.017505 
2457856.159436 0.017833 
2457857.844078 0.024738 
2457859.528720 0.027549 
2457861.213362 0.020681 
2457862.898004 0.005691 
2457864.582646 -0.009799 
2457866.267288 -0.015835 
2457867.951930 -0.004939 
2457869.636572 0.023986 
2457871.321214 0.064277 
2457873.005856 0.103253 
2457874.690498 0.126380 
2457876.375140 0.122240 
2457878.059782 0.086385 
2457879.744424 0.022683 
2457881.429066 -0.058187 
2457883.113708 -0.142271 
2457884.798350 -0.216366 
2457886.482992 -0.270926 
2457888.167634 -0.300911 
2457889.852275 -0.304655 
2457891.536917 -0.281780 
2457893.221559 -0.231569 
2457894.906201 -0.152894 
2457896.590843 -0.045955 
2457898.275485 0.084999 
2457899.960127 0.229457 
2457901.644769 0.370458 
2457903.329411 0.487191 
2457905.014053 0.559968 
2457906.698695 0.575998 
2457908.383337 0.533819 
2457910.067979 0.444544 
2457911.752621 0.329162 
2457913.437263 0.212606 
2457915.121905 0.116577 
2457916.806547 0.053638 
2457918.491189 0.024642 
2457920.175831 0.020312 
2457921.860473 0.026201 
2457923.545115 0.028991 
2457925.229757 0.021660 
2457926.914399 0.005567 
2457928.599041 -0.011172 
2457930.283683 -0.018145 
2457931.968325 -0.007946 
2457933.652966 0.019922 
2457935.337608 0.058139 
2457937.022250 0.093922 
2457938.706892 0.113598 
2457940.391534 0.107449 
2457942.076176 0.072916 
2457943.760818 0.015011 
2457945.445460 -0.055948 
2457947.130102 -0.128070 
2457948.814744 -0.191351 
2457950.499386 -0.239430 
2457952.184028 -0.269133 
2457953.868670 -0.278443 
2457955.553312 -0.264325 
2457957.237954 -0.221923 
2457958.922596 -0.145953 
2457960.607238 -0.033977 
2457962.291880 0.109843 
2457963.976522 0.272427 
2457965.661164 0.432423 
2457967.345806 0.564277 
2457969.030448 0.644724 
2457970.715090 0.659580 
2457972.399732 0.608369 
2457974.084374 0.504940 
2457975.769016 0.373655 
2457977.453658 0.242338 
2457979.138299 0.134398 
2457980.822941 0.062829 
2457982.507583 0.028051 
2457984.192225 0.020107 
2457985.876867 0.024081 
2457987.561509 0.026496 
2457989.246151 0.020205 
2457990.930793 0.006079 
2457992.615435 -0.008854 
2457994.300077 -0.015708 
2457995.984719 -0.008478 
2457997.669361 0.012805 
2457999.354003 0.041732 
2458001.038645 0.067942 
2458002.723287 0.081120 
2458004.407929 0.074789 
2458006.092571 0.048348 
2458007.777213 0.006666 
2458009.461855 -0.042317 
2458011.146497 -0.090696 
2458012.831139 -0.132913 
2458014.515781 -0.166273 
2458016.200423 -0.189616 
2458017.885065 -0.201056 
2458019.569707 -0.196235 
2458021.254349 -0.168324 
2458022.938991 -0.110197 
2458024.623632 -0.018119 
2458026.308274 0.104595 
2458027.992916 0.245717 
2458029.677558 0.385264 
2458031.362200 0.499750 
2458033.046842 0.568369 
2458034.731484 0.579035 
2458036.416126 0.532119 
2458038.100768 0.440483 
2458039.785410 0.325698 
2458041.470052 0.211725 
2458043.154694 0.118232 
2458044.839336 0.055799 
2458046.523978 0.024481 
2458048.208620 0.015934 
2458049.893262 0.017995 
2458051.577904 0.019807 
2458053.262546 0.015550 
2458054.947188 0.005562 
2458056.631830 -0.005249 
2458058.316472 -0.010695 
2458060.001114 -0.006742 
2458061.685756 0.006384 
2458063.370398 0.024200 
2458065.055040 0.039867 
2458066.739682 0.047008 
2458068.424323 0.042138 
2458070.108965 0.025695 
2458071.793607 0.001347 
2458073.478249 -0.025901 
2458075.162891 -0.051811 
2458076.847533 -0.074160 
2458078.532175 -0.092578 
2458080.216817 -0.107153 
2458081.901459 -0.116604 
2458083.586101 -0.117129 
2458085.270743 -0.102748 
2458086.955385 -0.067272 
2458088.640027 -0.007261 
2458090.324669 0.075254 
2458092.009311 0.171551 
2458093.693953 0.267285 
2458095.378595 0.345750 
2458097.063237 0.392374 
2458098.747879 0.398928 
2458100.432521 0.365971 
2458102.117163 0.302639 
2458103.801805 0.223850 
2458105.486447 0.145896 
2458107.171089 0.081949 
2458108.855731 0.038965 
2458110.540373 0.016888 
2458112.225015 0.010193 
2458113.909656 0.010943 
2458115.594298 0.012090 
2458117.278940 0.009798 
2458118.963582 0.004066 
2458120.648224 -0.002317 
2458122.332866 -0.005814 
2458124.017508 -0.004169 
2458125.702150 0.002415 
2458127.386792 0.011390 
2458129.071434 0.019047 
2458130.756076 0.022135 
2458132.440718 0.019153 
2458134.125360 0.010751 
2458135.810002 -0.000850 
2458137.494644 -0.013042 
2458139.179286 -0.023995 
2458140.863928 -0.033211 
2458142.548570 -0.041192 
2458144.233212 -0.048436 
2458145.917854 -0.054288 
2458147.602496 -0.056312 
2458149.287138 -0.050627 
2458150.971780 -0.033214 
2458152.656422 -0.001745 
2458154.341064 0.042806 
2458156.025706 0.095510 
2458157.710347 0.148190 
2458159.394989 0.191376 
2458161.079631 0.216896 
2458162.764273 0.220228 
2458164.448915 0.201798 
2458166.133557 0.166766 
2458167.818199 0.123394 
2458169.502841 0.080590 
2458171.187483 0.045470 
2458172.872125 0.021738 
2458174.556767 0.009329 
2458176.241409 0.005292 
2458177.926051 0.005431 
2458179.610693 0.006036 
2458181.295335 0.005055 
2458182.979977 0.002384 
2458184.664619 -0.000687 
2458186.349261 -0.002500 
2458188.033903 -0.002018 
2458189.718545 0.000643 
2458191.403187 0.004307 
2458193.087829 0.007329 
2458194.772471 0.008358 
2458196.457113 0.006894 
2458198.141755 0.003398 
2458199.826397 -0.001048 
2458201.511039 -0.005336 
2458203.195680 -0.008852 
2458204.880322 -0.011666 
2458206.564964 -0.014290 
2458208.249606 -0.017132 
2458209.934248 -0.019931 
2458211.618890 -0.021482 
2458213.303532 -0.019843 
2458214.988174 -0.013007 
2458216.672816 0.000214 
2458218.357458 0.019440 
2458220.042100 0.042443 
2458221.726742 0.065518 
2458223.411384 0.084401 
2458225.096026 0.095458 
2458226.780668 0.096728 
2458228.465310 0.088464 
2458230.149952 0.072992 
2458231.834594 0.053961 
2458233.519236 0.035252 
2458235.203878 0.019923 
2458236.888520 0.009539 
2458238.573162 0.004048 
2458240.257804 0.002185 
2458241.942446 0.002173 
2458243.627088 0.002445 
2458245.311730 0.002125 
2458246.996372 0.001128 
2458248.681013 -0.000065 
2458250.365655 -0.000824 
2458252.050297 -0.000755 
2458253.734939 0.000103 
2458255.419581 0.001323 
2458257.104223 0.002318 
2458258.788865 0.002627 
2458260.473507 0.002108 
2458262.158149 0.000960 
2458263.842791 -0.000419 
2458265.527433 -0.001655 
2458267.212075 -0.002585 
2458268.896717 -0.003301 
2458270.581359 -0.004041 
2458272.266001 -0.004982 
2458273.950643 -0.006027 
2458275.635285 -0.006721 
2458277.319927 -0.006344 
2458279.004569 -0.004160 
2458280.689211 0.000258 
2458282.373853 0.006772 
2458284.058495 0.014591 
2458285.743137 0.022422 
2458287.427779 0.028795 
2458289.112421 0.032478 
2458290.797063 0.032825 
2458292.481704 0.029951 
2458294.166346 0.024664 
2458295.850988 0.018204 
2458297.535630 0.011877 
2458299.220272 0.006700 
2458300.904914 0.003190 
2458302.589556 0.001329 
2458304.274198 0.000697 
2458305.958840 0.000704 
2458307.643482 0.000826 
2458309.328124 0.000758 
2458311.012766 0.000455 
2458312.697408 0.000059 
2458314.382050 -0.000221 
2458316.066692 -0.000241 
2458317.751334 0.000014 
2458319.435976 0.000432 
2458321.120618 0.000834 
2458322.805260 0.001057 
2458324.489902 0.001013 
2458326.174544 0.000716 
2458327.859186 0.000250 
2458329.543828 -0.000284 
2458331.228470 -0.000809 
2458332.913112 -0.001302 
2458334.597754 -0.001768 
2458336.282396 -0.002206 
2458337.967037 -0.002565 
2458339.651679 -0.002721 
2458341.336321 -0.002505 
2458343.020963 -0.001756 
2458344.705605 -0.000396 
2458346.390247 0.001517 
2458348.074889 0.003764 
2458349.759531 0.006004 
2458351.444173 0.007853 
2458353.128815 0.008979 
2458354.813457 0.009197 
2458356.498099 0.008515 
2458358.182741 0.007127 
2458359.867383 0.005354 
2458361.552025 0.003557 
2458363.236667 0.002038 
2458364.921309 0.000976 
2458366.605951 0.000400 
2458368.290593 0.000212 
2458369.975235 0.000241 
2458371.659877 0.000316 
2458373.344519 0.000317 
2458375.029161 0.000210 
2458376.713803 0.000040 
2458378.398445 -0.000104 
2458380.083087 -0.000131 
2458381.767728 0.000004 
2458383.452370 0.000284 
2458385.137012 0.000630 
2458386.821654 0.000927 
2458388.506296 0.001062 
2458390.190938 0.000963 
2458391.875580 0.000614 
2458393.560222 0.000060 
2458395.244864 -0.000608 
2458396.929506 -0.001285 
2458398.614148 -0.001873 
2458400.298790 -0.002298 
2458401.983432 -0.002517 
2458403.668074 -0.002504 
2458405.352716 -0.002248 
2458407.037358 -0.001742 
2458408.722000 -0.000987 
2458410.406642 -0.000011 
2458412.091284 0.001122 
2458413.775926 0.002300 
2458415.460568 0.003373 
2458417.145210 0.004184 
2458418.829852 0.004598 
2458420.514494 0.004551 
2458422.199136 0.004068 
2458423.883778 0.003265 
2458425.568420 0.002320 
2458427.253061 0.001426 
2458428.937703 0.000734 
2458430.622345 0.000319 
2458432.306987 0.000162 
2458433.991629 0.000175 
2458435.676271 0.000237 
2458437.360913 0.000249 
2458439.045555 0.000168 
2458440.730197 0.000021 
2458442.414839 -0.000114 
2458444.099481 -0.000146 
2458445.784123 -0.000019 
2458447.468765 0.000264 
2458449.153407 0.000629 
2458450.838049 0.000954 
2458452.522691 0.001115 
2458454.207333 0.001023 
2458455.891975 0.000656 
2458457.576617 0.000066 
2458459.261259 -0.000648 
2458460.945901 -0.001363 
2458462.630543 -0.001976 
2458464.315185 -0.002415 
2458465.999827 -0.002647 
2458467.684469 -0.002655 
2458469.369111 -0.002430 
2458471.053753 -0.001952 
2458472.738394 -0.001201 
2458474.423036 -0.000178 
2458476.107678 0.001070 
2458477.792320 0.002427 
2458479.476962 0.003721 
2458481.161604 0.004751 
2458482.846246 0.005336 
2458484.530888 0.005377 
2458486.215530 0.004884 
2458487.900172 0.003984 
2458489.584814 0.002884 
2458491.269456 0.001816 
2458492.954098 0.000969 
2458494.638740 0.000436 
2458496.323382 0.000208 
2458498.008024 0.000186 
2458499.692666 0.000237 
2458501.377308 0.000248 
2458503.061950 0.000169 
2458504.746592 0.000024 
2458506.431234 -0.000113 
2458508.115876 -0.000153 
2458509.800518 -0.000042 
2458511.485160 0.000210 
2458513.169802 0.000530 
2458514.854444 0.000806 
2458516.539085 0.000929 
2458518.223727 0.000831 
2458519.908369 0.000508 
2458521.593011 0.000012 
2458523.277653 -0.000566 
2458524.962295 -0.001134 
2458526.646937 -0.001620 
2458528.331579 -0.001985 
2458530.016221 -0.002208 
2458531.700863 -0.002269 
2458533.385505 -0.002134 
2458535.070147 -0.001749 
2458536.754789 -0.001062 
2458538.439431 -0.000056 
2458540.124073 0.001221 
2458541.808715 0.002638 
2458543.493357 0.003996 
2458545.177999 0.005070 
2458546.862641 0.005666 
2458548.547283 0.005683 
2458550.231925 0.005140 
2458551.916567 0.004180 
2458553.601209 0.003026 
2458555.285851 0.001913 
2458556.970493 0.001030 
2458558.655135 0.000468 
2458560.339777 0.000212 
2458562.024418 0.000166 
2458563.709060 0.000202 
2458565.393702 0.000214 
2458567.078344 0.000152 
2458568.762986 0.000032 
2458570.447628 -0.000082 
2458572.132270 -0.000122 
2458573.816912 -0.000047 
2458575.501554 0.000132 
2458577.186196 0.000357 
2458578.870838 0.000545 
2458580.555480 0.000618 
2458582.240122 0.000537 
2458583.924764 0.000309 
2458585.609406 -0.000022 
2458587.294048 -0.000392 
2458588.978690 -0.000746 
2458590.663332 -0.001049 
2458592.347974 -0.001289 
2458594.032616 -0.001458 
2458595.717258 -0.001539 
2458597.401900 -0.001489 
2458599.086542 -0.001244 
2458600.771184 -0.000746 
2458602.455826 0.000030 
2458604.140468 0.001045 
2458605.825109 0.002189 
2458607.509751 0.003289 
2458609.194393 0.004156 
2458610.879035 0.004629 
2458612.563677 0.004628 
2458614.248319 0.004175 
2458615.932961 0.003390 
2458617.617603 0.002453 
2458619.302245 0.001554 
2458620.986887 0.000839 
2458622.671529 0.000379 
2458624.356171 0.000161 
2458626.040813 0.000112 
2458627.725455 0.000135 
2458629.410097 0.000148 
2458631.094739 0.000113 
2458632.779381 0.000038 
2458634.464023 -0.000038 
2458636.148665 -0.000070 
2458637.833307 -0.000033 
2458639.517949 0.000067 
2458641.202591 0.000193 
2458642.887233 0.000294 
2458644.571875 0.000328 
2458646.256517 0.000276 
2458647.941159 0.000147 
2458649.625801 -0.000029 
2458651.310442 -0.000216 
2458652.995084 -0.000389 
2458654.679726 -0.000537 
2458656.364368 -0.000663 
2458658.049010 -0.000766 
2458659.733652 -0.000835 
2458661.418294 -0.000835 
2458663.102936 -0.000715 
2458664.787578 -0.000429 
2458666.472220 0.000046 
2458668.156862 0.000687 
2458669.841504 0.001420 
2458671.526146 0.002130 
2458673.210788 0.002690 
2458674.895430 0.002996 
2458676.580072 0.002995 
2458678.264714 0.002702 
2458679.949356 0.002194 
2458681.633998 0.001586 
2458683.318640 0.001002 
2458685.003282 0.000533 
2458686.687924 0.000227 
2458688.372566 0.000078 
2458690.057208 0.000042 
2458691.741850 0.000059 
2458693.426492 0.000079 
2458695.111134 0.000074 
2458696.795775 0.000044 
2458698.480417 0.000007 
2458700.165059 -0.000014 
2458701.849701 -0.000005 
2458703.534343 0.000031 
2458705.218985 0.000079 
2458706.903627 0.000116 
2458708.588269 0.000125 
2458710.272911 0.000099 
2458711.957553 0.000045 
2458713.642195 -0.000022 
2458715.326837 -0.000088 
2458717.011479 -0.000145 
2458718.696121 -0.000196 
2458720.380763 -0.000246 
2458722.065405 -0.000300 
2458723.750047 -0.000348 
2458725.434689 -0.000369 
2458727.119331 -0.000332 
2458728.803973 -0.000207 
2458730.488615 0.000023 
2458732.173257 0.000348 
2458733.857899 0.000728 
2458735.542541 0.001103 
2458737.227183 0.001403 
2458738.911825 0.001573 
2458740.596466 0.001580 
2458742.281108 0.001430 
2458743.965750 0.001162 
2458745.650392 0.000836 
2458747.335034 0.000515 
2458749.019676 0.000253 
2458750.704318 0.000077 
2458752.388960 -0.000010 
2458754.073602 -0.000028 
2458755.758244 -0.000007 
2458757.442886 0.000026 
2458759.127528 0.000050 
2458760.812170 0.000058 
2458762.496812 0.000052 
2458764.181454 0.000040 
2458765.866096 0.000028 
2458767.550738 0.000020 
2458769.235380 0.000015 
2458770.920022 0.000011 
2458772.604664 0.000005 
2458774.289306 -0.000002 
2458775.973948 -0.000009 
2458777.658590 -0.000011 
2458779.343232 -0.000008 
2458781.027874 -0.000005 
2458782.712516 -0.000007 
2458784.397158 -0.000021 
2458786.081799 -0.000049 
2458787.766441 -0.000086 
2458789.451083 -0.000118 
2458791.135725 -0.000128 
2458792.820367 -0.000098 
2458794.505009 -0.000017 
2458796.189651 0.000113 
2458797.874293 0.000277 
2458799.558935 0.000449 
2458801.243577 0.000595 
2458802.928219 0.000687 
2458804.612861 0.000706 
2458806.297503 0.000649 
2458807.982145 0.000528 
2458809.666787 0.000370 
2458811.351429 0.000205 
2458813.036071 0.000062 
2458814.720713 -0.000039 
2458816.405355 -0.000088 
2458818.089997 -0.000090 
2458819.774639 -0.000057 
2458821.459281 -0.000007 
2458823.143923 0.000043 
2458824.828565 0.000080 
2458826.513207 0.000095 
2458828.197849 0.000087 
2458829.882490 0.000060 
2458831.567132 0.000024 
2458833.251774 -0.000014 
2458834.936416 -0.000044 
2458836.621058 -0.000058 
2458838.305700 -0.000055 
2458839.990342 -0.000035 
2458841.674984 -0.000003 
2458843.359626 0.000034 
2458845.044268 0.000066 
2458846.728910 0.000084 
2458848.413552 0.000084 
2458850.098194 0.000062 
2458851.782836 0.000025 
2458853.467478 -0.000019 
2458855.152120 -0.000056 
2458856.836762 -0.000075 
2458858.521404 -0.000065 
2458860.206046 -0.000023 
2458861.890688 0.000048 
2458863.575330 0.000134 
2458865.259972 0.000220 
2458866.944614 0.000286 
2458868.629256 0.000317 
2458870.313898 0.000304 
2458871.998540 0.000249 
2458873.683182 0.000161 
2458875.367823 0.000058 
2458877.052465 -0.000038 
2458878.737107 -0.000109 
2458880.421749 -0.000141 
2458882.106391 -0.000131 
2458883.791033 -0.000085 
2458885.475675 -0.000020 
2458887.160317 0.000048 
2458888.844959 0.000100 
2458890.529601 0.000125 
2458892.214243 0.000117 
2458893.898885 0.000082 
2458895.583527 0.000030 
2458897.268169 -0.000024 
2458898.952811 -0.000065 
2458900.637453 -0.000084 
2458902.322095 -0.000078 
2458904.006737 -0.000047 
2458905.691379 -0.000001 
2458907.376021 0.000049 
2458909.060663 0.000092 
2458910.745305 0.000117 
2458912.429947 0.000118 
2458914.114589 0.000095 
2458915.799231 0.000052 
2458917.483873 -0.000003 
2458919.168515 -0.000056 
2458920.853156 -0.000094 
2458922.537798 -0.000108 
2458924.222440 -0.000090 
2458925.907082 -0.000042 
2458927.591724 0.000027 
2458929.276366 0.000102 
2458930.961008 0.000167 
2458932.645650 0.000205 
2458934.330292 0.000204 
2458936.014934 0.000164 
2458937.699576 0.000093 
2458939.384218 0.000007 
2458941.068860 -0.000074 
2458942.753502 -0.000131 
2458944.438144 -0.000152 
2458946.122786 -0.000134 
2458947.807428 -0.000084 
2458949.492070 -0.000015 
2458951.176712 0.000052 
2458952.861354 0.000102 
2458954.545996 0.000125 
2458956.230638 0.000115 
2458957.915280 0.000080 
2458959.599922 0.000031 
2458961.284564 -0.000020 
2458962.969206 -0.000059 
2458964.653847 -0.000077 
2458966.338489 -0.000072 
2458968.023131 -0.000045 
2458969.707773 -0.000004 
2458971.392415 0.000040 
2458973.077057 0.000078 
2458974.761699 0.000099 
2458976.446341 0.000098 
2458978.130983 0.000073 
2458979.815625 0.000029 
2458981.500267 -0.000026 
2458983.184909 -0.000079 
2458984.869551 -0.000117 
2458986.554193 -0.000129 
2458988.238835 -0.000109 
2458989.923477 -0.000060 
2458991.608119 0.000009 
2458993.292761 0.000083 
2458994.977403 0.000144 
2458996.662045 0.000177 
2458998.346687 0.000174 
2459000.031329 0.000135 
2459001.715971 0.000070 
2459003.400613 -0.000006 
2459005.085255 -0.000074 
2459006.769897 -0.000119 
2459008.454539 -0.000133 
2459010.139180 -0.000115 
2459011.823822 -0.000071 
2459013.508464 -0.000015 
2459015.193106 0.000040 
2459016.877748 0.000080 
2459018.562390 0.000099 
2459020.247032 0.000093 
2459021.931674 0.000068 
2459023.616316 0.000031 
2459025.300958 -0.000007 
2459026.985600 -0.000038 
2459028.670242 -0.000055 
2459030.354884 -0.000054 
2459032.039526 -0.000038 
2459033.724168 -0.000012 
2459035.408810 0.000018 
2459037.093452 0.000043 
2459038.778094 0.000054 
2459040.462736 0.000049 
2459042.147378 0.000026 
2459043.832020 -0.000010 
2459045.516662 -0.000052 
2459047.201304 -0.000090 
2459048.885946 -0.000114 
2459050.570588 -0.000117 
2459052.255230 -0.000095 
2459053.939871 -0.000052 
2459055.624513 0.000005 
2459057.309155 0.000066 
2459058.993797 0.000118 
2459060.678439 0.000150 
2459062.363081 0.000154 
2459064.047723 0.000127 
2459065.732365 0.000073 
2459067.417007 0.000002 
2459069.101649 -0.000075 
2459070.786291 -0.000140 
2459072.470933 -0.000180 
2459074.155575 -0.000185 
2459075.840217 -0.000152 
2459077.524859 -0.000089 
2459079.209501 -0.000009 
2459080.894143 0.000069 
2459082.578785 0.000127 
2459084.263427 0.000149 
2459085.948069 0.000133 
2459087.632711 0.000083 
2459089.317353 0.000016 
2459091.001995 -0.000050 
2459092.686637 -0.000095 
2459094.371279 -0.000108 
2459096.055921 -0.000088 
2459097.740563 -0.000042 
2459099.425204 0.000015 
2459101.109846 0.000064 
2459102.794488 0.000093 
2459104.479130 0.000097 
2459106.163772 0.000077 
2459107.848414 0.000041 
2459109.533056 -0.000003 
2459111.217698 -0.000045 
2459112.902340 -0.000080 
2459114.586982 -0.000102 
2459116.271624 -0.000108 
2459117.956266 -0.000092 
2459119.640908 -0.000050 
2459121.325550 0.000020 
2459123.010192 0.000111 
2459124.694834 0.000205 
2459126.379476 0.000275 
2459128.064118 0.000292 
2459129.748760 0.000229 
2459131.433402 0.000083 
2459133.118044 -0.000128 
2459134.802686 -0.000359 
2459136.487328 -0.000550 
2459138.171970 -0.000641 
2459139.856612 -0.000594 
2459141.541254 -0.000410 
2459143.225896 -0.000128 
2459144.910537 0.000179 
2459146.595179 0.000428 
2459148.279821 0.000549 
2459149.964463 0.000511 
2459151.649105 0.000329 
2459153.333747 0.000063 
2459155.018389 -0.000204 
2459156.703031 -0.000392 
2459158.387673 -0.000448 
2459160.072315 -0.000362 
2459161.756957 -0.000163 
2459163.441599 0.000088 
2459165.126241 0.000324 
2459166.810883 0.000492 
2459168.495525 0.000566 
2459170.180167 0.000544 
2459171.864809 0.000445 
2459173.549451 0.000296 
2459175.234093 0.000123 
2459176.918735 -0.000052 
2459178.603377 -0.000208 
2459180.288019 -0.000316 
2459181.972661 -0.000343 
2459183.657303 -0.000258 
2459185.341945 -0.000047 
2459187.026587 0.000267 
2459188.711228 0.000621 
2459190.395870 0.000908 
2459192.080512 0.001014 
2459193.765154 0.000848 
2459195.449796 0.000388 
2459197.134438 -0.000299 
2459198.819080 -0.001060 
2459200.503722 -0.001688 
2459202.188364 -0.001990 
2459203.873006 -0.001846 
2459205.557648 -0.001259 
2459207.242290 -0.000365 
2459208.926932 0.000602 
2459210.611574 0.001376 
2459212.296216 0.001743 
2459213.980858 0.001609 
2459215.665500 0.001028 
2459217.350142 0.000188 
2459219.034784 -0.000654 
2459220.719426 -0.001248 
2459222.404068 -0.001429 
2459224.088710 -0.001159 
2459225.773352 -0.000526 
2459227.457994 0.000291 
2459229.142636 0.001086 
2459230.827278 0.001685 
2459232.511920 0.001982 
2459234.196561 0.001954 
2459235.881203 0.001640 
2459237.565845 0.001122 
2459239.250487 0.000493 
2459240.935129 -0.000147 
2459242.619771 -0.000697 
2459244.304413 -0.001050 
2459245.989055 -0.001106 
2459247.673697 -0.000794 
2459249.358339 -0.000112 
2459251.042981 0.000838 
2459252.727623 0.001846 
2459254.412265 0.002621 
2459256.096907 0.002866 
2459257.781549 0.002379 
2459259.466191 0.001141 
2459261.150833 -0.000640 
2459262.835475 -0.002553 
2459264.520117 -0.004090 
2459266.204759 -0.004788 
2459267.889401 -0.004387 
2459269.574043 -0.002927 
2459271.258685 -0.000758 
2459272.943327 0.001550 
2459274.627969 0.003369 
2459276.312611 0.004210 
2459277.997252 0.003866 
2459279.681894 0.002479 
2459281.366536 0.000487 
2459283.051178 -0.001510 
2459284.735820 -0.002936 
2459286.420462 -0.003401 
2459288.105104 -0.002805 
2459289.789746 -0.001336 
2459291.474388 0.000608 
2459293.159030 0.002549 
2459294.843672 0.004058 
2459296.528314 0.004853 
2459298.212956 0.004833 
2459299.897598 0.004062 
2459301.582240 0.002726 
2459303.266882 0.001083 
2459304.951524 -0.000574 
2459306.636166 -0.001945 
2459308.320808 -0.002748 
2459310.005450 -0.002757 
2459311.690092 -0.001866 
2459313.374734 -0.000154 
2459315.059376 0.002073 
2459316.744018 0.004303 
2459318.428660 0.005907 
2459320.113302 0.006305 
2459321.797944 0.005154 
2459323.482585 0.002504 
2459325.167227 -0.001150 
2459326.851869 -0.004954 
2459328.536511 -0.007911 
2459330.221153 -0.009168 
2459331.905795 -0.008287 
2459333.590437 -0.005410 
2459335.275079 -0.001249 
2459336.959721 0.003105 
2459338.644363 0.006490 
2459340.329005 0.008022 
2459342.013647 0.007351 
2459343.698289 0.004753 
2459345.382931 0.001043 
2459347.067573 -0.002689 
2459348.752215 -0.005391 
2459350.436857 -0.006347 
2459352.121499 -0.005347 
2459353.806141 -0.002699 
2459355.490783 0.000897 
2459357.175425 0.004568 
2459358.860067 0.007500 
2459360.544709 0.009110 
2459362.229351 0.009138 
2459363.913993 0.007654 
2459365.598635 0.004998 
2459367.283277 0.001699 
2459368.967918 -0.001605 
2459370.652560 -0.004261 
2459372.337202 -0.005688 
2459374.021844 -0.005486 
2459375.706486 -0.003552 
2459377.391128 -0.000163 
2459379.075770 0.004003 
2459380.760412 0.007959 
2459382.445054 0.010613 
2459384.129696 0.011058 
2459385.814338 0.008863 
2459387.498980 0.004270 
2459389.183622 -0.001787 
2459390.868264 -0.007870 
2459392.552906 -0.012416 
2459394.237548 -0.014170 
2459395.922190 -0.012581 
2459397.606832 -0.007988 
2459399.291474 -0.001562 
2459400.976116 0.005020 
2459402.660758 0.010043 
2459404.345400 0.012248 
2459406.030042 0.011178 
2459407.714684 0.007285 
2459409.399326 0.001771 
2459411.083968 -0.003781 
2459412.768609 -0.007854 
2459414.453251 -0.009406 
2459416.137893 -0.008099 
2459417.822535 -0.004336 
2459419.507177 0.000912 
2459421.191819 0.006387 
2459422.876461 0.010860 
2459424.561103 0.013393 
2459426.245745 0.013501 
2459427.930387 0.011209 
2459429.615029 0.007009 
2459431.299671 0.001762 
2459432.984313 -0.003455 
2459434.668955 -0.007529 
2459436.353597 -0.009517 
2459438.038239 -0.008852 
2459439.722881 -0.005515 
2459441.407523 -0.000116 
2459443.092165 0.006167 
2459444.776807 0.011806 
2459446.461449 0.015274 
2459448.146091 0.015463 
2459449.830733 0.012022 
2459451.515375 0.005539 
2459453.200017 -0.002550 
2459454.884659 -0.010295 
2459456.569301 -0.015746 
2459458.253942 -0.017495 
2459459.938584 -0.015084 
2459461.623226 -0.009148 
2459463.307868 -0.001244 
2459464.992510 0.006584 
2459466.677152 0.012366 
2459468.361794 0.014748 
2459470.046436 0.013325 
2459471.731078 0.008707 
2459473.415720 0.002297 
2459475.100362 -0.004122 
2459476.785004 -0.008874 
2459478.469646 -0.010803 
2459480.154288 -0.009513 
2459481.838930 -0.005405 
2459483.523572 0.000481 
2459485.208214 0.006747 
2459486.892856 0.011960 
2459488.577498 0.014954 
2459490.262140 0.015053 
2459491.946782 0.012195 
2459493.631424 0.006948 
2459495.316066 0.000406 
2459497.000708 -0.006004 
2459498.685350 -0.010815 
2459500.369992 -0.012838 
2459502.054633 -0.011463 
2459503.739275 -0.006860 
2459505.423917 -0.000006 
2459507.108559 0.007494 
2459508.793201 0.013772 
2459510.477843 0.017169 
2459512.162485 0.016689 
2459513.847127 0.012298 
2459515.531769 0.004975 
2459517.216411 -0.003526 
2459518.901053 -0.011126 
2459520.585695 -0.015982 
2459522.270337 -0.016973 
2459523.954979 -0.013986 
2459525.639621 -0.007914 
2459527.324263 -0.000384 
2459529.008905 0.006705 
2459530.693547 0.011685 
2459532.378189 0.013528 
2459534.062831 0.012057 
2459535.747473 0.007914 
2459537.432115 0.002332 
2459539.116757 -0.003209 
2459540.801399 -0.007357 
2459542.486041 -0.009178 
2459544.170683 -0.008335 
2459545.855325 -0.005116 
2459547.539966 -0.000340 
2459549.224608 0.004837 
2459550.909250 0.009169 
2459552.593892 0.011580 
2459554.278534 0.011405 
2459555.963176 0.008545 
2459557.647818 0.003531 
2459559.332460 -0.002562 
2459561.017102 -0.008333 
2459562.701744 -0.012371 
2459564.386386 -0.013610 
2459566.071028 -0.011623 
2459567.755670 -0.006771 
2459569.440312 -0.000152 
2459571.124954 0.006652 
2459572.809596 0.011967 
2459574.494238 0.014459 
2459576.178880 0.013482 
2459577.863522 0.009247 
2459579.548164 0.002761 
2459581.232806 -0.004439 
2459582.917448 -0.010681 
2459584.602090 -0.014569 
2459586.286732 -0.015314 
2459587.971374 -0.012883 
2459589.656016 -0.007972 
2459591.340658 -0.001796 
2459593.025299 0.004220 
2459594.709941 0.008774 
2459596.394583 0.010974 
2459598.079225 0.010513 
2459599.763867 0.007707 
2459601.448509 0.003391 
2459603.133151 -0.001290 
2459604.817793 -0.005165 
2459606.502435 -0.007311 
2459608.187077 -0.007278 
2459609.871719 -0.005185 
2459611.556361 -0.001686 
2459613.241003 0.002210 
2459614.925645 0.005409 
2459616.610287 0.007018 
2459618.294929 0.006571 
2459619.979571 0.004137 
2459621.664213 0.000276 
2459623.348855 -0.004123 
2459625.033497 -0.008073 
2459626.718139 -0.010715 
2459628.402781 -0.011478 
2459630.087423 -0.010158 
2459631.772065 -0.006920 
2459633.456707 -0.002253 
2459635.141349 0.003079 
2459636.825990 0.008107 
2459638.510632 0.011742 
2459640.195274 0.012934 
2459641.879916 0.010901 
2459643.564558 0.005405 
2459645.249200 -0.003005 
2459646.933842 -0.012909 
2459648.618484 -0.022180 
2459650.303126 -0.028434 
2459651.987768 -0.029681 
2459653.672410 -0.025001 
2459655.357052 -0.014991 
2459657.041694 -0.001798 
2459658.726336 0.011356 
2459660.410978 0.021061 
2459662.095620 0.024748 
2459663.780262 0.021526 
2459665.464904 0.012518 
2459667.149546 0.000544 
2459668.834188 -0.010752 
2459670.518830 -0.018053 
2459672.203472 -0.019395 
2459673.888114 -0.014709 
2459675.572756 -0.005708 
2459677.257398 0.004804 
2459678.942040 0.013923 
2459680.626682 0.019541 
2459682.311323 0.020834 
2459683.995965 0.018218 
2459685.680607 0.012879 
2459687.365249 0.006167 
2459689.049891 -0.000838 
2459690.734533 -0.007393 
2459692.419175 -0.012834 
2459694.103817 -0.016230 
2459695.788459 -0.016270 
2459697.473101 -0.011597 
2459699.157743 -0.001575 
2459700.842385 0.012826 
2459702.527027 0.028510 
2459704.211669 0.040539 
2459705.896311 0.043385 
2459707.580953 0.032878 
2459709.265595 0.008204 
2459710.950237 -0.026889 
2459712.634879 -0.064362 
2459714.319521 -0.093798 
2459716.004163 -0.105547 
2459717.688805 -0.094073 
2459719.373447 -0.060309 
2459721.058089 -0.012033 
2459722.742731 0.038076 
2459724.427373 0.076186 
2459726.112014 0.091675 
2459727.796656 0.080596 
2459729.481298 0.047019 
2459731.165940 0.001737 
2459732.850582 -0.041224 
2459734.535224 -0.069063 
2459736.219866 -0.074087 
2459737.904508 -0.055706 
2459739.589150 -0.020002 
2459741.273792 0.022797 
2459742.958434 0.061823 
2459744.643076 0.088730 
2459746.327718 0.099456 
2459748.012360 0.094225 
2459749.697002 0.076215 
2459751.381644 0.049804 
2459753.066286 0.019322 
2459754.750928 -0.011209 
2459756.435570 -0.037540 
2459758.120212 -0.054631 
2459759.804854 -0.056917 
2459761.489496 -0.039872 
2459763.174138 -0.002557 
2459764.858780 0.049940 
2459766.543422 0.105610 
2459768.228064 0.147286 
2459769.912706 0.157205 
2459771.597347 0.123229 
2459773.281989 0.044596 
2459774.966631 -0.065245 
2459776.651273 -0.180406 
2459778.335915 -0.269082 
2459780.020557 -0.303163 
2459781.705199 -0.267820 
2459783.389841 -0.167645 
2459785.074483 -0.026813 
2459786.759125 0.117265 
2459788.443767 0.225013 
2459790.128409 0.266938 
2459791.813051 0.232923 
2459793.497693 0.135382 
2459795.182335 0.005194 
2459796.866977 -0.118125 
2459798.551619 -0.198637 
2459800.236261 -0.214430 
2459801.920903 -0.163031 
2459803.605545 -0.060401 
2459805.290187 0.065495 
2459806.974829 0.183799 
2459808.659471 0.269243 
2459810.344113 0.307378 
2459812.028755 0.295629 
2459813.713397 0.240960 
2459815.398039 0.156118 
2459817.082680 0.056393 
2459818.767322 -0.042033 
2459820.451964 -0.122506 
2459822.136606 -0.168452 
2459823.821248 -0.165509 
2459825.505890 -0.105754 
2459827.190532 0.007035 
2459828.875174 0.153515 
2459830.559816 0.299118 
2459832.244458 0.400342 
2459833.929100 0.416478 
2459835.613742 0.323687 
2459837.298384 0.126528 
2459838.983026 -0.138006 
2459840.667668 -0.406881 
2459842.352310 -0.607263 
2459844.036952 -0.678225 
2459845.721594 -0.590991 
2459847.406236 -0.360563 
2459849.090878 -0.044037 
2459850.775520 0.274716 
2459852.460162 0.509584 
2459854.144804 0.598157 
2459855.829446 0.520593 
2459857.514088 0.305208 
2459859.198730 0.019106 
2459860.883371 -0.252792 
2459862.568013 -0.433197 
2459864.252655 -0.474095 
2459865.937297 -0.368111 
2459867.621939 -0.147006 
2459869.306581 0.130781 
2459870.991223 0.398325 
2459872.675865 0.597800 
2459874.360507 0.692465 
2459876.045149 0.670951 
2459877.729791 0.544858 
2459879.414433 0.342668 
2459881.099075 0.103110 
2459882.783717 -0.130218 
2459884.468359 -0.313203 
2459886.153001 -0.406103 
2459887.837643 -0.380427 
2459889.522285 -0.227616 
2459891.206927 0.032919 
2459892.891569 0.350541 
2459894.576211 0.648845 
2459896.260853 0.841353 
2459897.945495 0.855006 
2459899.630137 0.654972 
2459901.314779 0.262173 
2459902.999421 -0.244203 
2459904.684063 -0.742660 
2459906.368704 -1.101095 
2459908.053346 -1.215479 
2459909.737988 -1.043278 
2459911.422630 -0.620108 
2459913.107272 -0.052994 
2459914.791914 0.508780 
2459916.476556 0.916661 
2459918.161198 1.066202 
2459919.845840 0.927102 
2459921.530482 0.550551 
2459923.215124 0.052126 
2459924.899766 -0.423617 
2459926.584408 -0.745082 
2459928.269050 -0.829023 
2459929.953692 -0.659416 
2459931.638334 -0.285953 
2459933.322976 0.194915 
2459935.007618 0.668596 
2459936.692260 1.031217 
2459938.376902 1.211160 
2459940.061544 1.179626 
2459941.746186 0.950759 
2459943.430828 0.574532 
2459945.115470 0.126058 
2459946.800112 -0.306380 
2459948.484754 -0.634156 
2459950.169395 -0.782522 
2459951.854037 -0.706073 
2459953.538679 -0.403166 
2459955.223321 0.075257 
2459956.907963 0.627804 
2459958.592605 1.119297 
2459960.277247 1.411209 
2459961.961889 1.399552 
2459963.646531 1.049458 
2459965.331173 0.414405 
2459967.015815 -0.368725 
2459968.700457 -1.110576 
2459970.385099 -1.619307 
2459972.069741 -1.755509 
2459973.754383 -1.474963 
2459975.439025 -0.845026 
2459977.123667 -0.028292 
2459978.808309 0.762332 
2459980.492951 1.323733 
2459982.177593 1.519485 
2459983.862235 1.316343 
2459985.546877 0.789938 
2459987.231519 0.099256 
2459988.916161 -0.560894 
2459990.600803 -1.014126 
2459992.285445 -1.147478 
2459993.970087 -0.935518 
2459995.654728 -0.439442 
2459997.339370 0.215304 
2459999.024012 0.873974 
2460000.708654 1.389541 
2460002.393296 1.653051 
2460004.077938 1.612458 
2460005.762580 1.278918 
2460007.447222 0.722090 
2460009.131864 0.056747 
2460010.816506 -0.577332 
2460012.501148 -1.040542 
2460014.185790 -1.221365 
2460015.870432 -1.062940 
2460017.555074 -0.582243 
2460019.239716 0.124836 
2460020.924358 0.897474 
2460022.609000 1.543308 
2460024.293642 1.885379 
2460025.978284 1.811002 
2460027.662926 1.308143 
2460029.347568 0.476701 
2460031.032210 -0.491392 
2460032.716852 -1.359914 
2460034.401494 -1.911420 
2460036.086136 -2.007409 
2460037.770778 -1.627409 
2460039.455420 -0.874892 
2460041.140061 0.051954 
2460042.824703 0.915706 
2460044.509345 1.504679 
2460046.193987 1.688278 
2460047.878629 1.447387 
2460049.563271 0.872775 
2460051.247913 0.134364 
2460052.932555 -0.567711 
2460054.617197 -1.055377 
2460056.301839 -1.214344 
2460057.986481 -1.016178 
2460059.671123 -0.518131 
2460061.355765 0.156007 
2460063.040407 0.847120 
2460064.725049 1.396184 
2460066.409691 1.677012 
2460068.094333 1.621318 
2460069.778975 1.232797 
2460071.463617 0.588171 
2460073.148259 -0.175740 
2460074.832901 -0.888193 
2460076.517543 -1.380637 
2460078.202185 -1.526355 
2460079.886827 -1.274567 
2460081.571469 -0.669307 
2460083.256111 0.154308 
2460084.940752 0.998402 
2460086.625394 1.650114 
2460088.310036 1.937049 
2460089.994678 1.775003 
2460091.679320 1.193534 
2460093.363962 0.330788 
2460095.048604 -0.602041 
2460096.733246 -1.376919 
2460098.417888 -1.809695 
2460100.102530 -1.807782 
2460101.787172 -1.391372 
2460103.471814 -0.683092 
2460105.156456 0.129450 
2460106.841098 0.846050 
2460108.525740 1.305608 
2460110.210382 1.423116 
2460111.895024 1.203563 
2460113.579666 0.731810 
2460115.264308 0.144178 
2460116.948950 -0.408618 
2460118.633592 -0.797085 
2460120.318234 -0.939386 
2460122.002876 -0.814665 
2460123.687518 -0.462946 
2460125.372160 0.026292 
2460127.056802 0.533709 
2460128.741444 0.934543 
2460130.426085 1.124449 
2460132.110727 1.042917 
2460133.795369 0.689769 
2460135.480011 0.130217 
2460137.164653 -0.514827 
2460138.849295 -1.093494 
2460140.533937 -1.458781 
2460142.218579 -1.507296 
2460143.903221 -1.210249 
2460145.587863 -0.626685 
2460147.272505 0.106864 
2460148.957147 0.809374 
2460150.641789 1.302800 
2460152.326431 1.460681 
2460154.011073 1.243406 
2460155.695715 0.709265 
2460157.380357 -0.002263 
2460159.064999 -0.709941 
2460160.749641 -1.240846 
2460162.434283 -1.476031 
2460164.118925 -1.378606 
2460165.803567 -0.997188 
2460167.488209 -0.445638 
2460169.172851 0.132871 
2460170.857493 0.605516 
2460172.542135 0.881544 
2460174.226776 0.928396 
2460175.911418 0.770370 
2460177.596060 0.473460 
2460179.280702 0.123213 
2460180.965344 -0.197157 
2460182.649986 -0.423284 
2460184.334628 -0.518794 
2460186.019270 -0.477805 
2460187.703912 -0.322736 
2460189.388554 -0.099107 
2460191.073196 0.132084 
2460192.757838 0.304706 
2460194.442480 0.360594 
2460196.127122 0.264020 
2460197.811764 0.014273 
2460199.496406 -0.348174 
2460201.181048 -0.745887 
2460202.865690 -1.080487 
2460204.550332 -1.257845 
2460206.234974 -1.215917 
2460207.919616 -0.946462 
2460209.604258 -0.502706 
2460211.288900 0.011139 
2460212.973542 0.466743 
2460214.658184 0.747446 
2460216.342826 0.781993 
2460218.027468 0.565420 
2460219.712109 0.160274 
2460221.396751 -0.322271 
2460223.081393 -0.755236 
2460224.766035 -1.031973 
2460226.450677 -1.094291 
2460228.135319 -0.944379 
2460229.819961 -0.638101 
2460231.504603 -0.263473 
2460233.189245 0.087443 
2460234.873887 0.343731 
2460236.558529 0.470576 
2460238.243171 0.471055 
2460239.927813 0.376688 
2460241.612455 0.232076 
2460243.297097 0.079922 
2460244.981739 -0.048892 
2460246.666381 -0.138468 
2460248.351023 -0.185700 
2460250.035665 -0.195821 
2460251.720307 -0.178737 
2460253.404949 -0.147547 
2460255.089591 -0.118625 
2460256.774233 -0.111199 
2460258.458875 -0.144469 
2460260.143517 -0.231750 
2460261.828159 -0.373282 
2460263.512801 -0.550963 
2460265.197442 -0.728444 
2460266.882084 -0.858407 
2460268.566726 -0.895987 
2460270.251368 -0.814377 
2460271.936010 -0.617003 
2460273.620652 -0.341115 
2460275.305294 -0.050340 
2460276.989936 0.182402 
2460278.674578 0.296456 
2460280.359220 0.262360 
2460282.043862 0.091580 
2460283.728504 -0.166487 
2460285.413146 -0.439391 
2460287.097788 -0.653429 
2460288.782430 -0.755090 
2460290.467072 -0.725166 
2460292.151714 -0.581356 
2460293.836356 -0.369299 
2460295.520998 -0.145965 
2460297.205640 0.038417 
2460298.890282 0.153780 
2460300.574924 0.195118 
2460302.259566 0.178474 
2460303.944208 0.130807 
2460305.628850 0.078338 
2460307.313492 0.037831 
2460308.998133 0.013442 
2460310.682775 -0.000860 
2460312.367417 -0.015472 
2460314.052059 -0.039147 
2460315.736701 -0.075446 
2460317.421343 -0.122714 
2460319.105985 -0.176754 
2460320.790627 -0.234129 
2460322.475269 -0.293938 
2460324.159911 -0.356954 
2460325.844553 -0.422599 
2460327.529195 -0.485600 
2460329.213837 -0.534558 
2460330.898479 -0.553928 
2460332.583121 -0.529294 
2460334.267763 -0.454113 
2460335.952405 -0.335052 
2460337.637047 -0.193237 
2460339.321689 -0.060135 
2460341.006331 0.031091 
2460342.690973 0.056007 
2460344.375615 0.007405 
2460346.060257 -0.101363 
2460347.744899 -0.239683 
2460349.429541 -0.368684 
2460351.114183 -0.452955 
2460352.798825 -0.470978 
2460354.483466 -0.420785 
2460356.168108 -0.319116 
2460357.852750 -0.194698 
2460359.537392 -0.078297 
2460361.222034 0.006837 
2460362.906676 0.050920 
2460364.591318 0.058317 
2460366.275960 0.043334 
2460367.960602 0.023211 
2460369.645244 0.011216 
2460371.329886 0.012333 
2460373.014528 0.022790 
2460374.699170 0.033046 
2460376.383812 0.032583 
2460378.068454 0.014369 
2460379.753096 -0.022699 
2460381.437738 -0.074019 
2460383.122380 -0.131617 
2460384.807022 -0.187268 
2460386.491664 -0.234915 
2460388.176306 -0.271494 
2460389.860948 -0.296134 
2460391.545590 -0.308533 
2460393.230232 -0.307634 
2460394.914874 -0.291522 
2460396.599516 -0.258707 
2460398.284157 -0.210192 
2460399.968799 -0.151189 
2460401.653441 -0.091369 
2460403.338083 -0.043109 
2460405.022725 -0.018072 
2460406.707367 -0.023291 
2460408.392009 -0.058233 
2460410.076651 -0.114128 
2460411.761293 -0.176019 
2460413.445935 -0.226978 
2460415.130577 -0.253103 
2460416.815219 -0.247586 
2460418.499861 -0.212466 
2460420.184503 -0.157497 
2460421.869145 -0.096646 
2460423.553787 -0.043499 
2460425.238429 -0.007209 
2460426.923071 0.009669 
2460428.607713 0.010900 
2460430.292355 0.004187 
2460431.976997 -0.002265 
2460433.661639 -0.002875 
2460435.346281 0.003559 
2460437.030923 0.013978 
2460438.715565 0.022757 
2460440.400207 0.024174 
2460442.084849 0.014634 
2460443.769490 -0.006133 
2460445.454132 -0.035194 
2460447.138774 -0.067616 
2460448.823416 -0.098135 
2460450.508058 -0.122596 
2460452.192700 -0.138688 
2460453.877342 -0.145887 
2460455.561984 -0.144834 
2460457.246626 -0.136627 
2460458.931268 -0.122391 
2460460.615910 -0.103318 
2460462.300552 -0.081042 
2460463.985194 -0.058026 
2460465.669836 -0.037598 
2460467.354478 -0.023451 
2460469.039120 -0.018681 
2460470.723762 -0.024696 
2460472.408404 -0.040452 
2460474.093046 -0.062379 
2460475.777688 -0.085131 
2460477.462330 -0.102974 
2460479.146972 -0.111364 
2460480.831614 -0.108191 
2460482.516256 -0.094279 
2460484.200898 -0.072978 
2460485.885540 -0.049029 
2460487.570182 -0.027099 
2460489.254823 -0.010502 
2460490.939465 -0.000489 
2460492.624107 0.003704 
2460494.308749 0.004171 
2460495.993391 0.003333 
2460497.678033 0.002999 
2460499.362675 0.003817 
2460501.047317 0.005260 
2460502.731959 0.006063 
2460504.416601 0.004885 
2460506.101243 0.000914 
2460507.785885 -0.005806 
2460509.470527 -0.014409 
2460511.155169 -0.023540 
2460512.839811 -0.031811 
2460514.524453 -0.038197 
2460516.209095 -0.042227 
2460517.893737 -0.043941 
2460519.578379 -0.043682 
2460521.263021 -0.041845 
2460522.947663 -0.038704 
2460524.632305 -0.034400 
2460526.316947 -0.029059 
2460528.001589 -0.022974 
2460529.686231 -0.016742 
2460531.370873 -0.011260 
2460533.055514 -0.007569 
2460534.740156 -0.006570 
2460536.424798 -0.008722 
2460538.109440 -0.013821 
2460539.794082 -0.020955 
2460541.478724 -0.028662 
2460543.163366 -0.035242 
2460544.848008 -0.039157 
2460546.532650 -0.039391 
2460548.217292 -0.035677 
2460549.901934 -0.028544 
2460551.586576 -0.019177 
2460553.271218 -0.009131 
2460554.955860 0.000009 
2460556.640502 0.006945 
2460558.325144 0.010895 
2460560.009786 0.011690 
2460561.694428 0.009737 
2460563.379070 0.005873 
2460565.063712 0.001167 
2460566.748354 -0.003309 
2460568.432996 -0.006666 
2460570.117638 -0.008346 
2460571.802280 -0.008187 
2460573.486922 -0.006431 
2460575.171564 -0.003658 
2460576.856206 -0.000666 
2460578.540847 0.001691 
2460580.225489 0.002681 
2460581.910131 0.001870 
2460583.594773 -0.000752 
2460585.279415 -0.004723 
2460586.964057 -0.009170 
2460588.648699 -0.012983 
2460590.333341 -0.015074 
2460592.017983 -0.014672 
2460593.702625 -0.011575 
2460595.387267 -0.006270 
2460597.071909 0.000112 
2460598.756551 0.006039 
2460600.441193 0.009954 
2460602.125835 0.010697 
2460603.810477 0.007850 
2460605.495119 0.001907 
2460607.179761 -0.005809 
2460608.864403 -0.013457 
2460610.549045 -0.019147 
2460612.233687 -0.021434 
2460613.918329 -0.019704 
2460615.602971 -0.014331 
2460617.287613 -0.006570 
2460618.972255 0.001778 
2460620.656897 0.008840 
2460622.341538 0.013138 
2460624.026180 0.013934 
2460625.710822 0.011361 
2460627.395464 0.006335 
2460629.080106 0.000278 
2460630.764748 -0.005253 
2460632.449390 -0.008937 
2460634.134032 -0.009967 
2460635.818674 -0.008193 
2460637.503316 -0.004114 
2460639.187958 0.001260 
2460640.872600 0.006644 
2460642.557242 0.010748 
2460644.241884 0.012553 
2460645.926526 0.011535 
2460647.611168 0.007798 
2460649.295810 0.002085 
2460650.980452 -0.004351 
2460652.665094 -0.010003 
2460654.349736 -0.013461 
2460656.034378 -0.013768 
2460657.719020 -0.010697 
2460659.403662 -0.004863 
2460661.088304 0.002381 
2460662.772946 0.009257 
2460664.457588 0.014017 
2460666.142230 0.015405 
2460667.826871 0.013007 
2460669.511513 0.007383 
2460671.196155 -0.000081 
2460672.880797 -0.007538 
2460674.565439 -0.013176 
2460676.250081 -0.015696 
2460677.934723 -0.014629 
2460679.619365 -0.010420 
2460681.304007 -0.004255 
2460682.988649 0.002287 
