# time Tc_folded Tref_folded value value_err offset model full_model val_compare val_compare_err residuals residuals_err jitter jitter_flag offset_flag subset_flag 
2455480.529186 0.000000 0.000000 -26.909975 0.971355 -24.872865 -2.317174 -27.190039 -2.037110 0.971355 0.280064 0.971355 1.033932   1   1  -1 
2455480.532970 0.000000 0.000000 -26.058843 0.880169 -24.872865 -2.317087 -27.189952 -1.185978 0.880169 1.131109 0.880169 1.033932   1   1  -1 
2455480.536778 0.000000 0.000000 -26.244486 0.930093 -24.872865 -2.316999 -27.189864 -1.371621 0.930093 0.945378 0.930093 1.033932   1   1  -1 
2455482.554786 0.000000 0.000000 -25.645222 0.707811 -24.872865 -2.143770 -27.016635 -0.772357 0.707811 1.371413 0.707811 1.033932   1   1  -1 
2455484.542056 0.000000 0.000000 -27.186795 1.028638 -24.872865 -1.742812 -26.615677 -2.313930 1.028638 -0.571118 1.028638 1.033932   1   1  -1 
2455484.545828 0.000000 0.000000 -26.136740 1.065413 -24.872865 -1.741877 -26.614743 -1.263875 1.065413 0.478003 1.065413 1.033932   1   1  -1 
2455484.549671 0.000000 0.000000 -24.017564 1.016694 -24.872865 -1.740925 -26.613790 0.855301 1.016694 2.596226 1.016694 1.033932   1   1  -1 
2455485.527184 0.000000 0.000000 -25.766756 0.864068 -24.872865 -1.483621 -26.356486 -0.893891 0.864068 0.589730 0.864068 1.033932   1   1  -1 
2455485.532971 0.000000 0.000000 -27.967751 0.891412 -24.872865 -1.482026 -26.354891 -3.094886 0.891412 -1.612860 0.891412 1.033932   1   1  -1 
2455487.543214 0.000000 0.000000 -26.158314 0.808873 -24.872865 -0.916948 -25.789813 -1.285449 0.808873 -0.368501 0.808873 1.033932   1   1  -1 
2455487.548897 0.000000 0.000000 -23.138260 0.803534 -24.872865 -0.915398 -25.788263 1.734605 0.803534 2.650003 0.803534 1.033932   1   1  -1 
2455493.544252 0.000000 0.000000 -25.229085 0.793201 -24.872865 -0.093448 -24.966313 -0.356220 0.793201 -0.262772 0.793201 1.033932   1   1  -1 
2455493.550478 0.000000 0.000000 -23.168274 0.810440 -24.872865 -0.093555 -24.966420 1.704591 0.810440 1.798146 0.810440 1.033932   1   1  -1 
2455495.535877 0.000000 0.000000 -22.710575 0.802492 -24.872865 -0.187958 -25.060823 2.162290 0.802492 2.350248 0.802492 1.033932   1   1  -1 
2455495.541664 0.000000 0.000000 -25.642209 0.850836 -24.872865 -0.188354 -25.061219 -0.769344 0.850836 -0.580990 0.850836 1.033932   1   1  -1 
2455498.517820 0.000000 0.000000 -24.342041 1.327692 -24.872865 -0.392861 -25.265726 0.530824 1.327692 0.923685 1.327692 1.033932   1   1  -1 
2455498.523445 0.000000 0.000000 -24.738223 1.200196 -24.872865 -0.393182 -25.266047 0.134642 1.200196 0.527824 1.200196 1.033932   1   1  -1 
2455500.544007 0.000000 0.000000 -24.476855 0.683673 -24.872865 -0.488327 -25.361192 0.396010 0.683673 0.884337 0.683673 1.033932   1   1  -1 
2455500.549389 0.000000 0.000000 -24.813524 0.744348 -24.872865 -0.488548 -25.361413 0.059341 0.744348 0.547889 0.744348 1.033932   1   1  -1 
2455501.547102 0.000000 0.000000 -24.783974 0.605317 -24.872865 -0.531287 -25.404152 0.088891 0.605317 0.620178 0.605317 1.033932   1   1  -1 
2455501.552738 0.000000 0.000000 -26.031797 0.578445 -24.872865 -0.531550 -25.404415 -1.158932 0.578445 -0.627382 0.578445 1.033932   1   1  -1 
2455505.514789 0.000000 0.000000 -24.965633 0.688526 -24.872865 -0.938042 -25.810907 -0.092768 0.688526 0.845274 0.688526 1.033932   1   1  -1 
2455505.520425 0.000000 0.000000 -25.963370 0.681455 -24.872865 -0.939076 -25.811941 -1.090505 0.681455 -0.151429 0.681455 1.033932   1   1  -1 
2455507.517142 0.000000 0.000000 -27.398443 0.529962 -24.872865 -1.391774 -26.264640 -2.525578 0.529962 -1.133803 0.529962 1.033932   1   1  -1 
2455507.522824 0.000000 0.000000 -26.516546 0.540417 -24.872865 -1.393271 -26.266137 -1.643681 0.540417 -0.250409 0.540417 1.033932   1   1  -1 
2455509.518050 0.000000 0.000000 -26.509772 0.760523 -24.872865 -1.946718 -26.819584 -1.636907 0.760523 0.309812 0.760523 1.033932   1   1  -1 
2455509.523524 0.000000 0.000000 -26.058801 0.709529 -24.872865 -1.948227 -26.821093 -1.185936 0.709529 0.762292 0.709529 1.033932   1   1  -1 
2455511.516449 0.000000 0.000000 -28.045351 0.796997 -24.872865 -2.423158 -27.296023 -3.172486 0.796997 -0.749328 0.796997 1.033932   1   1  -1 
2455511.521935 0.000000 0.000000 -25.840348 0.793324 -24.872865 -2.424159 -27.297024 -0.967483 0.793324 1.456676 0.793324 1.033932   1   1  -1 
2455513.504562 0.000000 0.000000 -26.063860 0.836669 -24.872865 -2.612046 -27.484911 -1.190995 0.836669 1.421051 0.836669 1.033932   1   1  -1 
2455513.510244 0.000000 0.000000 -26.656020 0.882170 -24.872865 -2.612015 -27.484881 -1.783155 0.882170 0.828861 0.882170 1.033932   1   1  -1 
2455514.505835 0.000000 0.000000 -28.058961 0.671812 -24.872865 -2.550417 -27.423283 -3.186096 0.671812 -0.635678 0.671812 1.033932   1   1  -1 
2455514.511356 0.000000 0.000000 -26.642215 0.683432 -24.872865 -2.549759 -27.422624 -1.769350 0.683432 0.780409 0.683432 1.033932   1   1  -1 
2455519.503938 0.000000 0.000000 -24.641989 1.033370 -24.872865 -0.789660 -25.662525 0.230876 1.033370 1.020536 1.033370 1.033932   1   1  -1 
2455519.508811 0.000000 0.000000 -25.135445 0.996146 -24.872865 -0.787293 -25.660159 -0.262580 0.996146 0.524714 0.996146 1.033932   1   1  -1 
2455523.508036 0.000000 0.000000 -23.856297 0.829835 -24.872865 0.811521 -24.061344 1.016568 0.829835 0.205047 0.829835 1.033932   1   1  -1 
2455523.513036 0.000000 0.000000 -22.994255 0.865769 -24.872865 0.812733 -24.060132 1.878610 0.865769 1.065877 0.865769 1.033932   1   1  -1 
2455524.521481 0.000000 0.000000 -24.709671 0.667948 -24.872865 1.002587 -23.870278 0.163194 0.667948 -0.839393 0.667948 1.033932   1   1  -1 
2455524.526446 0.000000 0.000000 -24.308004 0.678388 -24.872865 1.003249 -23.869617 0.564861 0.678388 -0.438387 0.678388 1.033932   1   1  -1 
2455653.900831 0.000000 0.000000 -25.612029 0.744608 -24.872865 -0.164167 -25.037032 -0.739164 0.744608 -0.574997 0.744608 1.033932   1   1  -1 
2455653.906410 0.000000 0.000000 -24.161106 0.736194 -24.872865 -0.164062 -25.036927 0.711759 0.736194 0.875821 0.736194 1.033932   1   1  -1 
2455654.900357 0.000000 0.000000 -24.436787 0.814117 -24.872865 -0.164343 -25.037208 0.436078 0.814117 0.600421 0.814117 1.033932   1   1  -1 
2455654.905936 0.000000 0.000000 -24.084025 0.731415 -24.872865 -0.164446 -25.037311 0.788840 0.731415 0.953286 0.731415 1.033932   1   1  -1 
2455657.909222 0.000000 0.000000 -24.104658 0.605709 -24.872865 -0.335871 -25.208737 0.768207 0.605709 1.104079 0.605709 1.033932   1   1  -1 
2455657.914813 0.000000 0.000000 -23.667872 0.631733 -24.872865 -0.336326 -25.209191 1.204993 0.631733 1.541319 0.631733 1.033932   1   1  -1 
2455659.907949 0.000000 0.000000 -23.898066 0.769486 -24.872865 -0.499326 -25.372191 0.974799 0.769486 1.474125 0.769486 1.033932   1   1  -1 
2455659.913540 0.000000 0.000000 -23.238369 0.803020 -24.872865 -0.499755 -25.372621 1.634496 0.803020 2.134252 0.803020 1.033932   1   1  -1 
2455660.901884 0.000000 0.000000 -24.754074 0.502349 -24.872865 -0.570102 -25.442968 0.118791 0.502349 0.688894 0.502349 1.033932   1   1  -1 
2455662.902485 0.000000 0.000000 -24.200224 0.948916 -24.872865 -0.668119 -25.540984 0.672641 0.948916 1.340760 0.948916 1.033932   1   1  -1 
2455662.908180 0.000000 0.000000 -24.067169 0.909242 -24.872865 -0.668304 -25.541169 0.805696 0.909242 1.474000 0.909242 1.033932   1   1  -1 
2455663.839263 0.000000 0.000000 -26.097182 1.737212 -24.872865 -0.691698 -25.564564 -1.224317 1.737212 -0.532618 1.737212 1.033932   1   1  -1 
2455672.897729 0.000000 0.000000 -25.596039 0.653920 -24.872865 -0.702974 -25.575840 -0.723174 0.653920 -0.020199 0.653920 1.033932   1   1  -1 
2455672.902775 0.000000 0.000000 -25.939332 0.601277 -24.872865 -0.703075 -25.575941 -1.066467 0.601277 -0.363391 0.601277 1.033932   1   1  -1 
2455675.905453 0.000000 0.000000 -25.957415 0.422700 -24.872865 -0.797175 -25.670040 -1.084550 0.422700 -0.287375 0.422700 1.033932   1   1  -1 
2455679.879903 0.000000 0.000000 -24.345286 0.504578 -24.872865 -1.034616 -25.907481 0.527579 0.504578 1.562195 0.504578 1.033932   1   1  -1 
2455679.885123 0.000000 0.000000 -25.711920 0.513702 -24.872865 -1.035015 -25.907880 -0.839055 0.513702 0.195960 0.513702 1.033932   1   1  -1 
2455712.893679 0.000000 0.000000 -25.516104 0.560355 -24.872865 -0.771679 -25.644544 -0.643239 0.560355 0.128440 0.560355 1.033932   1   1  -1 
2455715.864679 0.000000 0.000000 -22.931541 1.363467 -24.872865 -0.422215 -25.295080 1.941324 1.363467 2.363539 1.363467 1.033932   1   1  -1 
2455715.867376 0.000000 0.000000 -28.616863 1.418842 -24.872865 -0.421990 -25.294855 -3.743998 1.418842 -3.322008 1.418842 1.033932   1   1  -1 
2455715.869992 0.000000 0.000000 -25.093281 1.436778 -24.872865 -0.421771 -25.294636 -0.220416 1.436778 0.201355 1.436778 1.033932   1   1  -1 
2455715.872747 0.000000 0.000000 -24.781614 1.484829 -24.872865 -0.421541 -25.294406 0.091251 1.484829 0.512792 1.484829 1.033932   1   1  -1 
2455727.859452 0.000000 0.000000 -23.690321 1.056398 -24.872865 -0.509326 -25.382191 1.182544 1.056398 1.691870 1.056398 1.033932   1   1  -1 
2455727.863145 0.000000 0.000000 -25.870346 1.033327 -24.872865 -0.508811 -25.381676 -0.997481 1.033327 -0.488670 1.033327 1.033932   1   1  -1 
2455727.866953 0.000000 0.000000 -25.899190 1.119485 -24.872865 -0.508279 -25.381145 -1.026325 1.119485 -0.518045 1.119485 1.033932   1   1  -1 
2455735.809170 0.000000 0.000000 -25.001888 0.526032 -24.872865 0.258317 -24.614548 -0.129023 0.526032 -0.387340 0.526032 1.033932   1   1  -1 
2455754.777241 0.000000 0.000000 -23.310355 1.091349 -24.872865 -1.275201 -26.148066 1.562510 1.091349 2.837711 1.091349 1.033932   1   1  -1 
2455755.755721 0.000000 0.000000 -27.691015 0.768792 -24.872865 -1.275540 -26.148405 -2.818150 0.768792 -1.542610 0.768792 1.033932   1   1  -1 
2455769.736300 0.000000 0.000000 -23.807786 0.677532 -24.872865 -0.500395 -25.373260 1.065079 0.677532 1.565474 0.677532 1.033932   1   1  -1 
2455769.742075 0.000000 0.000000 -25.737885 0.770313 -24.872865 -0.501850 -25.374715 -0.865020 0.770313 -0.363170 0.770313 1.033932   1   1  -1 
2455776.628483 0.000000 0.000000 -24.967384 0.712348 -24.872865 -0.763858 -25.636724 -0.094519 0.712348 0.669340 0.712348 1.033932   1   1  -1 
2455782.624998 0.000000 0.000000 -26.013016 0.761072 -24.872865 0.028161 -24.844704 -1.140151 0.761072 -1.168312 0.761072 1.033932   1   1  -1 
2455784.737667 0.000000 0.000000 -26.498015 0.545366 -24.872865 -0.239468 -25.112334 -1.625150 0.545366 -1.385681 0.545366 1.033932   1   1  -1 
2455801.526698 0.000000 0.000000 -24.288917 1.273141 -24.872865 0.362823 -24.510042 0.583948 1.273141 0.221125 1.273141 1.033932   1   1  -1 
2455801.531628 0.000000 0.000000 -26.351823 1.177162 -24.872865 0.361748 -24.511117 -1.478958 1.177162 -1.840706 1.177162 1.033932   1   1  -1 
2455804.632333 0.000000 0.000000 -26.712023 1.120566 -24.872865 -0.259825 -25.132690 -1.839158 1.120566 -1.579333 1.120566 1.033932   1   1  -1 
2455804.637669 0.000000 0.000000 -26.500980 1.032150 -24.872865 -0.260562 -25.133427 -1.628115 1.032150 -1.367553 1.032150 1.033932   1   1  -1 
2455807.626267 0.000000 0.000000 -25.803456 0.965710 -24.872865 -0.369602 -25.242467 -0.930591 0.965710 -0.560989 0.965710 1.033932   1   1  -1 
2455807.631162 0.000000 0.000000 -27.246843 0.886584 -24.872865 -0.369316 -25.242181 -2.373978 0.886584 -2.004662 0.886584 1.033932   1   1  -1 
2455810.581550 0.000000 0.000000 -26.536934 0.754194 -24.872865 -0.093919 -24.966785 -1.664069 0.754194 -1.570149 0.754194 1.033932   1   1  -1 
2455810.586723 0.000000 0.000000 -26.643570 0.797392 -24.872865 -0.093481 -24.966346 -1.770705 0.797392 -1.677224 0.797392 1.033932   1   1  -1 
2455816.587002 0.000000 0.000000 -27.268074 0.959785 -24.872865 -0.755632 -25.628498 -2.395209 0.959785 -1.639576 0.959785 1.033932   1   1  -1 
2455816.590578 0.000000 0.000000 -24.693999 0.889883 -24.872865 -0.756653 -25.629519 0.178866 0.889883 0.935520 0.889883 1.033932   1   1  -1 
2455816.594154 0.000000 0.000000 -25.997669 0.876464 -24.872865 -0.757675 -25.630540 -1.124804 0.876464 -0.367129 0.876464 1.033932   1   1  -1 
2455834.622073 0.000000 0.000000 -25.259445 0.577372 -24.872865 -1.095644 -25.968509 -0.386580 0.577372 0.709064 0.577372 1.033932   1   1  -1 
2455834.627593 0.000000 0.000000 -25.841078 0.576524 -24.872865 -1.097094 -25.969959 -0.968213 0.576524 0.128881 0.576524 1.033932   1   1  -1 
2455836.585712 0.000000 0.000000 -26.404099 0.680522 -24.872865 -1.474572 -26.347437 -1.531234 0.680522 -0.056662 0.680522 1.033932   1   1  -1 
2455836.591440 0.000000 0.000000 -25.180084 0.679136 -24.872865 -1.475153 -26.348018 -0.307219 0.679136 1.167934 0.679136 1.033932   1   1  -1 
2455839.585007 0.000000 0.000000 -23.458640 0.910132 -24.872865 -1.247220 -26.120086 1.414225 0.910132 2.661446 0.910132 1.033932   1   1  -1 
2455839.590794 0.000000 0.000000 -25.200869 0.919769 -24.872865 -1.245797 -26.118662 -0.328004 0.919769 0.917793 0.919769 1.033932   1   1  -1 
2455842.549547 0.000000 0.000000 -22.047028 1.066299 -24.872865 -0.257861 -25.130727 2.825837 1.066299 3.083699 1.066299 1.033932   1   1  -1 
2455842.555033 0.000000 0.000000 -25.918735 0.873203 -24.872865 -0.255887 -25.128752 -1.045870 0.873203 -0.789983 0.873203 1.033932   1   1  -1 
2455845.575633 0.000000 0.000000 -25.259730 1.067738 -24.872865 0.534588 -24.338277 -0.386865 1.067738 -0.921453 1.067738 1.033932   1   1  -1 
2455845.581258 0.000000 0.000000 -25.817378 0.922401 -24.872865 0.535252 -24.337614 -0.944513 0.922401 -1.479764 0.922401 1.033932   1   1  -1 
2455870.498785 0.000000 0.000000 -26.611150 0.730627 -24.872865 -1.278636 -26.151501 -1.738285 0.730627 -0.459649 0.730627 1.033932   1   1  -1 
2455870.504422 0.000000 0.000000 -27.219360 0.718479 -24.872865 -1.278470 -26.151335 -2.346495 0.718479 -1.068025 0.718479 1.033932   1   1  -1 
2455874.532217 0.000000 0.000000 -26.523893 1.027595 -24.872865 -0.555165 -25.428031 -1.651028 1.027595 -1.095862 1.027595 1.033932   1   1  -1 
2455874.537437 0.000000 0.000000 -24.043101 1.390676 -24.872865 -0.553917 -25.426782 0.829764 1.390676 1.383681 1.390676 1.033932   1   1  -1 
2455878.549549 0.000000 0.000000 -26.332169 1.360956 -24.872865 -0.113144 -24.986009 -1.459304 1.360956 -1.346160 1.360956 1.033932   1   1  -1 
2455878.554965 0.000000 0.000000 -27.171511 1.321422 -24.872865 -0.113528 -24.986393 -2.298646 1.321422 -2.185118 1.321422 1.033932   1   1  -1 
2456020.892743 0.000000 0.000000 -26.398556 0.800504 -24.872865 -0.165352 -25.038217 -1.525691 0.800504 -1.360339 0.800504 1.033932   1   1  -1 
2456020.898160 0.000000 0.000000 -24.498061 0.781449 -24.872865 -0.165997 -25.038862 0.374804 0.781449 0.540801 0.781449 1.033932   1   1  -1 
2456022.889397 0.000000 0.000000 -25.350339 0.994688 -24.872865 -0.425232 -25.298098 -0.477474 0.994688 -0.052241 0.994688 1.033932   1   1  -1 
2456022.894884 0.000000 0.000000 -26.468069 1.113054 -24.872865 -0.425984 -25.298849 -1.595204 1.113054 -1.169220 1.113054 1.033932   1   1  -1 
2456024.891353 0.000000 0.000000 -25.969708 0.857313 -24.872865 -0.690146 -25.563012 -1.096843 0.857313 -0.406696 0.857313 1.033932   1   1  -1 
2456024.897048 0.000000 0.000000 -25.325267 0.814076 -24.872865 -0.690834 -25.563699 -0.452402 0.814076 0.238432 0.814076 1.033932   1   1  -1 
2456028.922257 0.000000 0.000000 -26.626536 0.690565 -24.872865 -0.917974 -25.790840 -1.753671 0.690565 -0.835696 0.690565 1.033932   1   1  -1 
2456029.892891 0.000000 0.000000 -27.734634 1.086998 -24.872865 -0.867854 -25.740719 -2.861769 1.086998 -1.993915 1.086998 1.033932   1   1  -1 
2456029.898354 0.000000 0.000000 -24.980386 1.038533 -24.872865 -0.867444 -25.740309 -0.107521 1.038533 0.759923 1.038533 1.033932   1   1  -1 
2456031.852968 0.000000 0.000000 -23.499732 0.817617 -24.872865 -0.636672 -25.509537 1.373133 0.817617 2.009805 0.817617 1.033932   1   1  -1 
2456052.857065 0.000000 0.000000 -27.077636 0.812636 -24.872865 -0.859831 -25.732697 -2.204771 0.812636 -1.344939 0.812636 1.033932   1   1  -1 
2456052.862482 0.000000 0.000000 -25.515691 0.787680 -24.872865 -0.860072 -25.732937 -0.642826 0.787680 0.217246 0.787680 1.033932   1   1  -1 
2456053.851639 0.000000 0.000000 -27.718607 0.874947 -24.872865 -0.891470 -25.764335 -2.845742 0.874947 -1.954272 0.874947 1.033932   1   1  -1 
2456053.857114 0.000000 0.000000 -24.875823 0.828685 -24.872865 -0.891579 -25.764444 -0.002958 0.828685 0.888621 0.828685 1.033932   1   1  -1 
2456054.839916 0.000000 0.000000 -26.614037 0.533012 -24.872865 -0.900899 -25.773765 -1.741172 0.533012 -0.840272 0.533012 1.033932   1   1  -1 
2456055.886865 0.000000 0.000000 -26.560052 0.509706 -24.872865 -0.892534 -25.765399 -1.687187 0.509706 -0.794653 0.509706 1.033932   1   1  -1 
2456056.818146 0.000000 0.000000 -25.035898 0.893302 -24.872865 -0.874275 -25.747140 -0.163033 0.893302 0.711242 0.893302 1.033932   1   1  -1 
2456056.823714 0.000000 0.000000 -25.575505 0.813986 -24.872865 -0.874145 -25.747010 -0.702640 0.813986 0.171505 0.813986 1.033932   1   1  -1 
2456078.843392 0.000000 0.000000 -24.518196 0.647558 -24.872865 0.656763 -24.216102 0.354669 0.647558 -0.302094 0.647558 1.033932   1   1  -1 
2456078.849075 0.000000 0.000000 -24.174693 0.632973 -24.872865 0.655655 -24.217210 0.698172 0.632973 0.042517 0.632973 1.033932   1   1  -1 
2456081.832748 0.000000 0.000000 -22.774279 0.796018 -24.872865 -0.000663 -24.873528 2.098586 0.796018 2.099249 0.796018 1.033932   1   1  -1 
2456081.838651 0.000000 0.000000 -23.542613 0.647447 -24.872865 -0.001924 -24.874789 1.330252 0.647447 1.332176 0.647447 1.033932   1   1  -1 
2456085.820521 0.000000 0.000000 -24.535394 0.878497 -24.872865 -0.492732 -25.365598 0.337471 0.878497 0.830204 0.878497 1.033932   1   1  -1 
2456085.826250 0.000000 0.000000 -25.784214 0.917873 -24.872865 -0.492777 -25.365643 -0.911349 0.917873 -0.418571 0.917873 1.033932   1   1  -1 
2456088.742747 0.000000 0.000000 -24.555140 0.549399 -24.872865 -0.289305 -25.162170 0.317725 0.549399 0.607030 0.549399 1.033932   1   1  -1 
2456092.900369 0.000000 0.000000 -25.520468 0.628826 -24.872865 0.261269 -24.611597 -0.647603 0.628826 -0.908871 0.628826 1.033932   1   1  -1 
2456115.815540 0.000000 0.000000 -24.478774 0.776191 -24.872865 -0.324725 -25.197590 0.394091 0.776191 0.718816 0.776191 1.033932   1   1  -1 
2456118.809984 0.000000 0.000000 -25.405570 0.512854 -24.872865 -0.056527 -24.929392 -0.532705 0.512854 -0.476178 0.512854 1.033932   1   1  -1 
2456121.820367 0.000000 0.000000 -25.220090 1.411859 -24.872865 0.274464 -24.598401 -0.347225 1.411859 -0.621689 1.411859 1.033932   1   1  -1 
2456149.686124 0.000000 0.000000 -25.751686 0.845009 -24.872865 -0.281067 -25.153932 -0.878821 0.845009 -0.597754 0.845009 1.033932   1   1  -1 
2456154.723489 0.000000 0.000000 -23.590960 0.865117 -24.872865 1.303107 -23.569759 1.281905 0.865117 -0.021201 0.865117 1.033932   1   1  -1 
2456154.728442 0.000000 0.000000 -25.978785 1.281739 -24.872865 1.304334 -23.568531 -1.105920 1.281739 -2.410254 1.281739 1.033932   1   1  -1 
2456166.527551 0.000000 0.000000 -23.896330 0.645517 -24.872865 -0.437350 -25.310215 0.976535 0.645517 1.413885 0.645517 1.033932   1   1  -1 
2456168.609469 0.000000 0.000000 -25.596469 0.971404 -24.872865 -0.410637 -25.283503 -0.723604 0.971404 -0.312966 0.971404 1.033932   1   1  -1 
2456168.615105 0.000000 0.000000 -23.735823 0.857956 -24.872865 -0.410324 -25.283189 1.137042 0.857956 1.547366 0.857956 1.033932   1   1  -1 
2456171.510563 0.000000 0.000000 -25.064368 0.523911 -24.872865 -0.229309 -25.102174 -0.191503 0.523911 0.037806 0.523911 1.033932   1   1  -1 
2456173.694840 0.000000 0.000000 -23.658056 0.870055 -24.872865 -0.206130 -25.078995 1.214809 0.870055 1.420939 0.870055 1.033932   1   1  -1 
2456181.612869 0.000000 0.000000 -25.749650 0.609426 -24.872865 0.020310 -24.852556 -0.876785 0.609426 -0.897094 0.609426 1.033932   1   1  -1 
2456186.623747 0.000000 0.000000 -24.370201 0.538290 -24.872865 0.659215 -24.213650 0.502664 0.538290 -0.156551 0.538290 1.033932   1   1  -1 
2456189.666838 0.000000 0.000000 -25.693203 1.709832 -24.872865 0.388762 -24.484104 -0.820338 1.709832 -1.209099 1.709832 1.033932   1   1  -1 
2456190.592865 0.000000 0.000000 -21.505898 0.873280 -24.872865 0.235151 -24.637714 3.366967 0.873280 3.131816 0.873280 1.033932   1   1  -1 
2456190.598548 0.000000 0.000000 -22.814816 0.820368 -24.872865 0.234196 -24.638669 2.058049 0.820368 1.823853 0.820368 1.033932   1   1  -1 
2456195.586272 0.000000 0.000000 -23.991425 0.911842 -24.872865 0.009755 -24.863110 0.881440 0.911842 0.871685 0.911842 1.033932   1   1  -1 
2456195.591793 0.000000 0.000000 -25.301327 0.913007 -24.872865 0.010564 -24.862301 -0.428462 0.913007 -0.439026 0.913007 1.033932   1   1  -1 
2456198.564091 0.000000 0.000000 -19.336707 1.186346 -24.872865 0.698367 -24.174498 5.536158 1.186346 4.837791 1.186346 1.033932   1   1  -1 
2456198.569866 0.000000 0.000000 -24.445113 1.250845 -24.872865 0.699930 -24.172935 0.427752 1.250845 -0.272178 1.250845 1.033932   1   1  -1 
2456204.547188 0.000000 0.000000 -20.889997 0.781661 -24.872865 1.065441 -23.807424 3.982868 0.781661 2.917427 0.781661 1.033932   1   1  -1 
2456205.523197 0.000000 0.000000 -22.994646 0.447471 -24.872865 0.814151 -24.058714 1.878219 0.447471 1.064068 0.447471 1.033932   1   1  -1 
2456208.615737 0.000000 0.000000 -27.443259 0.942056 -24.872865 -0.008678 -24.881543 -2.570394 0.942056 -2.561716 0.942056 1.033932   1   1  -1 
2456209.540800 0.000000 0.000000 -25.491736 1.053758 -24.872865 -0.116442 -24.989307 -0.618871 1.053758 -0.502429 1.053758 1.033932   1   1  -1 
2456210.532155 0.000000 0.000000 -25.261528 0.864183 -24.872865 -0.101265 -24.974130 -0.388663 0.864183 -0.287398 0.864183 1.033932   1   1  -1 
2456212.523498 0.000000 0.000000 -25.294554 0.479583 -24.872865 0.379398 -24.493468 -0.421689 0.479583 -0.801086 0.479583 1.033932   1   1  -1 
2456217.523649 0.000000 0.000000 -19.703787 0.740951 -24.872865 2.860103 -22.012763 5.169078 0.740951 2.308976 0.740951 1.033932   1   1  -1 
2456217.529482 0.000000 0.000000 -19.326386 0.723468 -24.872865 2.862277 -22.010589 5.546479 0.723468 2.684203 0.723468 1.033932   1   1  -1 
2456218.587951 0.000000 0.000000 -19.082533 0.783291 -24.872865 3.169852 -21.703013 5.790332 0.783291 2.620480 0.783291 1.033932   1   1  -1 
2456219.500319 0.000000 0.000000 -19.527157 0.495656 -24.872865 3.278499 -21.594367 5.345708 0.495656 2.067210 0.495656 1.033932   1   1  -1 
2456220.491327 0.000000 0.000000 -20.168133 0.783227 -24.872865 3.218296 -21.654569 4.704732 0.783227 1.486436 0.783227 1.033932   1   1  -1 
2456220.514069 0.000000 0.000000 -21.014052 0.640640 -24.872865 3.214741 -21.658124 3.858813 0.640640 0.644072 0.640640 1.033932   1   1  -1 
2456409.867093 0.000000 0.000000 -20.591699 1.234666 -24.872865 2.269662 -22.603203 4.281166 1.234666 2.011504 1.234666 1.033932   1   1  -1 
2456409.872719 0.000000 0.000000 -20.151012 1.190406 -24.872865 2.270226 -22.602639 4.721853 1.190406 2.451627 1.190406 1.033932   1   1  -1 
2456416.824768 0.000000 0.000000 -22.159939 1.100783 -24.872865 1.678352 -23.194513 2.712926 1.100783 1.034574 1.100783 1.033932   1   1  -1 
2456416.828565 0.000000 0.000000 -23.100921 1.091725 -24.872865 1.677795 -23.195070 1.771944 1.091725 0.094149 1.091725 1.033932   1   1  -1 
2456416.832443 0.000000 0.000000 -22.956212 1.133660 -24.872865 1.677226 -23.195639 1.916653 1.133660 0.239427 1.133660 1.033932   1   1  -1 
2456432.884915 0.000000 0.000000 -27.579236 0.787972 -24.872865 -0.414523 -25.287388 -2.706371 0.787972 -2.291848 0.787972 1.033932   1   1  -1 
2456432.890124 0.000000 0.000000 -26.715660 0.901606 -24.872865 -0.414377 -25.287242 -1.842795 0.901606 -1.428418 0.901606 1.033932   1   1  -1 
2456433.905268 0.000000 0.000000 -25.594069 1.477288 -24.872865 -0.358698 -25.231563 -0.721204 1.477288 -0.362506 1.477288 1.033932   1   1  -1 
2456433.910395 0.000000 0.000000 -28.401349 1.603077 -24.872865 -0.358284 -25.231149 -3.528484 1.603077 -3.170200 1.603077 1.033932   1   1  -1 
2456434.892458 0.000000 0.000000 -25.809648 0.969582 -24.872865 -0.257338 -25.130204 -0.936783 0.969582 -0.679444 0.969582 1.033932   1   1  -1 
2456434.898129 0.000000 0.000000 -23.506674 0.937709 -24.872865 -0.256640 -25.129505 1.366191 0.937709 1.622831 0.937709 1.033932   1   1  -1 
2456437.889188 0.000000 0.000000 -24.884604 0.801579 -24.872865 0.220957 -24.651908 -0.011739 0.801579 -0.232696 0.801579 1.033932   1   1  -1 
2456437.894720 0.000000 0.000000 -25.072705 0.735776 -24.872865 0.221931 -24.650935 -0.199840 0.735776 -0.421770 0.735776 1.033932   1   1  -1 
2456438.860772 0.000000 0.000000 -25.990651 0.640814 -24.872865 0.389312 -24.483553 -1.117786 0.640814 -1.507098 0.640814 1.033932   1   1  -1 
2456441.860316 0.000000 0.000000 -24.014503 0.846284 -24.872865 0.818982 -24.053883 0.858362 0.846284 0.039380 0.846284 1.033932   1   1  -1 
2456454.832361 0.000000 0.000000 -23.997808 0.709239 -24.872865 1.079998 -23.792867 0.875057 0.709239 -0.204941 0.709239 1.033932   1   1  -1 
2456454.837894 0.000000 0.000000 -22.599444 0.711651 -24.872865 1.079215 -23.793650 2.273421 0.711651 1.194206 0.711651 1.033932   1   1  -1 
2456467.823190 0.000000 0.000000 -25.761156 1.255655 -24.872865 0.542473 -24.330393 -0.888291 1.255655 -1.430763 1.255655 1.033932   1   1  -1 
2456467.826929 0.000000 0.000000 -24.870329 1.113375 -24.872865 0.542819 -24.330047 0.002536 1.113375 -0.540282 1.113375 1.033932   1   1  -1 
2456467.830702 0.000000 0.000000 -26.757156 1.185837 -24.872865 0.543168 -24.329698 -1.884291 1.185837 -2.427458 1.185837 1.033932   1   1  -1 
2456473.860840 0.000000 0.000000 -26.025579 1.051321 -24.872865 0.502519 -24.370346 -1.152714 1.051321 -1.655233 1.051321 1.033932   1   1  -1 
2456473.864821 0.000000 0.000000 -26.100899 1.016901 -24.872865 0.502204 -24.370661 -1.228034 1.016901 -1.730238 1.016901 1.033932   1   1  -1 
2456473.868595 0.000000 0.000000 -29.196466 1.098920 -24.872865 0.501905 -24.370960 -4.323601 1.098920 -4.825506 1.098920 1.033932   1   1  -1 
2456480.776552 0.000000 0.000000 -23.192493 0.996431 -24.872865 0.600353 -24.272512 1.680372 0.996431 1.080019 0.996431 1.033932   1   1  -1 
2456480.782281 0.000000 0.000000 -24.495239 0.925325 -24.872865 0.601122 -24.271744 0.377626 0.925325 -0.223495 0.925325 1.033932   1   1  -1 
2456481.631506 0.000000 0.000000 -26.796869 1.240759 -24.872865 0.720319 -24.152546 -1.924004 1.240759 -2.644323 1.240759 1.033932   1   1  -1 
2456481.637189 0.000000 0.000000 -26.767470 1.259412 -24.872865 0.721141 -24.151725 -1.894605 1.259412 -2.615745 1.259412 1.033932   1   1  -1 
2456501.599929 0.000000 0.000000 -24.740542 0.631664 -24.872865 0.313505 -24.559360 0.132323 0.631664 -0.181182 0.631664 1.033932   1   1  -1 
2456523.744316 0.000000 0.000000 -25.807160 0.567478 -24.872865 0.025593 -24.847272 -0.934295 0.567478 -0.959888 0.567478 1.033932   1   1  -1 
2456524.691276 0.000000 0.000000 -25.319964 0.703132 -24.872865 0.018312 -24.854553 -0.447099 0.703132 -0.465411 0.703132 1.033932   1   1  -1 
2456524.696693 0.000000 0.000000 -24.516845 0.716695 -24.872865 0.018440 -24.854426 0.356020 0.716695 0.337581 0.716695 1.033932   1   1  -1 
2456525.743740 0.000000 0.000000 -25.822667 0.637734 -24.872865 0.075869 -24.796996 -0.949802 0.637734 -1.025671 0.637734 1.033932   1   1  -1 
2456569.534062 0.000000 0.000000 -26.502332 1.076929 -24.872865 0.504576 -24.368290 -1.629467 1.076929 -2.134042 1.076929 1.033932   1   1  -1 
2456585.564665 0.000000 0.000000 -24.318027 0.855663 -24.872865 0.023689 -24.849177 0.554838 0.855663 0.531150 0.855663 1.033932   1   1  -1 
2456585.568473 0.000000 0.000000 -25.604567 0.828824 -24.872865 0.022976 -24.849889 -0.731702 0.828824 -0.754678 0.828824 1.033932   1   1  -1 
2456585.572350 0.000000 0.000000 -26.300858 0.846101 -24.872865 0.022252 -24.850613 -1.427993 0.846101 -1.450245 0.846101 1.033932   1   1  -1 
2456586.547688 0.000000 0.000000 -22.976857 0.928572 -24.872865 -0.130114 -25.002979 1.896008 0.928572 2.026122 0.928572 1.033932   1   1  -1 
2456586.551530 0.000000 0.000000 -24.816035 0.993006 -24.872865 -0.130589 -25.003455 0.056830 0.993006 0.187420 0.993006 1.033932   1   1  -1 
2456586.555442 0.000000 0.000000 -25.499232 1.030307 -24.872865 -0.131073 -25.003938 -0.626367 1.030307 -0.495294 1.030307 1.033932   1   1  -1 
2456590.510961 0.000000 0.000000 -24.188890 1.367518 -24.872865 -0.081337 -24.954203 0.683975 1.367518 0.765313 1.367518 1.033932   1   1  -1 
2456590.514943 0.000000 0.000000 -26.805340 1.522789 -24.872865 -0.080825 -24.953690 -1.932475 1.522789 -1.851650 1.522789 1.033932   1   1  -1 
2456590.518611 0.000000 0.000000 -28.066154 1.287716 -24.872865 -0.080353 -24.953218 -3.193289 1.287716 -3.112936 1.287716 1.033932   1   1  -1 
2456765.917789 0.000000 0.000000 -25.232175 0.712210 -24.872865 -1.035110 -25.907975 -0.359310 0.712210 0.675800 0.712210 1.033932   1   1  -1 
2456765.923021 0.000000 0.000000 -25.375142 0.718686 -24.872865 -1.033923 -25.906788 -0.502277 0.718686 0.531646 0.718686 1.033932   1   1  -1 
2456789.854143 0.000000 0.000000 -27.340576 0.783119 -24.872865 -0.233017 -25.105882 -2.467711 0.783119 -2.234694 0.783119 1.033932   1   1  -1 
2456789.859722 0.000000 0.000000 -26.773936 0.810184 -24.872865 -0.230743 -25.103608 -1.901071 0.810184 -1.670328 0.810184 1.033932   1   1  -1 
2456806.890179 0.000000 0.000000 -27.483229 0.848654 -24.872865 -0.739195 -25.612060 -2.610364 0.848654 -1.871169 0.848654 1.033932   1   1  -1 
2456829.893363 0.000000 0.000000 -28.440148 0.544726 -24.872865 -1.352281 -26.225147 -3.567283 0.544726 -2.215001 0.544726 1.033932   1   1  -1 
2456857.748704 0.000000 0.000000 -25.370298 0.916881 -24.872865 0.518451 -24.354415 -0.497433 0.916881 -1.015883 0.916881 1.033932   1   1  -1 
2456857.754433 0.000000 0.000000 -26.513555 0.896024 -24.872865 0.519750 -24.353116 -1.640690 0.896024 -2.160439 0.896024 1.033932   1   1  -1 
2456866.784629 0.000000 0.000000 -28.725741 0.744866 -24.872865 -0.887990 -25.760856 -3.852876 0.744866 -2.964885 0.744866 1.033932   1   1  -1 
2456896.727940 0.000000 0.000000 -25.463793 1.053796 -24.872865 -0.048601 -24.921467 -0.590928 1.053796 -0.542326 1.053796 1.033932   1   1  -1 
2456896.733287 0.000000 0.000000 -23.350729 1.302275 -24.872865 -0.046376 -24.919242 1.522136 1.302275 1.568513 1.302275 1.033932   1   1  -1 
2457146.919889 0.000000 0.000000 -25.875665 0.544417 -24.872865 0.096200 -24.776665 -1.002800 0.544417 -1.099000 0.544417 1.033932   1   1  -1 
2457176.844500 0.000000 0.000000 -13.102205 0.482556 -12.019266 -0.783356 -12.802622 -1.082939 0.482556 -0.299583 0.482556 1.033932   1   2  -1 
2457180.950532 0.000000 0.000000 -12.827294 0.611496 -12.019266 -0.829801 -12.849067 -0.808028 0.611496 0.021773 0.611496 1.033932   1   2  -1 
2457180.956053 0.000000 0.000000 -12.819042 0.642310 -12.019266 -0.829431 -12.848697 -0.799776 0.642310 0.029655 0.642310 1.033932   1   2  -1 
2457307.523708 0.000000 0.000000 -13.332331 0.569213 -12.019266 -0.499865 -12.519131 -1.313065 0.569213 -0.813200 0.569213 1.033932   1   2  -1 
2457307.529113 0.000000 0.000000 -13.026912 0.591603 -12.019266 -0.499075 -12.518341 -1.007646 0.591603 -0.508571 0.591603 1.033932   1   2  -1 
2457879.840329 0.000000 0.000000 -11.576868 0.840815 -12.019266 0.018415 -12.000851 0.442398 0.840815 0.423983 0.840815 1.033932   1   2  -1 
2457968.637355 0.000000 0.000000 -11.203839 0.766025 -12.019266 0.631498 -11.387768 0.815427 0.766025 0.183929 0.766025 1.033932   1   2  -1 
2460042.883932 0.000000 0.000000 -58.442022 0.194366 -59.158695 0.942123 -58.216571 0.716673 0.194366 -0.225451 0.194366 0.247779   0   0  -1 
2460042.889532 0.000000 0.000000 -58.629252 0.197675 -59.158695 0.944603 -58.214092 0.529443 0.197675 -0.415160 0.197675 0.247779   0   0  -1 
2460043.870973 0.000000 0.000000 -58.219986 0.231538 -59.158695 1.324400 -57.834295 0.938709 0.231538 -0.385691 0.231538 0.247779   0   0  -1 
2460043.876677 0.000000 0.000000 -57.899291 0.215486 -59.158695 1.326259 -57.832435 1.259404 0.215486 -0.066856 0.215486 0.247779   0   0  -1 
2460044.793251 0.000000 0.000000 -56.849206 0.238014 -59.158695 1.566012 -57.592683 2.309489 0.238014 0.743477 0.238014 0.247779   0   0  -1 
2460044.798982 0.000000 0.000000 -57.145893 0.236508 -59.158695 1.567126 -57.591569 2.012802 0.236508 0.445676 0.236508 0.247779   0   0  -1 
2460045.773704 0.000000 0.000000 -57.007798 0.527086 -59.158695 1.683471 -57.475224 2.150897 0.527086 0.467426 0.527086 0.247779   0   0  -1 
2460045.779649 0.000000 0.000000 -56.938954 0.356358 -59.158695 1.683729 -57.474965 2.219741 0.356358 0.536011 0.356358 0.247779   0   0  -1 
2460046.786658 0.000000 0.000000 -57.040367 0.216596 -59.158695 1.649398 -57.509296 2.118328 0.216596 0.468929 0.216596 0.247779   0   0  -1 
2460046.792204 0.000000 0.000000 -57.278637 0.200898 -59.158695 1.648789 -57.509906 1.880058 0.200898 0.231269 0.200898 0.247779   0   0  -1 
2460047.789500 0.000000 0.000000 -57.927209 0.215835 -59.158695 1.469704 -57.688990 1.231486 0.215835 -0.238219 0.215835 0.247779   0   0  -1 
2460047.795047 0.000000 0.000000 -58.119277 0.207999 -59.158695 1.468344 -57.690351 1.039418 0.207999 -0.428926 0.207999 0.247779   0   0  -1 
2460048.783364 0.000000 0.000000 -58.118469 0.259180 -59.158695 1.170774 -57.987920 1.040226 0.259180 -0.130549 0.259180 0.247779   0   0  -1 
2460048.789012 0.000000 0.000000 -58.073804 0.241587 -59.158695 1.168790 -57.989905 1.084891 0.241587 -0.083899 0.241587 0.247779   0   0  -1 
2460049.801102 0.000000 0.000000 -58.859288 0.223882 -59.158695 0.773920 -58.384774 0.299407 0.223882 -0.474514 0.223882 0.247779   0   0  -1 
2460049.806533 0.000000 0.000000 -58.376523 0.237350 -59.158695 0.771629 -58.387066 0.782172 0.237350 0.010543 0.237350 0.247779   0   0  -1 
2460050.776767 0.000000 0.000000 -58.619721 0.220926 -59.158695 0.345830 -58.812864 0.538974 0.220926 0.193143 0.220926 0.247779   0   0  -1 
2460050.782471 0.000000 0.000000 -58.676295 0.212336 -59.158695 0.343270 -58.815425 0.482400 0.212336 0.139130 0.212336 0.247779   0   0  -1 
2460068.823617 0.000000 0.000000 -57.564815 0.250917 -59.158695 1.491083 -57.667612 1.593880 0.250917 0.102797 0.250917 0.247779   0   0  -1 
2460068.829253 0.000000 0.000000 -57.865247 0.315822 -59.158695 1.489840 -57.668854 1.293448 0.315822 -0.196393 0.315822 0.247779   0   0  -1 
2460073.775251 0.000000 0.000000 -58.686864 0.273036 -59.158695 -0.456379 -59.615074 0.471831 0.273036 0.928210 0.273036 0.247779   0   0  -1 
2460073.780774 0.000000 0.000000 -59.826438 0.249282 -59.158695 -0.458792 -59.617487 -0.667743 0.249282 -0.208951 0.249282 0.247779   0   0  -1 
2460076.728213 0.000000 0.000000 -60.233316 0.253446 -59.158695 -1.419715 -60.578410 -1.074621 0.253446 0.345094 0.253446 0.247779   0   0  -1 
2460076.733797 0.000000 0.000000 -60.562447 0.242470 -59.158695 -1.420674 -60.579369 -1.403752 0.242470 0.016922 0.242470 0.247779   0   0  -1 
2460077.755001 0.000000 0.000000 -61.037365 0.312506 -59.158695 -1.525952 -60.684647 -1.878670 0.312506 -0.352718 0.312506 0.247779   0   0  -1 
2460077.760768 0.000000 0.000000 -61.187467 0.301092 -59.158695 -1.526138 -60.684833 -2.028772 0.301092 -0.502634 0.301092 0.247779   0   0  -1 
2460078.818364 0.000000 0.000000 -61.107816 0.236131 -59.158695 -1.480161 -60.638856 -1.949121 0.236131 -0.468960 0.236131 0.247779   0   0  -1 
2460078.823976 0.000000 0.000000 -60.811890 0.231515 -59.158695 -1.479492 -60.638187 -1.653195 0.231515 -0.173703 0.231515 0.247779   0   0  -1 
2460079.846559 0.000000 0.000000 -60.159488 0.225727 -59.158695 -1.285076 -60.443771 -1.000793 0.225727 0.284283 0.225727 0.247779   0   0  -1 
2460079.852048 0.000000 0.000000 -60.314338 0.228638 -59.158695 -1.283656 -60.442350 -1.155643 0.228638 0.128012 0.228638 0.247779   0   0  -1 
2460080.730235 0.000000 0.000000 -59.799608 0.243529 -59.158695 -1.009200 -60.167894 -0.640913 0.243529 0.368286 0.243529 0.247779   0   0  -1 
2460080.735864 0.000000 0.000000 -59.979018 0.224766 -59.158695 -1.007156 -60.165850 -0.820323 0.224766 0.186832 0.224766 0.247779   0   0  -1 
2460082.755256 0.000000 0.000000 -59.155917 0.286786 -59.158695 -0.102403 -59.261098 0.002778 0.286786 0.105181 0.286786 0.247779   0   0  -1 
2460082.760842 0.000000 0.000000 -58.974641 0.259323 -59.158695 -0.099572 -59.258266 0.184054 0.259323 0.283625 0.259323 0.247779   0   0  -1 
2460086.748603 0.000000 0.000000 -57.379791 0.193185 -59.158695 1.685094 -57.473601 1.778904 0.193185 0.093810 0.193185 0.247779   0   0  -1 
2460086.754324 0.000000 0.000000 -57.655925 0.208316 -59.158695 1.686669 -57.472026 1.502770 0.208316 -0.183899 0.208316 0.247779   0   0  -1 
2460199.601214 0.000000 0.000000 -60.237827 0.389251 -59.158695 -0.372845 -59.531539 -1.079132 0.389251 -0.706288 0.389251 0.247779   0   0  -1 
2460199.607025 0.000000 0.000000 -59.321609 0.381438 -59.158695 -0.374216 -59.532911 -0.162914 0.381438 0.211302 0.381438 0.247779   0   0  -1 
2460201.515076 0.000000 0.000000 -59.992946 0.272613 -59.158695 -0.820475 -59.979170 -0.834251 0.272613 -0.013776 0.272613 0.247779   0   0  -1 
2460201.520627 0.000000 0.000000 -59.837838 0.294212 -59.158695 -0.821689 -59.980384 -0.679143 0.294212 0.142546 0.294212 0.247779   0   0  -1 
2460202.533617 0.000000 0.000000 -60.316621 0.232737 -59.158695 -1.024290 -60.182985 -1.157926 0.232737 -0.133636 0.232737 0.247779   0   0  -1 
2460202.539273 0.000000 0.000000 -60.064845 0.220468 -59.158695 -1.025296 -60.183990 -0.906150 0.220468 0.119145 0.220468 0.247779   0   0  -1 
2460203.571018 0.000000 0.000000 -60.190673 0.337253 -59.158695 -1.178468 -60.337163 -1.031978 0.337253 0.146490 0.337253 0.247779   0   0  -1 
2460203.577196 0.000000 0.000000 -60.378625 0.360328 -59.158695 -1.179185 -60.337880 -1.219930 0.360328 -0.040745 0.360328 0.247779   0   0  -1 
2460204.530857 0.000000 0.000000 -60.576471 0.197030 -59.158695 -1.256973 -60.415668 -1.417776 0.197030 -0.160803 0.197030 0.247779   0   0  -1 
2460204.536387 0.000000 0.000000 -60.449009 0.208547 -59.158695 -1.257224 -60.415919 -1.290314 0.208547 -0.033090 0.208547 0.247779   0   0  -1 
2460205.516019 0.000000 0.000000 -60.633611 0.244280 -59.158695 -1.262566 -60.421260 -1.474916 0.244280 -0.212351 0.244280 0.247779   0   0  -1 
2460205.521490 0.000000 0.000000 -60.604071 0.216530 -59.158695 -1.262373 -60.421068 -1.445376 0.216530 -0.183003 0.216530 0.247779   0   0  -1 
2460206.534104 0.000000 0.000000 -60.273073 0.247014 -59.158695 -1.183952 -60.342647 -1.114378 0.247014 0.069574 0.247014 0.247779   0   0  -1 
2460206.539634 0.000000 0.000000 -60.618007 0.225863 -59.158695 -1.183293 -60.341988 -1.459312 0.225863 -0.276019 0.225863 0.247779   0   0  -1 
2460208.612713 0.000000 0.000000 -59.998253 0.238171 -59.158695 -0.779984 -59.938679 -0.839558 0.238171 -0.059574 0.238171 0.247779   0   0  -1 
2460208.618030 0.000000 0.000000 -59.687757 0.245322 -59.158695 -0.778607 -59.937301 -0.529062 0.245322 0.249544 0.245322 0.247779   0   0  -1 
2460209.504007 0.000000 0.000000 -59.606726 0.494812 -59.158695 -0.532286 -59.690980 -0.448031 0.494812 0.084254 0.494812 0.247779   0   0  -1 
2460209.509978 0.000000 0.000000 -59.406245 0.441044 -59.158695 -0.530531 -59.689226 -0.247550 0.441044 0.282981 0.441044 0.247779   0   0  -1 
2460210.587394 0.000000 0.000000 -59.811154 0.275366 -59.158695 -0.203263 -59.361957 -0.652459 0.275366 -0.449197 0.275366 0.247779   0   0  -1 
2460210.593026 0.000000 0.000000 -59.626164 0.295408 -59.158695 -0.201526 -59.360221 -0.467469 0.295408 -0.265943 0.295408 0.247779   0   0  -1 
2460211.516295 0.000000 0.000000 -58.909396 0.380462 -59.158695 0.078898 -59.079797 0.249299 0.380462 0.170401 0.380462 0.247779   0   0  -1 
2460211.522268 0.000000 0.000000 -58.728326 0.306169 -59.158695 0.080660 -59.078035 0.430369 0.306169 0.349709 0.306169 0.247779   0   0  -1 
