# time Tc_folded Tref_folded value value_err offset model full_model val_compare val_compare_err residuals residuals_err jitter jitter_flag offset_flag subset_flag 
2455480.529186 0.000000 0.000000 6736.979894 0.971355 6747.962560 -9.133878 6738.828682 -10.982666 0.971355 -1.848788 0.971355 2.132750   1   1  -1 
2455480.532970 0.000000 0.000000 6736.094407 0.880169 6747.962560 -9.130490 6738.832070 -11.868153 0.880169 -2.737663 0.880169 2.132750   1   1  -1 
2455480.536778 0.000000 0.000000 6734.204715 0.930093 6747.962560 -9.127079 6738.835481 -13.757845 0.930093 -4.630766 0.930093 2.132750   1   1  -1 
2455482.554786 0.000000 0.000000 6741.458054 0.707811 6747.962560 -7.174646 6740.787914 -6.504506 0.707811 0.670140 0.707811 2.132750   1   1  -1 
2455484.542056 0.000000 0.000000 6740.946449 1.028638 6747.962560 -5.248621 6742.713939 -7.016111 1.028638 -1.767490 1.028638 2.132750   1   1  -1 
2455484.545828 0.000000 0.000000 6742.814201 1.065413 6747.962560 -5.245236 6742.717324 -5.148359 1.065413 0.096877 1.065413 2.132750   1   1  -1 
2455484.549671 0.000000 0.000000 6740.893501 1.016694 6747.962560 -5.241788 6742.720772 -7.069059 1.016694 -1.827271 1.016694 2.132750   1   1  -1 
2455485.527184 0.000000 0.000000 6742.415408 0.864068 6747.962560 -4.423456 6743.539104 -5.547152 0.864068 -1.123696 0.864068 2.132750   1   1  -1 
2455485.532971 0.000000 0.000000 6742.960770 0.891412 6747.962560 -4.419001 6743.543560 -5.001790 0.891412 -0.582790 0.891412 2.132750   1   1  -1 
2455487.543214 0.000000 0.000000 6741.874138 0.808873 6747.962560 -3.218363 6744.744197 -6.088422 0.808873 -2.870059 0.808873 2.132750   1   1  -1 
2455487.548897 0.000000 0.000000 6742.782044 0.803534 6747.962560 -3.216042 6744.746519 -5.180516 0.803534 -1.964475 0.803534 2.132750   1   1  -1 
2455493.544252 0.000000 0.000000 6743.144504 0.793201 6747.962560 -3.827435 6744.135125 -4.818056 0.793201 -0.990621 0.793201 2.132750   1   1  -1 
2455493.550478 0.000000 0.000000 6741.566527 0.810440 6747.962560 -3.830193 6744.132368 -6.396033 0.810440 -2.565841 0.810440 2.132750   1   1  -1 
2455495.535877 0.000000 0.000000 6741.987547 0.802492 6747.962560 -4.764606 6743.197954 -5.975013 0.802492 -1.210407 0.802492 2.132750   1   1  -1 
2455495.541664 0.000000 0.000000 6742.530962 0.850836 6747.962560 -4.767409 6743.195151 -5.431598 0.850836 -0.664189 0.850836 2.132750   1   1  -1 
2455498.517820 0.000000 0.000000 6743.241742 1.327692 6747.962560 -6.213320 6741.749240 -4.720818 1.327692 1.492502 1.327692 2.132750   1   1  -1 
2455498.523445 0.000000 0.000000 6742.436859 1.200196 6747.962560 -6.216099 6741.746462 -5.525701 1.200196 0.690397 1.200196 2.132750   1   1  -1 
2455500.544007 0.000000 0.000000 6740.389314 0.683673 6747.962560 -7.263130 6740.699431 -7.573246 0.683673 -0.310117 0.683673 2.132750   1   1  -1 
2455500.549389 0.000000 0.000000 6739.327197 0.744348 6747.962560 -7.266092 6740.696469 -8.635363 0.744348 -1.369272 0.744348 2.132750   1   1  -1 
2455501.547102 0.000000 0.000000 6738.201800 0.605317 6747.962560 -7.834667 6740.127893 -9.760760 0.605317 -1.926093 0.605317 2.132750   1   1  -1 
2455501.552738 0.000000 0.000000 6736.954145 0.578445 6747.962560 -7.837989 6740.124571 -11.008415 0.578445 -3.170426 0.578445 2.132750   1   1  -1 
2455505.514789 0.000000 0.000000 6740.070490 0.688526 6747.962560 -10.265845 6737.696715 -7.892070 0.688526 2.373775 0.688526 2.132750   1   1  -1 
2455505.520425 0.000000 0.000000 6740.042201 0.681455 6747.962560 -10.268926 6737.693635 -7.920359 0.681455 2.348566 0.681455 2.132750   1   1  -1 
2455507.517142 0.000000 0.000000 6737.783175 0.529962 6747.962560 -11.091264 6736.871297 -10.179385 0.529962 0.911878 0.529962 2.132750   1   1  -1 
2455507.522824 0.000000 0.000000 6736.008881 0.540417 6747.962560 -11.092613 6736.869947 -11.953679 0.540417 -0.861066 0.540417 2.132750   1   1  -1 
2455509.518050 0.000000 0.000000 6739.147553 0.760523 6747.962560 -11.076494 6736.886067 -8.815007 0.760523 2.261486 0.760523 2.132750   1   1  -1 
2455509.523524 0.000000 0.000000 6739.453965 0.709529 6747.962560 -11.074951 6736.887609 -8.508595 0.709529 2.566356 0.709529 2.132750   1   1  -1 
2455511.516449 0.000000 0.000000 6736.700627 0.796997 6747.962560 -9.908864 6738.053696 -11.261933 0.796997 -1.353069 0.796997 2.132750   1   1  -1 
2455511.521935 0.000000 0.000000 6737.359679 0.793324 6747.962560 -9.903996 6738.058565 -10.602881 0.793324 -0.698886 0.793324 2.132750   1   1  -1 
2455513.504562 0.000000 0.000000 6739.969627 0.836669 6747.962560 -7.620893 6740.341668 -7.992933 0.836669 -0.372041 0.836669 2.132750   1   1  -1 
2455513.510244 0.000000 0.000000 6739.379536 0.882170 6747.962560 -7.613052 6740.349509 -8.583024 0.882170 -0.969973 0.882170 2.132750   1   1  -1 
2455514.505835 0.000000 0.000000 6740.416095 0.671812 6747.962560 -6.160024 6741.802536 -7.546465 0.671812 -1.386441 0.671812 2.132750   1   1  -1 
2455514.511356 0.000000 0.000000 6741.219400 0.683432 6747.962560 -6.151608 6741.810953 -6.743160 0.683432 -0.591553 0.683432 2.132750   1   1  -1 
2455519.503938 0.000000 0.000000 6751.476274 1.033370 6747.962560 0.667660 6748.630221 3.513714 1.033370 2.846053 1.033370 2.132750   1   1  -1 
2455519.508811 0.000000 0.000000 6750.581276 0.996146 6747.962560 0.671693 6748.634253 2.618716 0.996146 1.947023 0.996146 2.132750   1   1  -1 
2455523.508036 0.000000 0.000000 6747.670446 0.829835 6747.962560 1.067153 6749.029714 -0.292114 0.829835 -1.359268 0.829835 2.132750   1   1  -1 
2455523.513036 0.000000 0.000000 6746.377680 0.865769 6747.962560 1.064106 6749.026667 -1.584880 0.865769 -2.648987 0.865769 2.132750   1   1  -1 
2455524.521481 0.000000 0.000000 6745.252557 0.667948 6747.962560 0.301073 6748.263634 -2.710003 0.667948 -3.011077 0.667948 2.132750   1   1  -1 
2455524.526446 0.000000 0.000000 6747.418629 0.678388 6747.962560 0.296638 6748.259198 -0.543931 0.678388 -0.840569 0.678388 2.132750   1   1  -1 
2455653.900831 0.000000 0.000000 6744.853956 0.744608 6747.962560 -3.015822 6744.946738 -3.108604 0.744608 -0.092782 0.744608 2.132750   1   1  -1 
2455653.906410 0.000000 0.000000 6744.437562 0.736194 6747.962560 -3.017298 6744.945262 -3.524998 0.736194 -0.507700 0.736194 2.132750   1   1  -1 
2455654.900357 0.000000 0.000000 6743.527057 0.814117 6747.962560 -3.302336 6744.660224 -4.435503 0.814117 -1.133167 0.814117 2.132750   1   1  -1 
2455654.905936 0.000000 0.000000 6743.668193 0.731415 6747.962560 -3.304032 6744.658528 -4.294367 0.731415 -0.990335 0.731415 2.132750   1   1  -1 
2455657.909222 0.000000 0.000000 6743.719643 0.605709 6747.962560 -4.214676 6743.747885 -4.242917 0.605709 -0.028242 0.605709 2.132750   1   1  -1 
2455657.914813 0.000000 0.000000 6741.956807 0.631733 6747.962560 -4.216187 6743.746373 -6.005753 0.631733 -1.789566 0.631733 2.132750   1   1  -1 
2455659.907949 0.000000 0.000000 6742.173855 0.769486 6747.962560 -4.668310 6743.294250 -5.788705 0.769486 -1.120395 0.769486 2.132750   1   1  -1 
2455659.913540 0.000000 0.000000 6744.060561 0.803020 6747.962560 -4.669321 6743.293239 -3.901999 0.803020 0.767322 0.803020 2.132750   1   1  -1 
2455660.901884 0.000000 0.000000 6745.219734 0.502349 6747.962560 -4.825669 6743.136891 -2.742826 0.502349 2.082843 0.502349 2.132750   1   1  -1 
2455662.902485 0.000000 0.000000 6741.723247 0.948916 6747.962560 -5.028620 6742.933940 -6.239313 0.948916 -1.210693 0.948916 2.132750   1   1  -1 
2455662.908180 0.000000 0.000000 6743.920904 0.909242 6747.962560 -5.029038 6742.933522 -4.041656 0.909242 0.987382 0.909242 2.132750   1   1  -1 
2455663.839263 0.000000 0.000000 6740.006775 1.737212 6747.962560 -5.090234 6742.872327 -7.955785 1.737212 -2.865552 1.737212 2.132750   1   1  -1 
2455672.897729 0.000000 0.000000 6742.158654 0.653920 6747.962560 -6.162568 6741.799992 -5.803906 0.653920 0.358662 0.653920 2.132750   1   1  -1 
2455672.902775 0.000000 0.000000 6743.643604 0.601277 6747.962560 -6.163567 6741.798994 -4.318956 0.601277 1.844610 0.601277 2.132750   1   1  -1 
2455675.905453 0.000000 0.000000 6741.296177 0.422700 6747.962560 -6.768178 6741.194382 -6.666383 0.422700 0.101795 0.422700 2.132750   1   1  -1 
2455679.879903 0.000000 0.000000 6740.439105 0.504578 6747.962560 -7.318500 6740.644060 -7.523455 0.504578 -0.204955 0.504578 2.132750   1   1  -1 
2455679.885123 0.000000 0.000000 6741.251299 0.513702 6747.962560 -7.318754 6740.643806 -6.711261 0.513702 0.607493 0.513702 2.132750   1   1  -1 
2455712.893679 0.000000 0.000000 6743.439908 0.560355 6747.962560 -3.204788 6744.757772 -4.522652 0.560355 -1.317864 0.560355 2.132750   1   1  -1 
2455715.864679 0.000000 0.000000 6747.620719 1.363467 6747.962560 -2.786640 6745.175920 -0.341841 1.363467 2.444799 1.363467 2.132750   1   1  -1 
2455715.867376 0.000000 0.000000 6744.977745 1.418842 6747.962560 -2.786619 6745.175941 -2.984815 1.418842 -0.198196 1.418842 2.132750   1   1  -1 
2455715.869992 0.000000 0.000000 6742.248056 1.436778 6747.962560 -2.786600 6745.175961 -5.714504 1.436778 -2.927905 1.436778 2.132750   1   1  -1 
2455715.872747 0.000000 0.000000 6746.539265 1.484829 6747.962560 -2.786580 6745.175981 -1.423295 1.484829 1.363284 1.484829 2.132750   1   1  -1 
2455727.859452 0.000000 0.000000 6749.048938 1.056398 6747.962560 -0.816218 6747.146342 1.086378 1.056398 1.902596 1.056398 2.132750   1   1  -1 
2455727.863145 0.000000 0.000000 6746.852638 1.033327 6747.962560 -0.814883 6747.147677 -1.109922 1.033327 -0.295039 1.033327 2.132750   1   1  -1 
2455727.866953 0.000000 0.000000 6748.121533 1.119485 6747.962560 -0.813507 6747.149053 0.158973 1.119485 0.972480 1.119485 2.132750   1   1  -1 
2455735.809170 0.000000 0.000000 6744.754804 0.526032 6747.962560 -1.748874 6746.213686 -3.207756 0.526032 -1.458882 0.526032 2.132750   1   1  -1 
2455754.777241 0.000000 0.000000 6746.468927 1.091349 6747.962560 -4.465423 6743.497138 -1.493633 1.091349 2.971789 1.091349 2.132750   1   1  -1 
2455755.755721 0.000000 0.000000 6744.820061 0.768792 6747.962560 -3.862625 6744.099935 -3.142499 0.768792 0.720126 0.768792 2.132750   1   1  -1 
2455769.736300 0.000000 0.000000 6741.910452 0.677532 6747.962560 -4.444466 6743.518095 -6.052108 0.677532 -1.607643 0.677532 2.132750   1   1  -1 
2455769.742075 0.000000 0.000000 6742.850451 0.770313 6747.962560 -4.445322 6743.517239 -5.112109 0.770313 -0.666788 0.770313 2.132750   1   1  -1 
2455776.628483 0.000000 0.000000 6750.213357 0.712348 6747.962560 -1.849084 6746.113476 2.250797 0.712348 4.099881 0.712348 2.132750   1   1  -1 
2455782.624998 0.000000 0.000000 6747.016802 0.761072 6747.962560 -1.784151 6746.178409 -0.945758 0.761072 0.838393 0.761072 2.132750   1   1  -1 
2455784.737667 0.000000 0.000000 6741.817184 0.545366 6747.962560 -2.210229 6745.752331 -6.145376 0.545366 -3.935147 0.545366 2.132750   1   1  -1 
2455801.526698 0.000000 0.000000 6751.852184 1.273141 6747.962560 -1.751811 6746.210749 3.889624 1.273141 5.641435 1.273141 2.132750   1   1  -1 
2455801.531628 0.000000 0.000000 6748.995510 1.177162 6747.962560 -1.754672 6746.207888 1.032950 1.177162 2.787622 1.177162 2.132750   1   1  -1 
2455804.632333 0.000000 0.000000 6745.335970 1.120566 6747.962560 -2.883834 6745.078726 -2.626590 1.120566 0.257244 1.120566 2.132750   1   1  -1 
2455804.637669 0.000000 0.000000 6747.868911 1.032150 6747.962560 -2.884671 6745.077890 -0.093649 1.032150 2.791021 1.032150 2.132750   1   1  -1 
2455807.626267 0.000000 0.000000 6743.760974 0.965710 6747.962560 -3.115550 6744.847010 -4.201586 0.965710 -1.086036 0.965710 2.132750   1   1  -1 
2455807.631162 0.000000 0.000000 6744.367308 0.886584 6747.962560 -3.115976 6744.846585 -3.595252 0.886584 -0.479277 0.886584 2.132750   1   1  -1 
2455810.581550 0.000000 0.000000 6749.536319 0.754194 6747.962560 -3.845034 6744.117527 1.573759 0.754194 5.418792 0.754194 2.132750   1   1  -1 
2455810.586723 0.000000 0.000000 6745.341822 0.797392 6747.962560 -3.847336 6744.115224 -2.620738 0.797392 1.226598 0.797392 2.132750   1   1  -1 
2455816.587002 0.000000 0.000000 6736.994306 0.959785 6747.962560 -7.316983 6740.645577 -10.968254 0.959785 -3.651271 0.959785 2.132750   1   1  -1 
2455816.590578 0.000000 0.000000 6737.632453 0.889883 6747.962560 -7.318085 6740.644475 -10.330107 0.889883 -3.012022 0.889883 2.132750   1   1  -1 
2455816.594154 0.000000 0.000000 6736.813114 0.876464 6747.962560 -7.319184 6740.643376 -11.149446 0.876464 -3.830262 0.876464 2.132750   1   1  -1 
2455834.622073 0.000000 0.000000 6741.622283 0.577372 6747.962560 -5.302706 6742.659854 -6.340277 0.577372 -1.037571 0.577372 2.132750   1   1  -1 
2455834.627593 0.000000 0.000000 6741.694550 0.576524 6747.962560 -5.301117 6742.661443 -6.268010 0.576524 -0.966893 0.576524 2.132750   1   1  -1 
2455836.585712 0.000000 0.000000 6742.623220 0.680522 6747.962560 -4.218862 6743.743698 -5.339340 0.680522 -1.120478 0.680522 2.132750   1   1  -1 
2455836.591440 0.000000 0.000000 6741.147612 0.679136 6747.962560 -4.214332 6743.748228 -6.814948 0.679136 -2.600616 0.679136 2.132750   1   1  -1 
2455839.585007 0.000000 0.000000 6748.405228 0.910132 6747.962560 -1.340599 6746.621962 0.442668 0.910132 1.783266 0.910132 2.132750   1   1  -1 
2455839.590794 0.000000 0.000000 6747.617891 0.919769 6747.962560 -1.334947 6746.627613 -0.344669 0.919769 0.990278 0.919769 2.132750   1   1  -1 
2455842.549547 0.000000 0.000000 6752.493747 1.066299 6747.962560 0.765327 6748.727888 4.531187 1.066299 3.765859 1.066299 2.132750   1   1  -1 
2455842.555033 0.000000 0.000000 6750.073896 0.873203 6747.962560 0.767223 6748.729783 2.111336 0.873203 1.344113 0.873203 2.132750   1   1  -1 
2455845.575633 0.000000 0.000000 6749.336050 1.067738 6747.962560 0.559102 6748.521663 1.373490 1.067738 0.814387 1.067738 2.132750   1   1  -1 
2455845.581258 0.000000 0.000000 6747.769866 0.922401 6747.962560 0.556733 6748.519293 -0.192694 0.922401 -0.749427 0.922401 2.132750   1   1  -1 
2455870.498785 0.000000 0.000000 6742.487318 0.730627 6747.962560 -4.999060 6742.963501 -5.475242 0.730627 -0.476183 0.730627 2.132750   1   1  -1 
2455870.504422 0.000000 0.000000 6741.521976 0.718479 6747.962560 -4.996242 6742.966318 -6.440584 0.718479 -1.444342 0.718479 2.132750   1   1  -1 
2455874.532217 0.000000 0.000000 6744.629305 1.027595 6747.962560 -3.575809 6744.386751 -3.333255 1.027595 0.242554 1.027595 2.132750   1   1  -1 
2455874.537437 0.000000 0.000000 6744.608219 1.390676 6747.962560 -3.575695 6744.386865 -3.354341 1.390676 0.221354 1.390676 2.132750   1   1  -1 
2455878.549549 0.000000 0.000000 6743.133515 1.360956 6747.962560 -4.996175 6742.966385 -4.829045 1.360956 0.167130 1.360956 2.132750   1   1  -1 
2455878.554965 0.000000 0.000000 6740.135198 1.321422 6747.962560 -4.999350 6742.963210 -7.827362 1.321422 -2.828012 1.321422 2.132750   1   1  -1 
2456020.892743 0.000000 0.000000 6745.146307 0.800504 6747.962560 -3.169820 6744.792741 -2.816253 0.800504 0.353566 0.800504 2.132750   1   1  -1 
2456020.898160 0.000000 0.000000 6746.202855 0.781449 6747.962560 -3.171361 6744.791200 -1.759705 0.781449 1.411655 0.781449 2.132750   1   1  -1 
2456022.889397 0.000000 0.000000 6744.288656 0.994688 6747.962560 -3.565361 6744.397199 -3.673904 0.994688 -0.108543 0.994688 2.132750   1   1  -1 
2456022.894884 0.000000 0.000000 6746.835284 1.113054 6747.962560 -3.565893 6744.396667 -1.127276 1.113054 2.438617 1.113054 2.132750   1   1  -1 
2456024.891353 0.000000 0.000000 6742.988987 0.857313 6747.962560 -3.512288 6744.450272 -4.973573 0.857313 -1.461285 0.857313 2.132750   1   1  -1 
2456024.897048 0.000000 0.000000 6744.748045 0.814076 6747.962560 -3.511392 6744.451169 -3.214515 0.814076 0.296876 0.814076 2.132750   1   1  -1 
2456028.922257 0.000000 0.000000 6746.543190 0.690565 6747.962560 -1.891659 6746.070901 -1.419370 0.690565 0.472289 0.690565 2.132750   1   1  -1 
2456029.892891 0.000000 0.000000 6747.320493 1.086998 6747.962560 -1.294985 6746.667576 -0.642067 1.086998 0.652917 1.086998 2.132750   1   1  -1 
2456029.898354 0.000000 0.000000 6748.760240 1.038533 6747.962560 -1.291545 6746.671015 0.797680 1.038533 2.089225 1.038533 2.132750   1   1  -1 
2456031.852968 0.000000 0.000000 6747.989211 0.817617 6747.962560 -0.080833 6747.881728 0.026651 0.817617 0.107483 0.817617 2.132750   1   1  -1 
2456052.857065 0.000000 0.000000 6746.249978 0.812636 6747.962560 -4.349309 6743.613252 -1.712582 0.812636 2.636726 0.812636 2.132750   1   1  -1 
2456052.862482 0.000000 0.000000 6745.619923 0.787680 6747.962560 -4.348228 6743.614332 -2.342637 0.787680 2.005591 0.787680 2.132750   1   1  -1 
2456053.851639 0.000000 0.000000 6743.166273 0.874947 6747.962560 -4.119419 6743.843141 -4.796287 0.874947 -0.676868 0.874947 2.132750   1   1  -1 
2456053.857114 0.000000 0.000000 6741.264696 0.828685 6747.962560 -4.117992 6743.844569 -6.697864 0.828685 -2.579873 0.828685 2.132750   1   1  -1 
2456054.839916 0.000000 0.000000 6746.508998 0.533012 6747.962560 -3.837269 6744.125292 -1.453562 0.533012 2.383706 0.533012 2.132750   1   1  -1 
2456055.886865 0.000000 0.000000 6744.080866 0.509706 6747.962560 -3.492675 6744.469886 -3.881694 0.509706 -0.389020 0.509706 2.132750   1   1  -1 
2456056.818146 0.000000 0.000000 6747.963625 0.893302 6747.962560 -3.154100 6744.808461 0.001065 0.893302 3.155164 0.893302 2.132750   1   1  -1 
2456056.823714 0.000000 0.000000 6744.469105 0.813986 6747.962560 -3.151994 6744.810567 -3.493455 0.813986 -0.341462 0.813986 2.132750   1   1  -1 
2456078.843392 0.000000 0.000000 6746.158961 0.647558 6747.962560 0.099436 6748.061997 -1.803599 0.647558 -1.903036 0.647558 2.132750   1   1  -1 
2456078.849075 0.000000 0.000000 6745.719595 0.632973 6747.962560 0.096038 6748.058598 -2.242965 0.632973 -2.339003 0.632973 2.132750   1   1  -1 
2456081.832748 0.000000 0.000000 6746.860997 0.796018 6747.962560 -1.077237 6746.885323 -1.101563 0.796018 -0.024326 0.796018 2.132750   1   1  -1 
2456081.838651 0.000000 0.000000 6746.160349 0.647447 6747.962560 -1.078111 6746.884450 -1.802211 0.647447 -0.724101 0.647447 2.132750   1   1  -1 
2456085.820521 0.000000 0.000000 6748.615188 0.878497 6747.962560 -0.412932 6747.549628 0.652628 0.878497 1.065560 0.878497 2.132750   1   1  -1 
2456085.826250 0.000000 0.000000 6749.360613 0.917873 6747.962560 -0.410628 6747.551933 1.398053 0.917873 1.808680 0.917873 2.132750   1   1  -1 
2456088.742747 0.000000 0.000000 6753.524666 0.549399 6747.962560 0.830884 6748.793444 5.562106 0.549399 4.731222 0.549399 2.132750   1   1  -1 
2456092.900369 0.000000 0.000000 6751.383386 0.628826 6747.962560 1.618621 6749.581181 3.420826 0.628826 1.802205 0.628826 2.132750   1   1  -1 
2456115.815540 0.000000 0.000000 6754.277043 0.776191 6747.962560 0.542213 6748.504773 6.314483 0.776191 5.772270 0.776191 2.132750   1   1  -1 
2456118.809984 0.000000 0.000000 6751.338923 0.512854 6747.962560 1.588449 6749.551009 3.376363 0.512854 1.787914 0.512854 2.132750   1   1  -1 
2456121.820367 0.000000 0.000000 6748.884407 1.411859 6747.962560 2.024072 6749.986632 0.921847 1.411859 -1.102225 1.411859 2.132750   1   1  -1 
2456149.686124 0.000000 0.000000 6745.208573 0.845009 6747.962560 4.034633 6751.997193 -2.753987 0.845009 -6.788620 0.845009 2.132750   1   1  -1 
2456154.723489 0.000000 0.000000 6753.155186 0.865117 6747.962560 5.396557 6753.359117 5.192626 0.865117 -0.203931 0.865117 2.132750   1   1  -1 
2456154.728442 0.000000 0.000000 6756.664798 1.281739 6747.962560 5.394238 6753.356798 8.702238 1.281739 3.308000 1.281739 2.132750   1   1  -1 
2456166.527551 0.000000 0.000000 6750.235757 0.645517 6747.962560 -1.553196 6746.409364 2.273197 0.645517 3.826393 0.645517 2.132750   1   1  -1 
2456168.609469 0.000000 0.000000 6746.933111 0.971404 6747.962560 -1.077665 6746.884895 -1.029449 0.971404 0.048216 0.971404 2.132750   1   1  -1 
2456168.615105 0.000000 0.000000 6744.859936 0.857956 6747.962560 -1.076349 6746.886211 -3.102624 0.857956 -2.026275 0.857956 2.132750   1   1  -1 
2456171.510563 0.000000 0.000000 6746.779196 0.523911 6747.962560 -0.536206 6747.426354 -1.183364 0.523911 -0.647158 0.523911 2.132750   1   1  -1 
2456173.694840 0.000000 0.000000 6745.694408 0.870055 6747.962560 -0.235174 6747.727386 -2.268152 0.870055 -2.032978 0.870055 2.132750   1   1  -1 
2456181.612869 0.000000 0.000000 6746.780093 0.609426 6747.962560 2.720475 6750.683035 -1.182467 0.609426 -3.902942 0.609426 2.132750   1   1  -1 
2456186.623747 0.000000 0.000000 6750.623304 0.538290 6747.962560 2.945148 6750.907708 2.660744 0.538290 -0.284404 0.538290 2.132750   1   1  -1 
2456189.666838 0.000000 0.000000 6748.504253 1.709832 6747.962560 2.454368 6750.416928 0.541693 1.709832 -1.912675 1.709832 2.132750   1   1  -1 
2456190.592865 0.000000 0.000000 6750.871459 0.873280 6747.962560 2.500642 6750.463203 2.908899 0.873280 0.408256 0.873280 2.132750   1   1  -1 
2456190.598548 0.000000 0.000000 6750.369171 0.820368 6747.962560 2.501367 6750.463927 2.406611 0.820368 -0.094756 0.820368 2.132750   1   1  -1 
2456195.586272 0.000000 0.000000 6749.872183 0.911842 6747.962560 4.998620 6752.961180 1.909623 0.911842 -3.088997 0.911842 2.132750   1   1  -1 
2456195.591793 0.000000 0.000000 6753.010576 0.913007 6747.962560 5.002389 6752.964949 5.048016 0.913007 0.045627 0.913007 2.132750   1   1  -1 
2456198.564091 0.000000 0.000000 6752.020828 1.186346 6747.962560 6.523995 6754.486556 4.058268 1.186346 -2.465728 1.186346 2.132750   1   1  -1 
2456198.569866 0.000000 0.000000 6752.133778 1.250845 6747.962560 6.525448 6754.488009 4.171218 1.250845 -2.354231 1.250845 2.132750   1   1  -1 
2456204.547188 0.000000 0.000000 6753.568624 0.781661 6747.962560 5.192892 6753.155453 5.606064 0.781661 0.413171 0.781661 2.132750   1   1  -1 
2456205.523197 0.000000 0.000000 6749.089385 0.447471 6747.962560 5.021454 6752.984014 1.126825 0.447471 -3.894629 0.447471 2.132750   1   1  -1 
2456208.615737 0.000000 0.000000 6753.603897 0.942056 6747.962560 6.251006 6754.213566 5.641337 0.942056 -0.609669 0.942056 2.132750   1   1  -1 
2456209.540800 0.000000 0.000000 6759.371118 1.053758 6747.962560 7.169574 6755.132134 11.408558 1.053758 4.238984 1.053758 2.132750   1   1  -1 
2456210.532155 0.000000 0.000000 6759.600350 0.864183 6747.962560 8.344091 6756.306651 11.637790 0.864183 3.293699 0.864183 2.132750   1   1  -1 
2456212.523498 0.000000 0.000000 6755.476387 0.479583 6747.962560 10.823737 6758.786298 7.513827 0.479583 -3.309911 0.479583 2.132750   1   1  -1 
2456217.523649 0.000000 0.000000 6753.855817 0.740951 6747.962560 11.725714 6759.688274 5.893257 0.740951 -5.832457 0.740951 2.132750   1   1  -1 
2456217.529482 0.000000 0.000000 6756.209522 0.723468 6747.962560 11.719625 6759.682185 8.246962 0.723468 -3.472663 0.723468 2.132750   1   1  -1 
2456218.587951 0.000000 0.000000 6761.087306 0.783291 6747.962560 10.352745 6758.315306 13.124746 0.783291 2.772000 0.783291 2.132750   1   1  -1 
2456219.500319 0.000000 0.000000 6756.194158 0.495656 6747.962560 8.813619 6756.776179 8.231598 0.495656 -0.582021 0.495656 2.132750   1   1  -1 
2456220.491327 0.000000 0.000000 6755.982846 0.783227 6747.962560 6.877765 6754.840325 8.020286 0.783227 1.142521 0.783227 2.132750   1   1  -1 
2456220.514069 0.000000 0.000000 6755.832612 0.640640 6747.962560 6.831169 6754.793730 7.870052 0.640640 1.038882 0.640640 2.132750   1   1  -1 
2456409.867093 0.000000 0.000000 6759.457368 1.234666 6747.962560 11.352263 6759.314823 11.494808 1.234666 0.142545 1.234666 2.132750   1   1  -1 
2456409.872719 0.000000 0.000000 6760.777904 1.190406 6747.962560 11.349200 6759.311761 12.815344 1.190406 1.466143 1.190406 2.132750   1   1  -1 
2456416.824768 0.000000 0.000000 6754.823732 1.100783 6747.962560 6.073374 6754.035935 6.861172 1.100783 0.787797 1.100783 2.132750   1   1  -1 
2456416.828565 0.000000 0.000000 6752.557971 1.091725 6747.962560 6.070628 6754.033188 4.595411 1.091725 -1.475217 1.091725 2.132750   1   1  -1 
2456416.832443 0.000000 0.000000 6755.652557 1.133660 6747.962560 6.067823 6754.030383 7.689997 1.133660 1.622174 1.133660 2.132750   1   1  -1 
2456432.884915 0.000000 0.000000 6750.289458 0.787972 6747.962560 2.069068 6750.031629 2.326898 0.787972 0.257829 0.787972 2.132750   1   1  -1 
2456432.890124 0.000000 0.000000 6749.887804 0.901606 6747.962560 2.072573 6750.035134 1.925244 0.901606 -0.147330 0.901606 2.132750   1   1  -1 
2456433.905268 0.000000 0.000000 6751.123745 1.477288 6747.962560 2.783068 6750.745628 3.161185 1.477288 0.378117 1.477288 2.132750   1   1  -1 
2456433.910395 0.000000 0.000000 6755.515765 1.603077 6747.962560 2.786757 6750.749317 7.553205 1.603077 4.766448 1.603077 2.132750   1   1  -1 
2456434.892458 0.000000 0.000000 6749.944594 0.969582 6747.962560 3.498823 6751.461383 1.982034 0.969582 -1.516789 0.969582 2.132750   1   1  -1 
2456434.898129 0.000000 0.000000 6750.432478 0.937709 6747.962560 3.502929 6751.465489 2.469918 0.937709 -1.033011 0.937709 2.132750   1   1  -1 
2456437.889188 0.000000 0.000000 6752.992684 0.801579 6747.962560 5.463707 6753.426267 5.030124 0.801579 -0.433583 0.801579 2.132750   1   1  -1 
2456437.894720 0.000000 0.000000 6750.576482 0.735776 6747.962560 5.466750 6753.429311 2.613922 0.735776 -2.852829 0.735776 2.132750   1   1  -1 
2456438.860772 0.000000 0.000000 6752.460540 0.640814 6747.962560 5.955756 6753.918316 4.497980 0.640814 -1.457776 0.640814 2.132750   1   1  -1 
2456441.860316 0.000000 0.000000 6756.852144 0.846284 6747.962560 6.929663 6754.892223 8.889584 0.846284 1.959921 0.846284 2.132750   1   1  -1 
2456454.832361 0.000000 0.000000 6752.986609 0.709239 6747.962560 3.533943 6751.496503 5.024049 0.709239 1.490106 0.709239 2.132750   1   1  -1 
2456454.837894 0.000000 0.000000 6750.972291 0.711651 6747.962560 3.531081 6751.493642 3.009731 0.711651 -0.521351 0.711651 2.132750   1   1  -1 
2456467.823190 0.000000 0.000000 6754.822849 1.255655 6747.962560 3.999218 6751.961778 6.860289 1.255655 2.861071 1.255655 2.132750   1   1  -1 
2456467.826929 0.000000 0.000000 6751.728023 1.113375 6747.962560 3.999397 6751.961957 3.765463 1.113375 -0.233934 1.113375 2.132750   1   1  -1 
2456467.830702 0.000000 0.000000 6751.044367 1.185837 6747.962560 3.999576 6751.962137 3.081807 1.185837 -0.917770 1.185837 2.132750   1   1  -1 
2456473.860840 0.000000 0.000000 6750.322340 1.051321 6747.962560 3.752372 6751.714933 2.359780 1.051321 -1.392593 1.051321 2.132750   1   1  -1 
2456473.864821 0.000000 0.000000 6751.867851 1.016901 6747.962560 3.752576 6751.715137 3.905291 1.016901 0.152714 1.016901 2.132750   1   1  -1 
2456473.868595 0.000000 0.000000 6753.178042 1.098920 6747.962560 3.752771 6751.715331 5.215482 1.098920 1.462711 1.098920 2.132750   1   1  -1 
2456480.776552 0.000000 0.000000 6754.557282 0.996431 6747.962560 5.379771 6753.342331 6.594722 0.996431 1.214951 0.996431 2.132750   1   1  -1 
2456480.782281 0.000000 0.000000 6755.387313 0.925325 6747.962560 5.380830 6753.343390 7.424753 0.925325 2.043923 0.925325 2.132750   1   1  -1 
2456481.631506 0.000000 0.000000 6756.772221 1.240759 6747.962560 5.498718 6753.461279 8.809661 1.240759 3.310942 1.240759 2.132750   1   1  -1 
2456481.637189 0.000000 0.000000 6753.538508 1.259412 6747.962560 5.499227 6753.461787 5.575948 1.259412 0.076721 1.259412 2.132750   1   1  -1 
2456501.599929 0.000000 0.000000 6754.822030 0.631664 6747.962560 6.162497 6754.125057 6.859470 0.631664 0.696973 0.631664 2.132750   1   1  -1 
2456523.744316 0.000000 0.000000 6751.875856 0.567478 6747.962560 1.742468 6749.705028 3.913296 0.567478 2.170828 0.567478 2.132750   1   1  -1 
2456524.691276 0.000000 0.000000 6747.554595 0.703132 6747.962560 1.970415 6749.932976 -0.407965 0.703132 -2.378381 0.703132 2.132750   1   1  -1 
2456524.696693 0.000000 0.000000 6749.458315 0.716695 6747.962560 1.971801 6749.934361 1.495755 0.716695 -0.476046 0.716695 2.132750   1   1  -1 
2456525.743740 0.000000 0.000000 6754.356749 0.637734 6747.962560 2.236052 6750.198612 6.394189 0.637734 4.158137 0.637734 2.132750   1   1  -1 
2456569.534062 0.000000 0.000000 6756.517428 1.076929 6747.962560 6.513554 6754.476114 8.554868 1.076929 2.041314 1.076929 2.132750   1   1  -1 
2456585.564665 0.000000 0.000000 6750.921123 0.855663 6747.962560 0.620863 6748.583423 2.958563 0.855663 2.337700 0.855663 2.132750   1   1  -1 
2456585.568473 0.000000 0.000000 6746.976103 0.828824 6747.962560 0.621107 6748.583667 -0.986457 0.828824 -1.607564 0.828824 2.132750   1   1  -1 
2456585.572350 0.000000 0.000000 6750.112670 0.846101 6747.962560 0.621359 6748.583919 2.150110 0.846101 1.528751 0.846101 2.132750   1   1  -1 
2456586.547688 0.000000 0.000000 6750.875948 0.928572 6747.962560 0.766961 6748.729521 2.913388 0.928572 2.146427 0.928572 2.132750   1   1  -1 
2456586.551530 0.000000 0.000000 6750.104421 0.993006 6747.962560 0.767836 6748.730396 2.141861 0.993006 1.374025 0.993006 2.132750   1   1  -1 
2456586.555442 0.000000 0.000000 6748.200881 1.030307 6747.962560 0.768729 6748.731289 0.238321 1.030307 -0.530408 1.030307 2.132750   1   1  -1 
2456590.510961 0.000000 0.000000 6753.078268 1.367518 6747.962560 2.280484 6750.243045 5.115708 1.367518 2.835223 1.367518 2.132750   1   1  -1 
2456590.514943 0.000000 0.000000 6747.110191 1.522789 6747.962560 2.282043 6750.244603 -0.852369 1.522789 -3.134412 1.522789 2.132750   1   1  -1 
2456590.518611 0.000000 0.000000 6747.510946 1.287716 6747.962560 2.283477 6750.246037 -0.451614 1.287716 -2.735091 1.287716 2.132750   1   1  -1 
2456765.917789 0.000000 0.000000 6752.196408 0.712210 6747.962560 1.437726 6749.400287 4.233848 0.712210 2.796121 0.712210 2.132750   1   1  -1 
2456765.923021 0.000000 0.000000 6750.137503 0.718686 6747.962560 1.443814 6749.406374 2.174943 0.718686 0.731129 0.718686 2.132750   1   1  -1 
2456789.854143 0.000000 0.000000 6754.654993 0.783119 6747.962560 4.924481 6752.887041 6.692433 0.783119 1.767952 0.783119 2.132750   1   1  -1 
2456789.859722 0.000000 0.000000 6754.125832 0.810184 6747.962560 4.929491 6752.892052 6.163272 0.810184 1.233780 0.810184 2.132750   1   1  -1 
2456806.890179 0.000000 0.000000 6753.452377 0.848654 6747.962560 3.838410 6751.800970 5.489817 0.848654 1.651407 0.848654 2.132750   1   1  -1 
2456829.893363 0.000000 0.000000 6751.251499 0.544726 6747.962560 1.537284 6749.499844 3.288939 0.544726 1.751655 0.544726 2.132750   1   1  -1 
2456857.748704 0.000000 0.000000 6749.652990 0.916881 6747.962560 1.646720 6749.609280 1.690430 0.916881 0.043710 0.916881 2.132750   1   1  -1 
2456857.754433 0.000000 0.000000 6750.982955 0.896024 6747.962560 1.645254 6749.607814 3.020395 0.896024 1.375141 0.896024 2.132750   1   1  -1 
2456866.784629 0.000000 0.000000 6748.725985 0.744866 6747.962560 -0.855450 6747.107111 0.763425 0.744866 1.618874 0.744866 2.132750   1   1  -1 
2456896.727940 0.000000 0.000000 6755.871457 1.053796 6747.962560 6.333307 6754.295867 7.908897 1.053796 1.575590 1.053796 2.132750   1   1  -1 
2456896.733287 0.000000 0.000000 6755.155412 1.302275 6747.962560 6.338233 6754.300793 7.192852 1.302275 0.854619 1.302275 2.132750   1   1  -1 
2457146.919889 0.000000 0.000000 6757.076817 0.544417 6747.962560 7.099831 6755.062392 9.114257 0.544417 2.014425 0.544417 2.132750   1   1  -1 
2457176.844500 0.000000 0.000000 6764.693117 0.482556 6767.506122 -3.658074 6763.848048 -2.813005 0.482556 0.845069 0.482556 2.132750   1   2  -1 
2457180.950532 0.000000 0.000000 6764.602498 0.611496 6767.506122 -2.027952 6765.478170 -2.903624 0.611496 -0.875672 0.611496 2.132750   1   2  -1 
2457180.956053 0.000000 0.000000 6767.474385 0.642310 6767.506122 -2.025232 6765.480890 -0.031737 0.642310 1.993495 0.642310 2.132750   1   2  -1 
2457307.523708 0.000000 0.000000 6769.474717 0.569213 6767.506122 1.646115 6769.152237 1.968595 0.569213 0.322480 0.569213 2.132750   1   2  -1 
2457307.529113 0.000000 0.000000 6769.180290 0.591603 6767.506122 1.649864 6769.155986 1.674168 0.591603 0.024304 0.591603 2.132750   1   2  -1 
2457879.840329 0.000000 0.000000 6766.798509 0.840815 6767.506122 -0.822382 6766.683740 -0.707613 0.840815 0.114769 0.840815 2.132750   1   2  -1 
2457968.637355 0.000000 0.000000 6769.850407 0.766025 6767.506122 2.830138 6770.336260 2.344285 0.766025 -0.485853 0.766025 2.132750   1   2  -1 
2460042.883932 0.000000 0.000000 6638.543767 0.194366 6629.580607 5.326659 6634.907266 8.963160 0.194366 3.636501 0.194366 2.348106   0   0  -1 
2460042.889532 0.000000 0.000000 6639.362246 0.197675 6629.580607 5.325864 6634.906471 9.781639 0.197675 4.455775 0.197675 2.348106   0   0  -1 
2460043.870973 0.000000 0.000000 6635.676123 0.231538 6629.580607 4.984268 6634.564875 6.095516 0.231538 1.111248 0.231538 2.348106   0   0  -1 
2460043.876677 0.000000 0.000000 6635.144250 0.215486 6629.580607 4.981157 6634.561764 5.563643 0.215486 0.582486 0.215486 2.348106   0   0  -1 
2460044.793251 0.000000 0.000000 6636.194980 0.238014 6629.580607 4.331089 6633.911696 6.614373 0.238014 2.283284 0.238014 2.348106   0   0  -1 
2460044.798982 0.000000 0.000000 6635.616222 0.236508 6629.580607 4.326156 6633.906763 6.035615 0.236508 1.709459 0.236508 2.348106   0   0  -1 
2460045.773704 0.000000 0.000000 6630.485958 0.527086 6629.580607 3.359805 6632.940412 0.905351 0.527086 -2.454454 0.527086 2.348106   0   0  -1 
2460045.779649 0.000000 0.000000 6631.851550 0.356358 6629.580607 3.353239 6632.933846 2.270943 0.356358 -1.082296 0.356358 2.348106   0   0  -1 
2460046.786658 0.000000 0.000000 6633.843874 0.216596 6629.580607 2.163175 6631.743782 4.263267 0.216596 2.100092 0.216596 2.348106   0   0  -1 
2460046.792204 0.000000 0.000000 6634.866972 0.200898 6629.580607 2.156310 6631.736917 5.286365 0.200898 3.130055 0.200898 2.348106   0   0  -1 
2460047.789500 0.000000 0.000000 6633.186422 0.215835 6629.580607 0.908271 6630.488878 3.605815 0.215835 2.697544 0.215835 2.348106   0   0  -1 
2460047.795047 0.000000 0.000000 6633.209210 0.207999 6629.580607 0.901371 6630.481978 3.628603 0.207999 2.727232 0.207999 2.348106   0   0  -1 
2460048.783364 0.000000 0.000000 6629.609690 0.259180 6629.580607 -0.280882 6629.299725 0.029083 0.259180 0.309965 0.259180 2.348106   0   0  -1 
2460048.789012 0.000000 0.000000 6629.256972 0.241587 6629.580607 -0.287261 6629.293346 -0.323635 0.241587 -0.036374 0.241587 2.348106   0   0  -1 
2460049.801102 0.000000 0.000000 6631.039854 0.223882 6629.580607 -1.324623 6628.255984 1.459247 0.223882 2.783870 0.223882 2.348106   0   0  -1 
2460049.806533 0.000000 0.000000 6630.157588 0.237350 6629.580607 -1.329532 6628.251075 0.576981 0.237350 1.906513 0.237350 2.348106   0   0  -1 
2460050.776767 0.000000 0.000000 6629.430013 0.220926 6629.580607 -2.068053 6627.512554 -0.150594 0.220926 1.917459 0.220926 2.348106   0   0  -1 
2460050.782471 0.000000 0.000000 6629.926843 0.212336 6629.580607 -2.071519 6627.509088 0.346236 0.212336 2.417755 0.212336 2.348106   0   0  -1 
2460068.823617 0.000000 0.000000 6631.559544 0.250917 6629.580607 0.479128 6630.059735 1.978937 0.250917 1.499809 0.250917 2.348106   0   0  -1 
2460068.829253 0.000000 0.000000 6629.646784 0.315822 6629.580607 0.471670 6630.052277 0.066177 0.315822 -0.405493 0.315822 2.348106   0   0  -1 
2460073.775251 0.000000 0.000000 6625.088984 0.273036 6629.580607 -3.848372 6625.732235 -4.491623 0.273036 -0.643251 0.273036 2.348106   0   0  -1 
2460073.780774 0.000000 0.000000 6625.286948 0.249282 6629.580607 -3.848959 6625.731648 -4.293659 0.249282 -0.444700 0.249282 2.348106   0   0  -1 
2460076.728213 0.000000 0.000000 6628.562665 0.253446 6629.580607 -2.491961 6627.088646 -1.017942 0.253446 1.474019 0.253446 2.348106   0   0  -1 
2460076.733797 0.000000 0.000000 6628.366049 0.242470 6629.580607 -2.486494 6627.094113 -1.214558 0.242470 1.271936 0.242470 2.348106   0   0  -1 
2460077.755001 0.000000 0.000000 6624.903844 0.312506 6629.580607 -1.347097 6628.233510 -4.676763 0.312506 -3.329666 0.312506 2.348106   0   0  -1 
2460077.760768 0.000000 0.000000 6625.020045 0.301092 6629.580607 -1.339967 6628.240640 -4.560562 0.301092 -3.220595 0.301092 2.348106   0   0  -1 
2460078.818364 0.000000 0.000000 6630.516939 0.236131 6629.580607 0.058978 6629.639585 0.936332 0.236131 0.877354 0.236131 2.348106   0   0  -1 
2460078.823976 0.000000 0.000000 6630.804515 0.231515 6629.580607 0.066767 6629.647374 1.223908 0.231515 1.157141 0.231515 2.348106   0   0  -1 
2460079.846559 0.000000 0.000000 6632.273395 0.225727 6629.580607 1.506503 6631.087110 2.692788 0.225727 1.186285 0.225727 2.348106   0   0  -1 
2460079.852048 0.000000 0.000000 6631.927170 0.228638 6629.580607 1.514221 6631.094828 2.346563 0.228638 0.832342 0.228638 2.348106   0   0  -1 
2460080.730235 0.000000 0.000000 6632.645260 0.243529 6629.580607 2.716657 6632.297264 3.064653 0.243529 0.347996 0.243529 2.348106   0   0  -1 
2460080.735864 0.000000 0.000000 6633.292553 0.224766 6629.580607 2.724066 6632.304673 3.711946 0.224766 0.987880 0.224766 2.348106   0   0  -1 
2460082.755256 0.000000 0.000000 6630.390412 0.286786 6629.580607 4.905869 6634.486476 0.809805 0.286786 -4.096064 0.286786 2.348106   0   0  -1 
2460082.760842 0.000000 0.000000 6630.795800 0.259323 6629.580607 4.910190 6634.490797 1.215193 0.259323 -3.694997 0.259323 2.348106   0   0  -1 
2460086.748603 0.000000 0.000000 6635.114081 0.193185 6629.580607 4.623938 6634.204545 5.533474 0.193185 0.909536 0.193185 2.348106   0   0  -1 
2460086.754324 0.000000 0.000000 6634.108130 0.208316 6629.580607 4.618609 6634.199216 4.527523 0.208316 -0.091086 0.208316 2.348106   0   0  -1 
2460199.601214 0.000000 0.000000 6622.205086 0.389251 6629.580607 -4.455622 6625.124985 -7.375521 0.389251 -2.919899 0.389251 2.348106   0   0  -1 
2460199.607025 0.000000 0.000000 6622.574384 0.381438 6629.580607 -4.457184 6625.123423 -7.006223 0.381438 -2.549039 0.381438 2.348106   0   0  -1 
2460201.515076 0.000000 0.000000 6625.332354 0.272613 6629.580607 -4.603299 6624.977308 -4.248253 0.272613 0.355046 0.272613 2.348106   0   0  -1 
2460201.520627 0.000000 0.000000 6624.542897 0.294212 6629.580607 -4.602588 6624.978019 -5.037710 0.294212 -0.435122 0.294212 2.348106   0   0  -1 
2460202.533617 0.000000 0.000000 6626.906002 0.232737 6629.580607 -4.358903 6625.221704 -2.674605 0.232737 1.684298 0.232737 2.348106   0   0  -1 
2460202.539273 0.000000 0.000000 6627.020676 0.220468 6629.580607 -4.356913 6625.223694 -2.559931 0.220468 1.796982 0.220468 2.348106   0   0  -1 
2460203.571018 0.000000 0.000000 6625.203535 0.337253 6629.580607 -3.883303 6625.697304 -4.377072 0.337253 -0.493769 0.337253 2.348106   0   0  -1 
2460203.577196 0.000000 0.000000 6625.477322 0.360328 6629.580607 -3.879835 6625.700772 -4.103285 0.360328 -0.223450 0.360328 2.348106   0   0  -1 
2460204.530857 0.000000 0.000000 6628.752956 0.197030 6629.580607 -3.265538 6626.315069 -0.827651 0.197030 2.437887 0.197030 2.348106   0   0  -1 
2460204.536387 0.000000 0.000000 6627.522270 0.208547 6629.580607 -3.261557 6626.319050 -2.058337 0.208547 1.203220 0.208547 2.348106   0   0  -1 
2460205.516019 0.000000 0.000000 6628.249113 0.244280 6629.580607 -2.496993 6627.083614 -1.331494 0.244280 1.165499 0.244280 2.348106   0   0  -1 
2460205.521490 0.000000 0.000000 6628.705998 0.216530 6629.580607 -2.492446 6627.088161 -0.874609 0.216530 1.617837 0.216530 2.348106   0   0  -1 
2460206.534104 0.000000 0.000000 6627.482697 0.247014 6629.580607 -1.620264 6627.960343 -2.097910 0.247014 -0.477646 0.247014 2.348106   0   0  -1 
2460206.539634 0.000000 0.000000 6629.267429 0.225863 6629.580607 -1.615402 6627.965205 -0.313178 0.225863 1.302224 0.225863 2.348106   0   0  -1 
2460208.612713 0.000000 0.000000 6630.363009 0.238171 6629.580607 0.120308 6629.700915 0.782402 0.238171 0.662094 0.238171 2.348106   0   0  -1 
2460208.618030 0.000000 0.000000 6629.924431 0.245322 6629.580607 0.124260 6629.704867 0.343824 0.245322 0.219564 0.245322 2.348106   0   0  -1 
2460209.504007 0.000000 0.000000 6623.939779 0.494812 6629.580607 0.720706 6630.301313 -5.640828 0.494812 -6.361534 0.494812 2.348106   0   0  -1 
2460209.509978 0.000000 0.000000 6626.528984 0.441044 6629.580607 0.724260 6630.304867 -3.051623 0.441044 -3.775883 0.441044 2.348106   0   0  -1 
2460210.587394 0.000000 0.000000 6629.731782 0.275366 6629.580607 1.243861 6630.824468 0.151175 0.275366 -1.092686 0.275366 2.348106   0   0  -1 
2460210.593026 0.000000 0.000000 6627.639495 0.295408 6629.580607 1.245894 6630.826501 -1.941112 0.295408 -3.187006 0.295408 2.348106   0   0  -1 
2460211.516295 0.000000 0.000000 6628.377092 0.380462 6629.580607 1.473824 6631.054431 -1.203515 0.380462 -2.677339 0.380462 2.348106   0   0  -1 
2460211.522268 0.000000 0.000000 6629.418252 0.306169 6629.580607 1.474599 6631.055206 -0.162355 0.306169 -1.636954 0.306169 2.348106   0   0  -1 
