# time Tc_folded Tref_folded value value_err offset model full_model val_compare val_compare_err residuals residuals_err jitter jitter_flag offset_flag subset_flag 
2455480.529186 -11.162248 0.477069 -10482.960657 0.485677 -10476.516526 1.750267 -10480.864739 -0.345651 0.485677 -2.095918 0.485677 1.564699   1   1  -1 
2455480.532970 -11.158464 0.477181 -10481.678693 0.440084 -10476.516526 1.750151 -10480.866369 0.937827 0.440084 -0.812324 0.440084 1.564699   1   1  -1 
2455480.536778 -11.154656 0.477294 -10480.431449 0.465046 -10476.516526 1.750034 -10480.868004 2.186589 0.465046 0.436555 0.465046 1.564699   1   1  -1 
2455482.554786 -9.136648 0.537190 -10476.128743 0.353905 -10476.516526 1.624049 -10479.303881 4.799188 0.353905 3.175138 0.353905 1.564699   1   1  -1 
2455484.542056 -7.149378 0.596173 -10475.755433 0.514319 -10476.516526 1.381541 -10476.318351 1.944459 0.514319 0.562918 0.514319 1.564699   1   1  -1 
2455484.545828 -7.145606 0.596285 -10473.332240 0.532707 -10476.516526 1.380972 -10476.315650 4.364382 0.532707 2.983410 0.532707 1.564699   1   1  -1 
2455484.549671 -7.141763 0.596399 -10474.438386 0.508347 -10476.516526 1.380391 -10476.312908 3.254913 0.508347 1.874522 0.508347 1.564699   1   1  -1 
2455485.527184 -6.164250 0.625412 -10473.605978 0.432034 -10476.516526 1.218798 -10475.844769 3.457590 0.432034 2.238791 0.432034 1.564699   1   1  -1 
2455485.532971 -6.158463 0.625584 -10471.997247 0.445706 -10476.516526 1.217758 -10475.843120 5.063632 0.445706 3.845873 0.445706 1.564699   1   1  -1 
2455487.543214 -4.148220 0.685249 -10473.844627 0.404437 -10476.516526 0.795569 -10475.795713 2.746655 0.404437 1.951086 0.404437 1.564699   1   1  -1 
2455487.548897 -4.142537 0.685418 -10473.904015 0.401767 -10476.516526 0.794200 -10475.796821 2.687005 0.401767 1.892806 0.401767 1.564699   1   1  -1 
2455493.544252 1.852818 0.863363 -10479.814585 0.396600 -10476.516526 -1.223894 -10480.298874 -0.739605 0.396600 0.484289 0.396600 1.564699   1   1  -1 
2455493.550478 1.859044 0.863548 -10480.900282 0.405220 -10476.516526 -1.226489 -10480.307071 -1.819700 0.405220 -0.593211 0.405220 1.564699   1   1  -1 
2455495.535877 3.844443 0.922476 -10480.826331 0.401246 -10476.516526 -2.042980 -10482.814400 -0.054911 0.401246 1.988069 0.401246 1.564699   1   1  -1 
2455495.541664 3.850230 0.922647 -10480.647538 0.425418 -10476.516526 -2.045210 -10482.818475 0.125727 0.425418 2.170937 0.425418 1.564699   1   1  -1 
2455498.517820 6.826386 0.010981 -10479.650410 0.663846 -10476.516526 -2.732648 -10480.517941 -1.865117 0.663846 0.867531 0.663846 1.564699   1   1  -1 
2455498.523445 6.832011 0.011148 -10478.978096 0.600098 -10476.516526 -2.732630 -10480.515239 -1.195487 0.600098 1.537143 0.600098 1.564699   1   1  -1 
2455500.544007 8.852573 0.071120 -10479.588979 0.341836 -10476.516526 -2.306580 -10480.012416 -1.883143 0.341836 0.423437 0.341836 1.564699   1   1  -1 
2455500.549389 8.857955 0.071279 -10479.646223 0.372174 -10476.516526 -2.304405 -10480.011521 -1.939107 0.372174 0.365298 0.372174 1.564699   1   1  -1 
2455501.547102 9.855668 0.100892 -10479.228913 0.302659 -10476.516526 -1.832570 -10479.850187 -1.211296 0.302659 0.621274 0.302659 1.564699   1   1  -1 
2455501.552738 9.861304 0.101059 -10480.110772 0.289222 -10476.516526 -1.829588 -10479.849319 -2.091041 0.289222 -0.261453 0.289222 1.564699   1   1  -1 
2455505.514789 13.823355 0.218655 -10479.788974 0.344263 -10476.516526 0.297430 -10479.905387 0.413843 0.344263 0.116413 0.344263 1.564699   1   1  -1 
2455505.520425 13.828991 0.218822 -10479.398339 0.340728 -10476.516526 0.299899 -10479.906895 0.808455 0.340728 0.508556 0.340728 1.564699   1   1  -1 
2455507.517142 15.825708 0.278086 -10482.165859 0.264981 -10476.516526 1.023477 -10480.749094 -0.393287 0.264981 -1.416765 0.264981 1.564699   1   1  -1 
2455507.522824 15.831390 0.278255 -10483.868821 0.270208 -10476.516526 1.025120 -10480.752360 -2.091341 0.270208 -3.116461 0.270208 1.564699   1   1  -1 
2455509.518050 -15.865495 0.337474 -10482.136940 0.380261 -10476.516526 1.473265 -10481.943330 1.279655 0.380261 -0.193610 0.380261 1.564699   1   1  -1 
2455509.523524 -15.860021 0.337637 -10481.842165 0.354765 -10476.516526 1.474169 -10481.945012 1.577017 0.354765 0.102847 0.354765 1.564699   1   1  -1 
2455511.516449 -13.867096 0.396788 -10481.051242 0.398498 -10476.516526 1.703687 -10479.575225 0.227670 0.398498 -1.476017 0.398498 1.564699   1   1  -1 
2455511.521935 -13.861610 0.396950 -10481.318563 0.396662 -10476.516526 1.704066 -10479.563775 -0.050721 0.396662 -1.754788 0.396662 1.564699   1   1  -1 
2455513.504562 -11.878983 0.455796 -10476.804338 0.418335 -10476.516526 1.763603 -10476.889980 1.849245 0.418335 0.085642 0.418335 1.564699   1   1  -1 
2455513.510244 -11.873301 0.455965 -10476.668251 0.441085 -10476.516526 1.763566 -10476.885558 1.980873 0.441085 0.217307 0.441085 1.564699   1   1  -1 
2455514.505835 -10.877710 0.485514 -10478.206203 0.335906 -10476.516526 1.740266 -10476.238999 -0.226938 0.335906 -1.967204 0.335906 1.564699   1   1  -1 
2455514.511356 -10.872189 0.485678 -10477.524806 0.341716 -10476.516526 1.740046 -10476.235961 0.451202 0.341716 -1.288845 0.341716 1.564699   1   1  -1 
2455519.503938 -5.879607 0.633861 -10474.517329 0.516685 -10476.516526 1.166471 -10475.067538 1.716680 0.516685 0.550209 0.516685 1.564699   1   1  -1 
2455519.508811 -5.874734 0.634005 -10473.971305 0.498073 -10476.516526 1.165555 -10475.068401 2.262651 0.498073 1.097096 0.498073 1.564699   1   1  -1 
2455523.508036 -1.875509 0.752704 -10476.567096 0.414917 -10476.516526 0.164619 -10477.987213 1.584736 0.414917 1.420117 0.414917 1.564699   1   1  -1 
2455523.513036 -1.870509 0.752853 -10476.426565 0.432885 -10476.516526 0.163043 -10477.992854 1.729332 0.432885 1.566289 0.432885 1.564699   1   1  -1 
2455524.521481 -0.862064 0.782784 -10476.409103 0.333974 -10476.516526 -0.171801 -10478.735893 2.154989 0.333974 2.326790 0.333974 1.564699   1   1  -1 
2455524.526446 -0.857099 0.782931 -10475.818731 0.339194 -10476.516526 -0.173533 -10478.736228 2.743965 0.339194 2.917497 0.339194 1.564699   1   1  -1 
2455653.900831 -6.251160 0.622833 -10479.122782 0.372304 -10476.516526 1.234298 -10477.967681 0.079197 0.372304 -1.155101 0.372304 1.564699   1   1  -1 
2455653.906410 -6.245581 0.622998 -10477.502514 0.368097 -10476.516526 1.233310 -10477.959382 1.690178 0.368097 0.456868 0.368097 1.564699   1   1  -1 
2455654.900357 -5.251634 0.652499 -10477.529507 0.407058 -10476.516526 1.042491 -10476.531095 0.044078 0.407058 -0.998412 0.407058 1.564699   1   1  -1 
2455654.905936 -5.246055 0.652665 -10476.951630 0.365708 -10476.516526 1.041336 -10476.525070 0.614776 0.365708 -0.426560 0.365708 1.564699   1   1  -1 
2455657.909222 -2.242769 0.741804 -10477.608535 0.302855 -10476.516526 0.278089 -10476.328895 -1.001551 0.302855 -1.279640 0.302855 1.564699   1   1  -1 
2455657.914813 -2.237178 0.741970 -10478.050098 0.315866 -10476.516526 0.276395 -10476.331552 -1.442151 0.315866 -1.718546 0.315866 1.564699   1   1  -1 
2455659.907949 -0.244042 0.801127 -10477.046490 0.384743 -10476.516526 -0.393428 -10477.531774 0.091856 0.384743 0.485284 0.384743 1.564699   1   1  -1 
2455659.913540 -0.238451 0.801293 -10478.198534 0.401510 -10476.516526 -0.395488 -10477.535697 -1.058325 0.401510 -0.662837 0.401510 1.564699   1   1  -1 
2455660.901884 0.749893 0.830628 -10478.330760 0.251174 -10476.516526 -0.773991 -10478.267717 -0.837034 0.251174 -0.063043 0.251174 1.564699   1   1  -1 
2455662.902485 2.750494 0.890007 -10478.461597 0.474458 -10476.516526 -1.599745 -10479.970786 -0.090556 0.474458 1.509189 0.474458 1.564699   1   1  -1 
2455662.908180 2.756189 0.890176 -10479.019990 0.454621 -10476.516526 -1.602122 -10479.976054 -0.646059 0.454621 0.956064 0.454621 1.564699   1   1  -1 
2455663.839263 3.687272 0.917811 -10481.021871 0.868606 -10476.516526 -1.981795 -10480.869666 -2.134000 0.868606 -0.152205 0.868606 1.564699   1   1  -1 
2455672.897729 12.745738 0.186671 -10477.289791 0.326960 -10476.516526 -0.217538 -10477.683587 0.176259 0.326960 0.393796 0.326960 1.564699   1   1  -1 
2455672.902775 12.750784 0.186821 -10477.128218 0.300639 -10476.516526 -0.214938 -10477.682060 0.338904 0.300639 0.553842 0.300639 1.564699   1   1  -1 
2455675.905453 15.753462 0.275942 -10479.983143 0.211350 -10476.516526 1.002396 -10477.476093 -1.504654 0.211350 -2.507050 0.211350 1.564699   1   1  -1 
2455679.879903 -13.964199 0.393906 -10481.249420 0.252289 -10476.516526 1.696756 -10479.274947 -0.277718 0.252289 -1.974473 0.252289 1.564699   1   1  -1 
2455679.885123 -13.958979 0.394061 -10482.070814 0.256851 -10476.516526 1.697139 -10479.278917 -1.094759 0.256851 -2.791897 0.256851 1.564699   1   1  -1 
2455712.893679 -14.642535 0.373772 -10477.596372 0.280177 -10476.516526 1.636804 -10475.258177 -0.701391 0.280177 -2.338195 0.280177 1.564699   1   1  -1 
2455715.864679 -11.671535 0.461953 -10473.715742 0.681733 -10476.516526 1.761524 -10474.457795 2.503577 0.681733 0.742053 0.681733 1.564699   1   1  -1 
2455715.867376 -11.668838 0.462033 -10473.898980 0.709421 -10476.516526 1.761487 -10474.458146 2.320653 0.709421 0.559166 0.709421 1.564699   1   1  -1 
2455715.869992 -11.666222 0.462111 -10473.445162 0.718389 -10476.516526 1.761451 -10474.458488 2.774777 0.718389 1.013326 0.718389 1.564699   1   1  -1 
2455715.872747 -11.663467 0.462193 -10473.903696 0.742414 -10476.516526 1.761413 -10474.458850 2.316567 0.742414 0.555154 0.742414 1.564699   1   1  -1 
2455727.859452 0.323238 0.817964 -10475.357665 0.528199 -10476.516526 -0.607218 -10476.255444 0.290562 0.528199 0.897779 0.528199 1.564699   1   1  -1 
2455727.863145 0.326931 0.818074 -10476.960737 0.516663 -10476.516526 -0.608640 -10476.255013 -1.314365 0.516663 -0.705724 0.516663 1.564699   1   1  -1 
2455727.866953 0.330739 0.818187 -10477.060026 0.559742 -10476.516526 -0.610107 -10476.254574 -1.415559 0.559742 -0.805452 0.559742 1.564699   1   1  -1 
2455735.809170 8.272956 0.053916 -10480.718295 0.263016 -10476.516526 -2.511587 -10480.240447 -2.989435 0.263016 -0.477848 0.263016 1.564699   1   1  -1 
2455754.777241 -6.451084 0.616899 -10475.455016 0.545675 -10476.516526 1.269111 -10477.338448 3.152543 0.545675 1.883432 0.545675 1.564699   1   1  -1 
2455755.755721 -5.472604 0.645941 -10477.021535 0.384396 -10476.516526 1.087466 -10476.211518 0.277448 0.384396 -0.810017 0.384396 1.564699   1   1  -1 
2455769.736300 8.507975 0.060892 -10478.718338 0.338766 -10476.516526 -2.435711 -10479.950406 -1.203643 0.338766 1.232068 0.338766 1.564699   1   1  -1 
2455769.742075 8.513750 0.061063 -10479.209949 0.385157 -10476.516526 -2.433718 -10479.943659 -1.700009 0.385157 0.733710 0.385157 1.564699   1   1  -1 
2455776.628483 15.400158 0.265456 -10477.854877 0.356174 -10476.516526 0.893997 -10476.127037 -0.833843 0.356174 -1.727840 0.356174 1.564699   1   1  -1 
2455782.624998 -12.295438 0.443435 -10477.234320 0.380536 -10476.516526 1.763261 -10476.823609 1.352551 0.380536 -0.410711 0.380536 1.564699   1   1  -1 
2455784.737667 -10.182769 0.506140 -10473.119634 0.272683 -10476.516526 1.705022 -10474.460523 3.045911 0.272683 1.340889 0.272683 1.564699   1   1  -1 
2455801.526698 6.606262 0.004448 -10477.714254 0.636570 -10476.516526 -2.728366 -10478.324220 -2.118400 0.636570 0.609966 0.636570 1.564699   1   1  -1 
2455801.531628 6.611192 0.004594 -10478.348482 0.588581 -10476.516526 -2.728567 -10478.326421 -2.750628 0.588581 -0.022061 0.588581 1.564699   1   1  -1 
2455804.632333 9.711897 0.096625 -10479.889141 0.560283 -10476.516526 -1.907671 -10478.897121 -2.899691 0.560283 -0.992020 0.560283 1.564699   1   1  -1 
2455804.637669 9.717233 0.096783 -10479.356651 0.516075 -10476.516526 -1.904918 -10478.896862 -2.364707 0.516075 -0.459789 0.516075 1.564699   1   1  -1 
2455807.626267 12.705831 0.185486 -10477.952953 0.482855 -10476.516526 -0.238158 -10478.867896 0.676785 0.482855 0.914943 0.482855 1.564699   1   1  -1 
2455807.631162 12.710726 0.185632 -10477.762393 0.443292 -10476.516526 -0.235623 -10478.868778 0.870761 0.443292 1.106385 0.443292 1.564699   1   1  -1 
2455810.581550 15.661114 0.273201 -10481.002505 0.377097 -10476.516526 0.974917 -10479.257211 -0.770377 0.377097 -1.745294 0.377097 1.564699   1   1  -1 
2455810.586723 15.666287 0.273354 -10480.282556 0.398696 -10476.516526 0.976472 -10479.251779 -0.054305 0.398696 -1.030777 0.398696 1.564699   1   1  -1 
2455816.587002 -12.025546 0.451446 -10476.284284 0.479893 -10476.516526 1.764178 -10476.246156 1.726050 0.479893 -0.038128 0.479893 1.564699   1   1  -1 
2455816.590578 -12.021970 0.451552 -10475.380232 0.444942 -10476.516526 1.764173 -10476.247598 2.631539 0.444942 0.867366 0.444942 1.564699   1   1  -1 
2455816.594154 -12.018394 0.451658 -10476.257023 0.438232 -10476.516526 1.764167 -10476.249041 1.756185 0.438232 -0.007982 0.438232 1.564699   1   1  -1 
2455834.622073 6.009525 0.986736 -10480.909706 0.288686 -10476.516526 -2.670357 -10481.360495 -2.219568 0.288686 0.450789 0.288686 1.564699   1   1  -1 
2455834.627593 6.015045 0.986900 -10481.704100 0.288262 -10476.516526 -2.671185 -10481.363940 -3.011345 0.288262 -0.340160 0.288262 1.564699   1   1  -1 
2455836.585712 7.973164 0.045018 -10482.497452 0.340261 -10476.516526 -2.592900 -10482.220131 -2.870221 0.340261 -0.277321 0.340261 1.564699   1   1  -1 
2455836.591440 7.978892 0.045188 -10483.216344 0.339568 -10476.516526 -2.591515 -10482.221583 -3.586276 0.339568 -0.994761 0.339568 1.564699   1   1  -1 
2455839.585007 10.972459 0.134039 -10480.984122 0.455066 -10476.516526 -1.205820 -10480.419220 -1.770722 0.455066 -0.564902 0.455066 1.564699   1   1  -1 
2455839.590794 10.978246 0.134211 -10480.862232 0.459884 -10476.516526 -1.202472 -10480.404248 -1.660456 0.459884 -0.457984 0.459884 1.564699   1   1  -1 
2455842.549547 13.936999 0.222028 -10475.984718 0.533150 -10476.516526 0.346747 -10474.584233 -1.053738 0.533150 -1.400485 0.533150 1.564699   1   1  -1 
2455842.555033 13.942485 0.222191 -10475.769563 0.436601 -10476.516526 0.349103 -10474.579443 -0.841017 0.436601 -1.190120 0.436601 1.564699   1   1  -1 
2455845.575633 -16.729026 0.311844 -10472.970844 0.533869 -10476.516526 1.309397 -10473.650042 1.988595 0.533869 0.679198 0.533869 1.564699   1   1  -1 
2455845.581258 -16.723401 0.312011 -10473.156417 0.461200 -10476.516526 1.310606 -10473.650760 1.804949 0.461200 0.494343 0.461200 1.564699   1   1  -1 
2455870.498785 8.194126 0.051577 -10481.818484 0.365314 -10476.516526 -2.534687 -10480.000549 -4.352621 0.365314 -1.817935 0.365314 1.564699   1   1  -1 
2455870.504422 8.199763 0.051744 -10481.151885 0.359240 -10476.516526 -2.533075 -10479.995221 -3.689739 0.359240 -1.156664 0.359240 1.564699   1   1  -1 
2455874.532217 12.227558 0.171291 -10477.728868 0.513797 -10476.516526 -0.492756 -10477.322093 -0.899531 0.513797 -0.406775 0.513797 1.564699   1   1  -1 
2455874.537437 12.232778 0.171446 -10475.674380 0.695338 -10476.516526 -0.489908 -10477.320166 1.155878 0.695338 1.645786 0.695338 1.564699   1   1  -1 
2455878.549549 16.244890 0.290528 -10474.975638 0.680478 -10476.516526 1.138728 -10477.703723 3.866813 0.680478 2.728085 0.680478 1.564699   1   1  -1 
2455878.554965 16.250306 0.290688 -10473.200640 0.660711 -10476.516526 1.140140 -10477.706845 5.646345 0.660711 4.506205 0.660711 1.564699   1   1  -1 
2456020.892743 -9.872473 0.515350 -10474.892081 0.400252 -10476.516526 1.684449 -10476.195988 2.988356 0.400252 1.303907 0.400252 1.564699   1   1  -1 
2456020.898160 -9.867056 0.515511 -10474.995167 0.390725 -10476.516526 1.684063 -10476.200024 2.888920 0.390725 1.204857 0.390725 1.564699   1   1  -1 
2456022.889397 -7.875819 0.574612 -10478.871489 0.497344 -10476.516526 1.483481 -10477.944011 0.556003 0.497344 -0.927478 0.497344 1.564699   1   1  -1 
2456022.894884 -7.870332 0.574775 -10479.815426 0.556527 -10476.516526 1.482769 -10477.949472 -0.383185 0.556527 -1.865954 0.556527 1.564699   1   1  -1 
2456024.891353 -5.873863 0.634031 -10480.979281 0.428656 -10476.516526 1.165391 -10479.226011 -0.587879 0.428656 -1.753270 0.428656 1.564699   1   1  -1 
2456024.897048 -5.868168 0.634200 -10480.604419 0.407038 -10476.516526 1.164318 -10479.223254 -0.216846 0.407038 -1.381165 0.407038 1.564699   1   1  -1 
2456028.922257 -1.842959 0.753671 -10477.908590 0.345283 -10476.516526 0.154345 -10475.835177 -1.919069 0.345283 -2.073413 0.345283 1.564699   1   1  -1 
2456029.892891 -0.872325 0.782479 -10478.166891 0.543499 -10476.516526 -0.168225 -10475.957702 -2.377414 0.543499 -2.209189 0.543499 1.564699   1   1  -1 
2456029.898354 -0.866862 0.782642 -10478.569496 0.519266 -10476.516526 -0.170129 -10475.958807 -2.780818 0.519266 -2.610689 0.519266 1.564699   1   1  -1 
2456031.852968 1.087752 0.840656 -10477.024746 0.408809 -10476.516526 -0.909282 -10476.575123 -1.358904 0.408809 -0.449623 0.408809 1.564699   1   1  -1 
2456052.857065 -11.600262 0.464068 -10480.793021 0.406318 -10476.516526 1.760471 -10479.038869 0.006318 0.406318 -1.754152 0.406318 1.564699   1   1  -1 
2456052.862482 -11.594845 0.464229 -10480.156970 0.393840 -10476.516526 1.760383 -10479.040530 0.643944 0.393840 -1.116440 0.393840 1.564699   1   1  -1 
2456053.851639 -10.605688 0.493588 -10480.816786 0.437473 -10476.516526 1.728278 -10478.561778 -0.526730 0.437473 -2.255008 0.437473 1.564699   1   1  -1 
2456053.857114 -10.600213 0.493750 -10476.986852 0.414343 -10476.516526 1.728013 -10478.554129 3.295289 0.414343 1.567277 0.414343 1.564699   1   1  -1 
2456054.839916 -9.617411 0.522921 -10479.578072 0.266506 -10476.516526 1.665348 -10476.811471 -1.101253 0.266506 -2.766601 0.266506 1.564699   1   1  -1 
2456055.886865 -8.570462 0.553995 -10478.308216 0.254853 -10476.516526 1.566660 -10475.524725 -1.216831 0.254853 -2.783491 0.254853 1.564699   1   1  -1 
2456056.818146 -7.639181 0.581636 -10476.145121 0.446651 -10476.516526 1.451952 -10475.068585 0.375416 0.446651 -1.076536 0.446651 1.564699   1   1  -1 
2456056.823714 -7.633613 0.581801 -10476.399813 0.406993 -10476.516526 1.451191 -10475.067118 0.118495 0.406993 -1.332695 0.406993 1.564699   1   1  -1 
2456078.843392 14.386065 0.235357 -10475.070920 0.323779 -10476.516526 0.531967 -10476.405056 1.866103 0.323779 1.334136 0.323779 1.564699   1   1  -1 
2456078.849075 14.391748 0.235525 -10475.406297 0.316487 -10476.516526 0.534212 -10476.407943 1.535858 0.316487 1.001646 0.316487 1.564699   1   1  -1 
2456081.832748 -16.316691 0.324082 -10477.091748 0.398009 -10476.516526 1.393009 -10478.035780 2.337041 0.398009 0.944032 0.398009 1.564699   1   1  -1 
2456081.838651 -16.310788 0.324258 -10477.350415 0.323723 -10476.516526 1.394134 -10478.034129 2.077847 0.323723 0.683714 0.323723 1.564699   1   1  -1 
2456085.820521 -12.328918 0.442442 -10474.269371 0.439249 -10476.516526 1.762967 -10473.606415 1.100011 0.439249 -0.662956 0.439249 1.564699   1   1  -1 
2456085.826250 -12.323189 0.442612 -10473.694203 0.458936 -10476.516526 1.763020 -10473.604820 1.673638 0.458936 -0.089383 0.458936 1.564699   1   1  -1 
2456088.742747 -9.406692 0.529175 -10472.336592 0.274700 -10476.516526 1.648094 -10473.517460 2.828962 0.274700 1.180868 0.274700 1.564699   1   1  -1 
2456092.900369 -5.249070 0.652575 -10477.981567 0.314413 -10476.516526 1.041960 -10475.348229 -1.591378 0.314413 -2.633338 0.314413 1.564699   1   1  -1 
2456115.815540 -16.026010 0.332710 -10474.774807 0.388096 -10476.516526 1.446019 -10473.550350 0.221563 0.388096 -1.224457 0.388096 1.564699   1   1  -1 
2456118.809984 -13.031566 0.421587 -10471.978956 0.256427 -10476.516526 1.747280 -10473.519239 3.287563 0.256427 1.540283 0.256427 1.564699   1   1  -1 
2456121.820367 -10.021183 0.510936 -10475.055286 0.705930 -10476.516526 1.694675 -10474.757139 1.396529 0.705930 -0.298147 0.705930 1.564699   1   1  -1 
2456149.686124 -15.847538 0.338007 -10478.886301 0.422505 -10476.516526 1.476226 -10474.023254 -3.386822 0.422505 -4.863047 0.422505 1.564699   1   1  -1 
2456154.723489 -10.810173 0.487519 -10473.222066 0.432559 -10476.516526 1.737509 -10473.152850 1.668294 0.432559 -0.069216 0.432559 1.564699   1   1  -1 
2456154.728442 -10.805220 0.487666 -10472.383548 0.640869 -10476.516526 1.737301 -10473.144550 2.498303 0.640869 0.761002 0.640869 1.564699   1   1  -1 
2456166.527551 0.993889 0.837870 -10482.638275 0.322758 -10476.516526 -0.871433 -10480.152589 -3.357119 0.322758 -2.485686 0.322758 1.564699   1   1  -1 
2456168.609469 3.075807 0.899662 -10483.235121 0.485702 -10476.516526 -1.734830 -10480.167978 -4.801973 0.485702 -3.067143 0.485702 1.564699   1   1  -1 
2456168.615105 3.081443 0.899829 -10482.078140 0.428978 -10476.516526 -1.737155 -10480.159497 -3.655798 0.428978 -1.918643 0.428978 1.564699   1   1  -1 
2456171.510563 5.976901 0.985768 -10477.310953 0.261955 -10476.516526 -2.665356 -10478.004722 -1.971588 0.261955 0.693769 0.261955 1.564699   1   1  -1 
2456173.694840 8.161178 0.050599 -10472.314153 0.435027 -10476.516526 -2.543982 -10477.876660 3.018525 0.435027 5.562507 0.435027 1.564699   1   1  -1 
2456181.612869 16.079207 0.285610 -10475.571527 0.304713 -10476.516526 1.094599 -10477.006047 2.529120 0.304713 1.434520 0.304713 1.564699   1   1  -1 
2456186.623747 -12.602026 0.434336 -10470.871523 0.269145 -10476.516526 1.759047 -10472.044362 2.931886 0.269145 1.172839 0.269145 1.564699   1   1  -1 
2456189.666838 -9.558935 0.524656 -10471.752751 0.854916 -10476.516526 1.660693 -10472.963424 2.871366 0.854916 1.210673 0.854916 1.564699   1   1  -1 
2456190.592865 -8.632908 0.552141 -10474.982002 0.436640 -10476.516526 1.573450 -10473.394922 -0.013630 0.436640 -1.587080 0.436640 1.564699   1   1  -1 
2456190.598548 -8.627225 0.552310 -10475.915820 0.410184 -10476.516526 1.572837 -10473.397688 -0.945295 0.410184 -2.518132 0.410184 1.564699   1   1  -1 
2456195.586272 -3.639501 0.700348 -10476.324229 0.455921 -10476.516526 0.668913 -10476.517370 0.862054 0.455921 0.193141 0.455921 1.564699   1   1  -1 
2456195.591793 -3.633980 0.700512 -10476.833989 0.456503 -10476.516526 0.667493 -10476.520236 0.353741 0.456503 -0.313753 0.456503 1.564699   1   1  -1 
2456198.564091 -0.661682 0.788731 -10469.851121 0.593173 -10476.516526 -0.242323 -10473.590209 3.496765 0.593173 3.739088 0.593173 1.564699   1   1  -1 
2456198.569866 -0.655907 0.788903 -10469.520142 0.625422 -10476.516526 -0.244375 -10473.585678 3.821161 0.625422 4.065536 0.625422 1.564699   1   1  -1 
2456204.547188 5.321415 0.966313 -10474.005151 0.390830 -10476.516526 -2.529693 -10476.179760 -0.355083 0.390830 2.174609 0.390830 1.564699   1   1  -1 
2456205.523197 6.297424 0.995281 -10476.331744 0.223735 -10476.516526 -2.706487 -10476.867694 -2.170537 0.223735 0.535950 0.223735 1.564699   1   1  -1 
2456208.615737 9.389964 0.087070 -10479.274458 0.471028 -10476.516526 -2.068172 -10477.881527 -3.461103 0.471028 -1.392931 0.471028 1.564699   1   1  -1 
2456209.540800 10.315027 0.114526 -10475.726000 0.526879 -10476.516526 -1.581796 -10477.836272 0.528476 0.526879 2.110272 0.526879 1.564699   1   1  -1 
2456210.532155 11.306382 0.143950 -10475.727704 0.432092 -10476.516526 -1.012676 -10477.199743 0.459363 0.432092 1.472039 0.432092 1.564699   1   1  -1 
2456212.523498 13.297725 0.203054 -10470.032065 0.239792 -10476.516526 0.056688 -10472.279425 2.304048 0.239792 2.247360 0.239792 1.564699   1   1  -1 
2456217.523649 -15.394235 0.351461 -10469.768240 0.370476 -10476.516526 1.545255 -10468.876088 0.653103 0.370476 -0.892152 0.370476 1.564699   1   1  -1 
2456217.529482 -15.388402 0.351634 -10468.041405 0.361734 -10476.516526 1.546074 -10468.878171 2.382839 0.361734 0.836766 0.361734 1.564699   1   1  -1 
2456218.587951 -14.329933 0.383050 -10468.491163 0.391645 -10476.516526 1.666986 -10469.440433 2.616256 0.391645 0.949270 0.391645 1.564699   1   1  -1 
2456219.500319 -13.417565 0.410130 -10469.245686 0.247828 -10476.516526 1.730640 -10470.202995 2.687949 0.247828 0.957309 0.247828 1.564699   1   1  -1 
2456220.491327 -12.426557 0.439544 -10472.137625 0.391613 -10476.516526 1.761877 -10471.292822 0.917074 0.391613 -0.844803 0.391613 1.564699   1   1  -1 
2456220.514069 -12.403815 0.440219 -10472.572915 0.320320 -10476.516526 1.762162 -10471.320767 0.510013 0.320320 -1.252148 0.320320 1.564699   1   1  -1 
2456409.867093 8.488652 0.060318 -10475.673600 0.617333 -10476.516526 -2.442336 -10476.625065 -1.490872 0.617333 0.951465 0.617333 1.564699   1   1  -1 
2456409.872719 8.494278 0.060485 -10476.137178 0.595203 -10476.516526 -2.440415 -10476.627600 -1.949992 0.595203 0.490422 0.595203 1.564699   1   1  -1 
2456416.824768 15.446327 0.266826 -10472.302186 0.550392 -10476.516526 0.908669 -10471.661399 0.267881 0.550392 -0.640787 0.550392 1.564699   1   1  -1 
2456416.828565 15.450124 0.266939 -10470.986675 0.545862 -10476.516526 0.909868 -10471.662060 1.585253 0.545862 0.675385 0.545862 1.564699   1   1  -1 
2456416.832443 15.454002 0.267054 -10471.882453 0.566830 -10476.516526 0.911093 -10471.662737 0.691377 0.566830 -0.219716 0.566830 1.564699   1   1  -1 
2456432.884915 -2.185638 0.743500 -10474.962361 0.393986 -10476.516526 0.260733 -10474.817536 0.115908 0.393986 -0.144825 0.393986 1.564699   1   1  -1 
2456432.890124 -2.180429 0.743654 -10475.372110 0.450803 -10476.516526 0.259145 -10474.819523 -0.293442 0.450803 -0.552587 0.450803 1.564699   1   1  -1 
2456433.905268 -1.165285 0.773784 -10472.852948 0.738644 -10476.516526 -0.067578 -10475.242434 2.321908 0.738644 2.389486 0.738644 1.564699   1   1  -1 
2456433.910395 -1.160158 0.773936 -10474.512391 0.801539 -10476.516526 -0.069315 -10475.244774 0.663068 0.801539 0.732383 0.801539 1.564699   1   1  -1 
2456434.892458 -0.178095 0.803085 -10475.434897 0.484791 -10476.516526 -0.417787 -10475.740838 -0.111845 0.484791 0.305941 0.484791 1.564699   1   1  -1 
2456434.898129 -0.172424 0.803253 -10474.106533 0.468854 -10476.516526 -0.419887 -10475.744012 1.217592 0.468854 1.637479 0.468854 1.564699   1   1  -1 
2456437.889188 2.818635 0.892029 -10477.501611 0.400790 -10476.516526 -1.628167 -10478.084076 -1.045702 0.400790 0.582465 0.400790 1.564699   1   1  -1 
2456437.894720 2.824167 0.892193 -10477.202903 0.367888 -10476.516526 -1.630472 -10478.089410 -0.743965 0.367888 0.886507 0.367888 1.564699   1   1  -1 
2456438.860772 3.790219 0.920866 -10477.416873 0.320407 -10476.516526 -2.022005 -10478.869843 -0.569035 0.320407 1.452970 0.320407 1.564699   1   1  -1 
2456441.860316 6.789763 0.009894 -10477.889690 0.423142 -10476.516526 -2.732607 -10475.657565 -4.964732 0.423142 -2.232125 0.423142 1.564699   1   1  -1 
2456454.832361 -13.930303 0.394912 -10475.281861 0.354619 -10476.516526 1.699221 -10474.053339 0.470699 0.354619 -1.228522 0.354619 1.564699   1   1  -1 
2456454.837894 -13.924770 0.395076 -10474.118452 0.355826 -10476.516526 1.699619 -10474.044017 1.625183 0.355826 -0.074435 0.355826 1.564699   1   1  -1 
2456467.823190 -0.939474 0.780486 -10478.702475 0.627828 -10476.516526 -0.144907 -10477.635101 -1.212281 0.627828 -1.067374 0.627828 1.564699   1   1  -1 
2456467.826929 -0.935735 0.780597 -10477.017285 0.556688 -10476.516526 -0.146202 -10477.635232 0.471745 0.556688 0.617947 0.556688 1.564699   1   1  -1 
2456467.830702 -0.931962 0.780709 -10477.517838 0.592918 -10476.516526 -0.147508 -10477.635339 -0.030008 0.592918 0.117501 0.592918 1.564699   1   1  -1 
2456473.860840 5.098176 0.959687 -10476.447652 0.525661 -10476.516526 -2.469872 -10476.191735 -2.725789 0.525661 -0.255917 0.525661 1.564699   1   1  -1 
2456473.864821 5.102157 0.959805 -10476.577531 0.508451 -10476.516526 -2.470992 -10476.193605 -2.854918 0.508451 -0.383926 0.508451 1.564699   1   1  -1 
2456473.868595 5.105931 0.959917 -10477.152422 0.549460 -10476.516526 -2.472052 -10476.195376 -3.429098 0.549460 -0.957046 0.549460 1.564699   1   1  -1 
2456480.776552 12.013888 0.164949 -10477.791088 0.498216 -10476.516526 -0.610486 -10476.977082 -1.424491 0.498216 -0.814006 0.498216 1.564699   1   1  -1 
2456480.782281 12.019617 0.165119 -10479.026503 0.462663 -10476.516526 -0.607301 -10476.977833 -2.655971 0.462663 -2.048670 0.462663 1.564699   1   1  -1 
2456481.631506 12.868842 0.190325 -10479.243238 0.620379 -10476.516526 -0.154580 -10477.014470 -2.383348 0.620379 -2.228768 0.620379 1.564699   1   1  -1 
2456481.637189 12.874525 0.190493 -10479.719427 0.629706 -10476.516526 -0.151698 -10477.013509 -2.857616 0.629706 -2.705918 0.629706 1.564699   1   1  -1 
2456501.599929 -0.854846 0.782998 -10471.824389 0.315832 -10476.516526 -0.174319 -10473.003226 1.004518 0.315832 1.178837 0.315832 1.564699   1   1  -1 
2456523.744316 -12.402571 0.440256 -10476.503679 0.283739 -10476.516526 1.762177 -10476.113153 1.371651 0.283739 -0.390526 0.283739 1.564699   1   1  -1 
2456524.691276 -11.455611 0.468362 -10475.914483 0.351566 -10476.516526 1.757807 -10476.604345 2.447668 0.351566 0.689862 0.351566 1.564699   1   1  -1 
2456524.696693 -11.450194 0.468523 -10476.491657 0.358347 -10476.516526 1.757693 -10476.605109 1.871146 0.358347 0.113452 0.358347 1.564699   1   1  -1 
2456525.743740 -10.403147 0.499600 -10476.578898 0.318867 -10476.516526 1.717835 -10475.815902 0.954839 0.318867 -0.762996 0.318867 1.564699   1   1  -1 
2456569.534062 -0.304936 0.799320 -10476.206904 0.538465 -10476.516526 -0.371055 -10474.676928 -1.901031 0.538465 -1.529976 0.538465 1.564699   1   1  -1 
2456585.564665 15.725667 0.275117 -10473.765867 0.427831 -10476.516526 0.994188 -10473.979291 1.207613 0.427831 0.213424 0.427831 1.564699   1   1  -1 
2456585.568473 15.729475 0.275230 -10475.180778 0.414412 -10476.516526 0.995316 -10473.977075 -0.208387 0.414412 -1.203703 0.414412 1.564699   1   1  -1 
2456585.572350 15.733352 0.275345 -10474.743998 0.423051 -10476.516526 0.996463 -10473.974824 0.227290 0.423051 -0.769174 0.423051 1.564699   1   1  -1 
2456586.547688 16.708690 0.304293 -10474.360620 0.464286 -10476.516526 1.252682 -10473.558493 0.450555 0.464286 -0.802127 0.464286 1.564699   1   1  -1 
2456586.551530 16.712532 0.304407 -10474.580572 0.496503 -10476.516526 1.253568 -10473.557315 0.230311 0.496503 -1.023257 0.496503 1.564699   1   1  -1 
2456586.555442 16.716444 0.304524 -10475.256026 0.515154 -10476.516526 1.254470 -10473.556119 -0.445438 0.515154 -1.699907 0.515154 1.564699   1   1  -1 
2456590.510961 -13.020148 0.421926 -10473.364197 0.683759 -10476.516526 1.747683 -10473.278551 1.662037 0.683759 -0.085646 0.683759 1.564699   1   1  -1 
2456590.514943 -13.016166 0.422044 -10471.788641 0.761395 -10476.516526 1.747823 -10473.279083 3.238265 0.761395 1.490442 0.761395 1.564699   1   1  -1 
2456590.518611 -13.012498 0.422153 -10472.177822 0.643858 -10476.516526 1.747951 -10473.279575 2.849703 0.643858 1.101753 0.643858 1.564699   1   1  -1 
2456765.917789 -6.073877 0.628095 -10478.736988 0.356105 -10476.516526 1.202444 -10476.457094 -1.077449 0.356105 -2.279894 0.356105 1.564699   1   1  -1 
2456765.923021 -6.068645 0.628250 -10479.356033 0.359343 -10476.516526 1.201490 -10476.459531 -1.695012 0.359343 -2.896502 0.359343 1.564699   1   1  -1 
2456789.854143 -15.829635 0.338538 -10471.510093 0.391560 -10476.516526 1.479159 -10472.430968 2.400034 0.391560 0.920875 0.391560 1.564699   1   1  -1 
2456789.859722 -15.824056 0.338704 -10471.639643 0.405092 -10476.516526 1.480070 -10472.429224 2.269651 0.405092 0.789581 0.405092 1.564699   1   1  -1 
2456806.890179 1.206401 0.844177 -10477.728101 0.424327 -10476.516526 -0.957395 -10476.482605 -2.202891 0.424327 -1.245496 0.424327 1.564699   1   1  -1 
2456829.893363 -9.482526 0.526924 -10474.769093 0.272363 -10476.516526 1.654456 -10473.277734 0.163097 0.272363 -1.491359 0.272363 1.564699   1   1  -1 
2456857.748704 -15.319296 0.353686 -10473.725387 0.458440 -10476.516526 1.555636 -10472.776516 0.606765 0.458440 -0.948871 0.458440 1.564699   1   1  -1 
2456857.754433 -15.313567 0.353856 -10473.163228 0.448012 -10476.516526 1.556418 -10472.775090 1.168280 0.448012 -0.388138 0.448012 1.564699   1   1  -1 
2456866.784629 -6.283371 0.621877 -10479.134302 0.372433 -10476.516526 1.239987 -10477.800143 -0.094173 0.372433 -1.334159 0.372433 1.564699   1   1  -1 
2456896.727940 -10.032172 0.510610 -10476.588857 0.526898 -10476.516526 1.695404 -10475.154788 0.261336 0.526898 -1.434069 0.526898 1.564699   1   1  -1 
2456896.733287 -10.026825 0.510769 -10476.057196 0.651138 -10476.516526 1.695050 -10475.150682 0.788536 0.651138 -0.906514 0.651138 1.564699   1   1  -1 
2457146.919889 4.314998 0.936442 -10475.918297 0.272209 -10476.516526 -2.217898 -10475.184871 -2.951324 0.272209 -0.733426 0.272209 1.564699   1   1  -1 
2457176.844500 0.547497 0.824621 -10464.313000 0.241278 -10462.467752 -0.694276 -10464.040309 -0.966967 0.241278 -0.272691 0.241278 1.564699   1   2  -1 
2457180.950532 4.653529 0.946490 -10468.297390 0.305748 -10462.467752 -2.333903 -10467.459175 -3.172118 0.305748 -0.838215 0.305748 1.564699   1   2  -1 
2457180.956053 4.659050 0.946654 -10469.641714 0.321155 -10462.467752 -2.335714 -10467.464335 -4.513093 0.321155 -2.177379 0.321155 1.564699   1   2  -1 
2457307.523708 -3.541740 0.703250 -10460.965808 0.284606 -10462.467752 0.643627 -10461.684758 1.362578 0.284606 0.718950 0.284606 1.564699   1   2  -1 
2457307.529113 -3.536335 0.703410 -10461.174528 0.295801 -10462.467752 0.642220 -10461.687586 1.155279 0.295801 0.513058 0.295801 1.564699   1   2  -1 
2457879.840329 -3.991013 0.689915 -10463.101417 0.420408 -10462.467752 0.757306 -10462.567639 0.223529 0.420408 -0.533778 0.420408 1.564699   1   2  -1 
2457968.637355 -16.270321 0.325459 -10461.424457 0.383012 -10462.467752 1.401788 -10462.435532 2.412864 0.383012 1.011075 0.383012 1.564699   1   2  -1 
2460042.883932 2.757462 0.890213 -10467.619651 0.097183 -10467.346514 -1.602654 -10467.468027 -1.754278 0.097183 -0.151624 0.097183 0.859739   0   0  -1 
2460042.889532 2.763062 0.890380 -10467.826807 0.098837 -10467.346514 -1.604991 -10467.459755 -1.972043 0.098837 -0.367052 0.098837 0.859739   0   0  -1 
2460043.870973 3.744503 0.919509 -10467.810891 0.115769 -10467.346514 -2.004209 -10466.489476 -3.325625 0.115769 -1.321415 0.115769 0.859739   0   0  -1 
2460043.876677 3.750207 0.919679 -10467.827764 0.107743 -10467.346514 -2.006435 -10466.486805 -3.347394 0.107743 -1.340959 0.107743 0.859739   0   0  -1 
2460044.793251 4.666781 0.946883 -10466.216747 0.119007 -10467.346514 -2.338244 -10466.397540 -2.157450 0.119007 0.180793 0.119007 0.859739   0   0  -1 
2460044.798982 4.672512 0.947053 -10466.355629 0.118254 -10467.346514 -2.340116 -10466.398687 -2.297058 0.118254 0.043058 0.118254 0.859739   0   0  -1 
2460045.773704 5.647234 0.975983 -10468.947680 0.263543 -10467.346514 -2.605147 -10466.774956 -4.777871 0.263543 -2.172724 0.263543 0.859739   0   0  -1 
2460045.779649 5.653179 0.976160 -10468.728031 0.178179 -10467.346514 -2.606383 -10466.778048 -4.556366 0.178179 -1.949983 0.178179 0.859739   0   0  -1 
2460046.786658 6.660188 0.006049 -10466.718679 0.108298 -10467.346514 -2.730305 -10467.357792 -2.091192 0.108298 0.639113 0.108298 0.859739   0   0  -1 
2460046.792204 6.665734 0.006213 -10467.571100 0.100449 -10467.346514 -2.730472 -10467.361114 -2.940458 0.100449 -0.209986 0.100449 0.859739   0   0  -1 
2460047.789500 7.663030 0.035813 -10468.079684 0.107918 -10467.346514 -2.657841 -10467.933789 -2.803736 0.107918 -0.145895 0.107918 0.859739   0   0  -1 
2460047.795047 7.668577 0.035978 -10468.412170 0.104000 -10467.346514 -2.656855 -10467.936743 -3.132282 0.104000 -0.475427 0.104000 0.859739   0   0  -1 
2460048.783364 8.656894 0.065312 -10468.577566 0.129590 -10467.346514 -2.382413 -10468.402226 -2.557753 0.129590 -0.175340 0.129590 0.859739   0   0  -1 
2460048.789012 8.662542 0.065479 -10468.027070 0.120793 -10467.346514 -2.380314 -10468.404514 -2.002871 0.120793 0.377444 0.120793 0.859739   0   0  -1 
2460049.801102 9.674632 0.095519 -10468.921797 0.111941 -10467.346514 -1.926817 -10468.747800 -2.100814 0.111941 -0.173997 0.111941 0.859739   0   0  -1 
2460049.806533 9.680063 0.095680 -10469.044553 0.118675 -10467.346514 -1.924035 -10468.749311 -2.219277 0.118675 -0.295242 0.118675 0.859739   0   0  -1 
2460050.776767 10.650297 0.124477 -10470.880979 0.110463 -10467.346514 -1.391539 -10468.976022 -3.296496 0.110463 -1.904957 0.110463 0.859739   0   0  -1 
2460050.782471 10.656001 0.124646 -10470.587932 0.106168 -10467.346514 -1.388269 -10468.977149 -2.999052 0.106168 -1.610783 0.106168 0.859739   0   0  -1 
2460068.823617 -4.994964 0.660117 -10467.442048 0.125458 -10467.346514 0.988394 -10467.678576 1.224922 0.125458 0.236528 0.125458 0.859739   0   0  -1 
2460068.829253 -4.989328 0.660285 -10468.177705 0.157911 -10467.346514 0.987184 -10467.687199 0.496678 0.157911 -0.490506 0.157911 0.859739   0   0  -1 
2460073.775251 -0.043330 0.807084 -10468.691416 0.136518 -10467.346514 -0.467976 -10467.892164 -1.267228 0.136518 -0.799252 0.136518 0.859739   0   0  -1 
2460073.780774 -0.037807 0.807248 -10468.532442 0.124641 -10467.346514 -0.470045 -10467.894028 -1.108459 0.124641 -0.638414 0.124641 0.859739   0   0  -1 
2460076.728213 2.909632 0.894730 -10468.677012 0.126723 -10467.346514 -1.666030 -10469.115334 -1.227708 0.126723 0.438322 0.126723 0.859739   0   0  -1 
2460076.733797 2.915216 0.894896 -10468.420636 0.121235 -10467.346514 -1.668350 -10469.117341 -0.971645 0.121235 0.696705 0.121235 0.859739   0   0  -1 
2460077.755001 3.936420 0.925206 -10469.796842 0.156253 -10467.346514 -2.078213 -10469.436136 -2.438919 0.156253 -0.360706 0.156253 0.859739   0   0  -1 
2460077.760768 3.942187 0.925377 -10469.832216 0.150546 -10467.346514 -2.080406 -10469.437647 -2.474976 0.150546 -0.394569 0.150546 0.859739   0   0  -1 
2460078.818364 4.999783 0.956767 -10470.121344 0.118065 -10467.346514 -2.441608 -10469.655126 -2.907825 0.118065 -0.466218 0.118065 0.859739   0   0  -1 
2460078.823976 5.005395 0.956933 -10470.631326 0.115757 -10467.346514 -2.443249 -10469.655957 -3.418619 0.115757 -0.975369 0.115757 0.859739   0   0  -1 
2460079.846559 6.027978 0.987284 -10469.784428 0.112864 -10467.346514 -2.673106 -10469.750057 -2.707476 0.112864 -0.034371 0.112864 0.859739   0   0  -1 
2460079.852048 6.033467 0.987447 -10469.613740 0.114319 -10467.346514 -2.673912 -10469.750264 -2.537389 0.114319 0.136524 0.114319 0.859739   0   0  -1 
2460080.730235 6.911654 0.013512 -10469.772583 0.121764 -10467.346514 -2.731687 -10469.747560 -2.756710 0.121764 -0.025023 0.121764 0.859739   0   0  -1 
2460080.735864 6.917283 0.013679 -10469.610615 0.112383 -10467.346514 -2.731572 -10469.747342 -2.594845 0.112383 0.136727 0.112383 0.859739   0   0  -1 
2460082.755256 8.936675 0.073616 -10469.121371 0.143393 -10467.346514 -2.272066 -10469.624723 -1.768714 0.143393 0.503352 0.143393 0.859739   0   0  -1 
2460082.760842 8.942261 0.073782 -10468.518798 0.129661 -10467.346514 -2.269735 -10469.624449 -1.164083 0.129661 1.105651 0.129661 0.859739   0   0  -1 
2460086.748603 12.930022 0.192141 -10463.771857 0.096592 -10467.346514 -0.123666 -10464.624932 0.729410 0.096592 0.853075 0.096592 0.859739   0   0  -1 
2460086.754324 12.935743 0.192310 -10464.310069 0.104158 -10467.346514 -0.120788 -10464.617969 0.187112 0.104158 0.307900 0.104158 0.859739   0   0  -1 
2460199.601214 -8.985812 0.541667 -10467.857782 0.194625 -10467.346514 1.609680 -10469.022731 2.774629 0.194625 1.164949 0.194625 0.859739   0   0  -1 
2460199.607025 -8.980001 0.541839 -10469.302924 0.190719 -10467.346514 1.609113 -10469.014209 1.320398 0.190719 -0.288715 0.190719 0.859739   0   0  -1 
2460201.515076 -7.071950 0.598471 -10466.554990 0.136306 -10467.346514 1.369774 -10466.801567 1.616351 0.136306 0.246577 0.136306 0.859739   0   0  -1 
2460201.520627 -7.066399 0.598636 -10466.389365 0.147106 -10467.346514 1.368924 -10466.798986 1.778544 0.147106 0.409621 0.147106 0.859739   0   0  -1 
2460202.533617 -6.053409 0.628702 -10465.659465 0.116368 -10467.346514 1.198707 -10466.562403 2.101645 0.116368 0.902938 0.116368 0.859739   0   0  -1 
2460202.539273 -6.047753 0.628870 -10465.508485 0.110234 -10467.346514 1.197672 -10466.562054 2.251241 0.110234 1.053569 0.110234 0.859739   0   0  -1 
2460203.571018 -5.016008 0.659493 -10465.844882 0.168626 -10467.346514 0.992905 -10466.595051 1.743074 0.168626 0.750169 0.168626 0.859739   0   0  -1 
2460203.577196 -5.009830 0.659676 -10465.648256 0.180164 -10467.346514 0.991582 -10466.595674 1.939000 0.180164 0.947418 0.180164 0.859739   0   0  -1 
2460204.530857 -4.056169 0.687981 -10467.427115 0.098515 -10467.346514 0.773260 -10466.726815 0.072960 0.098515 -0.700300 0.098515 0.859739   0   0  -1 
2460204.536387 -4.050639 0.688145 -10466.800940 0.104273 -10467.346514 0.771911 -10466.727740 0.698710 0.104273 -0.073200 0.104273 0.859739   0   0  -1 
2460205.516019 -3.071007 0.717221 -10468.149301 0.122140 -10467.346514 0.517550 -10466.914940 -0.716811 0.122140 -1.234361 0.122140 0.859739   0   0  -1 
2460205.521490 -3.065536 0.717384 -10467.759986 0.108265 -10467.346514 0.516042 -10466.916114 -0.327830 0.108265 -0.843872 0.108265 0.859739   0   0  -1 
2460206.534104 -2.052922 0.747439 -10467.984215 0.123507 -10467.346514 0.219995 -10467.161946 -0.602274 0.123507 -0.822269 0.123507 0.859739   0   0  -1 
2460206.539634 -2.047392 0.747603 -10467.395836 0.112931 -10467.346514 0.218285 -10467.163465 -0.014086 0.112931 -0.232371 0.112931 0.859739   0   0  -1 
2460208.612713 0.025687 0.809133 -10467.863703 0.119086 -10467.346514 -0.493892 -10467.942726 -0.414868 0.119086 0.079023 0.119086 0.859739   0   0  -1 
2460208.618030 0.031004 0.809291 -10468.124237 0.122661 -10467.346514 -0.495894 -10467.945425 -0.674706 0.122661 -0.178812 0.122661 0.859739   0   0  -1 
2460209.504007 0.916981 0.835587 -10468.350357 0.247406 -10467.346514 -0.840568 -10468.463520 -0.727404 0.247406 0.113163 0.247406 0.859739   0   0  -1 
2460209.509978 0.922952 0.835764 -10468.742438 0.220522 -10467.346514 -0.842959 -10468.467513 -1.117884 0.220522 -0.274925 0.220522 0.859739   0   0  -1 
2460210.587394 2.000368 0.867743 -10468.232795 0.137683 -10467.346514 -1.285493 -10469.313828 -0.204460 0.137683 1.081033 0.137683 0.859739   0   0  -1 
2460210.593026 2.006000 0.867910 -10467.916827 0.147704 -10467.346514 -1.287848 -10469.318938 0.114262 0.147704 1.402111 0.147704 0.859739   0   0  -1 
2460211.516295 2.929269 0.895313 -10469.090653 0.190231 -10467.346514 -1.674185 -10470.244220 -0.520618 0.190231 1.153567 0.190231 0.859739   0   0  -1 
2460211.522268 2.935242 0.895490 -10468.782398 0.153085 -10467.346514 -1.676664 -10470.250648 -0.208415 0.153085 1.468250 0.153085 0.859739   0   0  -1 
