# time model 
2455007.429878 -0.000001 
2455009.114360 0.000002 
2455010.798842 0.000005 
2455012.483324 0.000005 
2455014.167806 0.000003 
2455015.852288 0.000003 
2455017.536770 0.000005 
2455019.221252 0.000005 
2455020.905734 0.000004 
2455022.590216 -0.000001 
2455024.274698 -0.000012 
2455025.959180 -0.000019 
2455027.643662 -0.000013 
2455029.328144 -0.000001 
2455031.012626 0.000012 
2455032.697108 0.000018 
2455034.381590 0.000013 
2455036.066072 0.000010 
2455037.750554 0.000017 
2455039.435036 0.000020 
2455041.119518 0.000015 
2455042.804000 0.000004 
2455044.488481 -0.000025 
2455046.172963 -0.000053 
2455047.857445 -0.000049 
2455049.541927 -0.000019 
2455051.226409 0.000012 
2455052.910891 0.000035 
2455054.595373 0.000031 
2455056.279855 0.000019 
2455057.964337 0.000030 
2455059.648819 0.000042 
2455061.333301 0.000033 
2455063.017783 0.000016 
2455064.702265 -0.000031 
2455066.386747 -0.000101 
2455068.071229 -0.000117 
2455069.755711 -0.000067 
2455071.440193 -0.000007 
2455073.124675 0.000040 
2455074.809157 0.000049 
2455076.493639 0.000023 
2455078.178121 0.000031 
2455079.862603 0.000059 
2455081.547085 0.000049 
2455083.231567 0.000027 
2455084.916049 -0.000020 
2455086.600531 -0.000135 
2455088.285013 -0.000203 
2455089.969495 -0.000145 
2455091.653977 -0.000055 
2455093.338459 0.000011 
2455095.022941 0.000043 
2455096.707423 0.000012 
2455098.391905 0.000001 
2455100.076387 0.000044 
2455101.760869 0.000042 
2455103.445351 0.000016 
2455105.129833 -0.000002 
2455106.814315 -0.000119 
2455108.498797 -0.000250 
2455110.183279 -0.000215 
2455111.867761 -0.000110 
2455113.552243 -0.000053 
2455115.236725 -0.000014 
2455116.921207 -0.000029 
2455118.605689 -0.000065 
2455120.290171 -0.000030 
2455121.974653 -0.000016 
2455123.659135 -0.000042 
2455125.343617 -0.000013 
2455127.028099 -0.000052 
2455128.712581 -0.000196 
2455130.397063 -0.000209 
2455132.081545 -0.000114 
2455133.766027 -0.000100 
2455135.450509 -0.000108 
2455137.134991 -0.000105 
2455138.819473 -0.000143 
2455140.503955 -0.000144 
2455142.188437 -0.000127 
2455143.872919 -0.000143 
2455145.557401 -0.000074 
2455147.241883 0.000005 
2455148.926365 -0.000063 
2455150.610847 -0.000100 
2455152.295329 -0.000026 
2455153.979811 -0.000044 
2455155.664293 -0.000124 
2455157.348775 -0.000137 
2455159.033257 -0.000162 
2455160.717739 -0.000198 
2455162.402220 -0.000194 
2455164.086702 -0.000192 
2455165.771184 -0.000115 
2455167.455666 0.000009 
2455169.140148 -0.000021 
2455170.824630 -0.000085 
2455172.509112 0.000009 
2455174.193594 0.000090 
2455175.878076 0.000089 
2455177.562558 0.000112 
2455179.247040 0.000062 
2455180.931522 -0.000030 
2455182.616004 0.000006 
2455184.300486 0.000066 
2455185.984968 0.000100 
2455187.669450 0.000088 
2455189.353932 -0.000249 
2455191.038414 -0.000694 
2455192.722896 -0.000616 
2455194.407378 -0.000104 
2455196.091860 0.000458 
2455197.776342 0.000914 
2455199.460824 0.000881 
2455201.145306 0.000542 
2455202.829788 0.000681 
2455204.514270 0.001015 
2455206.198752 0.000958 
2455207.883234 0.000601 
2455209.567716 -0.000584 
2455211.252198 -0.002475 
2455212.936680 -0.003061 
2455214.621162 -0.001702 
2455216.305644 0.000302 
2455217.990126 0.002111 
2455219.674608 0.002618 
2455221.359090 0.001694 
2455223.043572 0.001710 
2455224.728054 0.002820 
2455226.412536 0.002809 
2455228.097018 0.001881 
2455229.781500 -0.000370 
2455231.465982 -0.005146 
2455233.150464 -0.008366 
2455234.834946 -0.006317 
2455236.519428 -0.001766 
2455238.203910 0.002544 
2455239.888392 0.004831 
2455241.572874 0.003412 
2455243.257356 0.002419 
2455244.941838 0.004697 
2455246.626320 0.005421 
2455248.310802 0.003678 
2455249.995284 0.000882 
2455251.679766 -0.006976 
2455253.364248 -0.015710 
2455255.048730 -0.014858 
2455256.733212 -0.007087 
2455258.417694 0.000319 
2455260.102176 0.005452 
2455261.786658 0.004793 
2455263.471140 0.001766 
2455265.155622 0.004470 
2455266.840104 0.007075 
2455268.524586 0.004598 
2455270.209068 0.002158 
2455271.893550 -0.005899 
2455273.578032 -0.020971 
2455275.262514 -0.025009 
2455276.946996 -0.015052 
2455278.631478 -0.005273 
2455280.315960 0.001506 
2455282.000441 0.003202 
2455283.684923 -0.001342 
2455285.369405 -0.000405 
2455287.053887 0.004287 
2455288.738369 0.002004 
2455290.422851 0.000424 
2455292.107333 -0.002472 
2455293.791815 -0.018624 
2455295.476297 -0.029674 
2455297.160779 -0.020925 
2455298.845261 -0.010961 
2455300.529743 -0.007079 
2455302.214225 -0.004300 
2455303.898707 -0.007714 
2455305.583189 -0.010104 
2455307.267671 -0.005710 
2455308.952153 -0.006643 
2455310.636635 -0.007210 
2455312.321117 -0.001229 
2455314.005599 -0.008143 
2455315.690081 -0.021586 
2455317.374563 -0.017139 
2455319.059045 -0.009343 
2455320.743527 -0.012922 
2455322.428009 -0.014635 
2455324.112491 -0.015493 
2455325.796973 -0.019701 
2455327.481455 -0.019031 
2455329.165937 -0.018955 
2455330.850419 -0.018139 
2455332.534901 -0.005360 
2455334.219383 0.001525 
2455335.903865 -0.006546 
2455337.588347 -0.004993 
2455339.272829 0.002543 
2455340.957311 -0.004096 
2455342.641793 -0.011431 
2455344.326275 -0.012178 
2455346.010757 -0.017344 
2455347.695239 -0.020570 
2455349.379721 -0.019170 
2455351.064203 -0.016744 
2455352.748685 -0.005046 
2455354.433167 0.001249 
2455356.117649 -0.013673 
2455357.802131 -0.018757 
2455359.486613 0.000065 
2455361.171095 0.016238 
2455362.855577 0.027924 
2455364.540059 0.034140 
2455366.224541 0.019754 
2455367.909023 0.011008 
2455369.593505 0.024552 
2455371.277987 0.032144 
2455372.962469 0.030735 
2455374.646951 0.005105 
2455376.331433 -0.076754 
2455378.015915 -0.141011 
2455379.700397 -0.102647 
2455381.384879 -0.005584 
2455383.069361 0.096129 
2455384.753843 0.160441 
2455386.438325 0.129915 
2455388.122807 0.089271 
2455389.807289 0.137786 
2455391.491771 0.176433 
2455393.176253 0.146225 
2455394.860735 0.060275 
2455396.545217 -0.179142 
2455398.229699 -0.459400 
2455399.914181 -0.461363 
2455401.598662 -0.202631 
2455403.283144 0.105864 
2455404.967626 0.345901 
2455406.652108 0.345585 
2455408.336590 0.209776 
2455410.021072 0.287834 
2455411.705554 0.430026 
2455413.390036 0.366802 
2455415.074518 0.205529 
2455416.759000 -0.219173 
2455418.443482 -0.939304 
2455420.127964 -1.210585 
2455421.812446 -0.757962 
2455423.496928 -0.112879 
2455425.181410 0.433502 
2455426.865892 0.606583 
2455428.550374 0.339909 
2455430.234856 0.345697 
2455431.919338 0.677301 
2455433.603820 0.635318 
2455435.288302 0.382841 
2455436.972784 -0.095301 
2455438.657266 -1.312849 
2455440.341748 -2.231808 
2455442.026230 -1.745035 
2455443.710712 -0.694207 
2455445.395194 0.166121 
2455447.079676 0.650492 
2455448.764158 0.368233 
2455450.448640 0.129368 
2455452.133122 0.611937 
2455453.817604 0.724811 
2455455.502086 0.373785 
2455457.186568 0.090221 
2455458.871050 -1.209460 
2455460.555532 -2.948852 
2455462.240014 -2.836322 
2455463.924496 -1.491626 
2455465.608978 -0.538588 
2455467.293460 0.099087 
2455468.977942 0.034293 
2455470.662424 -0.476143 
2455472.346906 -0.110944 
2455474.031388 0.236351 
2455475.715870 -0.144496 
2455477.400352 -0.060124 
2455479.084834 -0.596818 
2455480.769316 -2.579714 
2455482.453798 -3.166735 
2455484.138280 -1.880817 
2455485.822762 -1.203676 
2455487.507244 -1.029417 
2455489.191726 -0.894769 
2455490.876208 -1.390818 
2455492.560690 -1.442090 
2455494.245172 -1.059943 
2455495.929654 -1.327088 
2455497.614136 -0.898741 
2455499.298618 -0.067524 
2455500.983100 -1.061775 
2455502.667582 -1.991787 
2455504.352064 -1.074961 
2455506.036546 -0.838704 
2455507.721028 -1.690029 
2455509.405510 -1.889160 
2455511.089992 -2.124573 
2455512.774474 -2.552285 
2455514.458956 -2.495313 
2455516.143438 -2.611330 
2455517.827920 -2.026054 
2455519.512402 -0.185727 
2455521.196883 0.474982 
2455522.881365 0.067015 
2455524.565847 0.701886 
2455526.250329 0.765561 
2455527.934811 -0.819234 
2455529.619293 -1.829676 
2455531.303775 -2.040401 
2455532.988257 -2.534711 
2455534.672739 -2.853117 
2455536.357221 -2.955334 
2455538.041703 -2.479863 
2455539.726185 -0.647179 
2455541.410667 0.966077 
2455543.095149 1.337498 
2455544.779631 1.862082 
2455546.464113 2.016547 
2455548.148595 0.550019 
2455549.833077 -0.929508 
2455551.517559 -1.360233 
2455553.202041 -1.729586 
2455554.886523 -2.166629 
2455556.571005 -2.328320 
2455558.255487 -2.054240 
2455559.939969 -0.848593 
2455561.624451 0.627818 
2455563.308933 1.342098 
2455564.993415 1.816616 
2455566.677897 2.072406 
2455568.362379 1.215626 
2455570.046861 -0.037310 
2455571.731343 -0.600090 
2455573.415825 -0.876834 
2455575.100307 -1.217088 
2455576.784789 -1.370418 
2455578.469271 -1.207625 
2455580.153753 -0.591853 
2455581.838235 0.204853 
2455583.522717 0.687194 
2455585.207199 1.051505 
2455586.891681 1.330507 
2455588.576163 1.017160 
2455590.260645 0.349363 
2455591.945127 -0.080252 
2455593.629609 -0.346676 
2455595.314091 -0.579132 
2455596.998573 -0.647081 
2455598.683055 -0.483521 
2455600.367537 -0.142011 
2455602.052019 0.045400 
2455603.736501 -0.026977 
2455605.420983 0.102900 
2455607.105465 0.397700 
2455608.789947 0.373717 
2455610.474429 0.203858 
2455612.158911 0.091016 
2455613.843393 -0.172777 
2455615.527875 -0.414622 
2455617.212357 -0.405740 
2455618.896839 -0.213198 
2455620.581321 0.091608 
2455622.265803 0.038133 
2455623.950285 -0.545333 
2455625.634767 -0.753686 
2455627.319249 -0.394520 
2455629.003731 -0.274209 
2455630.688213 -0.255809 
2455632.372695 -0.072865 
2455634.057177 -0.257818 
2455635.741659 -0.609124 
2455637.426141 -0.606009 
2455639.110623 -0.451042 
2455640.795104 -0.194193 
2455642.479586 -0.165978 
2455644.164068 -0.889253 
2455645.848550 -1.384085 
2455647.533032 -0.936568 
2455649.217514 -0.659673 
2455650.901996 -0.747361 
2455652.586478 -0.500378 
2455654.270960 -0.500693 
2455655.955442 -0.909713 
2455657.639924 -0.992766 
2455659.324406 -0.966646 
2455661.008888 -0.969265 
2455662.693370 -0.847009 
2455664.377852 -1.227406 
2455666.062334 -1.667730 
2455667.746816 -1.138967 
2455669.431298 -0.668591 
2455671.115780 -0.989181 
2455672.800262 -1.019749 
2455674.484744 -0.807428 
2455676.169226 -1.006993 
2455677.853708 -1.143340 
2455679.538190 -1.284900 
2455681.222672 -1.685246 
2455682.907154 -1.733314 
2455684.591636 -1.602649 
2455686.276118 -1.559949 
2455687.960600 -0.939496 
2455689.645082 -0.348965 
2455691.329564 -0.810654 
2455693.014046 -1.315856 
2455694.698528 -1.064747 
2455696.383010 -0.791248 
2455698.067492 -0.778001 
2455699.751974 -1.037758 
2455701.436456 -1.711954 
2455703.120938 -2.098678 
2455704.805420 -1.776005 
2455706.489902 -1.232444 
2455708.174384 -0.554909 
2455709.858866 -0.009173 
2455711.543348 -0.374476 
2455713.227830 -1.160760 
2455714.912312 -1.196684 
2455716.596794 -0.630869 
2455718.281276 -0.271779 
2455719.965758 -0.486432 
2455721.650240 -1.234443 
2455723.334722 -1.861465 
2455725.019204 -1.673472 
2455726.703686 -0.959842 
2455728.388168 -0.366087 
2455730.072650 -0.081265 
2455731.757132 -0.238019 
2455733.441614 -0.814669 
2455735.126096 -1.151395 
2455736.810578 -0.731961 
2455738.495060 -0.063517 
2455740.179542 -0.005810 
2455741.864024 -0.683979 
2455743.548506 -1.411898 
2455745.232988 -1.444836 
2455746.917470 -0.863127 
2455748.601952 -0.467654 
2455750.286434 -0.542487 
2455751.970916 -0.675503 
2455753.655398 -0.851946 
2455755.339880 -1.153134 
2455757.024362 -0.952329 
2455758.708843 -0.094334 
2455760.393325 0.382648 
2455762.077807 -0.132843 
2455763.762289 -0.953672 
2455765.446771 -1.232148 
2455767.131253 -0.932677 
2455768.815735 -0.662137 
2455770.500217 -0.767935 
2455772.184699 -0.936233 
2455773.869181 -1.072872 
2455775.553663 -1.437619 
2455777.238145 -1.491345 
2455778.922627 -0.569641 
2455780.607109 0.433878 
2455782.291591 0.316617 
2455783.976073 -0.468907 
2455785.660555 -0.938802 
2455787.345037 -1.011278 
2455789.029519 -0.863728 
2455790.714001 -0.556710 
2455792.398483 -0.403088 
2455794.082965 -0.792748 
2455795.767447 -1.752211 
2455797.451929 -2.426797 
2455799.136411 -1.688708 
2455800.820893 -0.167638 
2455802.505375 0.385966 
2455804.189857 -0.019233 
2455805.874339 -0.382217 
2455807.558821 -0.772221 
2455809.243303 -1.028682 
2455810.927785 -0.488874 
2455812.612267 0.155432 
2455814.296749 -0.296282 
2455815.981231 -1.731577 
2455817.665713 -2.890808 
2455819.350195 -2.441494 
2455821.034677 -0.778917 
2455822.719159 0.208297 
2455824.403641 0.258285 
2455826.088123 0.293100 
2455827.772605 -0.163281 
2455829.457087 -1.053330 
2455831.141569 -0.886115 
2455832.826051 -0.017139 
2455834.510533 -0.207248 
2455836.195015 -1.488192 
2455837.879497 -2.503160 
2455839.563979 -2.144742 
2455841.248461 -0.715145 
2455842.932943 0.203487 
2455844.617425 0.385215 
2455846.301907 0.727918 
2455847.986389 0.398352 
2455849.670871 -1.023108 
2455851.355353 -1.534552 
2455853.039835 -0.654767 
2455854.724317 -0.336555 
2455856.408799 -1.163216 
2455858.093281 -1.957599 
2455859.777763 -1.724527 
2455861.462245 -0.598456 
2455863.146727 0.182558 
2455864.831209 0.336306 
2455866.515691 0.722585 
2455868.200173 0.566014 
2455869.884655 -0.981452 
2455871.569137 -2.024809 
2455873.253619 -1.312445 
2455874.938101 -0.502720 
2455876.622583 -0.799425 
2455878.307064 -1.489854 
2455879.991546 -1.554536 
2455881.676028 -0.778068 
2455883.360510 -0.044094 
2455885.044992 0.147322 
2455886.729474 0.444682 
2455888.413956 0.463462 
2455890.098438 -0.739893 
2455891.782920 -1.917848 
2455893.467402 -1.563936 
2455895.151884 -0.625802 
2455896.836366 -0.471293 
2455898.520848 -0.965424 
2455900.205330 -1.277541 
2455901.889812 -0.917778 
2455903.574294 -0.319847 
2455905.258776 -0.059870 
2455906.943258 0.165460 
2455908.627740 0.302099 
2455910.312222 -0.377597 
2455911.996704 -1.326091 
2455913.681186 -1.314490 
2455915.365668 -0.612915 
2455917.050150 -0.257198 
2455918.734632 -0.482737 
2455920.419114 -0.840492 
2455922.103596 -0.833625 
2455923.788078 -0.510927 
2455925.472560 -0.267086 
2455927.157042 -0.034069 
2455928.841524 0.205217 
2455930.526006 -0.044689 
2455932.210488 -0.644710 
2455933.894970 -0.804585 
2455935.579452 -0.453299 
2455937.263934 -0.145280 
2455938.948416 -0.171142 
2455940.632898 -0.434858 
2455942.317380 -0.630360 
2455944.001862 -0.630225 
2455945.686344 -0.547794 
2455947.370826 -0.267424 
2455949.055308 0.178814 
2455950.739790 0.256187 
2455952.424272 -0.099447 
2455954.108754 -0.319120 
2455955.793236 -0.238626 
2455957.477718 -0.092767 
2455959.162200 -0.036705 
2455960.846682 -0.181473 
2455962.531164 -0.457272 
2455964.215646 -0.732923 
2455965.900128 -0.941409 
2455967.584610 -0.697296 
2455969.269092 0.075445 
2455970.953574 0.527839 
2455972.638056 0.280157 
2455974.322538 -0.023105 
2455976.007020 -0.091758 
2455977.691502 -0.092313 
2455979.375984 -0.037039 
2455981.060466 -0.091743 
2455982.744948 -0.380484 
2455984.429430 -0.816449 
2455986.113912 -1.332638 
2455987.798394 -1.314154 
2455989.482876 -0.288989 
2455991.167358 0.631316 
2455992.851840 0.472490 
2455994.536322 0.009357 
2455996.220804 -0.122600 
2455997.905285 -0.167847 
2455999.589767 -0.140463 
2456001.274249 -0.146819 
2456002.958731 -0.412317 
2456004.643213 -0.838428 
2456006.327695 -1.459617 
2456008.012177 -1.768829 
2456009.696659 -0.852961 
2456011.381141 0.364420 
2456013.065623 0.335643 
2456014.750105 -0.281627 
2456016.434587 -0.414152 
2456018.119069 -0.348983 
2456019.803551 -0.304781 
2456021.488033 -0.315262 
2456023.172515 -0.564261 
2456024.856997 -0.822863 
2456026.541479 -1.147427 
2456028.225961 -1.537455 
2456029.910443 -1.122520 
2456031.594925 -0.203085 
2456033.279407 -0.242279 
2456034.963889 -0.885178 
2456036.648371 -0.926713 
2456038.332853 -0.611449 
2456040.017335 -0.439703 
2456041.701817 -0.487786 
2456043.386299 -0.797248 
2456045.070781 -0.896273 
2456046.755263 -0.636399 
2456048.439745 -0.586797 
2456050.124227 -0.622659 
2456051.808709 -0.532998 
2456053.493191 -0.871894 
2456055.177673 -1.396224 
2456056.862155 -1.272548 
2456058.546637 -0.732651 
2456060.231119 -0.392749 
2456061.915601 -0.462854 
2456063.600083 -0.917787 
2456065.284565 -1.101534 
2456066.969047 -0.470202 
2456068.653529 0.277754 
2456070.338011 0.336198 
2456072.022493 -0.157294 
2456073.706975 -0.776070 
2456075.391457 -1.128570 
2456077.075939 -0.937429 
2456078.760421 -0.433938 
2456080.444903 -0.076173 
2456082.129385 -0.140243 
2456083.813867 -0.677447 
2456085.498349 -1.161966 
2456087.182831 -0.773253 
2456088.867313 0.292132 
2456090.551795 0.849619 
2456092.236277 0.477747 
2456093.920759 -0.055820 
2456095.605241 -0.198495 
2456097.289723 -0.091888 
2456098.974205 0.108502 
2456100.658687 0.309786 
2456102.343169 0.293074 
2456104.027651 -0.107657 
2456105.712133 -0.792323 
2456107.396615 -1.136329 
2456109.081097 -0.566487 
2456110.765579 0.292624 
2456112.450061 0.543773 
2456114.134543 0.566259 
2456115.819025 0.810967 
2456117.503506 0.793309 
2456119.187988 0.488698 
2456120.872470 0.433914 
2456122.556952 0.551081 
2456124.241434 0.451681 
2456125.925916 -0.124036 
2456127.610398 -1.077885 
2456129.294880 -1.497888 
2456130.979362 -0.930686 
2456132.663844 -0.178717 
2456134.348326 0.526261 
2456136.032808 1.388867 
2456137.717290 1.470490 
2456139.401772 0.557877 
2456141.086254 0.109542 
2456142.770736 0.486690 
2456144.455218 0.720116 
2456146.139700 0.395559 
2456147.824182 -0.541612 
2456149.508664 -1.592548 
2456151.193146 -1.713928 
2456152.877628 -1.068820 
2456154.562110 -0.190452 
2456156.246592 1.124971 
2456157.931074 1.704730 
2456159.615556 0.469201 
2456161.300038 -0.499945 
2456162.984520 0.193750 
2456164.669002 0.747074 
2456166.353484 0.397741 
2456168.037966 -0.047394 
2456169.722448 -0.669355 
2456171.406930 -1.221641 
2456173.091412 -1.218940 
2456174.775894 -0.834063 
2456176.460376 0.368059 
2456178.144858 1.561068 
2456179.829340 0.598112 
2456181.513822 -0.845274 
2456183.198304 -0.015075 
2456184.882786 0.884358 
2456186.567268 0.048173 
2456188.251750 -0.253806 
2456189.936232 0.361300 
2456191.620714 0.248106 
2456193.305196 -0.312055 
2456194.989678 -0.479175 
2456196.674160 0.368350 
2456198.358642 1.842788 
2456200.043124 1.445468 
2456201.727606 -0.324480 
2456203.412088 0.092654 
2456205.096570 1.223233 
2456206.781052 -0.059084 
2456208.465534 -1.009013 
2456210.150016 0.448927 
2456211.834498 1.505369 
2456213.518980 1.060794 
2456215.203462 0.704549 
2456216.887944 1.343818 
2456218.572426 2.683355 
2456220.256908 2.680914 
2456221.941390 0.824595 
2456223.625872 0.328367 
2456225.310354 1.280228 
2456226.994836 0.243233 
2456228.679318 -1.322031 
2456230.363800 -0.169555 
2456232.048282 1.652605 
2456233.732764 1.782406 
2456235.417245 1.475741 
2456237.101727 1.959623 
2456238.786209 2.973690 
2456240.470691 3.163130 
2456242.155173 1.679796 
2456243.839655 0.555619 
2456245.524137 0.959681 
2456247.208619 0.502393 
2456248.893101 -0.961687 
2456250.577583 -0.638185 
2456252.262065 0.994615 
2456253.946547 1.578253 
2456255.631029 1.432404 
2456257.315511 1.739523 
2456258.999993 2.417979 
2456260.684475 2.656030 
2456262.368957 1.777192 
2456264.053439 0.676752 
2456265.737921 0.573872 
2456267.422403 0.469678 
2456269.106885 -0.419238 
2456270.791367 -0.610610 
2456272.475849 0.326159 
2456274.160331 0.952823 
2456275.844813 0.966223 
2456277.529295 1.123456 
2456279.213777 1.515891 
2456280.898259 1.702574 
2456282.582741 1.306583 
2456284.267223 0.610748 
2456285.951705 0.345105 
2456287.636187 0.323912 
2456289.320669 -0.048539 
2456291.005151 -0.300592 
2456292.689633 0.047639 
2456294.374115 0.435773 
2456296.058597 0.500018 
2456297.743079 0.557254 
2456299.427561 0.733514 
2456301.112043 0.826301 
2456302.796525 0.680976 
2456304.481007 0.414746 
2456306.165489 0.321888 
2456307.849971 0.344758 
2456309.534453 0.196290 
2456311.218935 0.036816 
2456312.903417 0.130256 
2456314.587899 0.275964 
2456316.272381 0.273022 
2456317.956863 0.240175 
2456319.641345 0.259762 
2456321.325827 0.248020 
2456323.010309 0.166697 
2456324.694791 0.198302 
2456326.379273 0.487131 
2456328.063755 0.708448 
2456329.748237 0.551844 
2456331.432719 0.350806 
2456333.117201 0.411591 
2456334.801683 0.476601 
2456336.486165 0.362260 
2456338.170647 0.208223 
2456339.855129 0.097950 
2456341.539611 -0.024337 
2456343.224093 -0.171459 
2456344.908575 -0.002447 
2456346.593057 0.774825 
2456348.277539 1.444278 
2456349.962021 1.204889 
2456351.646503 0.702377 
2456353.330985 0.747110 
2456355.015466 0.905512 
2456356.699948 0.719290 
2456358.384430 0.424773 
2456360.068912 0.204336 
2456361.753394 -0.024060 
2456363.437876 -0.331540 
2456365.122358 -0.210168 
2456366.806840 1.033115 
2456368.491322 2.378407 
2456370.175804 2.125802 
2456371.860286 1.084155 
2456373.544768 0.977717 
2456375.229250 1.325733 
2456376.913732 1.149497 
2456378.598214 0.756419 
2456380.282696 0.511557 
2456381.967178 0.250594 
2456383.651660 -0.254699 
2456385.336142 -0.393380 
2456387.020624 1.085946 
2456388.705106 3.114193 
2456390.389588 2.949181 
2456392.074070 1.286962 
2456393.758552 0.896780 
2456395.443034 1.427218 
2456397.127516 1.303561 
2456398.811998 0.902481 
2456400.496480 0.832973 
2456402.180962 0.761120 
2456403.865444 0.149863 
2456405.549926 -0.425408 
2456407.234408 0.870923 
2456408.918890 3.228001 
2456410.603372 3.093799 
2456412.287854 0.937236 
2456413.972336 0.360701 
2456415.656818 1.053731 
2456417.341300 0.902046 
2456419.025782 0.514207 
2456420.710264 0.835161 
2456422.394746 1.284133 
2456424.079228 0.831865 
2456425.763710 -0.227458 
2456427.448192 0.441114 
2456429.132674 2.622145 
2456430.817156 2.403614 
2456432.501638 0.051025 
2456434.186120 -0.351572 
2456435.870602 0.634256 
2456437.555084 0.337869 
2456439.239566 -0.223416 
2456440.924048 0.403633 
2456442.608530 1.491624 
2456444.293012 1.511196 
2456445.977494 0.161555 
2456447.661976 -0.026837 
2456449.346458 1.701398 
2456451.030940 1.571247 
2456452.715422 -0.636901 
2456454.399904 -0.695895 
2456456.084386 0.774582 
2456457.768868 0.489617 
2456459.453350 -0.451122 
2456461.137832 -0.020140 
2456462.822314 1.278071 
2456464.506796 1.836141 
2456466.191278 0.699541 
2456467.875760 -0.135080 
2456469.560242 0.997458 
2456471.244724 1.116400 
2456472.929206 -0.786687 
2456474.613687 -0.830749 
2456476.298169 1.000808 
2456477.982651 1.149441 
2456479.667133 0.077031 
2456481.351615 -0.003778 
2456483.036097 0.839284 
2456484.720579 1.530892 
2456486.405061 1.056319 
2456488.089543 0.247813 
2456489.774025 0.800795 
2456491.458507 1.076799 
2456493.142989 -0.377086 
2456494.827471 -0.753668 
2456496.511953 0.846137 
2456498.196435 1.496735 
2456499.880917 0.752311 
2456501.565399 0.316835 
2456503.249881 0.372162 
2456504.934363 0.581311 
2456506.618845 0.659984 
2456508.303327 0.570733 
2456509.987809 1.017120 
2456511.672291 1.320856 
2456513.356773 0.338621 
2456515.041255 -0.340657 
2456516.725737 0.557383 
2456518.410219 1.329737 
2456520.094701 1.021394 
2456521.779183 0.469072 
2456523.463665 -0.068759 
2456525.148147 -0.470374 
2456526.832629 -0.328167 
2456528.517111 0.302936 
2456530.201593 1.198132 
2456531.886075 1.677110 
2456533.570557 1.054770 
2456535.255039 0.265127 
2456536.939521 0.438722 
2456538.624003 0.929999 
2456540.308485 0.865626 
2456541.992967 0.347420 
2456543.677449 -0.317490 
2456545.361931 -0.833694 
2456547.046413 -0.912520 
2456548.730895 -0.329174 
2456550.415377 0.887712 
2456552.099859 1.805453 
2456553.784341 1.552256 
2456555.468823 0.797346 
2456557.153305 0.511156 
2456558.837787 0.601333 
2456560.522269 0.572217 
2456562.206751 0.129586 
2456563.891233 -0.441876 
2456565.575715 -0.599282 
2456567.260197 -0.639795 
2456568.944679 -0.701752 
2456570.629161 0.054142 
2456572.313643 1.280689 
2456573.998125 1.559716 
2456575.682607 1.012284 
2456577.367089 0.581027 
2456579.051571 0.412886 
2456580.736053 0.330314 
2456582.420535 -0.010605 
2456584.105017 -0.497668 
2456585.789499 -0.324102 
2456587.473981 0.012844 
2456589.158463 -0.495305 
2456590.842945 -0.736285 
2456592.527427 0.205272 
2456594.211908 0.974982 
2456595.896390 0.831753 
2456597.580872 0.494535 
2456599.265354 0.285473 
2456600.949836 0.173892 
2456602.634318 -0.037670 
2456604.318800 -0.427352 
2456606.003282 -0.240195 
2456607.687764 0.366297 
2456609.372246 -0.005544 
2456611.056728 -0.866964 
2456612.741210 -0.610172 
2456614.425692 0.227999 
2456616.110174 0.459011 
2456617.794656 0.304830 
2456619.479138 0.169685 
2456621.163620 0.084245 
2456622.848102 -0.018826 
2456624.532584 -0.266977 
2456626.217066 -0.212276 
2456627.901548 0.327222 
2456629.586030 0.297531 
2456631.270512 -0.507298 
2456632.954994 -0.769733 
2456634.639476 -0.241150 
2456636.323958 0.127173 
2456638.008440 0.125077 
2456639.692922 0.065423 
2456641.377404 0.026991 
2456643.061886 -0.008489 
2456644.746368 -0.121278 
2456646.430850 -0.142073 
2456648.115332 0.163105 
2456649.799814 0.298421 
2456651.484296 -0.145388 
2456653.168778 -0.517582 
2456654.853260 -0.335279 
2456656.537742 -0.045506 
2456658.222224 0.019692 
2456659.906706 -0.008208 
2456661.591188 -0.026691 
2456663.275670 -0.028527 
2456664.960152 -0.051653 
2456666.644634 -0.063913 
2456668.329116 0.065249 
2456670.013598 0.184768 
2456671.698080 0.024876 
2456673.382562 -0.215323 
2456675.067044 -0.209394 
2456676.751526 -0.062803 
2456678.436008 -0.002494 
2456680.120490 -0.040780 
2456681.804972 -0.091479 
2456683.489454 -0.094760 
2456685.173936 -0.072123 
2456686.858418 -0.040478 
2456688.542900 0.055409 
2456690.227382 0.149625 
2456691.911864 0.103200 
2456693.596346 -0.010804 
2456695.280828 -0.042029 
2456696.965310 0.004100 
2456698.649792 0.036917 
2456700.334274 -0.032105 
2456702.018756 -0.166673 
2456703.703238 -0.215809 
2456705.387720 -0.182944 
2456707.072202 -0.117899 
2456708.756684 0.068204 
2456710.441166 0.271072 
2456712.125647 0.267544 
2456713.810129 0.157456 
2456715.494611 0.104365 
2456717.179093 0.093325 
2456718.863575 0.106373 
2456720.548057 0.013994 
2456722.232539 -0.236647 
2456723.917021 -0.375320 
2456725.601503 -0.361911 
2456727.285985 -0.318119 
2456728.970467 0.008736 
2456730.654949 0.521821 
2456732.339431 0.637380 
2456734.023913 0.414836 
2456735.708395 0.266803 
2456737.392877 0.196583 
2456739.077359 0.182494 
2456740.761841 0.084085 
2456742.446323 -0.282375 
2456744.130805 -0.531141 
2456745.815287 -0.537435 
2456747.499769 -0.595931 
2456749.184251 -0.204230 
2456750.868733 0.781894 
2456752.553215 1.211860 
2456754.237697 0.826524 
2456755.922179 0.479533 
2456757.606661 0.336309 
2456759.291143 0.269378 
2456760.975625 0.155266 
2456762.660107 -0.306570 
2456764.344589 -0.653156 
2456766.029071 -0.620626 
2456767.713553 -0.808315 
2456769.398035 -0.546925 
2456771.082517 0.884330 
2456772.766999 1.827393 
2456774.451481 1.319407 
2456776.135963 0.680643 
2456777.820445 0.489279 
2456779.504927 0.396956 
2456781.189409 0.229488 
2456782.873891 -0.335244 
2456784.558373 -0.780557 
2456786.242855 -0.634149 
2456787.927337 -0.832150 
2456789.611819 -0.845055 
2456791.296301 0.756007 
2456792.980783 2.212302 
2456794.665265 1.673770 
2456796.349747 0.702689 
2456798.034229 0.530174 
2456799.718711 0.568023 
2456801.403193 0.362849 
2456803.087675 -0.361373 
2456804.772157 -0.979426 
2456806.456639 -0.732036 
2456808.141121 -0.757574 
2456809.825603 -1.014959 
2456811.510085 0.398139 
2456813.194567 2.142801 
2456814.879049 1.680420 
2456816.563531 0.428838 
2456818.248013 0.320267 
2456819.932495 0.702499 
2456821.616977 0.604264 
2456823.301459 -0.317755 
2456824.985941 -1.245584 
2456826.670423 -1.004409 
2456828.354905 -0.719820 
2456830.039387 -1.085423 
2456831.723868 -0.141027 
2456833.408350 1.615012 
2456835.092832 1.401707 
2456836.777314 0.057698 
2456838.461796 -0.035341 
2456840.146278 0.730377 
2456841.830760 0.910434 
2456843.515242 -0.130539 
2456845.199724 -1.490056 
2456846.884206 -1.414335 
2456848.568688 -0.616784 
2456850.253170 -0.713542 
2456851.937652 -0.400594 
2456853.622134 0.918376 
2456855.306616 1.055248 
2456856.991098 -0.000045 
2456858.675580 -0.116817 
2456860.360062 0.759342 
2456862.044544 1.184530 
2456863.729026 0.250227 
2456865.413508 -1.397804 
2456867.097990 -1.704486 
2456868.782472 -0.584465 
2456870.466954 -0.121859 
2456872.151436 -0.225699 
2456873.835918 0.343364 
2456875.520400 0.710989 
2456877.204882 0.337066 
2456878.889364 0.346811 
2456880.573846 0.977688 
2456882.258328 1.344119 
2456883.942810 0.668836 
2456885.627292 -0.854176 
2456887.311774 -1.541756 
2456888.996256 -0.639986 
2456890.680738 0.189002 
2456892.365220 0.082832 
2456894.049702 0.041691 
2456895.734184 0.346086 
2456897.418666 0.607922 
2456899.103148 0.934650 
2456900.787630 1.285536 
2456902.472112 1.364024 
2456904.156594 0.882529 
2456905.841076 -0.221002 
2456907.525558 -1.007068 
2456909.210040 -0.595846 
2456910.894522 0.173116 
2456912.579004 0.248358 
2456914.263486 -0.006862 
2456915.947968 0.064217 
2456917.632450 0.520715 
2456919.316932 1.079140 
2456921.001414 1.338857 
2456922.685896 1.208334 
2456924.370378 0.821681 
2456926.054860 0.154185 
2456927.739342 -0.454724 
2456929.423824 -0.408633 
2456931.108306 0.057673 
2456932.792788 0.224425 
2456934.477270 0.032319 
2456936.161752 -0.051601 
2456937.846234 0.266988 
2456939.530716 0.799063 
2456941.215198 1.062181 
2456942.899680 0.914888 
2456944.584162 0.608178 
2456946.268644 0.243050 
2456947.953126 -0.111902 
2456949.637608 -0.196161 
2456951.322089 -0.007971 
2456953.006571 0.120703 
2456954.691053 0.042075 
2456956.375535 -0.053266 
2456958.060017 0.083172 
2456959.744499 0.425111 
2456961.428981 0.648892 
2456963.113463 0.579070 
2456964.797945 0.377582 
2456966.482427 0.186027 
2456968.166909 0.017688 
2456969.851391 -0.060388 
2456971.535873 -0.017348 
2456973.220355 0.038383 
2456974.904837 0.017954 
2456976.589319 -0.029967 
2456978.273801 0.012575 
2456979.958283 0.169505 
2456981.642765 0.302370 
2456983.327247 0.293559 
2456985.011729 0.197000 
2456986.696211 0.105316 
2456988.380693 0.034013 
2456990.065175 -0.010705 
2456991.749657 -0.012963 
2456993.434139 0.001201 
2456995.118621 -0.004779 
2456996.803103 -0.018631 
2456998.487585 -0.000745 
2457000.172067 0.053572 
2457001.856549 0.102636 
2457003.541031 0.110009 
2457005.225513 0.083919 
2457006.909995 0.052075 
2457008.594477 0.022766 
2457010.278959 -0.003637 
2457011.963441 -0.014263 
2457013.647923 -0.009713 
2457015.332405 -0.010653 
2457017.016887 -0.014371 
2457018.701369 -0.003221 
2457020.385851 0.011241 
2457022.070333 0.016759 
2457023.754815 0.027148 
2457025.439297 0.041980 
2457027.123779 0.043279 
2457028.808261 0.027622 
2457030.492743 0.002849 
2457032.177225 -0.014223 
2457033.861707 -0.011269 
2457035.546189 -0.005969 
2457037.230671 -0.008666 
2457038.915153 -0.007871 
2457040.599635 -0.017786 
2457042.284117 -0.033790 
2457043.968599 0.000375 
2457045.653081 0.075542 
2457047.337563 0.109602 
2457049.022045 0.084298 
2457050.706527 0.038587 
2457052.391009 0.000431 
2457054.075491 -0.008576 
2457055.759973 -0.001219 
2457057.444455 -0.004714 
2457059.128937 -0.014938 
2457060.813419 -0.057422 
2457062.497901 -0.116483 
2457064.182383 -0.043835 
2457065.866865 0.172779 
2457067.551347 0.305859 
2457069.235829 0.257995 
2457070.920310 0.143691 
2457072.604792 0.044405 
2457074.289274 -0.004672 
2457075.973756 -0.006246 
2457077.658238 -0.014371 
2457079.342720 -0.032351 
2457081.027202 -0.104641 
2457082.711684 -0.252456 
2457084.396166 -0.182431 
2457086.080648 0.269351 
2457087.765130 0.660923 
2457089.449612 0.634135 
2457091.134094 0.384135 
2457092.818576 0.144032 
2457094.503058 -0.004146 
2457096.187540 -0.036884 
2457097.872022 -0.053420 
2457099.556504 -0.081360 
2457101.240986 -0.155023 
2457102.925468 -0.402423 
2457104.609950 -0.437232 
2457106.294432 0.247001 
2457107.978914 1.086724 
2457109.663396 1.229709 
2457111.347878 0.816075 
2457113.032360 0.335235 
2457114.716842 -0.004890 
2457116.401324 -0.115041 
2457118.085806 -0.139298 
2457119.770288 -0.185109 
2457121.454770 -0.225401 
2457123.139252 -0.495323 
2457124.823734 -0.711129 
2457126.508216 0.028738 
2457128.192698 1.347710 
2457129.877180 1.859971 
2457131.561662 1.377657 
2457133.246144 0.618911 
2457134.930626 0.005507 
2457136.615108 -0.249397 
2457138.299590 -0.282376 
2457139.984072 -0.344250 
2457141.668554 -0.344349 
2457143.353036 -0.499950 
2457145.037518 -0.822772 
2457146.722000 -0.284874 
2457148.406482 1.217266 
2457150.090964 2.134659 
2457151.775446 1.792419 
2457153.459928 0.888756 
2457155.144410 0.032933 
2457156.828892 -0.404441 
2457158.513374 -0.458167 
2457160.197856 -0.513511 
2457161.882338 -0.499756 
2457163.566820 -0.466374 
2457165.251302 -0.697612 
2457166.935784 -0.469920 
2457168.620266 0.748625 
2457170.304748 1.807443 
2457171.989230 1.751375 
2457173.673712 0.974701 
2457175.358194 0.075369 
2457177.042676 -0.484331 
2457178.727158 -0.575017 
2457180.411640 -0.600610 
2457182.096122 -0.602898 
2457183.780604 -0.449897 
2457185.465086 -0.471282 
2457187.149568 -0.429365 
2457188.834049 0.283795 
2457190.518531 1.144088 
2457192.203013 1.305004 
2457193.887495 0.831464 
2457195.571977 0.126999 
2457197.256459 -0.410553 
2457198.940941 -0.538513 
2457200.625423 -0.540710 
2457202.309905 -0.571776 
2457203.994387 -0.428876 
2457205.678869 -0.284017 
2457207.363351 -0.244654 
2457209.047833 0.061822 
2457210.732315 0.565550 
2457212.416797 0.762530 
2457214.101279 0.559218 
2457215.785761 0.144820 
2457217.470243 -0.246384 
2457219.154725 -0.380690 
2457220.839207 -0.384851 
2457222.523689 -0.452654 
2457224.208171 -0.402322 
2457225.892653 -0.187259 
2457227.577135 -0.033895 
2457229.261617 0.088158 
2457230.946099 0.276639 
2457232.630581 0.379893 
2457234.315063 0.307587 
2457235.999545 0.119786 
2457237.684027 -0.095019 
2457239.368509 -0.196731 
2457241.052991 -0.214176 
2457242.737473 -0.331633 
2457244.421955 -0.415377 
2457246.106437 -0.200477 
2457247.790919 0.134862 
2457249.475401 0.280371 
2457251.159883 0.274799 
2457252.844365 0.240712 
2457254.528847 0.176370 
2457256.213329 0.091780 
2457257.897811 0.003331 
2457259.582293 -0.052238 
2457261.266775 -0.073961 
2457262.951257 -0.235965 
2457264.635739 -0.480313 
2457266.320221 -0.338400 
2457268.004703 0.206503 
2457269.689185 0.547102 
2457271.373667 0.475907 
2457273.058149 0.303930 
2457274.742631 0.179141 
2457276.427113 0.096721 
2457278.111595 0.059542 
2457279.796077 0.036040 
2457281.480559 0.019168 
2457283.165041 -0.147460 
2457284.849523 -0.526960 
2457286.534005 -0.547851 
2457288.218487 0.127208 
2457289.902969 0.757959 
2457291.587451 0.754564 
2457293.271933 0.472425 
2457294.956415 0.263488 
2457296.640897 0.135681 
2457298.325379 0.091112 
2457300.009861 0.077626 
2457301.694343 0.062431 
2457303.378825 -0.061445 
2457305.063307 -0.464142 
2457306.747789 -0.672306 
2457308.432270 -0.070701 
2457310.116752 0.760312 
2457311.801234 0.924362 
2457313.485716 0.614243 
2457315.170198 0.342320 
2457316.854680 0.176244 
2457318.539162 0.102682 
2457320.223644 0.084489 
2457321.908126 0.065995 
2457323.592608 -0.001339 
2457325.277090 -0.298123 
2457326.961572 -0.591018 
2457328.646054 -0.241032 
2457330.330536 0.529388 
2457332.015018 0.839550 
2457333.699500 0.614122 
2457335.383982 0.345885 
2457337.068464 0.181724 
2457338.752946 0.095141 
2457340.437428 0.069388 
2457342.121910 0.050275 
2457343.806392 0.019239 
2457345.490874 -0.136936 
2457347.175356 -0.379989 
2457348.859838 -0.272530 
2457350.544320 0.242250 
2457352.228802 0.571969 
2457353.913284 0.477248 
2457355.597766 0.276250 
2457357.282248 0.147853 
2457358.966730 0.074455 
2457360.651212 0.046818 
2457362.335694 0.031325 
2457364.020176 0.015569 
2457365.704658 -0.045003 
2457367.389140 -0.182617 
2457369.073622 -0.193279 
2457370.758104 0.057383 
2457372.442586 0.294798 
2457374.127068 0.290777 
2457375.811550 0.177068 
2457377.496032 0.095819 
2457379.180514 0.048609 
2457380.864996 0.026813 
2457382.549478 0.016330 
2457384.233960 0.007254 
2457385.918442 -0.010835 
2457387.602924 -0.065882 
2457389.287406 -0.095538 
2457390.971888 -0.008585 
2457392.656370 0.112652 
2457394.340852 0.136667 
2457396.025334 0.089819 
2457397.709816 0.049033 
2457399.394298 0.025526 
2457401.078780 0.013015 
2457402.763262 0.007010 
2457404.447744 0.002180 
2457406.132226 -0.002520 
2457407.816708 -0.017927 
2457409.501190 -0.033758 
2457411.185672 -0.013717 
2457412.870154 0.030153 
2457414.554636 0.047831 
2457416.239118 0.034851 
2457417.923600 0.019380 
2457419.608082 0.010379 
2457421.292564 0.005217 
2457422.977046 0.002491 
2457424.661528 0.000403 
2457426.346010 -0.000895 
2457428.030491 -0.003975 
2457429.714973 -0.009322 
2457431.399455 -0.007175 
2457433.083937 0.004672 
2457434.768419 0.012906 
2457436.452901 0.011280 
2457438.137383 0.006702 
2457439.821865 0.003731 
2457441.506347 0.001952 
2457443.190829 0.000958 
2457444.875311 0.000265 
2457446.559793 -0.000123 
2457448.244275 -0.000818 
2457449.928757 -0.003414 
2457451.613239 -0.005111 
2457453.297721 -0.001300 
2457454.982203 0.004774 
2457456.666685 0.006580 
2457458.351167 0.004661 
2457460.035649 0.002704 
2457461.720131 0.001457 
2457463.404613 0.000807 
2457465.089095 0.000586 
2457466.773577 0.000438 
2457468.458059 0.000084 
2457470.142541 -0.002249 
2457471.827023 -0.005567 
2457473.511505 -0.003722 
2457475.195987 0.003466 
2457476.880469 0.007744 
2457478.564951 0.006355 
2457480.249433 0.003740 
2457481.933915 0.002023 
2457483.618397 0.001064 
2457485.302879 0.000815 
2457486.987361 0.000681 
2457488.671843 0.000436 
2457490.356325 -0.001330 
2457492.040807 -0.005039 
2457493.725289 -0.004983 
2457495.409771 0.001794 
2457497.094253 0.007735 
2457498.778735 0.007384 
2457500.463217 0.004495 
2457502.147699 0.002452 
2457503.832181 0.001249 
2457505.516663 0.000822 
2457507.201145 0.000661 
2457508.885627 0.000455 
2457510.570109 -0.000500 
2457512.254591 -0.003316 
2457513.939073 -0.004549 
2457515.623555 -0.000125 
2457517.308037 0.005557 
2457518.992519 0.006451 
2457520.677001 0.004192 
2457522.361483 0.002305 
2457524.045965 0.001185 
2457525.730447 0.000676 
2457527.414929 0.000502 
2457529.099411 0.000321 
2457530.783893 -0.000080 
2457532.468375 -0.001606 
2457534.152857 -0.003000 
2457535.837339 -0.001056 
2457537.521821 0.002868 
2457539.206303 0.004313 
2457540.890785 0.003090 
2457542.575267 0.001720 
2457544.259749 0.000904 
2457545.944231 0.000473 
2457547.628712 0.000315 
2457549.313194 0.000179 
2457550.997676 0.000020 
2457552.682158 -0.000579 
2457554.366640 -0.001457 
2457556.051122 -0.000957 
2457557.735604 0.001029 
2457559.420086 0.002218 
2457561.104568 0.001803 
2457562.789050 0.001030 
2457564.473532 0.000550 
2457566.158014 0.000282 
2457567.842496 0.000173 
2457569.526978 0.000089 
2457571.211460 0.000005 
2457572.895942 -0.000169 
2457574.580424 -0.000518 
2457576.264906 -0.000492 
2457577.949388 0.000233 
2457579.633870 0.000864 
2457581.318352 0.000814 
2457583.002834 0.000483 
2457584.687316 0.000257 
2457586.371798 0.000143 
2457588.056280 0.000117 
2457589.740762 0.000084 
2457591.425244 -0.000011 
2457593.109726 -0.000101 
2457594.794208 -0.000178 
2457596.478690 -0.000176 
2457598.163172 0.000021 
2457599.847654 0.000249 
2457601.532136 0.000272 
2457603.216618 0.000164 
2457604.901100 0.000076 
2457606.585582 0.000060 
2457608.270064 0.000153 
2457609.954546 0.000214 
2457611.639028 0.000045 
2457613.323510 -0.000196 
2457615.007992 -0.000249 
2457616.692474 -0.000170 
2457618.376956 -0.000070 
2457620.061438 0.000029 
2457621.745920 0.000060 
2457623.430402 0.000024 
2457625.114884 -0.000017 
2457626.799366 0.000005 
2457628.483848 0.000241 
2457630.168330 0.000512 
2457631.852812 0.000275 
2457633.537294 -0.000344 
2457635.221776 -0.000622 
2457636.906258 -0.000471 
2457638.590740 -0.000270 
2457640.275222 -0.000110 
2457641.959704 -0.000020 
2457643.644186 -0.000032 
2457645.328668 -0.000069 
2457647.013150 -0.000057 
2457648.697632 0.000294 
2457650.382114 0.000910 
2457652.066596 0.000769 
2457653.751078 -0.000381 
2457655.435560 -0.001199 
2457657.120042 -0.001044 
2457658.804524 -0.000611 
2457660.489006 -0.000289 
2457662.173488 -0.000089 
2457663.857970 -0.000068 
2457665.542451 -0.000111 
2457667.226933 -0.000127 
2457668.911415 0.000237 
2457670.595897 0.001195 
2457672.280379 0.001416 
2457673.964861 -0.000134 
2457675.649343 -0.001746 
2457677.333825 -0.001751 
2457679.018307 -0.000958 
2457680.702789 -0.000391 
2457682.387271 -0.000100 
2457684.071753 -0.000057 
2457685.756235 -0.000121 
2457687.440717 -0.000161 
2457689.125199 0.000098 
2457690.809681 0.001142 
2457692.494163 0.001825 
2457694.178645 0.000334 
2457695.863127 -0.001934 
2457697.547609 -0.002245 
2457699.232091 -0.001001 
2457700.916573 -0.000062 
2457702.601055 0.000208 
2457704.285537 0.000142 
2457705.970019 -0.000011 
2457707.654501 -0.000102 
2457709.338983 -0.000006 
2457711.023465 0.000764 
2457712.707947 0.001623 
2457714.392429 0.000637 
2457716.076911 -0.001674 
2457717.761393 -0.002197 
2457719.445875 -0.000436 
2457721.130357 0.001105 
2457722.814839 0.001253 
2457724.499321 0.000767 
2457726.183803 0.000329 
2457727.868285 0.000075 
2457729.552767 -0.000010 
2457731.237249 0.000353 
2457732.921731 0.001098 
2457734.606213 0.000749 
2457736.290695 -0.001194 
2457737.975177 -0.001962 
2457739.659659 0.000275 
2457741.344141 0.002872 
2457743.028623 0.003151 
2457744.713105 0.001968 
2457746.397587 0.000910 
2457748.082069 0.000278 
2457749.766551 -0.000088 
2457751.451033 0.000062 
2457753.135515 0.001392 
2457754.819997 0.002443 
2457756.504479 0.000244 
2457758.188961 -0.002903 
2457759.873443 -0.001475 
2457761.557925 0.002910 
2457763.242407 0.004544 
2457764.926889 0.003172 
2457766.611371 0.001397 
2457768.295853 0.000123 
2457769.980335 -0.000725 
2457771.664817 -0.000674 
2457773.349299 0.003351 
2457775.033781 0.009761 
2457776.718263 0.007125 
2457778.402745 -0.005487 
2457780.087227 -0.011249 
2457781.771709 -0.005025 
2457783.456191 0.001002 
2457785.140672 0.001908 
2457786.825154 0.000671 
2457788.509636 -0.001201 
2457790.194118 -0.002671 
2457791.878600 -0.003069 
2457793.563082 0.005591 
2457795.247564 0.026012 
2457796.932046 0.028765 
2457798.616528 -0.004407 
2457800.301010 -0.034814 
2457801.985492 -0.031427 
2457803.669974 -0.015622 
2457805.354456 -0.006864 
2457807.038938 -0.003587 
2457808.723420 -0.004699 
2457810.407902 -0.006746 
2457812.092384 -0.007995 
2457813.776866 0.004350 
2457815.461348 0.047864 
2457817.145830 0.073029 
2457818.830312 0.014483 
2457820.514794 -0.069829 
2457822.199276 -0.086106 
2457823.883758 -0.054383 
2457825.568240 -0.028219 
2457827.252722 -0.013848 
2457828.937204 -0.010546 
2457830.621686 -0.012935 
2457832.306168 -0.014813 
2457833.990650 -0.003031 
2457835.675132 0.063013 
2457837.359614 0.132376 
2457839.044096 0.065022 
2457840.728578 -0.097964 
2457842.413060 -0.165568 
2457844.097542 -0.116525 
2457845.782024 -0.059056 
2457847.466506 -0.026994 
2457849.150988 -0.015525 
2457850.835470 -0.018178 
2457852.519952 -0.020666 
2457854.204434 -0.013558 
2457855.888916 0.058663 
2457857.573398 0.176105 
2457859.257880 0.136917 
2457860.942362 -0.093492 
2457862.626844 -0.240746 
2457864.311326 -0.182615 
2457865.995808 -0.076879 
2457867.680290 -0.022663 
2457869.364772 -0.007302 
2457871.049254 -0.013545 
2457872.733736 -0.019702 
2457874.418218 -0.018732 
2457876.102700 0.036345 
2457877.787182 0.169124 
2457879.471664 0.182804 
2457881.156146 -0.054657 
2457882.840628 -0.268356 
2457884.525110 -0.210614 
2457886.209592 -0.039113 
2457887.894074 0.043948 
2457889.578556 0.043205 
2457891.263038 0.017005 
2457892.947520 -0.002885 
2457894.632002 -0.011061 
2457896.316484 0.014283 
2457898.000966 0.113083 
2457899.685448 0.160171 
2457901.369930 -0.018697 
2457903.054412 -0.238877 
2457904.738893 -0.175818 
2457906.423375 0.081339 
2457908.107857 0.217734 
2457909.792339 0.177245 
2457911.476821 0.093811 
2457913.161303 0.039240 
2457914.845785 0.011798 
2457916.530267 0.009669 
2457918.214749 0.053549 
2457919.899231 0.090085 
2457921.583713 -0.020145 
2457923.268195 -0.199284 
2457924.952677 -0.120096 
2457926.637159 0.241206 
2457928.321641 0.485246 
2457930.006123 0.414510 
2457931.690605 0.232002 
2457933.375087 0.111467 
2457935.059569 0.049712 
2457936.744051 0.023246 
2457938.428533 0.024011 
2457940.113015 0.025352 
2457941.797497 -0.046796 
2457943.481979 -0.179609 
2457945.166461 -0.098394 
2457946.850943 0.341941 
2457948.535425 0.737498 
2457950.219907 0.698381 
2457951.904389 0.414678 
2457953.588871 0.203084 
2457955.273353 0.096300 
2457956.957835 0.044967 
2457958.642317 0.022995 
2457960.326799 -0.002968 
2457962.011281 -0.061352 
2457963.695763 -0.159003 
2457965.380245 -0.108262 
2457967.064727 0.312810 
2457968.749209 0.811223 
2457970.433691 0.872281 
2457972.118173 0.560054 
2457973.802655 0.275973 
2457975.487137 0.131489 
2457977.171619 0.061353 
2457978.856101 0.030562 
2457980.540583 -0.000917 
2457982.225065 -0.048639 
2457983.909547 -0.115840 
2457985.594029 -0.107215 
2457987.278511 0.186459 
2457988.962993 0.644905 
2457990.647475 0.803329 
2457992.331957 0.569402 
2457994.016439 0.287254 
2457995.700921 0.134887 
2457997.385403 0.062656 
2457999.069885 0.031209 
2458000.754367 0.007819 
2458002.438849 -0.025062 
2458004.123331 -0.065549 
2458005.807813 -0.079833 
2458007.492295 0.066901 
2458009.176777 0.377965 
2458010.861259 0.559135 
2458012.545741 0.446155 
2458014.230223 0.236690 
2458015.914705 0.109280 
2458017.599187 0.050473 
2458019.283669 0.024299 
2458020.968151 0.010461 
2458022.652633 -0.007297 
2458024.337114 -0.027839 
2458026.021596 -0.043330 
2458027.706078 0.007581 
2458029.390560 0.165231 
2458031.075042 0.299120 
2458032.759524 0.272739 
2458034.444006 0.155918 
2458036.128488 0.071462 
2458037.812970 0.032549 
2458039.497452 0.015045 
2458041.181934 0.007647 
2458042.866416 0.000472 
2458044.550898 -0.007716 
2458046.235380 -0.016512 
2458047.919862 -0.006435 
2458049.604344 0.052194 
2458051.288826 0.121439 
2458052.973308 0.128216 
2458054.657790 0.080475 
2458056.342272 0.037276 
2458058.026754 0.016527 
2458059.711236 0.007373 
2458061.395718 0.003779 
2458063.080200 0.001738 
2458064.764682 -0.000314 
2458066.449164 -0.003600 
2458068.133646 -0.004415 
2458069.818128 0.010280 
2458071.502610 0.035541 
2458073.187092 0.044599 
2458074.871574 0.031291 
2458076.556056 0.015015 
2458078.240538 0.006433 
2458079.925020 0.002760 
2458081.609502 0.001306 
2458083.293984 0.000932 
2458084.978466 0.000972 
2458086.662948 0.000220 
2458088.347430 -0.001628 
2458090.031912 -0.000078 
2458091.716394 0.006771 
2458093.400876 0.011791 
2458095.085358 0.009963 
2458096.769840 0.005340 
2458098.454322 0.002332 
2458100.138804 0.000987 
2458101.823286 0.000415 
2458103.507768 0.000313 
2458105.192250 0.000541 
2458106.876732 0.000420 
2458108.561214 -0.000852 
2458110.245696 -0.001570 
2458111.930178 0.000907 
2458113.614660 0.004813 
2458115.299142 0.005938 
2458116.983624 0.004096 
2458118.668106 0.002074 
2458120.352588 0.000975 
2458122.037070 0.000435 
2458123.721552 0.000228 
2458125.406034 0.000183 
2458127.090516 -0.000016 
2458128.774998 -0.000876 
2458130.459480 -0.001642 
2458132.143962 0.000290 
2458133.828444 0.004799 
2458135.512926 0.007376 
2458137.197408 0.005892 
2458138.881890 0.003192 
2458140.566372 0.001540 
2458142.250853 0.000722 
2458143.935335 0.000351 
2458145.619817 0.000141 
2458147.304299 -0.000183 
2458148.988781 -0.000803 
2458150.673263 -0.001443 
2458152.357745 -0.000072 
2458154.042227 0.004246 
2458155.726709 0.007724 
2458157.411191 0.006943 
2458159.095673 0.003986 
2458160.780155 0.001907 
2458162.464637 0.000901 
2458164.149119 0.000428 
2458165.833601 0.000195 
2458167.518083 -0.000110 
2458169.202565 -0.000541 
2458170.887047 -0.001022 
2458172.571529 -0.000400 
2458174.256011 0.002626 
2458175.940493 0.005932 
2458177.624975 0.006107 
2458179.309457 0.003807 
2458180.993939 0.001827 
2458182.678421 0.000855 
2458184.362903 0.000397 
2458186.047385 0.000199 
2458187.731867 -0.000002 
2458189.416349 -0.000264 
2458191.100831 -0.000561 
2458192.785313 -0.000428 
2458194.469795 0.001131 
2458196.154277 0.003427 
2458197.838759 0.004117 
2458199.523241 0.002847 
2458201.207723 0.001402 
2458202.892205 0.000644 
2458204.576687 0.000295 
2458206.261169 0.000147 
2458207.945651 0.000046 
2458209.630133 -0.000084 
2458211.314615 -0.000229 
2458212.999097 -0.000266 
2458214.683579 0.000315 
2458216.368061 0.001499 
2458218.052543 0.002143 
2458219.737025 0.001671 
2458221.421507 0.000866 
2458223.105989 0.000389 
2458224.790471 0.000176 
2458226.474953 0.000084 
2458228.159435 0.000041 
2458229.843917 -0.000006 
2458231.528399 -0.000060 
2458233.212881 -0.000107 
2458234.897363 0.000035 
2458236.581845 0.000480 
2458238.266327 0.000843 
2458239.950809 0.000750 
2458241.635291 0.000418 
2458243.319773 0.000186 
2458245.004255 0.000082 
2458246.688737 0.000037 
2458248.373219 0.000020 
2458250.057701 0.000010 
2458251.742183 -0.000001 
2458253.426665 -0.000025 
2458255.111147 -0.000016 
2458256.795629 0.000099 
2458258.480111 0.000238 
2458260.164593 0.000248 
2458261.849074 0.000153 
2458263.533556 0.000069 
2458265.218038 0.000029 
2458266.902520 0.000012 
2458268.587002 0.000006 
2458270.271484 0.000006 
2458271.955966 0.000008 
2458273.640448 -0.000001 
2458275.324930 -0.000014 
2458277.009412 0.000003 
2458278.693894 0.000049 
2458280.378376 0.000073 
2458282.062858 0.000056 
2458283.747340 0.000029 
2458285.431822 0.000013 
2458287.116304 0.000005 
2458288.800786 0.000002 
2458290.485268 0.000002 
2458292.169750 0.000004 
2458293.854232 -0.000000 
2458295.538714 -0.000012 
2458297.223196 -0.000011 
2458298.907678 0.000018 
2458300.592160 0.000050 
2458302.276642 0.000052 
2458303.961124 0.000032 
2458305.645606 0.000016 
2458307.330088 0.000008 
2458309.014570 0.000003 
2458310.699052 0.000002 
2458312.383534 0.000001 
2458314.068016 -0.000003 
2458315.752498 -0.000011 
2458317.436980 -0.000012 
2458319.121462 0.000015 
2458320.805944 0.000056 
2458322.490426 0.000067 
2458324.174908 0.000047 
2458325.859390 0.000024 
2458327.543872 0.000011 
2458329.228354 0.000005 
2458330.912836 0.000003 
2458332.597318 0.000000 
2458334.281800 -0.000003 
2458335.966282 -0.000009 
2458337.650764 -0.000011 
2458339.335246 0.000009 
2458341.019728 0.000048 
2458342.704210 0.000067 
2458344.388692 0.000052 
2458346.073174 0.000027 
2458347.757656 0.000013 
2458349.442138 0.000006 
2458351.126620 0.000003 
2458352.811102 0.000001 
2458354.495584 -0.000002 
2458356.180066 -0.000005 
2458357.864548 -0.000008 
2458359.549030 0.000002 
2458361.233512 0.000030 
2458362.917994 0.000050 
2458364.602476 0.000043 
2458366.286958 0.000024 
2458367.971440 0.000011 
2458369.655922 0.000005 
2458371.340404 0.000002 
2458373.024886 0.000001 
2458374.709368 -0.000000 
2458376.393850 -0.000002 
2458378.078332 -0.000004 
2458379.762814 -0.000001 
2458381.447295 0.000013 
2458383.131777 0.000028 
2458384.816259 0.000028 
2458386.500741 0.000017 
2458388.185223 0.000008 
2458389.869705 0.000004 
2458391.554187 0.000002 
2458393.238669 0.000001 
2458394.923151 0.000000 
2458396.607633 -0.000001 
2458398.292115 -0.000002 
2458399.976597 -0.000001 
2458401.661079 0.000004 
2458403.345561 0.000012 
2458405.030043 0.000014 
2458406.714525 0.000010 
2458408.399007 0.000005 
2458410.083489 0.000002 
2458411.767971 0.000001 
2458413.452453 0.000000 
2458415.136935 0.000000 
2458416.821417 -0.000000 
2458418.505899 -0.000000 
2458420.190381 -0.000001 
2458421.874863 0.000001 
2458423.559345 0.000004 
2458425.243827 0.000005 
2458426.928309 0.000004 
2458428.612791 0.000002 
2458430.297273 0.000001 
2458431.981755 0.000000 
2458433.666237 0.000000 
2458435.350719 0.000000 
2458437.035201 0.000000 
2458438.719683 0.000000 
2458440.404165 -0.000000 
2458442.088647 -0.000000 
2458443.773129 0.000001 
2458445.457611 0.000001 
2458447.142093 0.000001 
2458448.826575 0.000001 
2458450.511057 0.000000 
2458452.195539 0.000000 
2458453.880021 0.000000 
2458455.564503 0.000000 
2458457.248985 0.000000 
2458458.933467 0.000000 
2458460.617949 -0.000000 
2458462.302431 -0.000000 
2458463.986913 0.000000 
2458465.671395 0.000000 
2458467.355877 0.000001 
2458469.040359 0.000000 
2458470.724841 0.000000 
2458472.409323 0.000000 
2458474.093805 0.000000 
2458475.778287 0.000000 
2458477.462769 0.000000 
2458479.147251 0.000000 
2458480.831733 -0.000000 
2458482.516215 -0.000000 
2458484.200697 -0.000000 
2458485.885179 0.000000 
2458487.569661 0.000001 
2458489.254143 0.000000 
2458490.938625 0.000000 
2458492.623107 0.000000 
2458494.307589 0.000000 
2458495.992071 0.000000 
2458497.676553 0.000000 
2458499.361035 -0.000000 
2458501.045516 -0.000000 
2458502.729998 -0.000000 
2458504.414480 -0.000000 
2458506.098962 0.000000 
2458507.783444 0.000001 
2458509.467926 0.000001 
2458511.152408 0.000000 
2458512.836890 0.000000 
2458514.521372 0.000000 
2458516.205854 0.000000 
2458517.890336 0.000000 
2458519.574818 -0.000000 
2458521.259300 -0.000000 
2458522.943782 -0.000000 
2458524.628264 -0.000000 
2458526.312746 0.000000 
2458527.997228 0.000000 
2458529.681710 0.000001 
2458531.366192 0.000000 
2458533.050674 0.000000 
2458534.735156 0.000000 
2458536.419638 0.000000 
2458538.104120 0.000000 
2458539.788602 0.000000 
2458541.473084 -0.000000 
2458543.157566 -0.000000 
2458544.842048 -0.000000 
2458546.526530 0.000000 
2458548.211012 0.000000 
2458549.895494 0.000000 
2458551.579976 0.000000 
2458553.264458 0.000000 
2458554.948940 0.000000 
2458556.633422 0.000000 
2458558.317904 0.000000 
2458560.002386 0.000000 
2458561.686868 -0.000000 
2458563.371350 -0.000000 
2458565.055832 -0.000000 
2458566.740314 0.000000 
2458568.424796 0.000000 
2458570.109278 0.000000 
2458571.793760 0.000000 
2458573.478242 0.000000 
2458575.162724 0.000000 
2458576.847206 0.000000 
2458578.531688 0.000000 
2458580.216170 0.000000 
2458581.900652 -0.000000 
2458583.585134 -0.000000 
2458585.269616 -0.000000 
2458586.954098 -0.000000 
2458588.638580 0.000000 
2458590.323062 0.000000 
2458592.007544 0.000000 
2458593.692026 0.000000 
2458595.376508 0.000000 
2458597.060990 0.000000 
2458598.745472 0.000000 
2458600.429954 0.000000 
2458602.114436 0.000000 
2458603.798918 -0.000000 
2458605.483400 -0.000000 
2458607.167882 -0.000000 
2458608.852364 0.000000 
2458610.536846 0.000000 
2458612.221328 0.000000 
2458613.905810 0.000000 
2458615.590292 0.000000 
2458617.274774 0.000000 
2458618.959255 0.000000 
2458620.643737 0.000000 
2458622.328219 0.000000 
2458624.012701 0.000000 
2458625.697183 -0.000000 
2458627.381665 -0.000000 
2458629.066147 0.000000 
2458630.750629 0.000000 
2458632.435111 0.000000 
2458634.119593 0.000000 
2458635.804075 0.000000 
2458637.488557 0.000000 
2458639.173039 0.000000 
2458640.857521 0.000000 
2458642.542003 0.000000 
2458644.226485 0.000000 
2458645.910967 0.000000 
2458647.595449 -0.000000 
2458649.279931 -0.000000 
2458650.964413 0.000000 
2458652.648895 0.000000 
2458654.333377 0.000000 
2458656.017859 0.000000 
2458657.702341 0.000000 
2458659.386823 0.000000 
2458661.071305 0.000000 
2458662.755787 0.000000 
2458664.440269 0.000000 
2458666.124751 -0.000000 
2458667.809233 -0.000000 
2458669.493715 -0.000000 
2458671.178197 0.000000 
2458672.862679 0.000000 
2458674.547161 0.000000 
2458676.231643 0.000000 
2458677.916125 0.000000 
2458679.600607 0.000000 
2458681.285089 0.000000 
2458682.969571 0.000000 
2458684.654053 0.000000 
2458686.338535 -0.000000 
2458688.023017 -0.000000 
2458689.707499 -0.000000 
2458691.391981 0.000000 
2458693.076463 0.000000 
2458694.760945 0.000000 
2458696.445427 0.000000 
2458698.129909 0.000000 
2458699.814391 0.000000 
2458701.498873 0.000000 
2458703.183355 0.000000 
2458704.867837 0.000000 
2458706.552319 -0.000000 
2458708.236801 -0.000000 
2458709.921283 -0.000000 
2458711.605765 -0.000000 
2458713.290247 0.000000 
2458714.974729 0.000000 
2458716.659211 0.000000 
2458718.343693 0.000000 
2458720.028175 0.000000 
2458721.712657 0.000000 
2458723.397139 0.000000 
2458725.081621 0.000000 
2458726.766103 -0.000000 
2458728.450585 -0.000000 
2458730.135067 -0.000000 
2458731.819549 -0.000000 
2458733.504031 0.000000 
2458735.188513 0.000000 
2458736.872995 0.000000 
2458738.557476 0.000000 
2458740.241958 0.000000 
2458741.926440 0.000000 
2458743.610922 0.000000 
2458745.295404 0.000000 
2458746.979886 0.000000 
2458748.664368 -0.000000 
2458750.348850 -0.000000 
2458752.033332 -0.000000 
2458753.717814 0.000000 
2458755.402296 0.000000 
2458757.086778 0.000000 
2458758.771260 0.000000 
2458760.455742 0.000000 
2458762.140224 0.000000 
2458763.824706 0.000000 
2458765.509188 0.000000 
2458767.193670 0.000000 
2458768.878152 -0.000000 
2458770.562634 -0.000000 
2458772.247116 -0.000000 
2458773.931598 0.000000 
2458775.616080 0.000000 
2458777.300562 0.000000 
2458778.985044 0.000000 
2458780.669526 0.000000 
2458782.354008 0.000000 
2458784.038490 0.000000 
2458785.722972 0.000000 
2458787.407454 0.000000 
2458789.091936 0.000000 
2458790.776418 -0.000000 
2458792.460900 -0.000000 
2458794.145382 -0.000000 
2458795.829864 0.000000 
2458797.514346 0.000000 
2458799.198828 0.000000 
2458800.883310 0.000000 
2458802.567792 0.000000 
2458804.252274 0.000000 
2458805.936756 0.000000 
2458807.621238 0.000000 
2458809.305720 0.000000 
2458810.990202 0.000000 
2458812.674684 -0.000000 
2458814.359166 -0.000000 
2458816.043648 0.000000 
2458817.728130 0.000000 
2458819.412612 0.000000 
2458821.097094 0.000000 
2458822.781576 0.000000 
2458824.466058 0.000000 
2458826.150540 0.000000 
2458827.835022 0.000000 
2458829.519504 0.000000 
2458831.203986 0.000000 
2458832.888468 -0.000000 
2458834.572950 -0.000000 
2458836.257432 -0.000000 
2458837.941914 0.000000 
2458839.626396 0.000000 
2458841.310878 0.000000 
2458842.995360 0.000000 
2458844.679842 0.000000 
2458846.364324 0.000000 
2458848.048806 0.000000 
2458849.733288 0.000000 
2458851.417770 0.000000 
2458853.102252 -0.000000 
2458854.786734 -0.000000 
2458856.471216 -0.000000 
2458858.155697 0.000000 
2458859.840179 0.000000 
2458861.524661 0.000000 
2458863.209143 0.000000 
2458864.893625 0.000000 
2458866.578107 0.000000 
2458868.262589 0.000000 
2458869.947071 0.000000 
2458871.631553 0.000000 
2458873.316035 -0.000000 
2458875.000517 -0.000000 
2458876.684999 -0.000000 
2458878.369481 0.000000 
2458880.053963 0.000000 
2458881.738445 0.000000 
2458883.422927 0.000000 
2458885.107409 0.000000 
2458886.791891 0.000000 
2458888.476373 0.000000 
2458890.160855 0.000000 
2458891.845337 0.000000 
2458893.529819 -0.000000 
2458895.214301 -0.000000 
2458896.898783 -0.000000 
2458898.583265 0.000000 
2458900.267747 0.000000 
2458901.952229 0.000000 
2458903.636711 0.000000 
2458905.321193 0.000000 
2458907.005675 0.000000 
2458908.690157 0.000000 
2458910.374639 0.000000 
2458912.059121 0.000000 
2458913.743603 -0.000000 
2458915.428085 -0.000000 
2458917.112567 -0.000000 
2458918.797049 0.000000 
2458920.481531 0.000000 
2458922.166013 0.000000 
2458923.850495 0.000000 
2458925.534977 0.000000 
2458927.219459 0.000000 
2458928.903941 0.000000 
2458930.588423 0.000000 
2458932.272905 0.000000 
2458933.957387 -0.000000 
2458935.641869 -0.000000 
2458937.326351 -0.000000 
2458939.010833 -0.000000 
2458940.695315 0.000000 
2458942.379797 0.000000 
2458944.064279 0.000000 
2458945.748761 0.000000 
2458947.433243 0.000000 
2458949.117725 0.000000 
2458950.802207 0.000000 
2458952.486689 0.000000 
2458954.171171 0.000000 
2458955.855653 -0.000000 
2458957.540135 -0.000000 
2458959.224617 -0.000000 
2458960.909099 0.000000 
2458962.593581 0.000000 
2458964.278063 0.000000 
2458965.962545 0.000000 
2458967.647027 0.000000 
2458969.331509 0.000000 
2458971.015991 0.000000 
2458972.700473 0.000000 
2458974.384955 0.000000 
2458976.069437 -0.000000 
2458977.753918 -0.000000 
2458979.438400 -0.000000 
2458981.122882 -0.000000 
2458982.807364 0.000000 
2458984.491846 0.000000 
2458986.176328 0.000000 
2458987.860810 0.000000 
2458989.545292 0.000000 
2458991.229774 0.000000 
2458992.914256 0.000000 
2458994.598738 0.000000 
2458996.283220 0.000000 
2458997.967702 -0.000000 
2458999.652184 -0.000000 
2459001.336666 -0.000000 
2459003.021148 -0.000000 
2459004.705630 0.000000 
2459006.390112 0.000000 
2459008.074594 0.000000 
2459009.759076 0.000000 
2459011.443558 0.000000 
2459013.128040 0.000000 
2459014.812522 0.000000 
2459016.497004 0.000000 
2459018.181486 -0.000000 
2459019.865968 -0.000000 
2459021.550450 -0.000000 
2459023.234932 -0.000000 
2459024.919414 0.000000 
2459026.603896 0.000000 
2459028.288378 0.000000 
2459029.972860 0.000000 
2459031.657342 0.000000 
2459033.341824 0.000000 
2459035.026306 0.000000 
2459036.710788 0.000000 
2459038.395270 -0.000000 
2459040.079752 -0.000000 
2459041.764234 -0.000000 
2459043.448716 -0.000000 
2459045.133198 0.000000 
2459046.817680 0.000000 
2459048.502162 0.000000 
2459050.186644 0.000000 
2459051.871126 0.000000 
2459053.555608 0.000000 
2459055.240090 0.000000 
2459056.924572 0.000000 
2459058.609054 -0.000000 
2459060.293536 -0.000000 
2459061.978018 -0.000000 
2459063.662500 -0.000000 
2459065.346982 -0.000000 
2459067.031464 0.000000 
2459068.715946 0.000000 
2459070.400428 0.000000 
2459072.084910 0.000000 
2459073.769392 0.000000 
2459075.453874 0.000000 
2459077.138356 0.000000 
2459078.822838 0.000000 
2459080.507320 -0.000000 
2459082.191802 -0.000000 
2459083.876284 -0.000000 
2459085.560766 -0.000000 
2459087.245248 0.000000 
2459088.929730 0.000000 
2459090.614212 0.000000 
2459092.298694 0.000000 
2459093.983176 0.000000 
2459095.667657 0.000000 
2459097.352139 0.000000 
2459099.036621 0.000000 
2459100.721103 -0.000000 
2459102.405585 -0.000000 
2459104.090067 -0.000000 
2459105.774549 -0.000000 
2459107.459031 0.000000 
2459109.143513 0.000000 
2459110.827995 0.000000 
2459112.512477 0.000000 
2459114.196959 0.000000 
2459115.881441 0.000000 
2459117.565923 0.000000 
2459119.250405 0.000000 
2459120.934887 -0.000000 
2459122.619369 -0.000000 
2459124.303851 -0.000000 
2459125.988333 -0.000000 
2459127.672815 -0.000000 
2459129.357297 0.000000 
2459131.041779 0.000000 
2459132.726261 0.000000 
2459134.410743 0.000000 
2459136.095225 0.000000 
2459137.779707 0.000000 
2459139.464189 0.000000 
2459141.148671 -0.000000 
2459142.833153 -0.000000 
2459144.517635 -0.000000 
2459146.202117 -0.000000 
2459147.886599 -0.000000 
2459149.571081 0.000000 
2459151.255563 0.000000 
2459152.940045 0.000000 
2459154.624527 0.000000 
2459156.309009 0.000000 
2459157.993491 0.000000 
2459159.677973 0.000000 
2459161.362455 0.000000 
2459163.046937 -0.000000 
2459164.731419 -0.000000 
2459166.415901 -0.000000 
2459168.100383 -0.000000 
2459169.784865 0.000000 
2459171.469347 0.000000 
2459173.153829 0.000000 
2459174.838311 0.000000 
2459176.522793 0.000000 
2459178.207275 0.000000 
2459179.891757 0.000000 
2459181.576239 0.000000 
2459183.260721 -0.000000 
2459184.945203 -0.000000 
2459186.629685 -0.000000 
2459188.314167 -0.000000 
2459189.998649 -0.000000 
2459191.683131 0.000000 
2459193.367613 0.000000 
2459195.052095 0.000000 
2459196.736577 0.000000 
2459198.421059 0.000000 
2459200.105541 0.000000 
2459201.790023 0.000000 
2459203.474505 0.000000 
2459205.158987 -0.000000 
2459206.843469 -0.000000 
2459208.527951 -0.000000 
2459210.212433 -0.000000 
2459211.896915 0.000000 
2459213.581397 0.000000 
2459215.265878 0.000000 
2459216.950360 0.000000 
2459218.634842 0.000000 
2459220.319324 0.000000 
2459222.003806 0.000000 
2459223.688288 0.000000 
2459225.372770 -0.000000 
2459227.057252 -0.000000 
2459228.741734 -0.000000 
2459230.426216 -0.000000 
2459232.110698 0.000000 
2459233.795180 0.000000 
2459235.479662 0.000000 
2459237.164144 0.000000 
2459238.848626 0.000000 
2459240.533108 0.000000 
2459242.217590 0.000000 
2459243.902072 0.000000 
2459245.586554 -0.000000 
2459247.271036 -0.000000 
2459248.955518 -0.000000 
2459250.640000 -0.000000 
2459252.324482 -0.000000 
2459254.008964 0.000000 
2459255.693446 0.000000 
2459257.377928 0.000000 
2459259.062410 0.000000 
2459260.746892 0.000000 
2459262.431374 0.000000 
2459264.115856 0.000000 
2459265.800338 -0.000000 
2459267.484820 -0.000000 
2459269.169302 -0.000000 
2459270.853784 -0.000000 
2459272.538266 -0.000000 
2459274.222748 0.000000 
2459275.907230 0.000000 
2459277.591712 0.000000 
2459279.276194 0.000000 
2459280.960676 0.000000 
2459282.645158 0.000000 
2459284.329640 0.000000 
2459286.014122 -0.000000 
2459287.698604 -0.000000 
2459289.383086 -0.000000 
2459291.067568 -0.000000 
2459292.752050 -0.000000 
2459294.436532 0.000000 
2459296.121014 0.000000 
2459297.805496 0.000000 
2459299.489978 0.000000 
2459301.174460 0.000000 
2459302.858942 0.000000 
2459304.543424 0.000000 
2459306.227906 0.000000 
2459307.912388 -0.000000 
2459309.596870 -0.000000 
2459311.281352 -0.000000 
2459312.965834 -0.000000 
2459314.650316 0.000000 
2459316.334798 0.000000 
2459318.019280 0.000000 
2459319.703762 0.000000 
2459321.388244 0.000000 
2459323.072726 0.000000 
2459324.757208 0.000000 
2459326.441690 0.000000 
2459328.126172 -0.000000 
2459329.810654 -0.000000 
2459331.495136 -0.000000 
2459333.179618 -0.000000 
2459334.864099 -0.000000 
2459336.548581 0.000000 
2459338.233063 0.000000 
2459339.917545 0.000000 
2459341.602027 0.000000 
2459343.286509 0.000000 
2459344.970991 0.000000 
2459346.655473 0.000000 
2459348.339955 -0.000000 
2459350.024437 -0.000000 
2459351.708919 -0.000000 
2459353.393401 -0.000000 
2459355.077883 -0.000000 
2459356.762365 0.000000 
2459358.446847 0.000000 
2459360.131329 0.000000 
2459361.815811 0.000000 
2459363.500293 0.000000 
2459365.184775 0.000000 
2459366.869257 0.000000 
2459368.553739 0.000000 
2459370.238221 -0.000000 
2459371.922703 -0.000000 
2459373.607185 -0.000000 
2459375.291667 -0.000000 
2459376.976149 0.000000 
2459378.660631 0.000000 
2459380.345113 0.000000 
2459382.029595 0.000000 
2459383.714077 0.000000 
2459385.398559 0.000000 
2459387.083041 0.000000 
2459388.767523 0.000000 
2459390.452005 -0.000000 
2459392.136487 -0.000000 
2459393.820969 -0.000000 
2459395.505451 -0.000000 
2459397.189933 -0.000000 
2459398.874415 0.000000 
2459400.558897 0.000000 
2459402.243379 0.000000 
2459403.927861 0.000000 
2459405.612343 0.000000 
2459407.296825 0.000000 
2459408.981307 0.000000 
2459410.665789 -0.000000 
2459412.350271 -0.000000 
2459414.034753 -0.000000 
2459415.719235 -0.000000 
2459417.403717 -0.000000 
2459419.088199 0.000000 
2459420.772681 0.000000 
2459422.457163 0.000000 
2459424.141645 0.000000 
2459425.826127 0.000000 
2459427.510609 0.000000 
2459429.195091 0.000000 
2459430.879573 0.000000 
2459432.564055 -0.000000 
2459434.248537 -0.000000 
2459435.933019 -0.000000 
2459437.617501 -0.000000 
2459439.301983 0.000000 
2459440.986465 0.000000 
2459442.670947 0.000000 
2459444.355429 0.000000 
2459446.039911 0.000000 
2459447.724393 0.000000 
2459449.408875 0.000000 
2459451.093357 0.000000 
2459452.777839 -0.000000 
2459454.462320 -0.000000 
2459456.146802 -0.000000 
2459457.831284 -0.000000 
2459459.515766 -0.000000 
2459461.200248 0.000000 
2459462.884730 0.000000 
2459464.569212 0.000001 
2459466.253694 0.000001 
2459467.938176 0.000000 
2459469.622658 0.000000 
2459471.307140 0.000000 
2459472.991622 -0.000000 
2459474.676104 -0.000000 
2459476.360586 -0.000001 
2459478.045068 -0.000001 
2459479.729550 -0.000000 
2459481.414032 0.000000 
2459483.098514 0.000000 
2459484.782996 0.000001 
2459486.467478 0.000001 
2459488.151960 0.000001 
2459489.836442 0.000000 
2459491.520924 0.000000 
2459493.205406 -0.000000 
2459494.889888 -0.000000 
2459496.574370 -0.000001 
2459498.258852 -0.000001 
2459499.943334 -0.000000 
2459501.627816 0.000000 
2459503.312298 0.000000 
2459504.996780 0.000001 
2459506.681262 0.000002 
2459508.365744 0.000001 
2459510.050226 0.000001 
2459511.734708 0.000000 
2459513.419190 0.000000 
2459515.103672 -0.000000 
2459516.788154 -0.000001 
2459518.472636 -0.000001 
2459520.157118 -0.000001 
2459521.841600 0.000000 
2459523.526082 0.000000 
2459525.210564 0.000001 
2459526.895046 0.000001 
2459528.579528 0.000002 
2459530.264010 0.000001 
2459531.948492 0.000000 
2459533.632974 0.000000 
2459535.317456 -0.000000 
2459537.001938 -0.000000 
2459538.686420 -0.000001 
2459540.370902 -0.000001 
2459542.055384 -0.000000 
2459543.739866 0.000000 
2459545.424348 0.000000 
2459547.108830 0.000001 
2459548.793312 0.000002 
2459550.477794 0.000001 
2459552.162276 0.000001 
2459553.846758 0.000000 
2459555.531240 0.000000 
2459557.215722 -0.000000 
2459558.900204 -0.000001 
2459560.584686 -0.000001 
2459562.269168 -0.000001 
2459563.953650 0.000000 
2459565.638132 0.000001 
2459567.322614 0.000002 
2459569.007096 0.000004 
2459570.691578 0.000002 
2459572.376059 0.000001 
2459574.060541 0.000002 
2459575.745023 0.000001 
2459577.429505 -0.000001 
2459579.113987 -0.000002 
2459580.798469 -0.000003 
2459582.482951 -0.000002 
2459584.167433 0.000000 
2459585.851915 0.000002 
2459587.536397 0.000006 
2459589.220879 0.000011 
2459590.905361 0.000007 
2459592.589843 0.000003 
2459594.274325 0.000006 
2459595.958807 0.000005 
2459597.643289 -0.000003 
2459599.327771 -0.000006 
2459601.012253 -0.000009 
2459602.696735 -0.000009 
2459604.381217 -0.000002 
2459606.065699 0.000003 
2459607.750181 0.000012 
2459609.434663 0.000029 
2459611.119145 0.000025 
2459612.803627 0.000009 
2459614.488109 0.000013 
2459616.172591 0.000015 
2459617.857073 -0.000002 
2459619.541555 -0.000013 
2459621.226037 -0.000020 
2459622.910519 -0.000024 
2459624.595001 -0.000009 
2459626.279483 0.000005 
2459627.963965 0.000017 
2459629.648447 0.000052 
2459631.332929 0.000063 
2459633.017411 0.000030 
2459634.701893 0.000022 
2459636.386375 0.000031 
2459638.070857 0.000005 
2459639.755339 -0.000023 
2459641.439821 -0.000036 
2459643.124303 -0.000050 
2459644.808785 -0.000030 
2459646.493267 0.000004 
2459648.177749 0.000020 
2459649.862231 0.000069 
2459651.546713 0.000115 
2459653.231195 0.000078 
2459654.915677 0.000040 
2459656.600159 0.000048 
2459658.284641 0.000021 
2459659.969123 -0.000026 
2459661.653605 -0.000052 
2459663.338087 -0.000081 
2459665.022569 -0.000066 
2459666.707051 -0.000006 
2459668.391533 0.000022 
2459670.076015 0.000067 
2459671.760497 0.000150 
2459673.444979 0.000145 
2459675.129461 0.000077 
2459676.813943 0.000060 
2459678.498425 0.000038 
2459680.182907 -0.000017 
2459681.867389 -0.000057 
2459683.551871 -0.000101 
2459685.236353 -0.000107 
2459686.920835 -0.000031 
2459688.605317 0.000022 
2459690.289799 0.000048 
2459691.974280 0.000136 
2459693.658762 0.000190 
2459695.343244 0.000132 
2459697.027726 0.000072 
2459698.712208 0.000041 
2459700.396690 -0.000001 
2459702.081172 -0.000040 
2459703.765654 -0.000095 
2459705.450136 -0.000129 
2459707.134618 -0.000064 
2459708.819100 0.000015 
2459710.503582 0.000029 
2459712.188064 0.000083 
2459713.872546 0.000179 
2459715.557028 0.000175 
2459717.241510 0.000093 
2459718.925992 0.000040 
2459720.610474 0.000016 
2459722.294956 -0.000014 
2459723.979438 -0.000069 
2459725.663920 -0.000128 
2459727.348402 -0.000097 
2459729.032884 -0.000002 
2459730.717366 0.000028 
2459732.401848 0.000066 
2459734.086330 0.000194 
2459735.770812 0.000224 
2459737.455294 0.000121 
2459739.139776 0.000085 
2459740.824258 0.000078 
2459742.508740 -0.000003 
2459744.193222 -0.000081 
2459745.877704 -0.000162 
2459747.562186 -0.000185 
2459749.246668 -0.000050 
2459750.931150 0.000050 
2459752.615632 0.000164 
2459754.300114 0.000487 
2459755.984596 0.000543 
2459757.669078 0.000222 
2459759.353560 0.000226 
2459761.038042 0.000353 
2459762.722524 0.000044 
2459764.407006 -0.000248 
2459766.091488 -0.000385 
2459767.775970 -0.000530 
2459769.460452 -0.000270 
2459771.144934 0.000091 
2459772.829416 0.000377 
2459774.513898 0.001301 
2459776.198380 0.001772 
2459777.882862 0.000828 
2459779.567344 0.000505 
2459781.251826 0.001054 
2459782.936308 0.000405 
2459784.620790 -0.000636 
2459786.305272 -0.001016 
2459787.989754 -0.001464 
2459789.674236 -0.001080 
2459791.358718 0.000038 
2459793.043200 0.000657 
2459794.727682 0.002504 
2459796.412164 0.004524 
2459798.096646 0.003001 
2459799.781128 0.001225 
2459801.465610 0.002199 
2459803.150092 0.001539 
2459804.834574 -0.001005 
2459806.519056 -0.002181 
2459808.203538 -0.003233 
2459809.888020 -0.003115 
2459811.572501 -0.000562 
2459813.256983 0.000984 
2459814.941465 0.003502 
2459816.625947 0.008377 
2459818.310429 0.007860 
2459819.994911 0.003421 
2459821.679393 0.003586 
2459823.363875 0.003571 
2459825.048357 -0.000700 
2459826.732839 -0.003596 
2459828.417321 -0.005630 
2459830.101803 -0.006655 
2459831.786285 -0.002555 
2459833.470767 0.001226 
2459835.155249 0.003763 
2459836.839731 0.011270 
2459838.524213 0.014709 
2459840.208695 0.008485 
2459841.893177 0.005397 
2459843.577659 0.005695 
2459845.262141 0.000739 
2459846.946623 -0.004317 
2459848.631105 -0.007719 
2459850.315587 -0.010808 
2459852.000069 -0.006420 
2459853.684551 0.000785 
2459855.369033 0.003439 
2459857.053515 0.010811 
2459858.737997 0.019600 
2459860.422479 0.015905 
2459862.106961 0.008635 
2459863.791443 0.006731 
2459865.475925 0.002491 
2459867.160407 -0.003329 
2459868.844889 -0.007992 
2459870.529371 -0.013414 
2459872.213853 -0.010996 
2459873.898335 -0.001097 
2459875.582817 0.003038 
2459877.267299 0.007086 
2459878.951781 0.018019 
2459880.636263 0.021359 
2459882.320745 0.013569 
2459884.005227 0.006969 
2459885.689709 0.003030 
2459887.374191 -0.000982 
2459889.058673 -0.005621 
2459890.743155 -0.012647 
2459892.427637 -0.013871 
2459894.112119 -0.004228 
2459895.796601 0.002577 
2459897.481083 0.003624 
2459899.165565 0.012260 
2459900.850047 0.022032 
2459902.534529 0.017999 
2459904.219011 0.008424 
2459905.903493 0.004314 
2459907.587975 0.001706 
2459909.272457 -0.002957 
2459910.956939 -0.010344 
2459912.641421 -0.015752 
2459914.325903 -0.008821 
2459916.010385 0.001750 
2459917.694867 0.004371 
2459919.379349 0.015499 
2459921.063831 0.032163 
2459922.748313 0.025610 
2459924.432795 0.012290 
2459926.117277 0.015560 
2459927.801759 0.010711 
2459929.486241 -0.005758 
2459931.170722 -0.016011 
2459932.855204 -0.027181 
2459934.539686 -0.024189 
2459936.224168 -0.001531 
2459937.908650 0.010769 
2459939.593132 0.042167 
2459941.277614 0.092954 
2459942.962096 0.072761 
2459944.646578 0.025054 
2459946.331060 0.047733 
2459948.015542 0.049841 
2459949.700024 -0.012761 
2459951.384506 -0.047652 
2459953.068988 -0.071103 
2459954.753470 -0.081111 
2459956.437952 -0.023114 
2459958.122434 0.023036 
2459959.806916 0.090360 
2459961.491398 0.246441 
2459963.175880 0.249742 
2459964.860362 0.092085 
2459966.544844 0.103982 
2459968.229326 0.154047 
2459969.913808 0.005876 
2459971.598290 -0.119522 
2459973.282772 -0.174715 
2459974.967254 -0.228893 
2459976.651736 -0.114272 
2459978.336218 0.035147 
2459980.020700 0.141566 
2459981.705182 0.472392 
2459983.389664 0.651395 
2459985.074146 0.337989 
2459986.758628 0.199418 
2459988.443110 0.330768 
2459990.127592 0.111029 
2459991.812074 -0.209843 
2459993.496556 -0.347035 
2459995.181038 -0.498604 
2459996.865520 -0.359194 
2459998.550002 0.007907 
2460000.234484 0.184973 
2460001.918966 0.657437 
2460003.603448 1.228884 
2460005.287930 0.911821 
2460006.972412 0.421743 
2460008.656894 0.531796 
2460010.341376 0.332098 
2460012.025858 -0.237696 
2460013.710340 -0.542438 
2460015.394822 -0.845403 
2460017.079304 -0.801492 
2460018.763786 -0.150642 
2460020.448268 0.222367 
2460022.132750 0.677128 
2460023.817232 1.677094 
2460025.501714 1.754142 
2460027.186196 0.924827 
2460028.870678 0.715932 
2460030.555160 0.572492 
2460032.239642 -0.122800 
2460033.924124 -0.636667 
2460035.608606 -1.119123 
2460037.293088 -1.326626 
2460038.977570 -0.514657 
2460040.662052 0.221318 
2460042.346534 0.536949 
2460044.031016 1.609083 
2460045.715498 2.387013 
2460047.399980 1.697601 
2460049.084461 0.954635 
2460050.768943 0.656260 
2460052.453425 0.075676 
2460054.137907 -0.496925 
2460055.822389 -1.120465 
2460057.506871 -1.651984 
2460059.191353 -0.986569 
2460060.875835 0.104836 
2460062.560317 0.380767 
2460064.244799 1.022759 
2460065.929281 2.250070 
2460067.613763 2.310343 
2460069.298245 1.332205 
2460070.982727 0.606800 
2460072.667209 0.192698 
2460074.351691 -0.173310 
2460076.036173 -0.783969 
2460077.720655 -1.541945 
2460079.405137 -1.278147 
2460081.089619 -0.130701 
2460082.774101 0.296257 
2460084.458583 0.413193 
2460086.143065 1.435898 
2460087.827547 2.235983 
2460089.512029 1.654120 
2460091.196511 0.646779 
2460092.880993 0.197326 
2460094.565475 0.078156 
2460096.249957 -0.333023 
2460097.934439 -1.071080 
2460099.618921 -1.193716 
2460101.303403 -0.369931 
2460102.987885 0.183409 
2460104.672367 0.102801 
2460106.356849 0.572459 
2460108.041331 1.527466 
2460109.725813 1.584380 
2460111.410295 0.734148 
2460113.094777 0.161119 
2460114.779259 0.133887 
2460116.463741 -0.034759 
2460118.148223 -0.577175 
2460119.832705 -0.871843 
2460121.517187 -0.504848 
2460123.201669 -0.043368 
2460124.886151 -0.029771 
2460126.570633 0.058094 
2460128.255115 0.711108 
2460129.939597 1.184277 
2460131.624079 0.765364 
2460133.308561 0.138464 
2460134.993043 0.053649 
2460136.677525 0.051202 
2460138.362007 -0.299045 
2460140.046489 -0.589095 
2460141.730971 -0.553340 
2460143.415453 -0.362908 
2460145.099935 -0.213693 
2460146.784417 -0.163780 
2460148.468899 0.140942 
2460150.153381 0.755087 
2460151.837863 0.800187 
2460153.522345 0.166783 
2460155.206827 -0.094423 
2460156.891309 -0.000679 
2460158.575791 -0.234918 
2460160.260273 -0.496869 
2460161.944755 -0.596376 
2460163.629237 -0.705665 
2460165.313719 -0.543339 
2460166.998201 -0.307131 
2460168.682682 -0.179244 
2460170.367164 0.434465 
2460172.051646 0.925701 
2460173.736128 0.324170 
2460175.420610 -0.262054 
2460177.105092 -0.138803 
2460178.789574 -0.260674 
2460180.474056 -0.552939 
2460182.158538 -0.658042 
2460183.843020 -0.958808 
2460185.527502 -0.937232 
2460187.211984 -0.486688 
2460188.896466 -0.350038 
2460190.580948 0.167269 
2460192.265430 1.051760 
2460193.949912 0.640918 
2460195.634394 -0.346564 
2460197.318876 -0.343503 
2460199.003358 -0.285460 
2460200.687840 -0.602687 
2460202.372322 -0.682393 
2460204.056804 -0.987881 
2460205.741286 -1.169193 
2460207.425768 -0.656611 
2460209.110250 -0.404546 
2460210.794732 -0.071616 
2460212.479214 0.965882 
2460214.163696 0.940713 
2460215.848178 -0.237164 
2460217.532660 -0.516956 
2460219.217142 -0.296092 
2460220.901624 -0.527390 
2460222.586106 -0.606307 
2460224.270588 -0.774829 
2460225.955070 -1.060445 
2460227.639552 -0.695766 
2460229.324034 -0.354971 
2460231.008516 -0.202862 
2460232.692998 0.629041 
2460234.377480 0.962955 
2460236.061962 0.011805 
2460237.746444 -0.512935 
2460239.430926 -0.289495 
2460241.115408 -0.359046 
2460242.799890 -0.447136 
2460244.484372 -0.484543 
2460246.168854 -0.719286 
2460247.853336 -0.572598 
2460249.537818 -0.260081 
2460251.222300 -0.195193 
2460252.906782 0.268737 
2460254.591264 0.704165 
2460256.275746 0.195815 
2460257.960228 -0.345239 
2460259.644710 -0.247945 
2460261.329192 -0.200488 
2460263.013674 -0.268815 
2460264.698156 -0.256887 
2460266.382638 -0.375071 
2460268.067120 -0.363967 
2460269.751602 -0.165983 
2460271.436084 -0.119719 
2460273.120566 0.060484 
2460274.805048 0.375444 
2460276.489530 0.215454 
2460278.174012 -0.153707 
2460279.858494 -0.169778 
2460281.542976 -0.099470 
2460283.227458 -0.128551 
2460284.911940 -0.118364 
2460286.596422 -0.152681 
2460288.280903 -0.175739 
2460289.965385 -0.088938 
2460291.649867 -0.052826 
2460293.334349 -0.005530 
2460295.018831 0.145607 
2460296.703313 0.136828 
2460298.387795 -0.037257 
2460300.072277 -0.086545 
2460301.756759 -0.045558 
2460303.441241 -0.047743 
2460305.125723 -0.046059 
2460306.810205 -0.049304 
2460308.494687 -0.063040 
2460310.179169 -0.037238 
2460311.863651 -0.017702 
2460313.548133 -0.009798 
2460315.232615 0.040044 
2460316.917097 0.058228 
2460318.601579 0.002211 
2460320.286061 -0.030681 
2460321.970543 -0.017867 
2460323.655025 -0.013551 
2460325.339507 -0.014727 
2460327.023989 -0.013938 
2460328.708471 -0.017961 
2460330.392953 -0.013155 
2460332.077435 -0.005749 
2460333.761917 -0.004524 
2460335.446399 0.007164 
2460337.130881 0.018646 
2460338.815363 0.007416 
2460340.499845 -0.006898 
2460342.184327 -0.005805 
2460343.868809 -0.003190 
2460345.553291 -0.005114 
2460347.237773 -0.005847 
2460348.922255 -0.007457 
2460350.606737 -0.008233 
2460352.291219 -0.004979 
2460353.975701 -0.003092 
2460355.660183 -0.000513 
2460357.344665 0.007079 
2460359.029147 0.008177 
2460360.713629 -0.000210 
2460362.398111 -0.003423 
2460364.082593 -0.001630 
2460365.767075 -0.003668 
2460367.451557 -0.005460 
2460369.136039 -0.006729 
2460370.820521 -0.009661 
2460372.505003 -0.007629 
2460374.189485 -0.003828 
2460375.873967 -0.002718 
2460377.558449 0.004184 
2460379.242931 0.010092 
2460380.927413 0.002680 
2460382.611895 -0.004323 
2460384.296377 -0.002659 
2460385.980859 -0.003465 
2460387.665341 -0.005702 
2460389.349823 -0.006305 
2460391.034305 -0.009622 
2460392.718787 -0.009208 
2460394.403269 -0.004465 
2460396.087751 -0.003282 
2460397.772233 0.001804 
2460399.456715 0.009902 
2460401.141197 0.005233 
2460402.825679 -0.004036 
2460404.510161 -0.003781 
2460406.194643 -0.002851 
2460407.879124 -0.004801 
2460409.563606 -0.004953 
2460411.248088 -0.007137 
2460412.932570 -0.008183 
2460414.617052 -0.004318 
2460416.301534 -0.002706 
2460417.986016 -0.000175 
2460419.670498 0.006952 
2460421.354980 0.006088 
2460423.039462 -0.002101 
2460424.723944 -0.003793 
2460426.408426 -0.002136 
2460428.092908 -0.003157 
2460429.777390 -0.003318 
2460431.461872 -0.004123 
2460433.146354 -0.005490 
2460434.830836 -0.003405 
2460436.515318 -0.001736 
2460438.199800 -0.000889 
2460439.884282 0.003459 
2460441.568764 0.004817 
2460443.253246 -0.000182 
2460444.937728 -0.002712 
2460446.622210 -0.001526 
2460448.306692 -0.001651 
2460449.991174 -0.001879 
2460451.675656 -0.001952 
2460453.360138 -0.002818 
2460455.044620 -0.002123 
2460456.729102 -0.000937 
2460458.413584 -0.000699 
2460460.098066 0.001177 
2460461.782548 0.002725 
2460463.467030 0.000641 
2460465.151512 -0.001369 
2460466.835994 -0.000965 
2460468.520476 -0.000714 
2460470.204958 -0.000864 
2460471.889440 -0.000785 
2460473.573922 -0.001105 
2460475.258404 -0.001006 
2460476.942886 -0.000430 
2460478.627368 -0.000325 
2460480.311850 0.000239 
2460481.996332 0.001113 
2460483.680814 0.000577 
2460485.365296 -0.000458 
2460487.049778 -0.000480 
2460488.734260 -0.000266 
2460490.418742 -0.000307 
2460492.103224 -0.000270 
2460493.787706 -0.000333 
2460495.472188 -0.000353 
2460497.156670 -0.000163 
2460498.841152 -0.000105 
2460500.525634 0.000008 
2460502.210116 0.000326 
2460503.894598 0.000282 
2460505.579080 -0.000078 
2460507.263562 -0.000170 
2460508.948044 -0.000084 
2460510.632526 -0.000083 
2460512.317008 -0.000086 
2460514.001490 -0.000093 
2460515.685972 -0.000111 
2460517.370454 -0.000068 
2460519.054936 -0.000036 
2460520.739418 -0.000020 
2460522.423900 0.000069 
2460524.108382 0.000114 
2460525.792864 0.000023 
2460527.477345 -0.000046 
2460529.161827 -0.000027 
2460530.846309 -0.000024 
2460532.530791 -0.000043 
2460534.215273 -0.000050 
2460535.899755 -0.000069 
2460537.584237 -0.000070 
2460539.268719 -0.000038 
2460540.953201 -0.000026 
2460542.637683 0.000006 
2460544.322165 0.000073 
2460546.006647 0.000057 
2460547.691129 -0.000018 
2460549.375611 -0.000027 
2460551.060093 -0.000017 
2460552.744575 -0.000041 
2460554.429057 -0.000051 
2460556.113539 -0.000069 
2460557.798021 -0.000090 
2460559.482503 -0.000057 
2460561.166985 -0.000032 
2460562.851467 -0.000014 
2460564.535949 0.000062 
2460566.220431 0.000082 
2460567.904913 -0.000004 
2460569.589395 -0.000041 
2460571.273877 -0.000022 
2460572.958359 -0.000038 
2460574.642841 -0.000050 
2460576.327323 -0.000060 
2460578.011805 -0.000087 
2460579.696287 -0.000066 
2460581.380769 -0.000031 
2460583.065251 -0.000022 
2460584.749733 0.000039 
2460586.434215 0.000085 
2460588.118697 0.000016 
2460589.803179 -0.000042 
2460591.487661 -0.000026 
2460593.172143 -0.000028 
2460594.856625 -0.000040 
2460596.541107 -0.000041 
2460598.225589 -0.000063 
2460599.910071 -0.000057 
2460601.594553 -0.000026 
2460603.279035 -0.000020 
2460604.963517 0.000014 
2460606.647999 0.000063 
2460608.332481 0.000029 
2460610.016963 -0.000028 
2460611.701445 -0.000025 
2460613.385927 -0.000017 
2460615.070409 -0.000025 
2460616.754891 -0.000024 
2460618.439373 -0.000035 
2460620.123855 -0.000038 
2460621.808337 -0.000019 
2460623.492819 -0.000012 
2460625.177301 0.000001 
2460626.861783 0.000034 
2460628.546265 0.000027 
2460630.230747 -0.000011 
2460631.915229 -0.000018 
2460633.599711 -0.000010 
2460635.284193 -0.000013 
2460636.968675 -0.000013 
2460638.653157 -0.000015 
2460640.337639 -0.000019 
2460642.022121 -0.000011 
2460643.706603 -0.000006 
2460645.391084 -0.000003 
2460647.075566 0.000013 
2460648.760048 0.000017 
2460650.444530 -0.000001 
2460652.129012 -0.000010 
2460653.813494 -0.000005 
2460655.497976 -0.000005 
2460657.182458 -0.000005 
2460658.866940 -0.000005 
2460660.551422 -0.000007 
2460662.235904 -0.000005 
2460663.920386 -0.000002 
2460665.604868 -0.000002 
2460667.289350 0.000004 
2460668.973832 0.000007 
2460670.658314 0.000001 
2460672.342796 -0.000004 
2460674.027278 -0.000002 
2460675.711760 -0.000002 
2460677.396242 -0.000002 
2460679.080724 -0.000002 
2460680.765206 -0.000002 
2460682.449688 -0.000002 
2460684.134170 -0.000001 
