# time Tc_folded Tref_folded value value_err offset model full_model val_compare val_compare_err residuals residuals_err jitter jitter_flag offset_flag subset_flag 
2455480.529186 0.000000 0.000000 6736.979894 0.971355 6749.563835 -12.432875 6737.130959 -12.583941 0.971355 -0.151065 0.971355 1.856017   1   1  -1 
2455480.532970 0.000000 0.000000 6736.094407 0.880169 6749.563835 -12.431873 6737.131962 -13.469428 0.880169 -1.037555 0.880169 1.856017   1   1  -1 
2455480.536778 0.000000 0.000000 6734.204715 0.930093 6749.563835 -12.430841 6737.132993 -15.359120 0.930093 -2.928278 0.930093 1.856017   1   1  -1 
2455482.554786 0.000000 0.000000 6741.458054 0.707811 6749.563835 -9.550396 6740.013438 -8.105781 0.707811 1.444616 0.707811 1.856017   1   1  -1 
2455484.542056 0.000000 0.000000 6740.946449 1.028638 6749.563835 -6.976398 6742.587436 -8.617386 1.028638 -1.640987 1.028638 1.856017   1   1  -1 
2455484.545828 0.000000 0.000000 6742.814201 1.065413 6749.563835 -6.974329 6742.589506 -6.749634 1.065413 0.224695 1.065413 1.856017   1   1  -1 
2455484.549671 0.000000 0.000000 6740.893501 1.016694 6749.563835 -6.972230 6742.591605 -8.670334 1.016694 -1.698104 1.016694 1.856017   1   1  -1 
2455485.527184 0.000000 0.000000 6742.415408 0.864068 6749.563835 -6.665967 6742.897867 -7.148427 0.864068 -0.482459 0.864068 1.856017   1   1  -1 
2455485.532971 0.000000 0.000000 6742.960770 0.891412 6749.563835 -6.665085 6742.898750 -6.603065 0.891412 0.062020 0.891412 1.856017   1   1  -1 
2455487.543214 0.000000 0.000000 6741.874138 0.808873 6749.563835 -6.596764 6742.967071 -7.689697 0.808873 -1.092933 0.808873 1.856017   1   1  -1 
2455487.548897 0.000000 0.000000 6742.782044 0.803534 6749.563835 -6.597426 6742.966408 -6.781791 0.803534 -0.184364 0.803534 1.856017   1   1  -1 
2455493.544252 0.000000 0.000000 6743.144504 0.793201 6749.563835 -6.408169 6743.155666 -6.419331 0.793201 -0.011162 0.793201 1.856017   1   1  -1 
2455493.550478 0.000000 0.000000 6741.566527 0.810440 6749.563835 -6.407551 6743.156283 -7.997308 0.810440 -1.589756 0.810440 1.856017   1   1  -1 
2455495.535877 0.000000 0.000000 6741.987547 0.802492 6749.563835 -6.309285 6743.254550 -7.576288 0.802492 -1.267003 0.802492 1.856017   1   1  -1 
2455495.541664 0.000000 0.000000 6742.530962 0.850836 6749.563835 -6.307892 6743.255943 -7.032873 0.850836 -0.724981 0.850836 1.856017   1   1  -1 
2455498.517820 0.000000 0.000000 6743.241742 1.327692 6749.563835 -6.125556 6743.438278 -6.322093 1.327692 -0.196536 1.327692 1.856017   1   1  -1 
2455498.523445 0.000000 0.000000 6742.436859 1.200196 6749.563835 -6.130731 6743.433104 -7.126976 1.200196 -0.996245 1.200196 1.856017   1   1  -1 
2455500.544007 0.000000 0.000000 6740.389314 0.683673 6749.563835 -8.794915 6740.768920 -9.174521 0.683673 -0.379606 0.683673 1.856017   1   1  -1 
2455500.549389 0.000000 0.000000 6739.327197 0.744348 6749.563835 -8.800611 6740.763223 -10.236638 0.744348 -1.436026 0.744348 1.856017   1   1  -1 
2455501.547102 0.000000 0.000000 6738.201800 0.605317 6749.563835 -9.344673 6740.219161 -11.362035 0.605317 -2.017361 0.605317 1.856017   1   1  -1 
2455501.552738 0.000000 0.000000 6736.954145 0.578445 6749.563835 -9.344740 6740.219095 -12.609690 0.578445 -3.264950 0.578445 1.856017   1   1  -1 
2455505.514789 0.000000 0.000000 6740.070490 0.688526 6749.563835 -9.566710 6739.997125 -9.493345 0.688526 0.073365 0.688526 1.856017   1   1  -1 
2455505.520425 0.000000 0.000000 6740.042201 0.681455 6749.563835 -9.573196 6739.990638 -9.521634 0.681455 0.051563 0.681455 1.856017   1   1  -1 
2455507.517142 0.000000 0.000000 6737.783175 0.529962 6749.563835 -11.332681 6738.231154 -11.780660 0.529962 -0.447979 0.529962 1.856017   1   1  -1 
2455507.522824 0.000000 0.000000 6736.008881 0.540417 6749.563835 -11.334908 6738.228926 -13.554954 0.540417 -2.220045 0.540417 1.856017   1   1  -1 
2455509.518050 0.000000 0.000000 6739.147553 0.760523 6749.563835 -11.632341 6737.931494 -10.416282 0.760523 1.216059 0.760523 1.856017   1   1  -1 
2455509.523524 0.000000 0.000000 6739.453965 0.709529 6749.563835 -11.632875 6737.930960 -10.109870 0.709529 1.523005 0.709529 1.856017   1   1  -1 
2455511.516449 0.000000 0.000000 6736.700627 0.796997 6749.563835 -11.526550 6738.037285 -12.863208 0.796997 -1.336658 0.796997 1.856017   1   1  -1 
2455511.521935 0.000000 0.000000 6737.359679 0.793324 6749.563835 -11.524347 6738.039488 -12.204156 0.793324 -0.679809 0.793324 1.856017   1   1  -1 
2455513.504562 0.000000 0.000000 6739.969627 0.836669 6749.563835 -9.871305 6739.692530 -9.594208 0.836669 0.277097 0.836669 1.856017   1   1  -1 
2455513.510244 0.000000 0.000000 6739.379536 0.882170 6749.563835 -9.864842 6739.698993 -10.184299 0.882170 -0.319457 0.882170 1.856017   1   1  -1 
2455514.505835 0.000000 0.000000 6740.416095 0.671812 6749.563835 -8.648744 6740.915091 -9.147740 0.671812 -0.498996 0.671812 1.856017   1   1  -1 
2455514.511356 0.000000 0.000000 6741.219400 0.683432 6749.563835 -8.641462 6740.922373 -8.344435 0.683432 0.297027 0.683432 1.856017   1   1  -1 
2455519.503938 0.000000 0.000000 6751.476274 1.033370 6749.563835 -0.053956 6749.509879 1.912439 1.033370 1.966395 1.033370 1.856017   1   1  -1 
2455519.508811 0.000000 0.000000 6750.581276 0.996146 6749.563835 -0.052820 6749.511015 1.017441 0.996146 1.070261 0.996146 1.856017   1   1  -1 
2455523.508036 0.000000 0.000000 6747.670446 0.829835 6749.563835 -2.239631 6747.324204 -1.893389 0.829835 0.346242 0.829835 1.856017   1   1  -1 
2455523.513036 0.000000 0.000000 6746.377680 0.865769 6749.563835 -2.243210 6747.320624 -3.186155 0.865769 -0.942944 0.865769 1.856017   1   1  -1 
2455524.521481 0.000000 0.000000 6745.252557 0.667948 6749.563835 -3.373243 6746.190592 -4.311278 0.667948 -0.938035 0.667948 1.856017   1   1  -1 
2455524.526446 0.000000 0.000000 6747.418629 0.678388 6749.563835 -3.381168 6746.182666 -2.145206 0.678388 1.235963 0.678388 1.856017   1   1  -1 
2455653.900831 0.000000 0.000000 6744.853956 0.744608 6749.563835 -5.208048 6744.355787 -4.709879 0.744608 0.498169 0.744608 1.856017   1   1  -1 
2455653.906410 0.000000 0.000000 6744.437562 0.736194 6749.563835 -5.211152 6744.352682 -5.126273 0.736194 0.084880 0.736194 1.856017   1   1  -1 
2455654.900357 0.000000 0.000000 6743.527057 0.814117 6749.563835 -5.705771 6743.858063 -6.036778 0.814117 -0.331006 0.814117 1.856017   1   1  -1 
2455654.905936 0.000000 0.000000 6743.668193 0.731415 6749.563835 -5.707999 6743.855836 -5.895642 0.731415 -0.187643 0.731415 1.856017   1   1  -1 
2455657.909222 0.000000 0.000000 6743.719643 0.605709 6749.563835 -6.062475 6743.501360 -5.844192 0.605709 0.218283 0.605709 1.856017   1   1  -1 
2455657.914813 0.000000 0.000000 6741.956807 0.631733 6749.563835 -6.062787 6743.501047 -7.607028 0.631733 -1.544240 0.631733 1.856017   1   1  -1 
2455659.907949 0.000000 0.000000 6742.173855 0.769486 6749.563835 -6.244690 6743.319144 -7.389980 0.769486 -1.145289 0.769486 1.856017   1   1  -1 
2455659.913540 0.000000 0.000000 6744.060561 0.803020 6749.563835 -6.245184 6743.318651 -5.503274 0.803020 0.741910 0.803020 1.856017   1   1  -1 
2455660.901884 0.000000 0.000000 6745.219734 0.502349 6749.563835 -6.339051 6743.224784 -4.344101 0.502349 1.994950 0.502349 1.856017   1   1  -1 
2455662.902485 0.000000 0.000000 6741.723247 0.948916 6749.563835 -6.879250 6742.684584 -7.840588 0.948916 -0.961337 0.948916 1.856017   1   1  -1 
2455662.908180 0.000000 0.000000 6743.920904 0.909242 6749.563835 -6.881476 6742.682359 -5.642931 0.909242 1.238545 0.909242 1.856017   1   1  -1 
2455663.839263 0.000000 0.000000 6740.006775 1.737212 6749.563835 -7.195235 6742.368600 -9.557060 1.737212 -2.361825 1.737212 1.856017   1   1  -1 
2455672.897729 0.000000 0.000000 6742.158654 0.653920 6749.563835 -6.412319 6743.151516 -7.405181 0.653920 -0.992862 0.653920 1.856017   1   1  -1 
2455672.902775 0.000000 0.000000 6743.643604 0.601277 6749.563835 -6.412830 6743.151004 -5.920231 0.601277 0.492600 0.601277 1.856017   1   1  -1 
2455675.905453 0.000000 0.000000 6741.296177 0.422700 6749.563835 -7.522905 6742.040930 -8.267658 0.422700 -0.744753 0.422700 1.856017   1   1  -1 
2455679.879903 0.000000 0.000000 6740.439105 0.504578 6749.563835 -8.676571 6740.887263 -9.124730 0.504578 -0.448158 0.504578 1.856017   1   1  -1 
2455679.885123 0.000000 0.000000 6741.251299 0.513702 6749.563835 -8.677276 6740.886559 -8.312536 0.513702 0.364740 0.513702 1.856017   1   1  -1 
2455712.893679 0.000000 0.000000 6743.439908 0.560355 6749.563835 -5.613222 6743.950613 -6.123927 0.560355 -0.510705 0.560355 1.856017   1   1  -1 
2455715.864679 0.000000 0.000000 6747.620719 1.363467 6749.563835 -4.356902 6745.206932 -1.943116 1.363467 2.413787 1.363467 1.856017   1   1  -1 
2455715.867376 0.000000 0.000000 6744.977745 1.418842 6749.563835 -4.356364 6745.207471 -4.586090 1.418842 -0.229726 1.418842 1.856017   1   1  -1 
2455715.869992 0.000000 0.000000 6742.248056 1.436778 6749.563835 -4.355845 6745.207990 -7.315779 1.436778 -2.959934 1.436778 1.856017   1   1  -1 
2455715.872747 0.000000 0.000000 6746.539265 1.484829 6749.563835 -4.355301 6745.208533 -3.024570 1.484829 1.330732 1.484829 1.856017   1   1  -1 
2455727.859452 0.000000 0.000000 6749.048938 1.056398 6749.563835 -2.484763 6747.079072 -0.514897 1.056398 1.969866 1.056398 1.856017   1   1  -1 
2455727.863145 0.000000 0.000000 6746.852638 1.033327 6749.563835 -2.484287 6747.079548 -2.711197 1.033327 -0.226910 1.033327 1.856017   1   1  -1 
2455727.866953 0.000000 0.000000 6748.121533 1.119485 6749.563835 -2.483802 6747.080032 -1.442302 1.119485 1.041501 1.119485 1.856017   1   1  -1 
2455735.809170 0.000000 0.000000 6744.754804 0.526032 6749.563835 -3.451679 6746.112155 -4.809031 0.526032 -1.357351 0.526032 1.856017   1   1  -1 
2455754.777241 0.000000 0.000000 6746.468927 1.091349 6749.563835 -3.958214 6745.605621 -3.094908 1.091349 0.863306 1.091349 1.856017   1   1  -1 
2455755.755721 0.000000 0.000000 6744.820061 0.768792 6749.563835 -3.308939 6746.254895 -4.743774 0.768792 -1.434834 0.768792 1.856017   1   1  -1 
2455769.736300 0.000000 0.000000 6741.910452 0.677532 6749.563835 -5.279405 6744.284429 -7.653383 0.677532 -2.373977 0.677532 1.856017   1   1  -1 
2455769.742075 0.000000 0.000000 6742.850451 0.770313 6749.563835 -5.280932 6744.282903 -6.713384 0.770313 -1.432452 0.770313 1.856017   1   1  -1 
2455776.628483 0.000000 0.000000 6750.213357 0.712348 6749.563835 -3.647302 6745.916533 0.649522 0.712348 4.296824 0.712348 1.856017   1   1  -1 
2455782.624998 0.000000 0.000000 6747.016802 0.761072 6749.563835 -3.977391 6745.586444 -2.547033 0.761072 1.430358 0.761072 1.856017   1   1  -1 
2455784.737667 0.000000 0.000000 6741.817184 0.545366 6749.563835 -5.307943 6744.255891 -7.746651 0.545366 -2.438707 0.545366 1.856017   1   1  -1 
2455801.526698 0.000000 0.000000 6751.852184 1.273141 6749.563835 -1.178756 6748.385079 2.288349 1.273141 3.467105 1.273141 1.856017   1   1  -1 
2455801.531628 0.000000 0.000000 6748.995510 1.177162 6749.563835 -1.181515 6748.382320 -0.568325 1.177162 0.613190 1.177162 1.856017   1   1  -1 
2455804.632333 0.000000 0.000000 6745.335970 1.120566 6749.563835 -3.661946 6745.901889 -4.227865 1.120566 -0.565919 1.120566 1.856017   1   1  -1 
2455804.637669 0.000000 0.000000 6747.868911 1.032150 6749.563835 -3.665235 6745.898600 -1.694924 1.032150 1.970311 1.032150 1.856017   1   1  -1 
2455807.626267 0.000000 0.000000 6743.760974 0.965710 6749.563835 -4.777495 6744.786340 -5.802861 0.965710 -1.025366 0.965710 1.856017   1   1  -1 
2455807.631162 0.000000 0.000000 6744.367308 0.886584 6749.563835 -4.777595 6744.786240 -5.196527 0.886584 -0.418932 0.886584 1.856017   1   1  -1 
2455810.581550 0.000000 0.000000 6749.536319 0.754194 6749.563835 -4.138047 6745.425787 -0.027516 0.754194 4.110532 0.754194 1.856017   1   1  -1 
2455810.586723 0.000000 0.000000 6745.341822 0.797392 6749.563835 -4.138346 6745.425489 -4.222013 0.797392 -0.083667 0.797392 1.856017   1   1  -1 
2455816.587002 0.000000 0.000000 6736.994306 0.959785 6749.563835 -9.226667 6740.337168 -12.569529 0.959785 -3.342862 0.959785 1.856017   1   1  -1 
2455816.590578 0.000000 0.000000 6737.632453 0.889883 6749.563835 -9.223440 6740.340394 -11.931382 0.889883 -2.707941 0.889883 1.856017   1   1  -1 
2455816.594154 0.000000 0.000000 6736.813114 0.876464 6749.563835 -9.220198 6740.343637 -12.750721 0.876464 -3.530523 0.876464 1.856017   1   1  -1 
2455834.622073 0.000000 0.000000 6741.622283 0.577372 6749.563835 -7.195300 6742.368535 -7.941552 0.577372 -0.746252 0.577372 1.856017   1   1  -1 
2455834.627593 0.000000 0.000000 6741.694550 0.576524 6749.563835 -7.201950 6742.361885 -7.869285 0.576524 -0.667335 0.576524 1.856017   1   1  -1 
2455836.585712 0.000000 0.000000 6742.623220 0.680522 6749.563835 -8.018537 6741.545298 -6.940615 0.680522 1.077922 0.680522 1.856017   1   1  -1 
2455836.591440 0.000000 0.000000 6741.147612 0.679136 6749.563835 -8.015261 6741.548574 -8.416223 0.679136 -0.400962 0.679136 1.856017   1   1  -1 
2455839.585007 0.000000 0.000000 6748.405228 0.910132 6749.563835 -2.804300 6746.759535 -1.158607 0.910132 1.645693 0.910132 1.856017   1   1  -1 
2455839.590794 0.000000 0.000000 6747.617891 0.919769 6749.563835 -2.792068 6746.771767 -1.945944 0.919769 0.846124 0.919769 1.856017   1   1  -1 
2455842.549547 0.000000 0.000000 6752.493747 1.066299 6749.563835 0.256888 6749.820723 2.929912 1.066299 2.673024 1.066299 1.856017   1   1  -1 
2455842.555033 0.000000 0.000000 6750.073896 0.873203 6749.563835 0.256545 6749.820380 0.510061 0.873203 0.253516 0.873203 1.856017   1   1  -1 
2455845.575633 0.000000 0.000000 6749.336050 1.067738 6749.563835 -1.237449 6748.326385 -0.227785 1.067738 1.009665 1.067738 1.856017   1   1  -1 
2455845.581258 0.000000 0.000000 6747.769866 0.922401 6749.563835 -1.243046 6748.320788 -1.793969 0.922401 -0.550922 0.922401 1.856017   1   1  -1 
2455870.498785 0.000000 0.000000 6742.487318 0.730627 6749.563835 -7.546235 6742.017600 -7.076517 0.730627 0.469718 0.730627 1.856017   1   1  -1 
2455870.504422 0.000000 0.000000 6741.521976 0.718479 6749.563835 -7.544196 6742.019638 -8.041859 0.718479 -0.497662 0.718479 1.856017   1   1  -1 
2455874.532217 0.000000 0.000000 6744.629305 1.027595 6749.563835 -4.732084 6744.831751 -4.934530 1.027595 -0.202446 1.027595 1.856017   1   1  -1 
2455874.537437 0.000000 0.000000 6744.608219 1.390676 6749.563835 -4.733398 6744.830436 -4.955616 1.390676 -0.222217 1.390676 1.856017   1   1  -1 
2455878.549549 0.000000 0.000000 6743.133515 1.360956 6749.563835 -4.806499 6744.757336 -6.430320 1.360956 -1.623821 1.360956 1.856017   1   1  -1 
2455878.554965 0.000000 0.000000 6740.135198 1.321422 6749.563835 -4.801355 6744.762480 -9.428637 1.321422 -4.627282 1.321422 1.856017   1   1  -1 
2456020.892743 0.000000 0.000000 6745.146307 0.800504 6749.563835 -4.102121 6745.461714 -4.417528 0.800504 -0.315407 0.800504 1.856017   1   1  -1 
2456020.898160 0.000000 0.000000 6746.202855 0.781449 6749.563835 -4.104926 6745.458909 -3.360980 0.781449 0.743946 0.781449 1.856017   1   1  -1 
2456022.889397 0.000000 0.000000 6744.288656 0.994688 6749.563835 -5.153667 6744.410168 -5.275179 0.994688 -0.121512 0.994688 1.856017   1   1  -1 
2456022.894884 0.000000 0.000000 6746.835284 1.113054 6749.563835 -5.156169 6744.407666 -2.728551 1.113054 2.427618 1.113054 1.856017   1   1  -1 
2456024.891353 0.000000 0.000000 6742.988987 0.857313 6749.563835 -5.797203 6743.766632 -6.574848 0.857313 -0.777645 0.857313 1.856017   1   1  -1 
2456024.897048 0.000000 0.000000 6744.748045 0.814076 6749.563835 -5.798303 6743.765531 -4.815790 0.814076 0.982514 0.814076 1.856017   1   1  -1 
2456028.922257 0.000000 0.000000 6746.543190 0.690565 6749.563835 -4.216838 6745.346996 -3.020645 0.690565 1.196194 0.690565 1.856017   1   1  -1 
2456029.892891 0.000000 0.000000 6747.320493 1.086998 6749.563835 -3.336985 6746.226850 -2.243342 1.086998 1.093643 1.086998 1.856017   1   1  -1 
2456029.898354 0.000000 0.000000 6748.760240 1.038533 6749.563835 -3.333031 6746.230804 -0.803595 1.038533 2.529436 1.038533 1.856017   1   1  -1 
2456031.852968 0.000000 0.000000 6747.989211 0.817617 6749.563835 -3.176354 6746.387481 -1.574624 0.817617 1.601730 0.817617 1.856017   1   1  -1 
2456052.857065 0.000000 0.000000 6746.249978 0.812636 6749.563835 -5.625313 6743.938522 -3.313857 0.812636 2.311456 0.812636 1.856017   1   1  -1 
2456052.862482 0.000000 0.000000 6745.619923 0.787680 6749.563835 -5.627205 6743.936630 -3.943912 0.787680 1.683293 0.787680 1.856017   1   1  -1 
2456053.851639 0.000000 0.000000 6743.166273 0.874947 6749.563835 -5.805071 6743.758764 -6.397562 0.874947 -0.592491 0.874947 1.856017   1   1  -1 
2456053.857114 0.000000 0.000000 6741.264696 0.828685 6749.563835 -5.804915 6743.758920 -8.299139 0.828685 -2.494224 0.828685 1.856017   1   1  -1 
2456054.839916 0.000000 0.000000 6746.508998 0.533012 6749.563835 -5.541188 6744.022647 -3.054837 0.533012 2.486351 0.533012 1.856017   1   1  -1 
2456055.886865 0.000000 0.000000 6744.080866 0.509706 6749.563835 -4.836402 6744.727432 -5.482969 0.509706 -0.646566 0.509706 1.856017   1   1  -1 
2456056.818146 0.000000 0.000000 6747.963625 0.893302 6749.563835 -4.093852 6745.469982 -1.600210 0.893302 2.493643 0.893302 1.856017   1   1  -1 
2456056.823714 0.000000 0.000000 6744.469105 0.813986 6749.563835 -4.089642 6745.474192 -5.094730 0.813986 -1.005087 0.813986 1.856017   1   1  -1 
2456078.843392 0.000000 0.000000 6746.158961 0.647558 6749.563835 -1.685288 6747.878546 -3.404874 0.647558 -1.719585 0.647558 1.856017   1   1  -1 
2456078.849075 0.000000 0.000000 6745.719595 0.632973 6749.563835 -1.684386 6747.879448 -3.844240 0.632973 -2.159853 0.632973 1.856017   1   1  -1 
2456081.832748 0.000000 0.000000 6746.860997 0.796018 6749.563835 -2.345041 6747.218794 -2.702838 0.796018 -0.357797 0.796018 1.856017   1   1  -1 
2456081.838651 0.000000 0.000000 6746.160349 0.647447 6749.563835 -2.347336 6747.216498 -3.403486 0.647447 -1.056149 0.647447 1.856017   1   1  -1 
2456085.820521 0.000000 0.000000 6748.615188 0.878497 6749.563835 -0.857820 6748.706014 -0.948647 0.878497 -0.090826 0.878497 1.856017   1   1  -1 
2456085.826250 0.000000 0.000000 6749.360613 0.917873 6749.563835 -0.850318 6748.713517 -0.203222 0.917873 0.647096 0.917873 1.856017   1   1  -1 
2456088.742747 0.000000 0.000000 6753.524666 0.549399 6749.563835 2.083025 6751.646860 3.960831 0.549399 1.877806 0.549399 1.856017   1   1  -1 
2456092.900369 0.000000 0.000000 6751.383386 0.628826 6749.563835 -0.244008 6749.319827 1.819551 0.628826 2.063559 0.628826 1.856017   1   1  -1 
2456115.815540 0.000000 0.000000 6754.277043 0.776191 6749.563835 2.924984 6752.488818 4.713208 0.776191 1.788225 0.776191 1.856017   1   1  -1 
2456118.809984 0.000000 0.000000 6751.338923 0.512854 6749.563835 1.364562 6750.928396 1.775088 0.512854 0.410527 0.512854 1.856017   1   1  -1 
2456121.820367 0.000000 0.000000 6748.884407 1.411859 6749.563835 0.145873 6749.709708 -0.679428 1.411859 -0.825301 1.411859 1.856017   1   1  -1 
2456149.686124 0.000000 0.000000 6745.208573 0.845009 6749.563835 -4.095419 6745.468416 -4.355262 0.845009 -0.259843 0.845009 1.856017   1   1  -1 
2456154.723489 0.000000 0.000000 6753.155186 0.865117 6749.563835 3.855388 6753.419223 3.591351 0.865117 -0.264037 0.865117 1.856017   1   1  -1 
2456154.728442 0.000000 0.000000 6756.664798 1.281739 6749.563835 3.860012 6753.423846 7.100963 1.281739 3.240952 1.281739 1.856017   1   1  -1 
2456166.527551 0.000000 0.000000 6750.235757 0.645517 6749.563835 -1.997853 6747.565981 0.671922 0.645517 2.669776 0.645517 1.856017   1   1  -1 
2456168.609469 0.000000 0.000000 6746.933111 0.971404 6749.563835 -3.442592 6746.121243 -2.630724 0.971404 0.811868 0.971404 1.856017   1   1  -1 
2456168.615105 0.000000 0.000000 6744.859936 0.857956 6749.563835 -3.445146 6746.118689 -4.703899 0.857956 -1.258753 0.857956 1.856017   1   1  -1 
2456171.510563 0.000000 0.000000 6746.779196 0.523911 6749.563835 -2.688839 6746.874996 -2.784639 0.523911 -0.095800 0.523911 1.856017   1   1  -1 
2456173.694840 0.000000 0.000000 6745.694408 0.870055 6749.563835 0.117993 6749.681828 -3.869427 0.870055 -3.987420 0.870055 1.856017   1   1  -1 
2456181.612869 0.000000 0.000000 6746.780093 0.609426 6749.563835 0.291736 6749.855571 -2.783742 0.609426 -3.075478 0.609426 1.856017   1   1  -1 
2456186.623747 0.000000 0.000000 6750.623304 0.538290 6749.563835 0.341735 6749.905570 1.059469 0.538290 0.717734 0.538290 1.856017   1   1  -1 
2456189.666838 0.000000 0.000000 6748.504253 1.709832 6749.563835 1.453441 6751.017275 -1.059582 1.709832 -2.513022 1.709832 1.856017   1   1  -1 
2456190.592865 0.000000 0.000000 6750.871459 0.873280 6749.563835 1.271406 6750.835240 1.307624 0.873280 0.036219 0.873280 1.856017   1   1  -1 
2456190.598548 0.000000 0.000000 6750.369171 0.820368 6749.563835 1.269798 6750.833633 0.805336 0.820368 -0.464462 0.820368 1.856017   1   1  -1 
2456195.586272 0.000000 0.000000 6749.872183 0.911842 6749.563835 4.194978 6753.758813 0.308348 0.911842 -3.886630 0.911842 1.856017   1   1  -1 
2456195.591793 0.000000 0.000000 6753.010576 0.913007 6749.563835 4.202271 6753.766105 3.446741 0.913007 -0.755529 0.913007 1.856017   1   1  -1 
2456198.564091 0.000000 0.000000 6752.020828 1.186346 6749.563835 4.567874 6754.131708 2.456993 1.186346 -2.110880 1.186346 1.856017   1   1  -1 
2456198.569866 0.000000 0.000000 6752.133778 1.250845 6749.563835 4.559248 6754.123083 2.569943 1.250845 -1.989305 1.250845 1.856017   1   1  -1 
2456204.547188 0.000000 0.000000 6753.568624 0.781661 6749.563835 3.073373 6752.637207 4.004789 0.781661 0.931417 0.781661 1.856017   1   1  -1 
2456205.523197 0.000000 0.000000 6749.089385 0.447471 6749.563835 2.161010 6751.724845 -0.474450 0.447471 -2.635460 0.447471 1.856017   1   1  -1 
2456208.615737 0.000000 0.000000 6753.603897 0.942056 6749.563835 4.587886 6754.151720 4.040062 0.942056 -0.547823 0.942056 1.856017   1   1  -1 
2456209.540800 0.000000 0.000000 6759.371118 1.053758 6749.563835 6.449565 6756.013399 9.807283 1.053758 3.357719 1.053758 1.856017   1   1  -1 
2456210.532155 0.000000 0.000000 6759.600350 0.864183 6749.563835 7.562226 6757.126061 10.036515 0.864183 2.474289 0.864183 1.856017   1   1  -1 
2456212.523498 0.000000 0.000000 6755.476387 0.479583 6749.563835 7.423854 6756.987689 5.912552 0.479583 -1.511302 0.479583 1.856017   1   1  -1 
2456217.523649 0.000000 0.000000 6753.855817 0.740951 6749.563835 9.950247 6759.514082 4.291982 0.740951 -5.658265 0.740951 1.856017   1   1  -1 
2456217.529482 0.000000 0.000000 6756.209522 0.723468 6749.563835 9.949016 6759.512851 6.645687 0.723468 -3.303329 0.723468 1.856017   1   1  -1 
2456218.587951 0.000000 0.000000 6761.087306 0.783291 6749.563835 9.050362 6758.614197 11.523471 0.783291 2.473109 0.783291 1.856017   1   1  -1 
2456219.500319 0.000000 0.000000 6756.194158 0.495656 6749.563835 7.299979 6756.863814 6.630323 0.495656 -0.669656 0.495656 1.856017   1   1  -1 
2456220.491327 0.000000 0.000000 6755.982846 0.783227 6749.563835 5.064358 6754.628193 6.419011 0.783227 1.354653 0.783227 1.856017   1   1  -1 
2456220.514069 0.000000 0.000000 6755.832612 0.640640 6749.563835 5.017287 6754.581121 6.268777 0.640640 1.251491 0.640640 1.856017   1   1  -1 
2456409.867093 0.000000 0.000000 6759.457368 1.234666 6749.563835 8.640099 6758.203934 9.893533 1.234666 1.253434 1.234666 1.856017   1   1  -1 
2456409.872719 0.000000 0.000000 6760.777904 1.190406 6749.563835 8.624865 6758.188699 11.214069 1.190406 2.589205 1.190406 1.856017   1   1  -1 
2456416.824768 0.000000 0.000000 6754.823732 1.100783 6749.563835 4.723818 6754.287653 5.259897 1.100783 0.536079 1.100783 1.856017   1   1  -1 
2456416.828565 0.000000 0.000000 6752.557971 1.091725 6749.563835 4.722608 6754.286443 2.994136 1.091725 -1.728472 1.091725 1.856017   1   1  -1 
2456416.832443 0.000000 0.000000 6755.652557 1.133660 6749.563835 4.721376 6754.285211 6.088722 1.133660 1.367346 1.133660 1.856017   1   1  -1 
2456432.884915 0.000000 0.000000 6750.289458 0.787972 6749.563835 1.061228 6750.625063 0.725623 0.787972 -0.335605 0.787972 1.856017   1   1  -1 
2456432.890124 0.000000 0.000000 6749.887804 0.901606 6749.563835 1.064420 6750.628255 0.323969 0.901606 -0.740451 0.901606 1.856017   1   1  -1 
2456433.905268 0.000000 0.000000 6751.123745 1.477288 6749.563835 2.009925 6751.573760 1.559910 1.477288 -0.450015 1.477288 1.856017   1   1  -1 
2456433.910395 0.000000 0.000000 6755.515765 1.603077 6749.563835 2.015230 6751.579064 5.951930 1.603077 3.936701 1.603077 1.856017   1   1  -1 
2456434.892458 0.000000 0.000000 6749.944594 0.969582 6749.563835 2.802752 6752.366587 0.380759 0.969582 -2.421993 0.969582 1.856017   1   1  -1 
2456434.898129 0.000000 0.000000 6750.432478 0.937709 6749.563835 2.805423 6752.369258 0.868643 0.937709 -1.936780 0.937709 1.856017   1   1  -1 
2456437.889188 0.000000 0.000000 6752.992684 0.801579 6749.563835 2.686587 6752.250421 3.428849 0.801579 0.742263 0.801579 1.856017   1   1  -1 
2456437.894720 0.000000 0.000000 6750.576482 0.735776 6749.563835 2.688588 6752.252422 1.012647 0.735776 -1.675940 0.735776 1.856017   1   1  -1 
2456438.860772 0.000000 0.000000 6752.460540 0.640814 6749.563835 3.348471 6752.912306 2.896705 0.640814 -0.451766 0.640814 1.856017   1   1  -1 
2456441.860316 0.000000 0.000000 6756.852144 0.846284 6749.563835 5.708669 6755.272504 7.288309 0.846284 1.579640 0.846284 1.856017   1   1  -1 
2456454.832361 0.000000 0.000000 6752.986609 0.709239 6749.563835 2.520978 6752.084813 3.422774 0.709239 0.901796 0.709239 1.856017   1   1  -1 
2456454.837894 0.000000 0.000000 6750.972291 0.711651 6749.563835 2.526059 6752.089893 1.408456 0.711651 -1.117602 0.711651 1.856017   1   1  -1 
2456467.823190 0.000000 0.000000 6754.822849 1.255655 6749.563835 2.435228 6751.999063 5.259014 1.255655 2.823786 1.255655 1.856017   1   1  -1 
2456467.826929 0.000000 0.000000 6751.728023 1.113375 6749.563835 2.437872 6752.001707 2.164188 1.113375 -0.273684 1.113375 1.856017   1   1  -1 
2456467.830702 0.000000 0.000000 6751.044367 1.185837 6749.563835 2.440540 6752.004375 1.480532 1.185837 -0.960008 1.185837 1.856017   1   1  -1 
2456473.860840 0.000000 0.000000 6750.322340 1.051321 6749.563835 1.773690 6751.337525 0.758505 1.051321 -1.015185 1.051321 1.856017   1   1  -1 
2456473.864821 0.000000 0.000000 6751.867851 1.016901 6749.563835 1.781391 6751.345226 2.304016 1.016901 0.522625 1.016901 1.856017   1   1  -1 
2456473.868595 0.000000 0.000000 6753.178042 1.098920 6749.563835 1.788696 6751.352531 3.614207 1.098920 1.825511 1.098920 1.856017   1   1  -1 
2456480.776552 0.000000 0.000000 6754.557282 0.996431 6749.563835 3.880244 6753.444079 4.993447 0.996431 1.113203 0.996431 1.856017   1   1  -1 
2456480.782281 0.000000 0.000000 6755.387313 0.925325 6749.563835 3.885948 6753.449783 5.823478 0.925325 1.937530 0.925325 1.856017   1   1  -1 
2456481.631506 0.000000 0.000000 6756.772221 1.240759 6749.563835 4.712545 6754.276379 7.208386 1.240759 2.495842 1.240759 1.856017   1   1  -1 
2456481.637189 0.000000 0.000000 6753.538508 1.259412 6749.563835 4.717601 6754.281436 3.974673 1.259412 -0.742928 1.259412 1.856017   1   1  -1 
2456501.599929 0.000000 0.000000 6754.822030 0.631664 6749.563835 3.114694 6752.678528 5.258195 0.631664 2.143502 0.631664 1.856017   1   1  -1 
2456523.744316 0.000000 0.000000 6751.875856 0.567478 6749.563835 0.753804 6750.317639 2.312021 0.567478 1.558217 0.567478 1.856017   1   1  -1 
2456524.691276 0.000000 0.000000 6747.554595 0.703132 6749.563835 1.308293 6750.872128 -2.009240 0.703132 -3.317533 0.703132 1.856017   1   1  -1 
2456524.696693 0.000000 0.000000 6749.458315 0.716695 6749.563835 1.312620 6750.876454 -0.105520 0.716695 -1.418139 0.716695 1.856017   1   1  -1 
2456525.743740 0.000000 0.000000 6754.356749 0.637734 6749.563835 2.342595 6751.906430 4.792914 0.637734 2.450319 0.637734 1.856017   1   1  -1 
2456569.534062 0.000000 0.000000 6756.517428 1.076929 6749.563835 3.550970 6753.114805 6.953593 1.076929 3.402623 1.076929 1.856017   1   1  -1 
2456585.564665 0.000000 0.000000 6750.921123 0.855663 6749.563835 -0.585459 6748.978376 1.357288 0.855663 1.942747 0.855663 1.856017   1   1  -1 
2456585.568473 0.000000 0.000000 6746.976103 0.828824 6749.563835 -0.584056 6748.979779 -2.587732 0.828824 -2.003676 0.828824 1.856017   1   1  -1 
2456585.572350 0.000000 0.000000 6750.112670 0.846101 6749.563835 -0.582631 6748.981203 0.548835 0.846101 1.131467 0.846101 1.856017   1   1  -1 
2456586.547688 0.000000 0.000000 6750.875948 0.928572 6749.563835 -0.376257 6749.187577 1.312113 0.928572 1.688371 0.928572 1.856017   1   1  -1 
2456586.551530 0.000000 0.000000 6750.104421 0.993006 6749.563835 -0.376077 6749.187758 0.540586 0.993006 0.916663 0.993006 1.856017   1   1  -1 
2456586.555442 0.000000 0.000000 6748.200881 1.030307 6749.563835 -0.375897 6749.187937 -1.362954 1.030307 -0.987056 1.030307 1.856017   1   1  -1 
2456590.510961 0.000000 0.000000 6753.078268 1.367518 6749.563835 1.147818 6750.711652 3.514433 1.367518 2.366616 1.367518 1.856017   1   1  -1 
2456590.514943 0.000000 0.000000 6747.110191 1.522789 6749.563835 1.152826 6750.716660 -2.453644 1.522789 -3.606469 1.522789 1.856017   1   1  -1 
2456590.518611 0.000000 0.000000 6747.510946 1.287716 6749.563835 1.157441 6750.721276 -2.052889 1.287716 -3.210330 1.287716 1.856017   1   1  -1 
2456765.917789 0.000000 0.000000 6752.196408 0.712210 6749.563835 -0.219408 6749.344426 2.632573 0.712210 2.851982 0.712210 1.856017   1   1  -1 
2456765.923021 0.000000 0.000000 6750.137503 0.718686 6749.563835 -0.215513 6749.348322 0.573668 0.718686 0.789181 0.718686 1.856017   1   1  -1 
2456789.854143 0.000000 0.000000 6754.654993 0.783119 6749.563835 4.992982 6754.556816 5.091158 0.783119 0.098177 0.783119 1.856017   1   1  -1 
2456789.859722 0.000000 0.000000 6754.125832 0.810184 6749.563835 5.004066 6754.567901 4.561997 0.810184 -0.442069 0.810184 1.856017   1   1  -1 
2456806.890179 0.000000 0.000000 6753.452377 0.848654 6749.563835 -0.389395 6749.174440 3.888542 0.848654 4.277937 0.848654 1.856017   1   1  -1 
2456829.893363 0.000000 0.000000 6751.251499 0.544726 6749.563835 1.236818 6750.800653 1.687664 0.544726 0.450846 0.544726 1.856017   1   1  -1 
2456857.748704 0.000000 0.000000 6749.652990 0.916881 6749.563835 0.731699 6750.295534 0.089155 0.916881 -0.642544 0.916881 1.856017   1   1  -1 
2456857.754433 0.000000 0.000000 6750.982955 0.896024 6749.563835 0.734360 6750.298194 1.419120 0.896024 0.684761 0.896024 1.856017   1   1  -1 
2456866.784629 0.000000 0.000000 6748.725985 0.744866 6749.563835 -2.548468 6747.015366 -0.837850 0.744866 1.710619 0.744866 1.856017   1   1  -1 
2456896.727940 0.000000 0.000000 6755.871457 1.053796 6749.563835 4.343155 6753.906990 6.307622 1.053796 1.964467 1.053796 1.856017   1   1  -1 
2456896.733287 0.000000 0.000000 6755.155412 1.302275 6749.563835 4.344704 6753.908539 5.591577 1.302275 1.246873 1.302275 1.856017   1   1  -1 
2457146.919889 0.000000 0.000000 6757.076817 0.544417 6749.563835 5.732005 6755.295840 7.512982 0.544417 1.780977 0.544417 1.856017   1   1  -1 
2457176.844500 0.000000 0.000000 6764.693117 0.482556 6766.880809 -2.652930 6764.227879 -2.187692 0.482556 0.465238 0.482556 1.856017   1   2  -1 
2457180.950532 0.000000 0.000000 6764.602498 0.611496 6766.880809 -1.706028 6765.174780 -2.278311 0.611496 -0.572282 0.611496 1.856017   1   2  -1 
2457180.956053 0.000000 0.000000 6767.474385 0.642310 6766.880809 -1.703697 6765.177112 0.593576 0.642310 2.297273 0.642310 1.856017   1   2  -1 
2457307.523708 0.000000 0.000000 6769.474717 0.569213 6766.880809 2.067383 6768.948191 2.593908 0.569213 0.526526 0.569213 1.856017   1   2  -1 
2457307.529113 0.000000 0.000000 6769.180290 0.591603 6766.880809 2.073184 6768.953993 2.299481 0.591603 0.226297 0.591603 1.856017   1   2  -1 
2457879.840329 0.000000 0.000000 6766.798509 0.840815 6766.880809 -0.446800 6766.434009 -0.082300 0.840815 0.364500 0.840815 1.856017   1   2  -1 
2457968.637355 0.000000 0.000000 6769.850407 0.766025 6766.880809 3.129053 6770.009861 2.969598 0.766025 -0.159454 0.766025 1.856017   1   2  -1 
2460042.883932 0.000000 0.000000 6638.543767 0.194366 6629.029091 7.592028 6636.621118 9.514676 0.194366 1.922649 0.194366 2.000636   0   0  -1 
2460042.889532 0.000000 0.000000 6639.362246 0.197675 6629.029091 7.595569 6636.624659 10.333155 0.197675 2.737587 0.197675 2.000636   0   0  -1 
2460043.870973 0.000000 0.000000 6635.676123 0.231538 6629.029091 7.842329 6636.871420 6.647032 0.231538 -1.195297 0.231538 2.000636   0   0  -1 
2460043.876677 0.000000 0.000000 6635.144250 0.215486 6629.029091 7.841151 6636.870242 6.115159 0.215486 -1.725992 0.215486 2.000636   0   0  -1 
2460044.793251 0.000000 0.000000 6636.194980 0.238014 6629.029091 7.203297 6636.232388 7.165889 0.238014 -0.037408 0.238014 2.000636   0   0  -1 
2460044.798982 0.000000 0.000000 6635.616222 0.236508 6629.029091 7.196592 6636.225683 6.587131 0.236508 -0.609461 0.236508 2.000636   0   0  -1 
2460045.773704 0.000000 0.000000 6630.485958 0.527086 6629.029091 5.689774 6634.718865 1.456867 0.527086 -4.232907 0.527086 2.000636   0   0  -1 
2460045.779649 0.000000 0.000000 6631.851550 0.356358 6629.029091 5.678964 6634.708055 2.822459 0.356358 -2.856505 0.356358 2.000636   0   0  -1 
2460046.786658 0.000000 0.000000 6633.843874 0.216596 6629.029091 3.801050 6632.830141 4.814783 0.216596 1.013733 0.216596 2.000636   0   0  -1 
2460046.792204 0.000000 0.000000 6634.866972 0.200898 6629.029091 3.791044 6632.820134 5.837881 0.200898 2.046838 0.200898 2.000636   0   0  -1 
2460047.789500 0.000000 0.000000 6633.186422 0.215835 6629.029091 2.182046 6631.211137 4.157331 0.215835 1.975285 0.215835 2.000636   0   0  -1 
2460047.795047 0.000000 0.000000 6633.209210 0.207999 6629.029091 2.174261 6631.203352 4.180119 0.207999 2.005858 0.207999 2.000636   0   0  -1 
2460048.783364 0.000000 0.000000 6629.609690 0.259180 6629.029091 0.952810 6629.981900 0.580599 0.259180 -0.372210 0.259180 2.000636   0   0  -1 
2460048.789012 0.000000 0.000000 6629.256972 0.241587 6629.029091 0.946516 6629.975607 0.227881 0.241587 -0.718635 0.241587 2.000636   0   0  -1 
2460049.801102 0.000000 0.000000 6631.039854 0.223882 6629.029091 -0.151664 6628.877427 2.010763 0.223882 2.162427 0.223882 2.000636   0   0  -1 
2460049.806533 0.000000 0.000000 6630.157588 0.237350 6629.029091 -0.157579 6628.871511 1.128497 0.237350 1.286077 0.237350 2.000636   0   0  -1 
2460050.776767 0.000000 0.000000 6629.430013 0.220926 6629.029091 -1.228779 6627.800312 0.400922 0.220926 1.629701 0.220926 2.000636   0   0  -1 
2460050.782471 0.000000 0.000000 6629.926843 0.212336 6629.029091 -1.235053 6627.794038 0.897752 0.212336 2.132805 0.212336 2.000636   0   0  -1 
2460068.823617 0.000000 0.000000 6631.559544 0.250917 6629.029091 1.913890 6630.942981 2.530453 0.250917 0.616563 0.250917 2.000636   0   0  -1 
2460068.829253 0.000000 0.000000 6629.646784 0.315822 6629.029091 1.904567 6630.933657 0.617693 0.315822 -1.286873 0.315822 2.000636   0   0  -1 
2460073.775251 0.000000 0.000000 6625.088984 0.273036 6629.029091 -2.853399 6626.175692 -3.940107 0.273036 -1.086708 0.273036 2.000636   0   0  -1 
2460073.780774 0.000000 0.000000 6625.286948 0.249282 6629.029091 -2.856503 6626.172588 -3.742143 0.249282 -0.885640 0.249282 2.000636   0   0  -1 
2460076.728213 0.000000 0.000000 6628.562665 0.253446 6629.029091 -3.069486 6625.959605 -0.466426 0.253446 2.603060 0.253446 2.000636   0   0  -1 
2460076.733797 0.000000 0.000000 6628.366049 0.242470 6629.029091 -3.065091 6625.964000 -0.663042 0.242470 2.402049 0.242470 2.000636   0   0  -1 
2460077.755001 0.000000 0.000000 6624.903844 0.312506 6629.029091 -1.840768 6627.188322 -4.125247 0.312506 -2.284478 0.312506 2.000636   0   0  -1 
2460077.760768 0.000000 0.000000 6625.020045 0.301092 6629.029091 -1.831633 6627.197458 -4.009046 0.301092 -2.177413 0.301092 2.000636   0   0  -1 
2460078.818364 0.000000 0.000000 6630.516939 0.236131 6629.029091 0.113688 6629.142779 1.487848 0.236131 1.374160 0.236131 2.000636   0   0  -1 
2460078.823976 0.000000 0.000000 6630.804515 0.231515 6629.029091 0.124827 6629.153918 1.775424 0.231515 1.650597 0.231515 2.000636   0   0  -1 
2460079.846559 0.000000 0.000000 6632.273395 0.225727 6629.029091 2.067482 6631.096573 3.244304 0.225727 1.176822 0.225727 2.000636   0   0  -1 
2460079.852048 0.000000 0.000000 6631.927170 0.228638 6629.029091 2.076895 6631.105986 2.898079 0.228638 0.821184 0.228638 2.000636   0   0  -1 
2460080.730235 0.000000 0.000000 6632.645260 0.243529 6629.029091 3.353582 6632.382672 3.616169 0.243529 0.262588 0.243529 2.000636   0   0  -1 
2460080.735864 0.000000 0.000000 6633.292553 0.224766 6629.029091 3.360217 6632.389308 4.263462 0.224766 0.903245 0.224766 2.000636   0   0  -1 
2460082.755256 0.000000 0.000000 6630.390412 0.286786 6629.029091 4.954332 6633.983423 1.361321 0.286786 -3.593011 0.286786 2.000636   0   0  -1 
2460082.760842 0.000000 0.000000 6630.795800 0.259323 6629.029091 4.958188 6633.987278 1.766709 0.259323 -3.191478 0.259323 2.000636   0   0  -1 
2460086.748603 0.000000 0.000000 6635.114081 0.193185 6629.029091 6.605634 6635.634725 6.084990 0.193185 -0.520644 0.193185 2.000636   0   0  -1 
2460086.754324 0.000000 0.000000 6634.108130 0.208316 6629.029091 6.600232 6635.629323 5.079039 0.208316 -1.521193 0.208316 2.000636   0   0  -1 
2460199.601214 0.000000 0.000000 6622.205086 0.389251 6629.029091 -3.682526 6625.346565 -6.824005 0.389251 -3.141479 0.389251 2.000636   0   0  -1 
2460199.607025 0.000000 0.000000 6622.574384 0.381438 6629.029091 -3.684174 6625.344917 -6.454707 0.381438 -2.770533 0.381438 2.000636   0   0  -1 
2460201.515076 0.000000 0.000000 6625.332354 0.272613 6629.029091 -3.882313 6625.146778 -3.696737 0.272613 0.185576 0.272613 2.000636   0   0  -1 
2460201.520627 0.000000 0.000000 6624.542897 0.294212 6629.029091 -3.882289 6625.146802 -4.486194 0.294212 -0.603905 0.294212 2.000636   0   0  -1 
2460202.533617 0.000000 0.000000 6626.906002 0.232737 6629.029091 -3.860215 6625.168875 -2.123089 0.232737 1.737127 0.232737 2.000636   0   0  -1 
2460202.539273 0.000000 0.000000 6627.020676 0.220468 6629.029091 -3.859917 6625.169174 -2.008415 0.220468 1.851502 0.220468 2.000636   0   0  -1 
2460203.571018 0.000000 0.000000 6625.203535 0.337253 6629.029091 -3.699833 6625.329257 -3.825556 0.337253 -0.125722 0.337253 2.000636   0   0  -1 
2460203.577196 0.000000 0.000000 6625.477322 0.360328 6629.029091 -3.697951 6625.331140 -3.551769 0.360328 0.146182 0.360328 2.000636   0   0  -1 
2460204.530857 0.000000 0.000000 6628.752956 0.197030 6629.029091 -3.215090 6625.814000 -0.276135 0.197030 2.938956 0.197030 2.000636   0   0  -1 
2460204.536387 0.000000 0.000000 6627.522270 0.208547 6629.029091 -3.211126 6625.817965 -1.506821 0.208547 1.704305 0.208547 2.000636   0   0  -1 
2460205.516019 0.000000 0.000000 6628.249113 0.244280 6629.029091 -2.337174 6626.691917 -0.779978 0.244280 1.557196 0.244280 2.000636   0   0  -1 
2460205.521490 0.000000 0.000000 6628.705998 0.216530 6629.029091 -2.331604 6626.697487 -0.323093 0.216530 2.008511 0.216530 2.000636   0   0  -1 
2460206.534104 0.000000 0.000000 6627.482697 0.247014 6629.029091 -1.299640 6627.729451 -1.546394 0.247014 -0.246754 0.247014 2.000636   0   0  -1 
2460206.539634 0.000000 0.000000 6629.267429 0.225863 6629.029091 -1.294346 6627.734744 0.238338 0.225863 1.532685 0.225863 2.000636   0   0  -1 
2460208.612713 0.000000 0.000000 6630.363009 0.238171 6629.029091 0.186543 6629.215634 1.333918 0.238171 1.147375 0.238171 2.000636   0   0  -1 
2460208.618030 0.000000 0.000000 6629.924431 0.245322 6629.029091 0.189640 6629.218731 0.895340 0.245322 0.705700 0.245322 2.000636   0   0  -1 
2460209.504007 0.000000 0.000000 6623.939779 0.494812 6629.029091 0.736367 6629.765458 -5.089312 0.494812 -5.825679 0.494812 2.000636   0   0  -1 
2460209.509978 0.000000 0.000000 6626.528984 0.441044 6629.029091 0.740286 6629.769377 -2.500107 0.441044 -3.240393 0.441044 2.000636   0   0  -1 
2460210.587394 0.000000 0.000000 6629.731782 0.275366 6629.029091 1.417159 6630.446249 0.702691 0.275366 -0.714467 0.275366 2.000636   0   0  -1 
2460210.593026 0.000000 0.000000 6627.639495 0.295408 6629.029091 1.420048 6630.449138 -1.389596 0.295408 -2.809643 0.295408 2.000636   0   0  -1 
2460211.516295 0.000000 0.000000 6628.377092 0.380462 6629.029091 1.644505 6630.673596 -0.651999 0.380462 -2.296504 0.380462 2.000636   0   0  -1 
2460211.522268 0.000000 0.000000 6629.418252 0.306169 6629.029091 1.643895 6630.672986 0.389161 0.306169 -1.254734 0.306169 2.000636   0   0  -1 
