# Tref_folded model 
-1.500000 1.616888 
-1.499000 1.617775 
-1.498000 1.618630 
-1.497000 1.619453 
-1.496000 1.620245 
-1.495000 1.621006 
-1.494000 1.621735 
-1.493000 1.622432 
-1.492000 1.623099 
-1.491000 1.623734 
-1.490000 1.624337 
-1.489000 1.624909 
-1.488000 1.625449 
-1.487000 1.625958 
-1.486000 1.626436 
-1.485000 1.626883 
-1.484000 1.627297 
-1.483000 1.627681 
-1.482000 1.628033 
-1.481000 1.628353 
-1.480000 1.628642 
-1.479000 1.628900 
-1.478000 1.629126 
-1.477000 1.629321 
-1.476000 1.629484 
-1.475000 1.629616 
-1.474000 1.629716 
-1.473000 1.629785 
-1.472000 1.629822 
-1.471000 1.629828 
-1.470000 1.629802 
-1.469000 1.629744 
-1.468000 1.629655 
-1.467000 1.629535 
-1.466000 1.629383 
-1.465000 1.629199 
-1.464000 1.628983 
-1.463000 1.628736 
-1.462000 1.628458 
-1.461000 1.628147 
-1.460000 1.627805 
-1.459000 1.627431 
-1.458000 1.627025 
-1.457000 1.626588 
-1.456000 1.626118 
-1.455000 1.625617 
-1.454000 1.625084 
-1.453000 1.624519 
-1.452000 1.623922 
-1.451000 1.623293 
-1.450000 1.622632 
-1.449000 1.621939 
-1.448000 1.621214 
-1.447000 1.620457 
-1.446000 1.619668 
-1.445000 1.618846 
-1.444000 1.617993 
-1.443000 1.617107 
-1.442000 1.616189 
-1.441000 1.615238 
-1.440000 1.614255 
-1.439000 1.613240 
-1.438000 1.612192 
-1.437000 1.611112 
-1.436000 1.609999 
-1.435000 1.608854 
-1.434000 1.607676 
-1.433000 1.606465 
-1.432000 1.605222 
-1.431000 1.603946 
-1.430000 1.602637 
-1.429000 1.601295 
-1.428000 1.599920 
-1.427000 1.598513 
-1.426000 1.597072 
-1.425000 1.595598 
-1.424000 1.594091 
-1.423000 1.592551 
-1.422000 1.590978 
-1.421000 1.589371 
-1.420000 1.587731 
-1.419000 1.586057 
-1.418000 1.584350 
-1.417000 1.582610 
-1.416000 1.580836 
-1.415000 1.579028 
-1.414000 1.577186 
-1.413000 1.575311 
-1.412000 1.573401 
-1.411000 1.571458 
-1.410000 1.569481 
-1.409000 1.567470 
-1.408000 1.565424 
-1.407000 1.563344 
-1.406000 1.561230 
-1.405000 1.559082 
-1.404000 1.556899 
-1.403000 1.554682 
-1.402000 1.552430 
-1.401000 1.550143 
-1.400000 1.547822 
-1.399000 1.545466 
-1.398000 1.543075 
-1.397000 1.540649 
-1.396000 1.538188 
-1.395000 1.535691 
-1.394000 1.533160 
-1.393000 1.530593 
-1.392000 1.527991 
-1.391000 1.525353 
-1.390000 1.522679 
-1.389000 1.519970 
-1.388000 1.517225 
-1.387000 1.514445 
-1.386000 1.511628 
-1.385000 1.508775 
-1.384000 1.505886 
-1.383000 1.502961 
-1.382000 1.500000 
-1.381000 1.497002 
-1.380000 1.493967 
-1.379000 1.490896 
-1.378000 1.487788 
-1.377000 1.484643 
-1.376000 1.481462 
-1.375000 1.478243 
-1.374000 1.474987 
-1.373000 1.471694 
-1.372000 1.468364 
-1.371000 1.464996 
-1.370000 1.461590 
-1.369000 1.458147 
-1.368000 1.454666 
-1.367000 1.451147 
-1.366000 1.447590 
-1.365000 1.443995 
-1.364000 1.440361 
-1.363000 1.436689 
-1.362000 1.432979 
-1.361000 1.429230 
-1.360000 1.425442 
-1.359000 1.421616 
-1.358000 1.417750 
-1.357000 1.413846 
-1.356000 1.409902 
-1.355000 1.405918 
-1.354000 1.401895 
-1.353000 1.397833 
-1.352000 1.393731 
-1.351000 1.389589 
-1.350000 1.385407 
-1.349000 1.381184 
-1.348000 1.376922 
-1.347000 1.372619 
-1.346000 1.368275 
-1.345000 1.363891 
-1.344000 1.359466 
-1.343000 1.355000 
-1.342000 1.350493 
-1.341000 1.345944 
-1.340000 1.341355 
-1.339000 1.336723 
-1.338000 1.332050 
-1.337000 1.327335 
-1.336000 1.322578 
-1.335000 1.317779 
-1.334000 1.312938 
-1.333000 1.308054 
-1.332000 1.303128 
-1.331000 1.298159 
-1.330000 1.293147 
-1.329000 1.288092 
-1.328000 1.282994 
-1.327000 1.277852 
-1.326000 1.272667 
-1.325000 1.267438 
-1.324000 1.262165 
-1.323000 1.256848 
-1.322000 1.251487 
-1.321000 1.246082 
-1.320000 1.240632 
-1.319000 1.235138 
-1.318000 1.229599 
-1.317000 1.224014 
-1.316000 1.218385 
-1.315000 1.212710 
-1.314000 1.206989 
-1.313000 1.201223 
-1.312000 1.195411 
-1.311000 1.189553 
-1.310000 1.183649 
-1.309000 1.177698 
-1.308000 1.171700 
-1.307000 1.165656 
-1.306000 1.159565 
-1.305000 1.153427 
-1.304000 1.147241 
-1.303000 1.141008 
-1.302000 1.134727 
-1.301000 1.128398 
-1.300000 1.122022 
-1.299000 1.115596 
-1.298000 1.109123 
-1.297000 1.102601 
-1.296000 1.096030 
-1.295000 1.089409 
-1.294000 1.082740 
-1.293000 1.076021 
-1.292000 1.069253 
-1.291000 1.062435 
-1.290000 1.055566 
-1.289000 1.048648 
-1.288000 1.041679 
-1.287000 1.034659 
-1.286000 1.027589 
-1.285000 1.020467 
-1.284000 1.013295 
-1.283000 1.006071 
-1.282000 0.998795 
-1.281000 0.991467 
-1.280000 0.984088 
-1.279000 0.976656 
-1.278000 0.969171 
-1.277000 0.961634 
-1.276000 0.954044 
-1.275000 0.946401 
-1.274000 0.938704 
-1.273000 0.930954 
-1.272000 0.923150 
-1.271000 0.915292 
-1.270000 0.907380 
-1.269000 0.899414 
-1.268000 0.891393 
-1.267000 0.883317 
-1.266000 0.875186 
-1.265000 0.867000 
-1.264000 0.858758 
-1.263000 0.850460 
-1.262000 0.842107 
-1.261000 0.833697 
-1.260000 0.825232 
-1.259000 0.816709 
-1.258000 0.808130 
-1.257000 0.799493 
-1.256000 0.790800 
-1.255000 0.782049 
-1.254000 0.773240 
-1.253000 0.764373 
-1.252000 0.755448 
-1.251000 0.746465 
-1.250000 0.737423 
-1.249000 0.728322 
-1.248000 0.719162 
-1.247000 0.709943 
-1.246000 0.700665 
-1.245000 0.691327 
-1.244000 0.681928 
-1.243000 0.672470 
-1.242000 0.662951 
-1.241000 0.653372 
-1.240000 0.643732 
-1.239000 0.634031 
-1.238000 0.624269 
-1.237000 0.614445 
-1.236000 0.604559 
-1.235000 0.594612 
-1.234000 0.584602 
-1.233000 0.574531 
-1.232000 0.564396 
-1.231000 0.554199 
-1.230000 0.543939 
-1.229000 0.533615 
-1.228000 0.523229 
-1.227000 0.512778 
-1.226000 0.502264 
-1.225000 0.491686 
-1.224000 0.481044 
-1.223000 0.470337 
-1.222000 0.459565 
-1.221000 0.448729 
-1.220000 0.437828 
-1.219000 0.426861 
-1.218000 0.415830 
-1.217000 0.404732 
-1.216000 0.393569 
-1.215000 0.382340 
-1.214000 0.371044 
-1.213000 0.359683 
-1.212000 0.348255 
-1.211000 0.336760 
-1.210000 0.325198 
-1.209000 0.313569 
-1.208000 0.301873 
-1.207000 0.290110 
-1.206000 0.278279 
-1.205000 0.266381 
-1.204000 0.254415 
-1.203000 0.242380 
-1.202000 0.230278 
-1.201000 0.218108 
-1.200000 0.205869 
-1.199000 0.193561 
-1.198000 0.181185 
-1.197000 0.168741 
-1.196000 0.156227 
-1.195000 0.143644 
-1.194000 0.130993 
-1.193000 0.118272 
-1.192000 0.105482 
-1.191000 0.092622 
-1.190000 0.079693 
-1.189000 0.066695 
-1.188000 0.053627 
-1.187000 0.040489 
-1.186000 0.027282 
-1.185000 0.014005 
-1.184000 0.000658 
-1.183000 -0.012759 
-1.182000 -0.026245 
-1.181000 -0.039801 
-1.180000 -0.053428 
-1.179000 -0.067124 
-1.178000 -0.080890 
-1.177000 -0.094726 
-1.176000 -0.108631 
-1.175000 -0.122607 
-1.174000 -0.136652 
-1.173000 -0.150767 
-1.172000 -0.164952 
-1.171000 -0.179206 
-1.170000 -0.193530 
-1.169000 -0.207923 
-1.168000 -0.222385 
-1.167000 -0.236916 
-1.166000 -0.251517 
-1.165000 -0.266186 
-1.164000 -0.280924 
-1.163000 -0.295731 
-1.162000 -0.310606 
-1.161000 -0.325549 
-1.160000 -0.340560 
-1.159000 -0.355639 
-1.158000 -0.370786 
-1.157000 -0.386000 
-1.156000 -0.401281 
-1.155000 -0.416628 
-1.154000 -0.432042 
-1.153000 -0.447522 
-1.152000 -0.463068 
-1.151000 -0.478680 
-1.150000 -0.494356 
-1.149000 -0.510097 
-1.148000 -0.525903 
-1.147000 -0.541772 
-1.146000 -0.557705 
-1.145000 -0.573701 
-1.144000 -0.589760 
-1.143000 -0.605880 
-1.142000 -0.622062 
-1.141000 -0.638305 
-1.140000 -0.654609 
-1.139000 -0.670972 
-1.138000 -0.687395 
-1.137000 -0.703876 
-1.136000 -0.720416 
-1.135000 -0.737013 
-1.134000 -0.753666 
-1.133000 -0.770376 
-1.132000 -0.787140 
-1.131000 -0.803959 
-1.130000 -0.820832 
-1.129000 -0.837758 
-1.128000 -0.854735 
-1.127000 -0.871764 
-1.126000 -0.888843 
-1.125000 -0.905972 
-1.124000 -0.923148 
-1.123000 -0.940373 
-1.122000 -0.957643 
-1.121000 -0.974959 
-1.120000 -0.992319 
-1.119000 -1.009723 
-1.118000 -1.027169 
-1.117000 -1.044655 
-1.116000 -1.062182 
-1.115000 -1.079746 
-1.114000 -1.097348 
-1.113000 -1.114987 
-1.112000 -1.132659 
-1.111000 -1.150365 
-1.110000 -1.168103 
-1.109000 -1.185872 
-1.108000 -1.203670 
-1.107000 -1.221495 
-1.106000 -1.239346 
-1.105000 -1.257222 
-1.104000 -1.275120 
-1.103000 -1.293040 
-1.102000 -1.310979 
-1.101000 -1.328937 
-1.100000 -1.346910 
-1.099000 -1.364898 
-1.098000 -1.382898 
-1.097000 -1.400909 
-1.096000 -1.418929 
-1.095000 -1.436956 
-1.094000 -1.454987 
-1.093000 -1.473021 
-1.092000 -1.491056 
-1.091000 -1.509090 
-1.090000 -1.527120 
-1.089000 -1.545145 
-1.088000 -1.563162 
-1.087000 -1.581169 
-1.086000 -1.599163 
-1.085000 -1.617143 
-1.084000 -1.635105 
-1.083000 -1.653048 
-1.082000 -1.670970 
-1.081000 -1.688866 
-1.080000 -1.706736 
-1.079000 -1.724576 
-1.078000 -1.742385 
-1.077000 -1.760158 
-1.076000 -1.777894 
-1.075000 -1.795590 
-1.074000 -1.813242 
-1.073000 -1.830849 
-1.072000 -1.848408 
-1.071000 -1.865915 
-1.070000 -1.883367 
-1.069000 -1.900762 
-1.068000 -1.918097 
-1.067000 -1.935369 
-1.066000 -1.952574 
-1.065000 -1.969710 
-1.064000 -1.986774 
-1.063000 -2.003761 
-1.062000 -2.020670 
-1.061000 -2.037497 
-1.060000 -2.054238 
-1.059000 -2.070891 
-1.058000 -2.087452 
-1.057000 -2.103918 
-1.056000 -2.120286 
-1.055000 -2.136552 
-1.054000 -2.152712 
-1.053000 -2.168764 
-1.052000 -2.184704 
-1.051000 -2.200528 
-1.050000 -2.216233 
-1.049000 -2.231816 
-1.048000 -2.247274 
-1.047000 -2.262601 
-1.046000 -2.277796 
-1.045000 -2.292855 
-1.044000 -2.307774 
-1.043000 -2.322549 
-1.042000 -2.337177 
-1.041000 -2.351655 
-1.040000 -2.365979 
-1.039000 -2.380145 
-1.038000 -2.394151 
-1.037000 -2.407992 
-1.036000 -2.421664 
-1.035000 -2.435166 
-1.034000 -2.448492 
-1.033000 -2.461640 
-1.032000 -2.474606 
-1.031000 -2.487386 
-1.030000 -2.499978 
-1.029000 -2.512377 
-1.028000 -2.524581 
-1.027000 -2.536586 
-1.026000 -2.548389 
-1.025000 -2.559987 
-1.024000 -2.571376 
-1.023000 -2.582553 
-1.022000 -2.593515 
-1.021000 -2.604259 
-1.020000 -2.614782 
-1.019000 -2.625080 
-1.018000 -2.635151 
-1.017000 -2.644993 
-1.016000 -2.654601 
-1.015000 -2.663973 
-1.014000 -2.673107 
-1.013000 -2.682000 
-1.012000 -2.690648 
-1.011000 -2.699051 
-1.010000 -2.707204 
-1.009000 -2.715106 
-1.008000 -2.722754 
-1.007000 -2.730145 
-1.006000 -2.737279 
-1.005000 -2.744152 
-1.004000 -2.750763 
-1.003000 -2.757109 
-1.002000 -2.763188 
-1.001000 -2.768999 
-1.000000 -2.774541 
-0.999000 -2.779810 
-0.998000 -2.784807 
-0.997000 -2.789528 
-0.996000 -2.793974 
-0.995000 -2.798142 
-0.994000 -2.802032 
-0.993000 -2.805641 
-0.992000 -2.808970 
-0.991000 -2.812018 
-0.990000 -2.814783 
-0.989000 -2.817264 
-0.988000 -2.819462 
-0.987000 -2.821375 
-0.986000 -2.823004 
-0.985000 -2.824347 
-0.984000 -2.825405 
-0.983000 -2.826177 
-0.982000 -2.826663 
-0.981000 -2.826864 
-0.980000 -2.826780 
-0.979000 -2.826410 
-0.978000 -2.825755 
-0.977000 -2.824816 
-0.976000 -2.823593 
-0.975000 -2.822087 
-0.974000 -2.820298 
-0.973000 -2.818228 
-0.972000 -2.815877 
-0.971000 -2.813246 
-0.970000 -2.810336 
-0.969000 -2.807150 
-0.968000 -2.803687 
-0.967000 -2.799949 
-0.966000 -2.795938 
-0.965000 -2.791655 
-0.964000 -2.787102 
-0.963000 -2.782281 
-0.962000 -2.777193 
-0.961000 -2.771840 
-0.960000 -2.766225 
-0.959000 -2.760349 
-0.958000 -2.754214 
-0.957000 -2.747823 
-0.956000 -2.741178 
-0.955000 -2.734281 
-0.954000 -2.727135 
-0.953000 -2.719741 
-0.952000 -2.712104 
-0.951000 -2.704224 
-0.950000 -2.696105 
-0.949000 -2.687749 
-0.948000 -2.679160 
-0.947000 -2.670339 
-0.946000 -2.661290 
-0.945000 -2.652017 
-0.944000 -2.642520 
-0.943000 -2.632805 
-0.942000 -2.622873 
-0.941000 -2.612727 
-0.940000 -2.602372 
-0.939000 -2.591810 
-0.938000 -2.581043 
-0.937000 -2.570076 
-0.936000 -2.558912 
-0.935000 -2.547553 
-0.934000 -2.536004 
-0.933000 -2.524266 
-0.932000 -2.512345 
-0.931000 -2.500242 
-0.930000 -2.487962 
-0.929000 -2.475508 
-0.928000 -2.462882 
-0.927000 -2.450089 
-0.926000 -2.437132 
-0.925000 -2.424014 
-0.924000 -2.410739 
-0.923000 -2.397310 
-0.922000 -2.383730 
-0.921000 -2.370003 
-0.920000 -2.356132 
-0.919000 -2.342120 
-0.918000 -2.327972 
-0.917000 -2.313690 
-0.916000 -2.299277 
-0.915000 -2.284737 
-0.914000 -2.270074 
-0.913000 -2.255290 
-0.912000 -2.240390 
-0.911000 -2.225375 
-0.910000 -2.210250 
-0.909000 -2.195017 
-0.908000 -2.179681 
-0.907000 -2.164243 
-0.906000 -2.148708 
-0.905000 -2.133078 
-0.904000 -2.117357 
-0.903000 -2.101547 
-0.902000 -2.085653 
-0.901000 -2.069675 
-0.900000 -2.053619 
-0.899000 -2.037487 
-0.898000 -2.021281 
-0.897000 -2.005004 
-0.896000 -1.988661 
-0.895000 -1.972252 
-0.894000 -1.955782 
-0.893000 -1.939253 
-0.892000 -1.922667 
-0.891000 -1.906028 
-0.890000 -1.889338 
-0.889000 -1.872600 
-0.888000 -1.855817 
-0.887000 -1.838990 
-0.886000 -1.822123 
-0.885000 -1.805218 
-0.884000 -1.788277 
-0.883000 -1.771304 
-0.882000 -1.754300 
-0.881000 -1.737267 
-0.880000 -1.720209 
-0.879000 -1.703127 
-0.878000 -1.686024 
-0.877000 -1.668901 
-0.876000 -1.651761 
-0.875000 -1.634607 
-0.874000 -1.617440 
-0.873000 -1.600261 
-0.872000 -1.583075 
-0.871000 -1.565881 
-0.870000 -1.548683 
-0.869000 -1.531482 
-0.868000 -1.514280 
-0.867000 -1.497079 
-0.866000 -1.479881 
-0.865000 -1.462687 
-0.864000 -1.445500 
-0.863000 -1.428320 
-0.862000 -1.411150 
-0.861000 -1.393992 
-0.860000 -1.376846 
-0.859000 -1.359714 
-0.858000 -1.342599 
-0.857000 -1.325500 
-0.856000 -1.308421 
-0.855000 -1.291362 
-0.854000 -1.274325 
-0.853000 -1.257311 
-0.852000 -1.240322 
-0.851000 -1.223358 
-0.850000 -1.206421 
-0.849000 -1.189512 
-0.848000 -1.172633 
-0.847000 -1.155785 
-0.846000 -1.138968 
-0.845000 -1.122185 
-0.844000 -1.105435 
-0.843000 -1.088720 
-0.842000 -1.072042 
-0.841000 -1.055401 
-0.840000 -1.038798 
-0.839000 -1.022234 
-0.838000 -1.005710 
-0.837000 -0.989227 
-0.836000 -0.972786 
-0.835000 -0.956388 
-0.834000 -0.940033 
-0.833000 -0.923723 
-0.832000 -0.907457 
-0.831000 -0.891238 
-0.830000 -0.875065 
-0.829000 -0.858940 
-0.828000 -0.842862 
-0.827000 -0.826834 
-0.826000 -0.810854 
-0.825000 -0.794925 
-0.824000 -0.779046 
-0.823000 -0.763219 
-0.822000 -0.747443 
-0.821000 -0.731720 
-0.820000 -0.716049 
-0.819000 -0.700432 
-0.818000 -0.684869 
-0.817000 -0.669360 
-0.816000 -0.653905 
-0.815000 -0.638506 
-0.814000 -0.623163 
-0.813000 -0.607876 
-0.812000 -0.592645 
-0.811000 -0.577471 
-0.810000 -0.562354 
-0.809000 -0.547295 
-0.808000 -0.532294 
-0.807000 -0.517350 
-0.806000 -0.502466 
-0.805000 -0.487640 
-0.804000 -0.472873 
-0.803000 -0.458165 
-0.802000 -0.443517 
-0.801000 -0.428929 
-0.800000 -0.414400 
-0.799000 -0.399932 
-0.798000 -0.385525 
-0.797000 -0.371177 
-0.796000 -0.356891 
-0.795000 -0.342666 
-0.794000 -0.328501 
-0.793000 -0.314398 
-0.792000 -0.300356 
-0.791000 -0.286376 
-0.790000 -0.272457 
-0.789000 -0.258600 
-0.788000 -0.244805 
-0.787000 -0.231071 
-0.786000 -0.217400 
-0.785000 -0.203790 
-0.784000 -0.190243 
-0.783000 -0.176757 
-0.782000 -0.163334 
-0.781000 -0.149973 
-0.780000 -0.136674 
-0.779000 -0.123437 
-0.778000 -0.110263 
-0.777000 -0.097150 
-0.776000 -0.084100 
-0.775000 -0.071113 
-0.774000 -0.058187 
-0.773000 -0.045323 
-0.772000 -0.032522 
-0.771000 -0.019783 
-0.770000 -0.007106 
-0.769000 0.005510 
-0.768000 0.018063 
-0.767000 0.030554 
-0.766000 0.042984 
-0.765000 0.055351 
-0.764000 0.067658 
-0.763000 0.079902 
-0.762000 0.092085 
-0.761000 0.104206 
-0.760000 0.116266 
-0.759000 0.128265 
-0.758000 0.140203 
-0.757000 0.152079 
-0.756000 0.163895 
-0.755000 0.175650 
-0.754000 0.187344 
-0.753000 0.198977 
-0.752000 0.210550 
-0.751000 0.222062 
-0.750000 0.233515 
-0.749000 0.244907 
-0.748000 0.256239 
-0.747000 0.267511 
-0.746000 0.278724 
-0.745000 0.289877 
-0.744000 0.300970 
-0.743000 0.312005 
-0.742000 0.322980 
-0.741000 0.333896 
-0.740000 0.344753 
-0.739000 0.355552 
-0.738000 0.366292 
-0.737000 0.376973 
-0.736000 0.387597 
-0.735000 0.398162 
-0.734000 0.408670 
-0.733000 0.419120 
-0.732000 0.429512 
-0.731000 0.439847 
-0.730000 0.450124 
-0.729000 0.460345 
-0.728000 0.470508 
-0.727000 0.480615 
-0.726000 0.490665 
-0.725000 0.500659 
-0.724000 0.510597 
-0.723000 0.520479 
-0.722000 0.530305 
-0.721000 0.540075 
-0.720000 0.549789 
-0.719000 0.559449 
-0.718000 0.569053 
-0.717000 0.578602 
-0.716000 0.588096 
-0.715000 0.597536 
-0.714000 0.606922 
-0.713000 0.616253 
-0.712000 0.625530 
-0.711000 0.634753 
-0.710000 0.643922 
-0.709000 0.653038 
-0.708000 0.662101 
-0.707000 0.671110 
-0.706000 0.680067 
-0.705000 0.688970 
-0.704000 0.697821 
-0.703000 0.706620 
-0.702000 0.715366 
-0.701000 0.724061 
-0.700000 0.732703 
-0.699000 0.741294 
-0.698000 0.749833 
-0.697000 0.758321 
-0.696000 0.766757 
-0.695000 0.775143 
-0.694000 0.783478 
-0.693000 0.791762 
-0.692000 0.799996 
-0.691000 0.808180 
-0.690000 0.816313 
-0.689000 0.824397 
-0.688000 0.832431 
-0.687000 0.840415 
-0.686000 0.848350 
-0.685000 0.856236 
-0.684000 0.864072 
-0.683000 0.871860 
-0.682000 0.879599 
-0.681000 0.887290 
-0.680000 0.894932 
-0.679000 0.902527 
-0.678000 0.910073 
-0.677000 0.917571 
-0.676000 0.925022 
-0.675000 0.932426 
-0.674000 0.939782 
-0.673000 0.947091 
-0.672000 0.954353 
-0.671000 0.961568 
-0.670000 0.968737 
-0.669000 0.975859 
-0.668000 0.982935 
-0.667000 0.989965 
-0.666000 0.996949 
-0.665000 1.003887 
-0.664000 1.010779 
-0.663000 1.017626 
-0.662000 1.024428 
-0.661000 1.031184 
-0.660000 1.037896 
-0.659000 1.044563 
-0.658000 1.051185 
-0.657000 1.057762 
-0.656000 1.064296 
-0.655000 1.070785 
-0.654000 1.077230 
-0.653000 1.083631 
-0.652000 1.089988 
-0.651000 1.096302 
-0.650000 1.102572 
-0.649000 1.108799 
-0.648000 1.114983 
-0.647000 1.121124 
-0.646000 1.127222 
-0.645000 1.133278 
-0.644000 1.139291 
-0.643000 1.145261 
-0.642000 1.151189 
-0.641000 1.157075 
-0.640000 1.162919 
-0.639000 1.168722 
-0.638000 1.174482 
-0.637000 1.180201 
-0.636000 1.185879 
-0.635000 1.191515 
-0.634000 1.197110 
-0.633000 1.202665 
-0.632000 1.208178 
-0.631000 1.213650 
-0.630000 1.219082 
-0.629000 1.224474 
-0.628000 1.229825 
-0.627000 1.235136 
-0.626000 1.240406 
-0.625000 1.245637 
-0.624000 1.250828 
-0.623000 1.255980 
-0.622000 1.261091 
-0.621000 1.266163 
-0.620000 1.271196 
-0.619000 1.276190 
-0.618000 1.281144 
-0.617000 1.286060 
-0.616000 1.290937 
-0.615000 1.295775 
-0.614000 1.300574 
-0.613000 1.305335 
-0.612000 1.310057 
-0.611000 1.314741 
-0.610000 1.319387 
-0.609000 1.323995 
-0.608000 1.328565 
-0.607000 1.333097 
-0.606000 1.337591 
-0.605000 1.342048 
-0.604000 1.346467 
-0.603000 1.350849 
-0.602000 1.355193 
-0.601000 1.359501 
-0.600000 1.363771 
-0.599000 1.368004 
-0.598000 1.372200 
-0.597000 1.376360 
-0.596000 1.380482 
-0.595000 1.384569 
-0.594000 1.388618 
-0.593000 1.392631 
-0.592000 1.396608 
-0.591000 1.400549 
-0.590000 1.404454 
-0.589000 1.408322 
-0.588000 1.412155 
-0.587000 1.415951 
-0.586000 1.419712 
-0.585000 1.423438 
-0.584000 1.427127 
-0.583000 1.430782 
-0.582000 1.434400 
-0.581000 1.437984 
-0.580000 1.441532 
-0.579000 1.445045 
-0.578000 1.448523 
-0.577000 1.451966 
-0.576000 1.455374 
-0.575000 1.458747 
-0.574000 1.462085 
-0.573000 1.465389 
-0.572000 1.468658 
-0.571000 1.471893 
-0.570000 1.475093 
-0.569000 1.478258 
-0.568000 1.481390 
-0.567000 1.484487 
-0.566000 1.487550 
-0.565000 1.490579 
-0.564000 1.493573 
-0.563000 1.496534 
-0.562000 1.499461 
-0.561000 1.502354 
-0.560000 1.505214 
-0.559000 1.508039 
-0.558000 1.510831 
-0.557000 1.513590 
-0.556000 1.516314 
-0.555000 1.519006 
-0.554000 1.521664 
-0.553000 1.524288 
-0.552000 1.526880 
-0.551000 1.529438 
-0.550000 1.531963 
-0.549000 1.534455 
-0.548000 1.536913 
-0.547000 1.539339 
-0.546000 1.541732 
-0.545000 1.544092 
-0.544000 1.546419 
-0.543000 1.548713 
-0.542000 1.550974 
-0.541000 1.553203 
-0.540000 1.555399 
-0.539000 1.557563 
-0.538000 1.559694 
-0.537000 1.561792 
-0.536000 1.563858 
-0.535000 1.565891 
-0.534000 1.567892 
-0.533000 1.569861 
-0.532000 1.571797 
-0.531000 1.573701 
-0.530000 1.575573 
-0.529000 1.577413 
-0.528000 1.579220 
-0.527000 1.580996 
-0.526000 1.582739 
-0.525000 1.584450 
-0.524000 1.586129 
-0.523000 1.587776 
-0.522000 1.589391 
-0.521000 1.590975 
-0.520000 1.592526 
-0.519000 1.594045 
-0.518000 1.595533 
-0.517000 1.596989 
-0.516000 1.598412 
-0.515000 1.599805 
-0.514000 1.601165 
-0.513000 1.602494 
-0.512000 1.603791 
-0.511000 1.605056 
-0.510000 1.606290 
-0.509000 1.607492 
-0.508000 1.608662 
-0.507000 1.609801 
-0.506000 1.610908 
-0.505000 1.611983 
-0.504000 1.613027 
-0.503000 1.614040 
-0.502000 1.615021 
-0.501000 1.615970 
-0.500000 1.616888 
-0.499000 1.617775 
-0.498000 1.618630 
-0.497000 1.619453 
-0.496000 1.620245 
-0.495000 1.621006 
-0.494000 1.621735 
-0.493000 1.622432 
-0.492000 1.623099 
-0.491000 1.623734 
-0.490000 1.624337 
-0.489000 1.624909 
-0.488000 1.625449 
-0.487000 1.625958 
-0.486000 1.626436 
-0.485000 1.626883 
-0.484000 1.627297 
-0.483000 1.627681 
-0.482000 1.628033 
-0.481000 1.628353 
-0.480000 1.628642 
-0.479000 1.628900 
-0.478000 1.629126 
-0.477000 1.629321 
-0.476000 1.629484 
-0.475000 1.629616 
-0.474000 1.629716 
-0.473000 1.629785 
-0.472000 1.629822 
-0.471000 1.629828 
-0.470000 1.629802 
-0.469000 1.629744 
-0.468000 1.629655 
-0.467000 1.629535 
-0.466000 1.629383 
-0.465000 1.629199 
-0.464000 1.628983 
-0.463000 1.628736 
-0.462000 1.628458 
-0.461000 1.628147 
-0.460000 1.627805 
-0.459000 1.627431 
-0.458000 1.627025 
-0.457000 1.626588 
-0.456000 1.626118 
-0.455000 1.625617 
-0.454000 1.625084 
-0.453000 1.624519 
-0.452000 1.623922 
-0.451000 1.623293 
-0.450000 1.622632 
-0.449000 1.621939 
-0.448000 1.621214 
-0.447000 1.620457 
-0.446000 1.619668 
-0.445000 1.618846 
-0.444000 1.617993 
-0.443000 1.617107 
-0.442000 1.616189 
-0.441000 1.615238 
-0.440000 1.614255 
-0.439000 1.613240 
-0.438000 1.612192 
-0.437000 1.611112 
-0.436000 1.609999 
-0.435000 1.608854 
-0.434000 1.607676 
-0.433000 1.606465 
-0.432000 1.605222 
-0.431000 1.603946 
-0.430000 1.602637 
-0.429000 1.601295 
-0.428000 1.599920 
-0.427000 1.598513 
-0.426000 1.597072 
-0.425000 1.595598 
-0.424000 1.594091 
-0.423000 1.592551 
-0.422000 1.590978 
-0.421000 1.589371 
-0.420000 1.587731 
-0.419000 1.586057 
-0.418000 1.584350 
-0.417000 1.582610 
-0.416000 1.580836 
-0.415000 1.579028 
-0.414000 1.577186 
-0.413000 1.575311 
-0.412000 1.573401 
-0.411000 1.571458 
-0.410000 1.569481 
-0.409000 1.567470 
-0.408000 1.565424 
-0.407000 1.563344 
-0.406000 1.561230 
-0.405000 1.559082 
-0.404000 1.556899 
-0.403000 1.554682 
-0.402000 1.552430 
-0.401000 1.550143 
-0.400000 1.547822 
-0.399000 1.545466 
-0.398000 1.543075 
-0.397000 1.540649 
-0.396000 1.538188 
-0.395000 1.535691 
-0.394000 1.533160 
-0.393000 1.530593 
-0.392000 1.527991 
-0.391000 1.525353 
-0.390000 1.522679 
-0.389000 1.519970 
-0.388000 1.517225 
-0.387000 1.514445 
-0.386000 1.511628 
-0.385000 1.508775 
-0.384000 1.505886 
-0.383000 1.502961 
-0.382000 1.500000 
-0.381000 1.497002 
-0.380000 1.493967 
-0.379000 1.490896 
-0.378000 1.487788 
-0.377000 1.484643 
-0.376000 1.481462 
-0.375000 1.478243 
-0.374000 1.474987 
-0.373000 1.471694 
-0.372000 1.468364 
-0.371000 1.464996 
-0.370000 1.461590 
-0.369000 1.458147 
-0.368000 1.454666 
-0.367000 1.451147 
-0.366000 1.447590 
-0.365000 1.443995 
-0.364000 1.440361 
-0.363000 1.436689 
-0.362000 1.432979 
-0.361000 1.429230 
-0.360000 1.425442 
-0.359000 1.421616 
-0.358000 1.417750 
-0.357000 1.413846 
-0.356000 1.409902 
-0.355000 1.405918 
-0.354000 1.401895 
-0.353000 1.397833 
-0.352000 1.393731 
-0.351000 1.389589 
-0.350000 1.385407 
-0.349000 1.381184 
-0.348000 1.376922 
-0.347000 1.372619 
-0.346000 1.368275 
-0.345000 1.363891 
-0.344000 1.359466 
-0.343000 1.355000 
-0.342000 1.350493 
-0.341000 1.345944 
-0.340000 1.341355 
-0.339000 1.336723 
-0.338000 1.332050 
-0.337000 1.327335 
-0.336000 1.322578 
-0.335000 1.317779 
-0.334000 1.312938 
-0.333000 1.308054 
-0.332000 1.303128 
-0.331000 1.298159 
-0.330000 1.293147 
-0.329000 1.288092 
-0.328000 1.282994 
-0.327000 1.277852 
-0.326000 1.272667 
-0.325000 1.267438 
-0.324000 1.262165 
-0.323000 1.256848 
-0.322000 1.251487 
-0.321000 1.246082 
-0.320000 1.240632 
-0.319000 1.235138 
-0.318000 1.229599 
-0.317000 1.224014 
-0.316000 1.218385 
-0.315000 1.212710 
-0.314000 1.206989 
-0.313000 1.201223 
-0.312000 1.195411 
-0.311000 1.189553 
-0.310000 1.183649 
-0.309000 1.177698 
-0.308000 1.171700 
-0.307000 1.165656 
-0.306000 1.159565 
-0.305000 1.153427 
-0.304000 1.147241 
-0.303000 1.141008 
-0.302000 1.134727 
-0.301000 1.128398 
-0.300000 1.122022 
-0.299000 1.115596 
-0.298000 1.109123 
-0.297000 1.102601 
-0.296000 1.096030 
-0.295000 1.089409 
-0.294000 1.082740 
-0.293000 1.076021 
-0.292000 1.069253 
-0.291000 1.062435 
-0.290000 1.055566 
-0.289000 1.048648 
-0.288000 1.041679 
-0.287000 1.034659 
-0.286000 1.027589 
-0.285000 1.020467 
-0.284000 1.013295 
-0.283000 1.006071 
-0.282000 0.998795 
-0.281000 0.991467 
-0.280000 0.984088 
-0.279000 0.976656 
-0.278000 0.969171 
-0.277000 0.961634 
-0.276000 0.954044 
-0.275000 0.946401 
-0.274000 0.938704 
-0.273000 0.930954 
-0.272000 0.923150 
-0.271000 0.915292 
-0.270000 0.907380 
-0.269000 0.899414 
-0.268000 0.891393 
-0.267000 0.883317 
-0.266000 0.875186 
-0.265000 0.867000 
-0.264000 0.858758 
-0.263000 0.850460 
-0.262000 0.842107 
-0.261000 0.833697 
-0.260000 0.825232 
-0.259000 0.816709 
-0.258000 0.808130 
-0.257000 0.799493 
-0.256000 0.790800 
-0.255000 0.782049 
-0.254000 0.773240 
-0.253000 0.764373 
-0.252000 0.755448 
-0.251000 0.746465 
-0.250000 0.737423 
-0.249000 0.728322 
-0.248000 0.719162 
-0.247000 0.709943 
-0.246000 0.700665 
-0.245000 0.691327 
-0.244000 0.681928 
-0.243000 0.672470 
-0.242000 0.662951 
-0.241000 0.653372 
-0.240000 0.643732 
-0.239000 0.634031 
-0.238000 0.624269 
-0.237000 0.614445 
-0.236000 0.604559 
-0.235000 0.594612 
-0.234000 0.584602 
-0.233000 0.574531 
-0.232000 0.564396 
-0.231000 0.554199 
-0.230000 0.543939 
-0.229000 0.533615 
-0.228000 0.523229 
-0.227000 0.512778 
-0.226000 0.502264 
-0.225000 0.491686 
-0.224000 0.481044 
-0.223000 0.470337 
-0.222000 0.459565 
-0.221000 0.448729 
-0.220000 0.437828 
-0.219000 0.426861 
-0.218000 0.415830 
-0.217000 0.404732 
-0.216000 0.393569 
-0.215000 0.382340 
-0.214000 0.371044 
-0.213000 0.359683 
-0.212000 0.348255 
-0.211000 0.336760 
-0.210000 0.325198 
-0.209000 0.313569 
-0.208000 0.301873 
-0.207000 0.290110 
-0.206000 0.278279 
-0.205000 0.266381 
-0.204000 0.254415 
-0.203000 0.242380 
-0.202000 0.230278 
-0.201000 0.218108 
-0.200000 0.205869 
-0.199000 0.193561 
-0.198000 0.181185 
-0.197000 0.168741 
-0.196000 0.156227 
-0.195000 0.143644 
-0.194000 0.130993 
-0.193000 0.118272 
-0.192000 0.105482 
-0.191000 0.092622 
-0.190000 0.079693 
-0.189000 0.066695 
-0.188000 0.053627 
-0.187000 0.040489 
-0.186000 0.027282 
-0.185000 0.014005 
-0.184000 0.000658 
-0.183000 -0.012759 
-0.182000 -0.026245 
-0.181000 -0.039801 
-0.180000 -0.053428 
-0.179000 -0.067124 
-0.178000 -0.080890 
-0.177000 -0.094726 
-0.176000 -0.108631 
-0.175000 -0.122607 
-0.174000 -0.136652 
-0.173000 -0.150767 
-0.172000 -0.164952 
-0.171000 -0.179206 
-0.170000 -0.193530 
-0.169000 -0.207923 
-0.168000 -0.222385 
-0.167000 -0.236916 
-0.166000 -0.251517 
-0.165000 -0.266186 
-0.164000 -0.280924 
-0.163000 -0.295731 
-0.162000 -0.310606 
-0.161000 -0.325549 
-0.160000 -0.340560 
-0.159000 -0.355639 
-0.158000 -0.370786 
-0.157000 -0.386000 
-0.156000 -0.401281 
-0.155000 -0.416628 
-0.154000 -0.432042 
-0.153000 -0.447522 
-0.152000 -0.463068 
-0.151000 -0.478680 
-0.150000 -0.494356 
-0.149000 -0.510097 
-0.148000 -0.525903 
-0.147000 -0.541772 
-0.146000 -0.557705 
-0.145000 -0.573701 
-0.144000 -0.589760 
-0.143000 -0.605880 
-0.142000 -0.622062 
-0.141000 -0.638305 
-0.140000 -0.654609 
-0.139000 -0.670972 
-0.138000 -0.687395 
-0.137000 -0.703876 
-0.136000 -0.720416 
-0.135000 -0.737013 
-0.134000 -0.753666 
-0.133000 -0.770376 
-0.132000 -0.787140 
-0.131000 -0.803959 
-0.130000 -0.820832 
-0.129000 -0.837758 
-0.128000 -0.854735 
-0.127000 -0.871764 
-0.126000 -0.888843 
-0.125000 -0.905972 
-0.124000 -0.923148 
-0.123000 -0.940373 
-0.122000 -0.957643 
-0.121000 -0.974959 
-0.120000 -0.992319 
-0.119000 -1.009723 
-0.118000 -1.027169 
-0.117000 -1.044655 
-0.116000 -1.062182 
-0.115000 -1.079746 
-0.114000 -1.097348 
-0.113000 -1.114987 
-0.112000 -1.132659 
-0.111000 -1.150365 
-0.110000 -1.168103 
-0.109000 -1.185872 
-0.108000 -1.203670 
-0.107000 -1.221495 
-0.106000 -1.239346 
-0.105000 -1.257222 
-0.104000 -1.275120 
-0.103000 -1.293040 
-0.102000 -1.310979 
-0.101000 -1.328937 
-0.100000 -1.346910 
-0.099000 -1.364898 
-0.098000 -1.382898 
-0.097000 -1.400909 
-0.096000 -1.418929 
-0.095000 -1.436956 
-0.094000 -1.454987 
-0.093000 -1.473021 
-0.092000 -1.491056 
-0.091000 -1.509090 
-0.090000 -1.527120 
-0.089000 -1.545145 
-0.088000 -1.563162 
-0.087000 -1.581169 
-0.086000 -1.599163 
-0.085000 -1.617143 
-0.084000 -1.635105 
-0.083000 -1.653048 
-0.082000 -1.670970 
-0.081000 -1.688866 
-0.080000 -1.706736 
-0.079000 -1.724576 
-0.078000 -1.742385 
-0.077000 -1.760158 
-0.076000 -1.777894 
-0.075000 -1.795590 
-0.074000 -1.813242 
-0.073000 -1.830849 
-0.072000 -1.848408 
-0.071000 -1.865915 
-0.070000 -1.883367 
-0.069000 -1.900762 
-0.068000 -1.918097 
-0.067000 -1.935369 
-0.066000 -1.952574 
-0.065000 -1.969710 
-0.064000 -1.986774 
-0.063000 -2.003761 
-0.062000 -2.020670 
-0.061000 -2.037497 
-0.060000 -2.054238 
-0.059000 -2.070891 
-0.058000 -2.087452 
-0.057000 -2.103918 
-0.056000 -2.120286 
-0.055000 -2.136552 
-0.054000 -2.152712 
-0.053000 -2.168764 
-0.052000 -2.184704 
-0.051000 -2.200528 
-0.050000 -2.216233 
-0.049000 -2.231816 
-0.048000 -2.247274 
-0.047000 -2.262601 
-0.046000 -2.277796 
-0.045000 -2.292855 
-0.044000 -2.307774 
-0.043000 -2.322549 
-0.042000 -2.337177 
-0.041000 -2.351655 
-0.040000 -2.365979 
-0.039000 -2.380145 
-0.038000 -2.394151 
-0.037000 -2.407992 
-0.036000 -2.421664 
-0.035000 -2.435166 
-0.034000 -2.448492 
-0.033000 -2.461640 
-0.032000 -2.474606 
-0.031000 -2.487386 
-0.030000 -2.499978 
-0.029000 -2.512377 
-0.028000 -2.524581 
-0.027000 -2.536586 
-0.026000 -2.548389 
-0.025000 -2.559987 
-0.024000 -2.571376 
-0.023000 -2.582553 
-0.022000 -2.593515 
-0.021000 -2.604259 
-0.020000 -2.614782 
-0.019000 -2.625080 
-0.018000 -2.635151 
-0.017000 -2.644993 
-0.016000 -2.654601 
-0.015000 -2.663973 
-0.014000 -2.673107 
-0.013000 -2.682000 
-0.012000 -2.690648 
-0.011000 -2.699051 
-0.010000 -2.707204 
-0.009000 -2.715106 
-0.008000 -2.722754 
-0.007000 -2.730145 
-0.006000 -2.737279 
-0.005000 -2.744152 
-0.004000 -2.750763 
-0.003000 -2.757109 
-0.002000 -2.763188 
-0.001000 -2.768999 
-0.000000 -2.774541 
0.001000 -2.779810 
0.002000 -2.784807 
0.003000 -2.789528 
0.004000 -2.793974 
0.005000 -2.798142 
0.006000 -2.802032 
0.007000 -2.805641 
0.008000 -2.808970 
0.009000 -2.812018 
0.010000 -2.814783 
0.011000 -2.817264 
0.012000 -2.819462 
0.013000 -2.821375 
0.014000 -2.823004 
0.015000 -2.824347 
0.016000 -2.825405 
0.017000 -2.826177 
0.018000 -2.826663 
0.019000 -2.826864 
0.020000 -2.826780 
0.021000 -2.826410 
0.022000 -2.825755 
0.023000 -2.824816 
0.024000 -2.823593 
0.025000 -2.822087 
0.026000 -2.820298 
0.027000 -2.818228 
0.028000 -2.815877 
0.029000 -2.813246 
0.030000 -2.810336 
0.031000 -2.807150 
0.032000 -2.803687 
0.033000 -2.799949 
0.034000 -2.795938 
0.035000 -2.791655 
0.036000 -2.787102 
0.037000 -2.782281 
0.038000 -2.777193 
0.039000 -2.771840 
0.040000 -2.766225 
0.041000 -2.760349 
0.042000 -2.754214 
0.043000 -2.747823 
0.044000 -2.741178 
0.045000 -2.734281 
0.046000 -2.727135 
0.047000 -2.719741 
0.048000 -2.712104 
0.049000 -2.704224 
0.050000 -2.696105 
0.051000 -2.687749 
0.052000 -2.679160 
0.053000 -2.670339 
0.054000 -2.661290 
0.055000 -2.652017 
0.056000 -2.642520 
0.057000 -2.632805 
0.058000 -2.622873 
0.059000 -2.612727 
0.060000 -2.602372 
0.061000 -2.591810 
0.062000 -2.581043 
0.063000 -2.570076 
0.064000 -2.558912 
0.065000 -2.547553 
0.066000 -2.536004 
0.067000 -2.524266 
0.068000 -2.512345 
0.069000 -2.500242 
0.070000 -2.487962 
0.071000 -2.475508 
0.072000 -2.462882 
0.073000 -2.450089 
0.074000 -2.437132 
0.075000 -2.424014 
0.076000 -2.410739 
0.077000 -2.397310 
0.078000 -2.383730 
0.079000 -2.370003 
0.080000 -2.356132 
0.081000 -2.342120 
0.082000 -2.327972 
0.083000 -2.313690 
0.084000 -2.299277 
0.085000 -2.284737 
0.086000 -2.270074 
0.087000 -2.255290 
0.088000 -2.240390 
0.089000 -2.225375 
0.090000 -2.210250 
0.091000 -2.195017 
0.092000 -2.179681 
0.093000 -2.164243 
0.094000 -2.148708 
0.095000 -2.133078 
0.096000 -2.117357 
0.097000 -2.101547 
0.098000 -2.085653 
0.099000 -2.069675 
0.100000 -2.053619 
0.101000 -2.037487 
0.102000 -2.021281 
0.103000 -2.005004 
0.104000 -1.988661 
0.105000 -1.972252 
0.106000 -1.955782 
0.107000 -1.939253 
0.108000 -1.922667 
0.109000 -1.906028 
0.110000 -1.889338 
0.111000 -1.872600 
0.112000 -1.855817 
0.113000 -1.838990 
0.114000 -1.822123 
0.115000 -1.805218 
0.116000 -1.788277 
0.117000 -1.771304 
0.118000 -1.754300 
0.119000 -1.737267 
0.120000 -1.720209 
0.121000 -1.703127 
0.122000 -1.686024 
0.123000 -1.668901 
0.124000 -1.651761 
0.125000 -1.634607 
0.126000 -1.617440 
0.127000 -1.600261 
0.128000 -1.583075 
0.129000 -1.565881 
0.130000 -1.548683 
0.131000 -1.531482 
0.132000 -1.514280 
0.133000 -1.497079 
0.134000 -1.479881 
0.135000 -1.462687 
0.136000 -1.445500 
0.137000 -1.428320 
0.138000 -1.411150 
0.139000 -1.393992 
0.140000 -1.376846 
0.141000 -1.359714 
0.142000 -1.342599 
0.143000 -1.325500 
0.144000 -1.308421 
0.145000 -1.291362 
0.146000 -1.274325 
0.147000 -1.257311 
0.148000 -1.240322 
0.149000 -1.223358 
0.150000 -1.206421 
0.151000 -1.189512 
0.152000 -1.172633 
0.153000 -1.155785 
0.154000 -1.138968 
0.155000 -1.122185 
0.156000 -1.105435 
0.157000 -1.088720 
0.158000 -1.072042 
0.159000 -1.055401 
0.160000 -1.038798 
0.161000 -1.022234 
0.162000 -1.005710 
0.163000 -0.989227 
0.164000 -0.972786 
0.165000 -0.956388 
0.166000 -0.940033 
0.167000 -0.923723 
0.168000 -0.907457 
0.169000 -0.891238 
0.170000 -0.875065 
0.171000 -0.858940 
0.172000 -0.842862 
0.173000 -0.826834 
0.174000 -0.810854 
0.175000 -0.794925 
0.176000 -0.779046 
0.177000 -0.763219 
0.178000 -0.747443 
0.179000 -0.731720 
0.180000 -0.716049 
0.181000 -0.700432 
0.182000 -0.684869 
0.183000 -0.669360 
0.184000 -0.653905 
0.185000 -0.638506 
0.186000 -0.623163 
0.187000 -0.607876 
0.188000 -0.592645 
0.189000 -0.577471 
0.190000 -0.562354 
0.191000 -0.547295 
0.192000 -0.532294 
0.193000 -0.517350 
0.194000 -0.502466 
0.195000 -0.487640 
0.196000 -0.472873 
0.197000 -0.458165 
0.198000 -0.443517 
0.199000 -0.428929 
0.200000 -0.414400 
0.201000 -0.399932 
0.202000 -0.385525 
0.203000 -0.371177 
0.204000 -0.356891 
0.205000 -0.342666 
0.206000 -0.328501 
0.207000 -0.314398 
0.208000 -0.300356 
0.209000 -0.286376 
0.210000 -0.272457 
0.211000 -0.258600 
0.212000 -0.244805 
0.213000 -0.231071 
0.214000 -0.217400 
0.215000 -0.203790 
0.216000 -0.190243 
0.217000 -0.176757 
0.218000 -0.163334 
0.219000 -0.149973 
0.220000 -0.136674 
0.221000 -0.123437 
0.222000 -0.110263 
0.223000 -0.097150 
0.224000 -0.084100 
0.225000 -0.071113 
0.226000 -0.058187 
0.227000 -0.045323 
0.228000 -0.032522 
0.229000 -0.019783 
0.230000 -0.007106 
0.231000 0.005510 
0.232000 0.018063 
0.233000 0.030554 
0.234000 0.042984 
0.235000 0.055351 
0.236000 0.067658 
0.237000 0.079902 
0.238000 0.092085 
0.239000 0.104206 
0.240000 0.116266 
0.241000 0.128265 
0.242000 0.140203 
0.243000 0.152079 
0.244000 0.163895 
0.245000 0.175650 
0.246000 0.187344 
0.247000 0.198977 
0.248000 0.210550 
0.249000 0.222062 
0.250000 0.233515 
0.251000 0.244907 
0.252000 0.256239 
0.253000 0.267511 
0.254000 0.278724 
0.255000 0.289877 
0.256000 0.300970 
0.257000 0.312005 
0.258000 0.322980 
0.259000 0.333896 
0.260000 0.344753 
0.261000 0.355552 
0.262000 0.366292 
0.263000 0.376973 
0.264000 0.387597 
0.265000 0.398162 
0.266000 0.408670 
0.267000 0.419120 
0.268000 0.429512 
0.269000 0.439847 
0.270000 0.450124 
0.271000 0.460345 
0.272000 0.470508 
0.273000 0.480615 
0.274000 0.490665 
0.275000 0.500659 
0.276000 0.510597 
0.277000 0.520479 
0.278000 0.530305 
0.279000 0.540075 
0.280000 0.549789 
0.281000 0.559449 
0.282000 0.569053 
0.283000 0.578602 
0.284000 0.588096 
0.285000 0.597536 
0.286000 0.606922 
0.287000 0.616253 
0.288000 0.625530 
0.289000 0.634753 
0.290000 0.643922 
0.291000 0.653038 
0.292000 0.662101 
0.293000 0.671110 
0.294000 0.680067 
0.295000 0.688970 
0.296000 0.697821 
0.297000 0.706620 
0.298000 0.715366 
0.299000 0.724061 
0.300000 0.732703 
0.301000 0.741294 
0.302000 0.749833 
0.303000 0.758321 
0.304000 0.766757 
0.305000 0.775143 
0.306000 0.783478 
0.307000 0.791762 
0.308000 0.799996 
0.309000 0.808180 
0.310000 0.816313 
0.311000 0.824397 
0.312000 0.832431 
0.313000 0.840415 
0.314000 0.848350 
0.315000 0.856236 
0.316000 0.864072 
0.317000 0.871860 
0.318000 0.879599 
0.319000 0.887290 
0.320000 0.894932 
0.321000 0.902527 
0.322000 0.910073 
0.323000 0.917571 
0.324000 0.925022 
0.325000 0.932426 
0.326000 0.939782 
0.327000 0.947091 
0.328000 0.954353 
0.329000 0.961568 
0.330000 0.968737 
0.331000 0.975859 
0.332000 0.982935 
0.333000 0.989965 
0.334000 0.996949 
0.335000 1.003887 
0.336000 1.010779 
0.337000 1.017626 
0.338000 1.024428 
0.339000 1.031184 
0.340000 1.037896 
0.341000 1.044563 
0.342000 1.051185 
0.343000 1.057762 
0.344000 1.064296 
0.345000 1.070785 
0.346000 1.077230 
0.347000 1.083631 
0.348000 1.089988 
0.349000 1.096302 
0.350000 1.102572 
0.351000 1.108799 
0.352000 1.114983 
0.353000 1.121124 
0.354000 1.127222 
0.355000 1.133278 
0.356000 1.139291 
0.357000 1.145261 
0.358000 1.151189 
0.359000 1.157075 
0.360000 1.162919 
0.361000 1.168722 
0.362000 1.174482 
0.363000 1.180201 
0.364000 1.185879 
0.365000 1.191515 
0.366000 1.197110 
0.367000 1.202665 
0.368000 1.208178 
0.369000 1.213650 
0.370000 1.219082 
0.371000 1.224474 
0.372000 1.229825 
0.373000 1.235136 
0.374000 1.240406 
0.375000 1.245637 
0.376000 1.250828 
0.377000 1.255980 
0.378000 1.261091 
0.379000 1.266163 
0.380000 1.271196 
0.381000 1.276190 
0.382000 1.281144 
0.383000 1.286060 
0.384000 1.290937 
0.385000 1.295775 
0.386000 1.300574 
0.387000 1.305335 
0.388000 1.310057 
0.389000 1.314741 
0.390000 1.319387 
0.391000 1.323995 
0.392000 1.328565 
0.393000 1.333097 
0.394000 1.337591 
0.395000 1.342048 
0.396000 1.346467 
0.397000 1.350849 
0.398000 1.355193 
0.399000 1.359501 
0.400000 1.363771 
0.401000 1.368004 
0.402000 1.372200 
0.403000 1.376360 
0.404000 1.380482 
0.405000 1.384569 
0.406000 1.388618 
0.407000 1.392631 
0.408000 1.396608 
0.409000 1.400549 
0.410000 1.404454 
0.411000 1.408322 
0.412000 1.412155 
0.413000 1.415951 
0.414000 1.419712 
0.415000 1.423438 
0.416000 1.427127 
0.417000 1.430782 
0.418000 1.434400 
0.419000 1.437984 
0.420000 1.441532 
0.421000 1.445045 
0.422000 1.448523 
0.423000 1.451966 
0.424000 1.455374 
0.425000 1.458747 
0.426000 1.462085 
0.427000 1.465389 
0.428000 1.468658 
0.429000 1.471893 
0.430000 1.475093 
0.431000 1.478258 
0.432000 1.481390 
0.433000 1.484487 
0.434000 1.487550 
0.435000 1.490579 
0.436000 1.493573 
0.437000 1.496534 
0.438000 1.499461 
0.439000 1.502354 
0.440000 1.505214 
0.441000 1.508039 
0.442000 1.510831 
0.443000 1.513590 
0.444000 1.516314 
0.445000 1.519006 
0.446000 1.521664 
0.447000 1.524288 
0.448000 1.526880 
0.449000 1.529438 
0.450000 1.531963 
0.451000 1.534455 
0.452000 1.536913 
0.453000 1.539339 
0.454000 1.541732 
0.455000 1.544092 
0.456000 1.546419 
0.457000 1.548713 
0.458000 1.550974 
0.459000 1.553203 
0.460000 1.555399 
0.461000 1.557563 
0.462000 1.559694 
0.463000 1.561792 
0.464000 1.563858 
0.465000 1.565891 
0.466000 1.567892 
0.467000 1.569861 
0.468000 1.571797 
0.469000 1.573701 
0.470000 1.575573 
0.471000 1.577413 
0.472000 1.579220 
0.473000 1.580996 
0.474000 1.582739 
0.475000 1.584450 
0.476000 1.586129 
0.477000 1.587776 
0.478000 1.589391 
0.479000 1.590975 
0.480000 1.592526 
0.481000 1.594045 
0.482000 1.595533 
0.483000 1.596989 
0.484000 1.598412 
0.485000 1.599805 
0.486000 1.601165 
0.487000 1.602494 
0.488000 1.603791 
0.489000 1.605056 
0.490000 1.606290 
0.491000 1.607492 
0.492000 1.608662 
0.493000 1.609801 
0.494000 1.610908 
0.495000 1.611983 
0.496000 1.613027 
0.497000 1.614040 
0.498000 1.615021 
0.499000 1.615970 
0.500000 1.616888 
0.501000 1.617775 
0.502000 1.618630 
0.503000 1.619453 
0.504000 1.620245 
0.505000 1.621006 
0.506000 1.621735 
0.507000 1.622432 
0.508000 1.623099 
0.509000 1.623734 
0.510000 1.624337 
0.511000 1.624909 
0.512000 1.625449 
0.513000 1.625958 
0.514000 1.626436 
0.515000 1.626883 
0.516000 1.627297 
0.517000 1.627681 
0.518000 1.628033 
0.519000 1.628353 
0.520000 1.628642 
0.521000 1.628900 
0.522000 1.629126 
0.523000 1.629321 
0.524000 1.629484 
0.525000 1.629616 
0.526000 1.629716 
0.527000 1.629785 
0.528000 1.629822 
0.529000 1.629828 
0.530000 1.629802 
0.531000 1.629744 
0.532000 1.629655 
0.533000 1.629535 
0.534000 1.629383 
0.535000 1.629199 
0.536000 1.628983 
0.537000 1.628736 
0.538000 1.628458 
0.539000 1.628147 
0.540000 1.627805 
0.541000 1.627431 
0.542000 1.627025 
0.543000 1.626588 
0.544000 1.626118 
0.545000 1.625617 
0.546000 1.625084 
0.547000 1.624519 
0.548000 1.623922 
0.549000 1.623293 
0.550000 1.622632 
0.551000 1.621939 
0.552000 1.621214 
0.553000 1.620457 
0.554000 1.619668 
0.555000 1.618846 
0.556000 1.617993 
0.557000 1.617107 
0.558000 1.616189 
0.559000 1.615238 
0.560000 1.614255 
0.561000 1.613240 
0.562000 1.612192 
0.563000 1.611112 
0.564000 1.609999 
0.565000 1.608854 
0.566000 1.607676 
0.567000 1.606465 
0.568000 1.605222 
0.569000 1.603946 
0.570000 1.602637 
0.571000 1.601295 
0.572000 1.599920 
0.573000 1.598513 
0.574000 1.597072 
0.575000 1.595598 
0.576000 1.594091 
0.577000 1.592551 
0.578000 1.590978 
0.579000 1.589371 
0.580000 1.587731 
0.581000 1.586057 
0.582000 1.584350 
0.583000 1.582610 
0.584000 1.580836 
0.585000 1.579028 
0.586000 1.577186 
0.587000 1.575311 
0.588000 1.573401 
0.589000 1.571458 
0.590000 1.569481 
0.591000 1.567470 
0.592000 1.565424 
0.593000 1.563344 
0.594000 1.561230 
0.595000 1.559082 
0.596000 1.556899 
0.597000 1.554682 
0.598000 1.552430 
0.599000 1.550143 
0.600000 1.547822 
0.601000 1.545466 
0.602000 1.543075 
0.603000 1.540649 
0.604000 1.538188 
0.605000 1.535691 
0.606000 1.533160 
0.607000 1.530593 
0.608000 1.527991 
0.609000 1.525353 
0.610000 1.522679 
0.611000 1.519970 
0.612000 1.517225 
0.613000 1.514445 
0.614000 1.511628 
0.615000 1.508775 
0.616000 1.505886 
0.617000 1.502961 
0.618000 1.500000 
0.619000 1.497002 
0.620000 1.493967 
0.621000 1.490896 
0.622000 1.487788 
0.623000 1.484643 
0.624000 1.481462 
0.625000 1.478243 
0.626000 1.474987 
0.627000 1.471694 
0.628000 1.468364 
0.629000 1.464996 
0.630000 1.461590 
0.631000 1.458147 
0.632000 1.454666 
0.633000 1.451147 
0.634000 1.447590 
0.635000 1.443995 
0.636000 1.440361 
0.637000 1.436689 
0.638000 1.432979 
0.639000 1.429230 
0.640000 1.425442 
0.641000 1.421616 
0.642000 1.417750 
0.643000 1.413846 
0.644000 1.409902 
0.645000 1.405918 
0.646000 1.401895 
0.647000 1.397833 
0.648000 1.393731 
0.649000 1.389589 
0.650000 1.385407 
0.651000 1.381184 
0.652000 1.376922 
0.653000 1.372619 
0.654000 1.368275 
0.655000 1.363891 
0.656000 1.359466 
0.657000 1.355000 
0.658000 1.350493 
0.659000 1.345944 
0.660000 1.341355 
0.661000 1.336723 
0.662000 1.332050 
0.663000 1.327335 
0.664000 1.322578 
0.665000 1.317779 
0.666000 1.312938 
0.667000 1.308054 
0.668000 1.303128 
0.669000 1.298159 
0.670000 1.293147 
0.671000 1.288092 
0.672000 1.282994 
0.673000 1.277852 
0.674000 1.272667 
0.675000 1.267438 
0.676000 1.262165 
0.677000 1.256848 
0.678000 1.251487 
0.679000 1.246082 
0.680000 1.240632 
0.681000 1.235138 
0.682000 1.229599 
0.683000 1.224014 
0.684000 1.218385 
0.685000 1.212710 
0.686000 1.206989 
0.687000 1.201223 
0.688000 1.195411 
0.689000 1.189553 
0.690000 1.183649 
0.691000 1.177698 
0.692000 1.171700 
0.693000 1.165656 
0.694000 1.159565 
0.695000 1.153427 
0.696000 1.147241 
0.697000 1.141008 
0.698000 1.134727 
0.699000 1.128398 
0.700000 1.122022 
0.701000 1.115596 
0.702000 1.109123 
0.703000 1.102601 
0.704000 1.096030 
0.705000 1.089409 
0.706000 1.082740 
0.707000 1.076021 
0.708000 1.069253 
0.709000 1.062435 
0.710000 1.055566 
0.711000 1.048648 
0.712000 1.041679 
0.713000 1.034659 
0.714000 1.027589 
0.715000 1.020467 
0.716000 1.013295 
0.717000 1.006071 
0.718000 0.998795 
0.719000 0.991467 
0.720000 0.984088 
0.721000 0.976656 
0.722000 0.969171 
0.723000 0.961634 
0.724000 0.954044 
0.725000 0.946401 
0.726000 0.938704 
0.727000 0.930954 
0.728000 0.923150 
0.729000 0.915292 
0.730000 0.907380 
0.731000 0.899414 
0.732000 0.891393 
0.733000 0.883317 
0.734000 0.875186 
0.735000 0.867000 
0.736000 0.858758 
0.737000 0.850460 
0.738000 0.842107 
0.739000 0.833697 
0.740000 0.825232 
0.741000 0.816709 
0.742000 0.808130 
0.743000 0.799493 
0.744000 0.790800 
0.745000 0.782049 
0.746000 0.773240 
0.747000 0.764373 
0.748000 0.755448 
0.749000 0.746465 
0.750000 0.737423 
0.751000 0.728322 
0.752000 0.719162 
0.753000 0.709943 
0.754000 0.700665 
0.755000 0.691327 
0.756000 0.681928 
0.757000 0.672470 
0.758000 0.662951 
0.759000 0.653372 
0.760000 0.643732 
0.761000 0.634031 
0.762000 0.624269 
0.763000 0.614445 
0.764000 0.604559 
0.765000 0.594612 
0.766000 0.584602 
0.767000 0.574531 
0.768000 0.564396 
0.769000 0.554199 
0.770000 0.543939 
0.771000 0.533615 
0.772000 0.523229 
0.773000 0.512778 
0.774000 0.502264 
0.775000 0.491686 
0.776000 0.481044 
0.777000 0.470337 
0.778000 0.459565 
0.779000 0.448729 
0.780000 0.437828 
0.781000 0.426861 
0.782000 0.415830 
0.783000 0.404732 
0.784000 0.393569 
0.785000 0.382340 
0.786000 0.371044 
0.787000 0.359683 
0.788000 0.348255 
0.789000 0.336760 
0.790000 0.325198 
0.791000 0.313569 
0.792000 0.301873 
0.793000 0.290110 
0.794000 0.278279 
0.795000 0.266381 
0.796000 0.254415 
0.797000 0.242380 
0.798000 0.230278 
0.799000 0.218108 
0.800000 0.205869 
0.801000 0.193561 
0.802000 0.181185 
0.803000 0.168741 
0.804000 0.156227 
0.805000 0.143644 
0.806000 0.130993 
0.807000 0.118272 
0.808000 0.105482 
0.809000 0.092622 
0.810000 0.079693 
0.811000 0.066695 
0.812000 0.053627 
0.813000 0.040489 
0.814000 0.027282 
0.815000 0.014005 
0.816000 0.000658 
0.817000 -0.012759 
0.818000 -0.026245 
0.819000 -0.039801 
0.820000 -0.053428 
0.821000 -0.067124 
0.822000 -0.080890 
0.823000 -0.094726 
0.824000 -0.108631 
0.825000 -0.122607 
0.826000 -0.136652 
0.827000 -0.150767 
0.828000 -0.164952 
0.829000 -0.179206 
0.830000 -0.193530 
0.831000 -0.207923 
0.832000 -0.222385 
0.833000 -0.236916 
0.834000 -0.251517 
0.835000 -0.266186 
0.836000 -0.280924 
0.837000 -0.295731 
0.838000 -0.310606 
0.839000 -0.325549 
0.840000 -0.340560 
0.841000 -0.355639 
0.842000 -0.370786 
0.843000 -0.386000 
0.844000 -0.401281 
0.845000 -0.416628 
0.846000 -0.432042 
0.847000 -0.447522 
0.848000 -0.463068 
0.849000 -0.478680 
0.850000 -0.494356 
0.851000 -0.510097 
0.852000 -0.525903 
0.853000 -0.541772 
0.854000 -0.557705 
0.855000 -0.573701 
0.856000 -0.589760 
0.857000 -0.605880 
0.858000 -0.622062 
0.859000 -0.638305 
0.860000 -0.654609 
0.861000 -0.670972 
0.862000 -0.687395 
0.863000 -0.703876 
0.864000 -0.720416 
0.865000 -0.737013 
0.866000 -0.753666 
0.867000 -0.770376 
0.868000 -0.787140 
0.869000 -0.803959 
0.870000 -0.820832 
0.871000 -0.837758 
0.872000 -0.854735 
0.873000 -0.871764 
0.874000 -0.888843 
0.875000 -0.905972 
0.876000 -0.923148 
0.877000 -0.940373 
0.878000 -0.957643 
0.879000 -0.974959 
0.880000 -0.992319 
0.881000 -1.009723 
0.882000 -1.027169 
0.883000 -1.044655 
0.884000 -1.062182 
0.885000 -1.079746 
0.886000 -1.097348 
0.887000 -1.114987 
0.888000 -1.132659 
0.889000 -1.150365 
0.890000 -1.168103 
0.891000 -1.185872 
0.892000 -1.203670 
0.893000 -1.221495 
0.894000 -1.239346 
0.895000 -1.257222 
0.896000 -1.275120 
0.897000 -1.293040 
0.898000 -1.310979 
0.899000 -1.328937 
0.900000 -1.346910 
0.901000 -1.364898 
0.902000 -1.382898 
0.903000 -1.400909 
0.904000 -1.418929 
0.905000 -1.436956 
0.906000 -1.454987 
0.907000 -1.473021 
0.908000 -1.491056 
0.909000 -1.509090 
0.910000 -1.527120 
0.911000 -1.545145 
0.912000 -1.563162 
0.913000 -1.581169 
0.914000 -1.599163 
0.915000 -1.617143 
0.916000 -1.635105 
0.917000 -1.653048 
0.918000 -1.670970 
0.919000 -1.688866 
0.920000 -1.706736 
0.921000 -1.724576 
0.922000 -1.742385 
0.923000 -1.760158 
0.924000 -1.777894 
0.925000 -1.795590 
0.926000 -1.813242 
0.927000 -1.830849 
0.928000 -1.848408 
0.929000 -1.865915 
0.930000 -1.883367 
0.931000 -1.900762 
0.932000 -1.918097 
0.933000 -1.935369 
0.934000 -1.952574 
0.935000 -1.969710 
0.936000 -1.986774 
0.937000 -2.003761 
0.938000 -2.020670 
0.939000 -2.037497 
0.940000 -2.054238 
0.941000 -2.070891 
0.942000 -2.087452 
0.943000 -2.103918 
0.944000 -2.120286 
0.945000 -2.136552 
0.946000 -2.152712 
0.947000 -2.168764 
0.948000 -2.184704 
0.949000 -2.200528 
0.950000 -2.216233 
0.951000 -2.231816 
0.952000 -2.247274 
0.953000 -2.262601 
0.954000 -2.277796 
0.955000 -2.292855 
0.956000 -2.307774 
0.957000 -2.322549 
0.958000 -2.337177 
0.959000 -2.351655 
0.960000 -2.365979 
0.961000 -2.380145 
0.962000 -2.394151 
0.963000 -2.407992 
0.964000 -2.421664 
0.965000 -2.435166 
0.966000 -2.448492 
0.967000 -2.461640 
0.968000 -2.474606 
0.969000 -2.487386 
0.970000 -2.499978 
0.971000 -2.512377 
0.972000 -2.524581 
0.973000 -2.536586 
0.974000 -2.548389 
0.975000 -2.559987 
0.976000 -2.571376 
0.977000 -2.582553 
0.978000 -2.593515 
0.979000 -2.604259 
0.980000 -2.614782 
0.981000 -2.625080 
0.982000 -2.635151 
0.983000 -2.644993 
0.984000 -2.654601 
0.985000 -2.663973 
0.986000 -2.673107 
0.987000 -2.682000 
0.988000 -2.690648 
0.989000 -2.699051 
0.990000 -2.707204 
0.991000 -2.715106 
0.992000 -2.722754 
0.993000 -2.730145 
0.994000 -2.737279 
0.995000 -2.744152 
0.996000 -2.750763 
0.997000 -2.757109 
0.998000 -2.763188 
0.999000 -2.768999 
1.000000 -2.774541 
1.001000 -2.779810 
1.002000 -2.784807 
1.003000 -2.789528 
1.004000 -2.793974 
1.005000 -2.798142 
1.006000 -2.802032 
1.007000 -2.805641 
1.008000 -2.808970 
1.009000 -2.812018 
1.010000 -2.814783 
1.011000 -2.817264 
1.012000 -2.819462 
1.013000 -2.821375 
1.014000 -2.823004 
1.015000 -2.824347 
1.016000 -2.825405 
1.017000 -2.826177 
1.018000 -2.826663 
1.019000 -2.826864 
1.020000 -2.826780 
1.021000 -2.826410 
1.022000 -2.825755 
1.023000 -2.824816 
1.024000 -2.823593 
1.025000 -2.822087 
1.026000 -2.820298 
1.027000 -2.818228 
1.028000 -2.815877 
1.029000 -2.813246 
1.030000 -2.810336 
1.031000 -2.807150 
1.032000 -2.803687 
1.033000 -2.799949 
1.034000 -2.795938 
1.035000 -2.791655 
1.036000 -2.787102 
1.037000 -2.782281 
1.038000 -2.777193 
1.039000 -2.771840 
1.040000 -2.766225 
1.041000 -2.760349 
1.042000 -2.754214 
1.043000 -2.747823 
1.044000 -2.741178 
1.045000 -2.734281 
1.046000 -2.727135 
1.047000 -2.719741 
1.048000 -2.712104 
1.049000 -2.704224 
1.050000 -2.696105 
1.051000 -2.687749 
1.052000 -2.679160 
1.053000 -2.670339 
1.054000 -2.661290 
1.055000 -2.652017 
1.056000 -2.642520 
1.057000 -2.632805 
1.058000 -2.622873 
1.059000 -2.612727 
1.060000 -2.602372 
1.061000 -2.591810 
1.062000 -2.581043 
1.063000 -2.570076 
1.064000 -2.558912 
1.065000 -2.547553 
1.066000 -2.536004 
1.067000 -2.524266 
1.068000 -2.512345 
1.069000 -2.500242 
1.070000 -2.487962 
1.071000 -2.475508 
1.072000 -2.462882 
1.073000 -2.450089 
1.074000 -2.437132 
1.075000 -2.424014 
1.076000 -2.410739 
1.077000 -2.397310 
1.078000 -2.383730 
1.079000 -2.370003 
1.080000 -2.356132 
1.081000 -2.342120 
1.082000 -2.327972 
1.083000 -2.313690 
1.084000 -2.299277 
1.085000 -2.284737 
1.086000 -2.270074 
1.087000 -2.255290 
1.088000 -2.240390 
1.089000 -2.225375 
1.090000 -2.210250 
1.091000 -2.195017 
1.092000 -2.179681 
1.093000 -2.164243 
1.094000 -2.148708 
1.095000 -2.133078 
1.096000 -2.117357 
1.097000 -2.101547 
1.098000 -2.085653 
1.099000 -2.069675 
1.100000 -2.053619 
1.101000 -2.037487 
1.102000 -2.021281 
1.103000 -2.005004 
1.104000 -1.988661 
1.105000 -1.972252 
1.106000 -1.955782 
1.107000 -1.939253 
1.108000 -1.922667 
1.109000 -1.906028 
1.110000 -1.889338 
1.111000 -1.872600 
1.112000 -1.855817 
1.113000 -1.838990 
1.114000 -1.822123 
1.115000 -1.805218 
1.116000 -1.788277 
1.117000 -1.771304 
1.118000 -1.754300 
1.119000 -1.737267 
1.120000 -1.720209 
1.121000 -1.703127 
1.122000 -1.686024 
1.123000 -1.668901 
1.124000 -1.651761 
1.125000 -1.634607 
1.126000 -1.617440 
1.127000 -1.600261 
1.128000 -1.583075 
1.129000 -1.565881 
1.130000 -1.548683 
1.131000 -1.531482 
1.132000 -1.514280 
1.133000 -1.497079 
1.134000 -1.479881 
1.135000 -1.462687 
1.136000 -1.445500 
1.137000 -1.428320 
1.138000 -1.411150 
1.139000 -1.393992 
1.140000 -1.376846 
1.141000 -1.359714 
1.142000 -1.342599 
1.143000 -1.325500 
1.144000 -1.308421 
1.145000 -1.291362 
1.146000 -1.274325 
1.147000 -1.257311 
1.148000 -1.240322 
1.149000 -1.223358 
1.150000 -1.206421 
1.151000 -1.189512 
1.152000 -1.172633 
1.153000 -1.155785 
1.154000 -1.138968 
1.155000 -1.122185 
1.156000 -1.105435 
1.157000 -1.088720 
1.158000 -1.072042 
1.159000 -1.055401 
1.160000 -1.038798 
1.161000 -1.022234 
1.162000 -1.005710 
1.163000 -0.989227 
1.164000 -0.972786 
1.165000 -0.956388 
1.166000 -0.940033 
1.167000 -0.923723 
1.168000 -0.907457 
1.169000 -0.891238 
1.170000 -0.875065 
1.171000 -0.858940 
1.172000 -0.842862 
1.173000 -0.826834 
1.174000 -0.810854 
1.175000 -0.794925 
1.176000 -0.779046 
1.177000 -0.763219 
1.178000 -0.747443 
1.179000 -0.731720 
1.180000 -0.716049 
1.181000 -0.700432 
1.182000 -0.684869 
1.183000 -0.669360 
1.184000 -0.653905 
1.185000 -0.638506 
1.186000 -0.623163 
1.187000 -0.607876 
1.188000 -0.592645 
1.189000 -0.577471 
1.190000 -0.562354 
1.191000 -0.547295 
1.192000 -0.532294 
1.193000 -0.517350 
1.194000 -0.502466 
1.195000 -0.487640 
1.196000 -0.472873 
1.197000 -0.458165 
1.198000 -0.443517 
1.199000 -0.428929 
1.200000 -0.414400 
1.201000 -0.399932 
1.202000 -0.385525 
1.203000 -0.371177 
1.204000 -0.356891 
1.205000 -0.342666 
1.206000 -0.328501 
1.207000 -0.314398 
1.208000 -0.300356 
1.209000 -0.286376 
1.210000 -0.272457 
1.211000 -0.258600 
1.212000 -0.244805 
1.213000 -0.231071 
1.214000 -0.217400 
1.215000 -0.203790 
1.216000 -0.190243 
1.217000 -0.176757 
1.218000 -0.163334 
1.219000 -0.149973 
1.220000 -0.136674 
1.221000 -0.123437 
1.222000 -0.110263 
1.223000 -0.097150 
1.224000 -0.084100 
1.225000 -0.071113 
1.226000 -0.058187 
1.227000 -0.045323 
1.228000 -0.032522 
1.229000 -0.019783 
1.230000 -0.007106 
1.231000 0.005510 
1.232000 0.018063 
1.233000 0.030554 
1.234000 0.042984 
1.235000 0.055351 
1.236000 0.067658 
1.237000 0.079902 
1.238000 0.092085 
1.239000 0.104206 
1.240000 0.116266 
1.241000 0.128265 
1.242000 0.140203 
1.243000 0.152079 
1.244000 0.163895 
1.245000 0.175650 
1.246000 0.187344 
1.247000 0.198977 
1.248000 0.210550 
1.249000 0.222062 
1.250000 0.233515 
1.251000 0.244907 
1.252000 0.256239 
1.253000 0.267511 
1.254000 0.278724 
1.255000 0.289877 
1.256000 0.300970 
1.257000 0.312005 
1.258000 0.322980 
1.259000 0.333896 
1.260000 0.344753 
1.261000 0.355552 
1.262000 0.366292 
1.263000 0.376973 
1.264000 0.387597 
1.265000 0.398162 
1.266000 0.408670 
1.267000 0.419120 
1.268000 0.429512 
1.269000 0.439847 
1.270000 0.450124 
1.271000 0.460345 
1.272000 0.470508 
1.273000 0.480615 
1.274000 0.490665 
1.275000 0.500659 
1.276000 0.510597 
1.277000 0.520479 
1.278000 0.530305 
1.279000 0.540075 
1.280000 0.549789 
1.281000 0.559449 
1.282000 0.569053 
1.283000 0.578602 
1.284000 0.588096 
1.285000 0.597536 
1.286000 0.606922 
1.287000 0.616253 
1.288000 0.625530 
1.289000 0.634753 
1.290000 0.643922 
1.291000 0.653038 
1.292000 0.662101 
1.293000 0.671110 
1.294000 0.680067 
1.295000 0.688970 
1.296000 0.697821 
1.297000 0.706620 
1.298000 0.715366 
1.299000 0.724061 
1.300000 0.732703 
1.301000 0.741294 
1.302000 0.749833 
1.303000 0.758321 
1.304000 0.766757 
1.305000 0.775143 
1.306000 0.783478 
1.307000 0.791762 
1.308000 0.799996 
1.309000 0.808180 
1.310000 0.816313 
1.311000 0.824397 
1.312000 0.832431 
1.313000 0.840415 
1.314000 0.848350 
1.315000 0.856236 
1.316000 0.864072 
1.317000 0.871860 
1.318000 0.879599 
1.319000 0.887290 
1.320000 0.894932 
1.321000 0.902527 
1.322000 0.910073 
1.323000 0.917571 
1.324000 0.925022 
1.325000 0.932426 
1.326000 0.939782 
1.327000 0.947091 
1.328000 0.954353 
1.329000 0.961568 
1.330000 0.968737 
1.331000 0.975859 
1.332000 0.982935 
1.333000 0.989965 
1.334000 0.996949 
1.335000 1.003887 
1.336000 1.010779 
1.337000 1.017626 
1.338000 1.024428 
1.339000 1.031184 
1.340000 1.037896 
1.341000 1.044563 
1.342000 1.051185 
1.343000 1.057762 
1.344000 1.064296 
1.345000 1.070785 
1.346000 1.077230 
1.347000 1.083631 
1.348000 1.089988 
1.349000 1.096302 
1.350000 1.102572 
1.351000 1.108799 
1.352000 1.114983 
1.353000 1.121124 
1.354000 1.127222 
1.355000 1.133278 
1.356000 1.139291 
1.357000 1.145261 
1.358000 1.151189 
1.359000 1.157075 
1.360000 1.162919 
1.361000 1.168722 
1.362000 1.174482 
1.363000 1.180201 
1.364000 1.185879 
1.365000 1.191515 
1.366000 1.197110 
1.367000 1.202665 
1.368000 1.208178 
1.369000 1.213650 
1.370000 1.219082 
1.371000 1.224474 
1.372000 1.229825 
1.373000 1.235136 
1.374000 1.240406 
1.375000 1.245637 
1.376000 1.250828 
1.377000 1.255980 
1.378000 1.261091 
1.379000 1.266163 
1.380000 1.271196 
1.381000 1.276190 
1.382000 1.281144 
1.383000 1.286060 
1.384000 1.290937 
1.385000 1.295775 
1.386000 1.300574 
1.387000 1.305335 
1.388000 1.310057 
1.389000 1.314741 
1.390000 1.319387 
1.391000 1.323995 
1.392000 1.328565 
1.393000 1.333097 
1.394000 1.337591 
1.395000 1.342048 
1.396000 1.346467 
1.397000 1.350849 
1.398000 1.355193 
1.399000 1.359501 
1.400000 1.363771 
1.401000 1.368004 
1.402000 1.372200 
1.403000 1.376360 
1.404000 1.380482 
1.405000 1.384569 
1.406000 1.388618 
1.407000 1.392631 
1.408000 1.396608 
1.409000 1.400549 
1.410000 1.404454 
1.411000 1.408322 
1.412000 1.412155 
1.413000 1.415951 
1.414000 1.419712 
1.415000 1.423438 
1.416000 1.427127 
1.417000 1.430782 
1.418000 1.434400 
1.419000 1.437984 
1.420000 1.441532 
1.421000 1.445045 
1.422000 1.448523 
1.423000 1.451966 
1.424000 1.455374 
1.425000 1.458747 
1.426000 1.462085 
1.427000 1.465389 
1.428000 1.468658 
1.429000 1.471893 
1.430000 1.475093 
1.431000 1.478258 
1.432000 1.481390 
1.433000 1.484487 
1.434000 1.487550 
1.435000 1.490579 
1.436000 1.493573 
1.437000 1.496534 
1.438000 1.499461 
1.439000 1.502354 
1.440000 1.505214 
1.441000 1.508039 
1.442000 1.510831 
1.443000 1.513590 
1.444000 1.516314 
1.445000 1.519006 
1.446000 1.521664 
1.447000 1.524288 
1.448000 1.526880 
1.449000 1.529438 
1.450000 1.531963 
1.451000 1.534455 
1.452000 1.536913 
1.453000 1.539339 
1.454000 1.541732 
1.455000 1.544092 
1.456000 1.546419 
1.457000 1.548713 
1.458000 1.550974 
1.459000 1.553203 
1.460000 1.555399 
1.461000 1.557563 
1.462000 1.559694 
1.463000 1.561792 
1.464000 1.563858 
1.465000 1.565891 
1.466000 1.567892 
1.467000 1.569861 
1.468000 1.571797 
1.469000 1.573701 
1.470000 1.575573 
1.471000 1.577413 
1.472000 1.579220 
1.473000 1.580996 
1.474000 1.582739 
1.475000 1.584450 
1.476000 1.586129 
1.477000 1.587776 
1.478000 1.589391 
1.479000 1.590975 
1.480000 1.592526 
1.481000 1.594045 
1.482000 1.595533 
1.483000 1.596989 
1.484000 1.598412 
1.485000 1.599805 
1.486000 1.601165 
1.487000 1.602494 
1.488000 1.603791 
1.489000 1.605056 
1.490000 1.606290 
1.491000 1.607492 
1.492000 1.608662 
1.493000 1.609801 
1.494000 1.610908 
1.495000 1.611983 
1.496000 1.613027 
1.497000 1.614040 
1.498000 1.615021 
1.499000 1.615970 
