# time Tc_folded Tref_folded value value_err offset model full_model val_compare val_compare_err residuals residuals_err jitter jitter_flag offset_flag subset_flag 
2455480.529186 0.000000 0.000000 -26.909975 0.971355 -24.870524 -2.709222 -27.579746 -2.039451 0.971355 0.669771 0.971355 1.236638   1   1  -1 
2455480.532970 0.000000 0.000000 -26.058843 0.880169 -24.870524 -2.709466 -27.579989 -1.188319 0.880169 1.521146 0.880169 1.236638   1   1  -1 
2455480.536778 0.000000 0.000000 -26.244486 0.930093 -24.870524 -2.709709 -27.580232 -1.373962 0.930093 1.335746 0.930093 1.236638   1   1  -1 
2455482.554786 0.000000 0.000000 -25.645222 0.707811 -24.870524 -2.576207 -27.446731 -0.774698 0.707811 1.801509 0.707811 1.236638   1   1  -1 
2455484.542056 0.000000 0.000000 -27.186795 1.028638 -24.870524 -2.069404 -26.939927 -2.316271 1.028638 -0.246868 1.028638 1.236638   1   1  -1 
2455484.545828 0.000000 0.000000 -26.136740 1.065413 -24.870524 -2.068247 -26.938771 -1.266216 1.065413 0.802031 1.065413 1.236638   1   1  -1 
2455484.549671 0.000000 0.000000 -24.017564 1.016694 -24.870524 -2.067069 -26.937592 0.852960 1.016694 2.920028 1.016694 1.236638   1   1  -1 
2455485.527184 0.000000 0.000000 -25.766756 0.864068 -24.870524 -1.758701 -26.629225 -0.896232 0.864068 0.862469 0.864068 1.236638   1   1  -1 
2455485.532971 0.000000 0.000000 -27.967751 0.891412 -24.870524 -1.756855 -26.627378 -3.097227 0.891412 -1.340373 0.891412 1.236638   1   1  -1 
2455487.543214 0.000000 0.000000 -26.158314 0.808873 -24.870524 -1.157084 -26.027608 -1.287790 0.808873 -0.130706 0.808873 1.236638   1   1  -1 
2455487.548897 0.000000 0.000000 -23.138260 0.803534 -24.870524 -1.155593 -26.026117 1.732264 0.803534 2.887857 0.803534 1.236638   1   1  -1 
2455493.544252 0.000000 0.000000 -25.229085 0.793201 -24.870524 -0.533295 -25.403819 -0.358561 0.793201 0.174734 0.793201 1.236638   1   1  -1 
2455493.550478 0.000000 0.000000 -23.168274 0.810440 -24.870524 -0.533412 -25.403936 1.702250 0.810440 2.235662 0.810440 1.236638   1   1  -1 
2455495.535877 0.000000 0.000000 -22.710575 0.802492 -24.870524 -0.596362 -25.466885 2.159949 0.802492 2.756310 0.802492 1.236638   1   1  -1 
2455495.541664 0.000000 0.000000 -25.642209 0.850836 -24.870524 -0.596585 -25.467109 -0.771685 0.850836 -0.175100 0.850836 1.236638   1   1  -1 
2455498.517820 0.000000 0.000000 -24.342041 1.327692 -24.870524 -0.705374 -25.575897 0.528483 1.327692 1.233856 1.327692 1.236638   1   1  -1 
2455498.523445 0.000000 0.000000 -24.738223 1.200196 -24.870524 -0.705557 -25.576081 0.132301 1.200196 0.837858 1.200196 1.236638   1   1  -1 
2455500.544007 0.000000 0.000000 -24.476855 0.683673 -24.870524 -0.772495 -25.643018 0.393669 0.683673 1.166163 0.683673 1.236638   1   1  -1 
2455500.549389 0.000000 0.000000 -24.813524 0.744348 -24.870524 -0.772691 -25.643215 0.057000 0.744348 0.829691 0.744348 1.236638   1   1  -1 
2455501.547102 0.000000 0.000000 -24.783974 0.605317 -24.870524 -0.813369 -25.683893 0.086550 0.605317 0.899919 0.605317 1.236638   1   1  -1 
2455501.552738 0.000000 0.000000 -26.031797 0.578445 -24.870524 -0.813628 -25.684152 -1.161273 0.578445 -0.347645 0.578445 1.236638   1   1  -1 
2455505.514789 0.000000 0.000000 -24.965633 0.688526 -24.870524 -1.147654 -26.018178 -0.095109 0.688526 1.052545 0.688526 1.236638   1   1  -1 
2455505.520425 0.000000 0.000000 -25.963370 0.681455 -24.870524 -1.148414 -26.018937 -1.092846 0.681455 0.055567 0.681455 1.236638   1   1  -1 
2455507.517142 0.000000 0.000000 -27.398443 0.529962 -24.870524 -1.476539 -26.347063 -2.527919 0.529962 -1.051380 0.529962 1.236638   1   1  -1 
2455507.522824 0.000000 0.000000 -26.516546 0.540417 -24.870524 -1.477633 -26.348157 -1.646022 0.540417 -0.168389 0.540417 1.236638   1   1  -1 
2455509.518050 0.000000 0.000000 -26.509772 0.760523 -24.870524 -1.902129 -26.772652 -1.639248 0.760523 0.262880 0.760523 1.236638   1   1  -1 
2455509.523524 0.000000 0.000000 -26.058801 0.709529 -24.870524 -1.903365 -26.773888 -1.188277 0.709529 0.715087 0.709529 1.236638   1   1  -1 
2455511.516449 0.000000 0.000000 -28.045351 0.796997 -24.870524 -2.338217 -27.208740 -3.174827 0.796997 -0.836611 0.796997 1.236638   1   1  -1 
2455511.521935 0.000000 0.000000 -25.840348 0.793324 -24.870524 -2.339300 -27.209823 -0.969824 0.793324 1.369475 0.793324 1.236638   1   1  -1 
2455513.504562 0.000000 0.000000 -26.063860 0.836669 -24.870524 -2.630553 -27.501076 -1.193336 0.836669 1.437216 0.836669 1.236638   1   1  -1 
2455513.510244 0.000000 0.000000 -26.656020 0.882170 -24.870524 -2.631012 -27.501536 -1.785496 0.882170 0.845516 0.882170 1.236638   1   1  -1 
2455514.505835 0.000000 0.000000 -28.058961 0.671812 -24.870524 -2.667300 -27.537824 -3.188437 0.671812 -0.521137 0.671812 1.236638   1   1  -1 
2455514.511356 0.000000 0.000000 -26.642215 0.683432 -24.870524 -2.667238 -27.537762 -1.771691 0.683432 0.895547 0.683432 1.236638   1   1  -1 
2455519.503938 0.000000 0.000000 -24.641989 1.033370 -24.870524 -1.248387 -26.118910 0.228535 1.033370 1.476921 1.033370 1.236638   1   1  -1 
2455519.508811 0.000000 0.000000 -25.135445 0.996146 -24.870524 -1.245858 -26.116382 -0.264921 0.996146 0.980937 0.996146 1.236638   1   1  -1 
2455523.508036 0.000000 0.000000 -23.856297 0.829835 -24.870524 0.798364 -24.072160 1.014227 0.829835 0.215863 0.829835 1.236638   1   1  -1 
2455523.513036 0.000000 0.000000 -22.994255 0.865769 -24.870524 0.800277 -24.070247 1.876269 0.865769 1.075992 0.865769 1.236638   1   1  -1 
2455524.521481 0.000000 0.000000 -24.709671 0.667948 -24.870524 1.118458 -23.752066 0.160853 0.667948 -0.957605 0.667948 1.236638   1   1  -1 
2455524.526446 0.000000 0.000000 -24.308004 0.678388 -24.870524 1.119666 -23.750858 0.562520 0.678388 -0.557146 0.678388 1.236638   1   1  -1 
2455653.900831 0.000000 0.000000 -25.612029 0.744608 -24.870524 -0.417240 -25.287764 -0.741505 0.744608 -0.324265 0.744608 1.236638   1   1  -1 
2455653.906410 0.000000 0.000000 -24.161106 0.736194 -24.870524 -0.417247 -25.287770 0.709418 0.736194 1.126664 0.736194 1.236638   1   1  -1 
2455654.900357 0.000000 0.000000 -24.436787 0.814117 -24.870524 -0.424745 -25.295269 0.433737 0.814117 0.858482 0.814117 1.236638   1   1  -1 
2455654.905936 0.000000 0.000000 -24.084025 0.731415 -24.870524 -0.424822 -25.295346 0.786499 0.731415 1.211321 0.731415 1.236638   1   1  -1 
2455657.909222 0.000000 0.000000 -24.104658 0.605709 -24.870524 -0.512165 -25.382688 0.765866 0.605709 1.278030 0.605709 1.236638   1   1  -1 
2455657.914813 0.000000 0.000000 -23.667872 0.631733 -24.870524 -0.512394 -25.382917 1.202652 0.631733 1.715045 0.631733 1.236638   1   1  -1 
2455659.907949 0.000000 0.000000 -23.898066 0.769486 -24.870524 -0.602383 -25.472907 0.972458 0.769486 1.574841 0.769486 1.236638   1   1  -1 
2455659.913540 0.000000 0.000000 -23.238369 0.803020 -24.870524 -0.602652 -25.473175 1.632155 0.803020 2.234806 0.803020 1.236638   1   1  -1 
2455660.901884 0.000000 0.000000 -24.754074 0.502349 -24.870524 -0.650633 -25.521157 0.116450 0.502349 0.767083 0.502349 1.236638   1   1  -1 
2455662.902485 0.000000 0.000000 -24.200224 0.948916 -24.870524 -0.742818 -25.613342 0.670300 0.948916 1.413118 0.948916 1.236638   1   1  -1 
2455662.908180 0.000000 0.000000 -24.067169 0.909242 -24.870524 -0.743053 -25.613576 0.803355 0.909242 1.546407 0.909242 1.236638   1   1  -1 
2455663.839263 0.000000 0.000000 -26.097182 1.737212 -24.870524 -0.777397 -25.647921 -1.226658 1.737212 -0.449261 1.737212 1.236638   1   1  -1 
2455672.897729 0.000000 0.000000 -25.596039 0.653920 -24.870524 -0.366834 -25.237357 -0.725515 0.653920 -0.358682 0.653920 1.236638   1   1  -1 
2455672.902775 0.000000 0.000000 -25.939332 0.601277 -24.870524 -0.366581 -25.237105 -1.068808 0.601277 -0.702227 0.601277 1.236638   1   1  -1 
2455675.905453 0.000000 0.000000 -25.957415 0.422700 -24.870524 -0.437023 -25.307546 -1.086891 0.422700 -0.649869 0.422700 1.236638   1   1  -1 
2455679.879903 0.000000 0.000000 -24.345286 0.504578 -24.870524 -1.239178 -26.109701 0.525238 0.504578 1.764415 0.504578 1.236638   1   1  -1 
2455679.885123 0.000000 0.000000 -25.711920 0.513702 -24.870524 -1.240467 -26.110991 -0.841396 0.513702 0.399071 0.513702 1.236638   1   1  -1 
2455712.893679 0.000000 0.000000 -25.516104 0.560355 -24.870524 -0.831517 -25.702040 -0.645580 0.560355 0.185936 0.560355 1.236638   1   1  -1 
2455715.864679 0.000000 0.000000 -22.931541 1.363467 -24.870524 -0.630023 -25.500547 1.938983 1.363467 2.569006 1.363467 1.236638   1   1  -1 
2455715.867376 0.000000 0.000000 -28.616863 1.418842 -24.870524 -0.629828 -25.500351 -3.746339 1.418842 -3.116512 1.418842 1.236638   1   1  -1 
2455715.869992 0.000000 0.000000 -25.093281 1.436778 -24.870524 -0.629639 -25.500162 -0.222757 1.436778 0.406881 1.436778 1.236638   1   1  -1 
2455715.872747 0.000000 0.000000 -24.781614 1.484829 -24.870524 -0.629439 -25.499963 0.088910 1.484829 0.718349 1.484829 1.236638   1   1  -1 
2455727.859452 0.000000 0.000000 -23.690321 1.056398 -24.870524 -0.297595 -25.168119 1.180203 1.056398 1.477798 1.056398 1.236638   1   1  -1 
2455727.863145 0.000000 0.000000 -25.870346 1.033327 -24.870524 -0.297232 -25.167755 -0.999822 1.033327 -0.702591 1.033327 1.236638   1   1  -1 
2455727.866953 0.000000 0.000000 -25.899190 1.119485 -24.870524 -0.296857 -25.167381 -1.028666 1.119485 -0.731809 1.119485 1.236638   1   1  -1 
2455735.809170 0.000000 0.000000 -25.001888 0.526032 -24.870524 -0.434701 -25.305225 -0.131364 0.526032 0.303337 0.526032 1.236638   1   1  -1 
2455754.777241 0.000000 0.000000 -23.310355 1.091349 -24.870524 0.153908 -24.716615 1.560169 1.091349 1.406260 1.091349 1.236638   1   1  -1 
2455755.755721 0.000000 0.000000 -27.691015 0.768792 -24.870524 0.122888 -24.747636 -2.820491 0.768792 -2.943379 0.768792 1.236638   1   1  -1 
2455769.736300 0.000000 0.000000 -23.807786 0.677532 -24.870524 -0.987875 -25.858398 1.062738 0.677532 2.050612 0.677532 1.236638   1   1  -1 
2455769.742075 0.000000 0.000000 -25.737885 0.770313 -24.870524 -0.986740 -25.857263 -0.867361 0.770313 0.119378 0.770313 1.236638   1   1  -1 
2455776.628483 0.000000 0.000000 -24.967384 0.712348 -24.870524 -0.425606 -25.296129 -0.096860 0.712348 0.328745 0.712348 1.236638   1   1  -1 
2455782.624998 0.000000 0.000000 -26.013016 0.761072 -24.870524 -0.829129 -25.699653 -1.142492 0.761072 -0.313363 0.761072 1.236638   1   1  -1 
2455784.737667 0.000000 0.000000 -26.498015 0.545366 -24.870524 -0.623714 -25.494238 -1.627491 0.545366 -1.003777 0.545366 1.236638   1   1  -1 
2455801.526698 0.000000 0.000000 -24.288917 1.273141 -24.870524 -0.086838 -24.957362 0.581607 1.273141 0.668445 1.273141 1.236638   1   1  -1 
2455801.531628 0.000000 0.000000 -26.351823 1.177162 -24.870524 -0.086808 -24.957331 -1.481299 1.177162 -1.394492 1.177162 1.236638   1   1  -1 
2455804.632333 0.000000 0.000000 -26.712023 1.120566 -24.870524 -0.091334 -24.961858 -1.841499 1.120566 -1.750165 1.120566 1.236638   1   1  -1 
2455804.637669 0.000000 0.000000 -26.500980 1.032150 -24.870524 -0.091357 -24.961881 -1.630456 1.032150 -1.539099 1.032150 1.236638   1   1  -1 
2455807.626267 0.000000 0.000000 -25.803456 0.965710 -24.870524 -0.090884 -24.961407 -0.932932 0.965710 -0.842049 0.965710 1.236638   1   1  -1 
2455807.631162 0.000000 0.000000 -27.246843 0.886584 -24.870524 -0.090868 -24.961391 -2.376319 0.886584 -2.285452 0.886584 1.236638   1   1  -1 
2455810.581550 0.000000 0.000000 -26.536934 0.754194 -24.870524 -0.125572 -24.996096 -1.666410 0.754194 -1.540838 0.754194 1.236638   1   1  -1 
2455810.586723 0.000000 0.000000 -26.643570 0.797392 -24.870524 -0.125791 -24.996314 -1.773046 0.797392 -1.647256 0.797392 1.236638   1   1  -1 
2455816.587002 0.000000 0.000000 -27.268074 0.959785 -24.870524 -1.088514 -25.959038 -2.397550 0.959785 -1.309036 0.959785 1.236638   1   1  -1 
2455816.590578 0.000000 0.000000 -24.693999 0.889883 -24.870524 -1.089377 -25.959901 0.176525 0.889883 1.265902 0.889883 1.236638   1   1  -1 
2455816.594154 0.000000 0.000000 -25.997669 0.876464 -24.870524 -1.090240 -25.960763 -1.127145 0.876464 -0.036906 0.876464 1.236638   1   1  -1 
2455834.622073 0.000000 0.000000 -25.259445 0.577372 -24.870524 -1.056457 -25.926981 -0.388921 0.577372 0.667536 0.577372 1.236638   1   1  -1 
2455834.627593 0.000000 0.000000 -25.841078 0.576524 -24.870524 -1.057589 -25.928113 -0.970554 0.576524 0.087035 0.576524 1.236638   1   1  -1 
2455836.585712 0.000000 0.000000 -26.404099 0.680522 -24.870524 -1.369160 -26.239683 -1.533575 0.680522 -0.164416 0.680522 1.236638   1   1  -1 
2455836.591440 0.000000 0.000000 -25.180084 0.679136 -24.870524 -1.369731 -26.240255 -0.309560 0.679136 1.060171 0.679136 1.236638   1   1  -1 
2455839.585007 0.000000 0.000000 -23.458640 0.910132 -24.870524 -1.333179 -26.203703 1.411884 0.910132 2.745063 0.910132 1.236638   1   1  -1 
2455839.590794 0.000000 0.000000 -25.200869 0.919769 -24.870524 -1.332491 -26.203015 -0.330345 0.919769 1.002146 0.919769 1.236638   1   1  -1 
2455842.549547 0.000000 0.000000 -22.047028 1.066299 -24.870524 -0.793252 -25.663775 2.823496 1.066299 3.616747 1.066299 1.236638   1   1  -1 
2455842.555033 0.000000 0.000000 -25.918735 0.873203 -24.870524 -0.792064 -25.662588 -1.048211 0.873203 -0.256147 0.873203 1.236638   1   1  -1 
2455845.575633 0.000000 0.000000 -25.259730 1.067738 -24.870524 -0.193928 -25.064452 -0.389206 1.067738 -0.195278 1.067738 1.236638   1   1  -1 
2455845.581258 0.000000 0.000000 -25.817378 0.922401 -24.870524 -0.193020 -25.063544 -0.946854 0.922401 -0.753834 0.922401 1.236638   1   1  -1 
2455870.498785 0.000000 0.000000 -26.611150 0.730627 -24.870524 -1.091835 -25.962358 -1.740626 0.730627 -0.648792 0.730627 1.236638   1   1  -1 
2455870.504422 0.000000 0.000000 -27.219360 0.718479 -24.870524 -1.092824 -25.963347 -2.348836 0.718479 -1.256013 0.718479 1.236638   1   1  -1 
2455874.532217 0.000000 0.000000 -26.523893 1.027595 -24.870524 -1.648195 -26.518718 -1.653369 1.027595 -0.005175 1.027595 1.236638   1   1  -1 
2455874.537437 0.000000 0.000000 -24.043101 1.390676 -24.870524 -1.648423 -26.518947 0.827423 1.390676 2.475846 1.390676 1.236638   1   1  -1 
2455878.549549 0.000000 0.000000 -26.332169 1.360956 -24.870524 -1.233099 -26.103622 -1.461645 1.360956 -0.228547 1.360956 1.236638   1   1  -1 
2455878.554965 0.000000 0.000000 -27.171511 1.321422 -24.870524 -1.231860 -26.102384 -2.300987 1.321422 -1.069127 1.321422 1.236638   1   1  -1 
2456020.892743 0.000000 0.000000 -26.398556 0.800504 -24.870524 0.414322 -24.456201 -1.528032 0.800504 -1.942355 0.800504 1.236638   1   1  -1 
2456020.898160 0.000000 0.000000 -24.498061 0.781449 -24.870524 0.413931 -24.456592 0.372463 0.781449 -0.041469 0.781449 1.236638   1   1  -1 
2456022.889397 0.000000 0.000000 -25.350339 0.994688 -24.870524 0.095465 -24.775059 -0.479815 0.994688 -0.575280 0.994688 1.236638   1   1  -1 
2456022.894884 0.000000 0.000000 -26.468069 1.113054 -24.870524 0.094160 -24.776364 -1.597545 1.113054 -1.691705 1.113054 1.236638   1   1  -1 
2456024.891353 0.000000 0.000000 -25.969708 0.857313 -24.870524 -0.458467 -25.328991 -1.099184 0.857313 -0.640717 0.857313 1.236638   1   1  -1 
2456024.897048 0.000000 0.000000 -25.325267 0.814076 -24.870524 -0.460114 -25.330637 -0.454743 0.814076 0.005370 0.814076 1.236638   1   1  -1 
2456028.922257 0.000000 0.000000 -26.626536 0.690565 -24.870524 -1.103524 -25.974048 -1.756012 0.690565 -0.652488 0.690565 1.236638   1   1  -1 
2456029.892891 0.000000 0.000000 -27.734634 1.086998 -24.870524 -1.026730 -25.897253 -2.864110 1.086998 -1.837381 1.086998 1.236638   1   1  -1 
2456029.898354 0.000000 0.000000 -24.980386 1.038533 -24.870524 -1.026055 -25.896579 -0.109862 1.038533 0.916193 1.038533 1.236638   1   1  -1 
2456031.852968 0.000000 0.000000 -23.499732 0.817617 -24.870524 -0.670478 -25.541001 1.370792 0.817617 2.041269 0.817617 1.236638   1   1  -1 
2456052.857065 0.000000 0.000000 -27.077636 0.812636 -24.870524 -0.389977 -25.260500 -2.207112 0.812636 -1.817136 0.812636 1.236638   1   1  -1 
2456052.862482 0.000000 0.000000 -25.515691 0.787680 -24.870524 -0.392504 -25.263028 -0.645167 0.787680 -0.252663 0.787680 1.236638   1   1  -1 
2456053.851639 0.000000 0.000000 -27.718607 0.874947 -24.870524 -0.845488 -25.716011 -2.848083 0.874947 -2.002596 0.874947 1.236638   1   1  -1 
2456053.857114 0.000000 0.000000 -24.875823 0.828685 -24.870524 -0.847885 -25.718409 -0.005299 0.828685 0.842586 0.828685 1.236638   1   1  -1 
2456054.839916 0.000000 0.000000 -26.614037 0.533012 -24.870524 -1.237769 -26.108292 -1.743513 0.533012 -0.505745 0.533012 1.236638   1   1  -1 
2456055.886865 0.000000 0.000000 -26.560052 0.509706 -24.870524 -1.525169 -26.395693 -1.689528 0.509706 -0.164359 0.509706 1.236638   1   1  -1 
2456056.818146 0.000000 0.000000 -25.035898 0.893302 -24.870524 -1.634632 -26.505156 -0.165374 0.893302 1.469258 0.893302 1.236638   1   1  -1 
2456056.823714 0.000000 0.000000 -25.575505 0.813986 -24.870524 -1.634838 -26.505362 -0.704981 0.813986 0.929857 0.813986 1.236638   1   1  -1 
2456078.843392 0.000000 0.000000 -24.518196 0.647558 -24.870524 0.397959 -24.472565 0.352328 0.647558 -0.045631 0.647558 1.236638   1   1  -1 
2456078.849075 0.000000 0.000000 -24.174693 0.632973 -24.870524 0.396886 -24.473638 0.695831 0.632973 0.298945 0.632973 1.236638   1   1  -1 
2456081.832748 0.000000 0.000000 -22.774279 0.796018 -24.870524 -0.314311 -25.184835 2.096245 0.796018 2.410556 0.796018 1.236638   1   1  -1 
2456081.838651 0.000000 0.000000 -23.542613 0.647447 -24.870524 -0.315587 -25.186111 1.327911 0.647447 1.643498 0.647447 1.236638   1   1  -1 
2456085.820521 0.000000 0.000000 -24.535394 0.878497 -24.870524 -0.386197 -25.256721 0.335130 0.878497 0.721327 0.878497 1.236638   1   1  -1 
2456085.826250 0.000000 0.000000 -25.784214 0.917873 -24.870524 -0.385083 -25.255606 -0.913690 0.917873 -0.528608 0.917873 1.236638   1   1  -1 
2456088.742747 0.000000 0.000000 -24.555140 0.549399 -24.870524 0.322120 -24.548404 0.315384 0.549399 -0.006736 0.549399 1.236638   1   1  -1 
2456092.900369 0.000000 0.000000 -25.520468 0.628826 -24.870524 0.197725 -24.672798 -0.649944 0.628826 -0.847670 0.628826 1.236638   1   1  -1 
2456115.815540 0.000000 0.000000 -24.478774 0.776191 -24.870524 -1.017175 -25.887699 0.391750 0.776191 1.408925 0.776191 1.236638   1   1  -1 
2456118.809984 0.000000 0.000000 -25.405570 0.512854 -24.870524 0.167030 -24.703493 -0.535046 0.512854 -0.702077 0.512854 1.236638   1   1  -1 
2456121.820367 0.000000 0.000000 -25.220090 1.411859 -24.870524 0.565284 -24.305240 -0.349566 1.411859 -0.914850 1.411859 1.236638   1   1  -1 
2456149.686124 0.000000 0.000000 -25.751686 0.845009 -24.870524 0.224157 -24.646366 -0.881162 0.845009 -1.105320 0.845009 1.236638   1   1  -1 
2456154.723489 0.000000 0.000000 -23.590960 0.865117 -24.870524 -0.967833 -25.838357 1.279564 0.865117 2.247397 0.865117 1.236638   1   1  -1 
2456154.728442 0.000000 0.000000 -25.978785 1.281739 -24.870524 -0.966455 -25.836979 -1.108261 1.281739 -0.141806 1.281739 1.236638   1   1  -1 
2456166.527551 0.000000 0.000000 -23.896330 0.645517 -24.870524 0.549700 -24.320823 0.974194 0.645517 0.424493 0.645517 1.236638   1   1  -1 
2456168.609469 0.000000 0.000000 -25.596469 0.971404 -24.870524 -0.653217 -25.523741 -0.725945 0.971404 -0.072728 0.971404 1.236638   1   1  -1 
2456168.615105 0.000000 0.000000 -23.735823 0.857956 -24.870524 -0.655550 -25.526074 1.134701 0.857956 1.790251 0.857956 1.236638   1   1  -1 
2456171.510563 0.000000 0.000000 -25.064368 0.523911 -24.870524 -1.011913 -25.882437 -0.193844 0.523911 0.818069 0.523911 1.236638   1   1  -1 
2456173.694840 0.000000 0.000000 -23.658056 0.870055 -24.870524 -0.463559 -25.334083 1.212468 0.870055 1.676027 0.870055 1.236638   1   1  -1 
2456181.612869 0.000000 0.000000 -25.749650 0.609426 -24.870524 -0.012668 -24.883192 -0.879126 0.609426 -0.866458 0.609426 1.236638   1   1  -1 
2456186.623747 0.000000 0.000000 -24.370201 0.538290 -24.870524 0.501384 -24.369139 0.500323 0.538290 -0.001062 0.538290 1.236638   1   1  -1 
2456189.666838 0.000000 0.000000 -25.693203 1.709832 -24.870524 0.512621 -24.357903 -0.822679 1.709832 -1.335300 1.709832 1.236638   1   1  -1 
2456190.592865 0.000000 0.000000 -21.505898 0.873280 -24.870524 0.337826 -24.532698 3.364626 0.873280 3.026800 0.873280 1.236638   1   1  -1 
2456190.598548 0.000000 0.000000 -22.814816 0.820368 -24.870524 0.336546 -24.533978 2.055708 0.820368 1.719162 0.820368 1.236638   1   1  -1 
2456195.586272 0.000000 0.000000 -23.991425 0.911842 -24.870524 -0.510667 -25.381190 0.879099 0.911842 1.389765 0.911842 1.236638   1   1  -1 
2456195.591793 0.000000 0.000000 -25.301327 0.913007 -24.870524 -0.510152 -25.380675 -0.430803 0.913007 0.079348 0.913007 1.236638   1   1  -1 
2456198.564091 0.000000 0.000000 -19.336707 1.186346 -24.870524 0.373670 -24.496854 5.533817 1.186346 5.160147 1.186346 1.236638   1   1  -1 
2456198.569866 0.000000 0.000000 -24.445113 1.250845 -24.870524 0.376199 -24.494325 0.425411 1.250845 0.049212 1.250845 1.236638   1   1  -1 
2456204.547188 0.000000 0.000000 -20.889997 0.781661 -24.870524 1.202460 -23.668063 3.980527 0.781661 2.778066 0.781661 1.236638   1   1  -1 
2456205.523197 0.000000 0.000000 -22.994646 0.447471 -24.870524 0.772252 -24.098271 1.875878 0.447471 1.103625 0.447471 1.236638   1   1  -1 
2456208.615737 0.000000 0.000000 -27.443259 0.942056 -24.870524 -0.651949 -25.522472 -2.572735 0.942056 -1.920787 0.942056 1.236638   1   1  -1 
2456209.540800 0.000000 0.000000 -25.491736 1.053758 -24.870524 -0.816418 -25.686942 -0.621212 1.053758 0.195206 1.053758 1.236638   1   1  -1 
2456210.532155 0.000000 0.000000 -25.261528 0.864183 -24.870524 -0.756866 -25.627390 -0.391004 0.864183 0.365862 0.864183 1.236638   1   1  -1 
2456212.523498 0.000000 0.000000 -25.294554 0.479583 -24.870524 0.105344 -24.765180 -0.424030 0.479583 -0.529374 0.479583 1.236638   1   1  -1 
2456217.523649 0.000000 0.000000 -19.703787 0.740951 -24.870524 3.328657 -21.541867 5.166737 0.740951 1.838080 0.740951 1.236638   1   1  -1 
2456217.529482 0.000000 0.000000 -19.326386 0.723468 -24.870524 3.330149 -21.540375 5.544138 0.723468 2.213989 0.723468 1.236638   1   1  -1 
2456218.587951 0.000000 0.000000 -19.082533 0.783291 -24.870524 3.445615 -21.424909 5.787991 0.783291 2.342376 0.783291 1.236638   1   1  -1 
2456219.500319 0.000000 0.000000 -19.527157 0.495656 -24.870524 3.299300 -21.571224 5.343367 0.495656 2.044067 0.495656 1.236638   1   1  -1 
2456220.491327 0.000000 0.000000 -20.168133 0.783227 -24.870524 2.911890 -21.958634 4.702391 0.783227 1.790501 0.783227 1.236638   1   1  -1 
2456220.514069 0.000000 0.000000 -21.014052 0.640640 -24.870524 2.900628 -21.969896 3.856472 0.640640 0.955844 0.640640 1.236638   1   1  -1 
2456409.867093 0.000000 0.000000 -20.591699 1.234666 -24.870524 1.854393 -23.016130 4.278825 1.234666 2.424431 1.234666 1.236638   1   1  -1 
2456409.872719 0.000000 0.000000 -20.151012 1.190406 -24.870524 1.855479 -23.015045 4.719512 1.190406 2.864033 1.190406 1.236638   1   1  -1 
2456416.824768 0.000000 0.000000 -22.159939 1.100783 -24.870524 1.127890 -23.742634 2.710585 1.100783 1.582695 1.100783 1.236638   1   1  -1 
2456416.828565 0.000000 0.000000 -23.100921 1.091725 -24.870524 1.127120 -23.743403 1.769603 1.091725 0.642482 1.091725 1.236638   1   1  -1 
2456416.832443 0.000000 0.000000 -22.956212 1.133660 -24.870524 1.126335 -23.744189 1.914312 1.133660 0.787977 1.133660 1.236638   1   1  -1 
2456432.884915 0.000000 0.000000 -27.579236 0.787972 -24.870524 -0.217819 -25.088342 -2.708712 0.787972 -2.490894 0.787972 1.236638   1   1  -1 
2456432.890124 0.000000 0.000000 -26.715660 0.901606 -24.870524 -0.218130 -25.088653 -1.845136 0.901606 -1.627007 0.901606 1.236638   1   1  -1 
2456433.905268 0.000000 0.000000 -25.594069 1.477288 -24.870524 -0.241894 -25.112417 -0.723545 1.477288 -0.481652 1.477288 1.236638   1   1  -1 
2456433.910395 0.000000 0.000000 -28.401349 1.603077 -24.870524 -0.241830 -25.112354 -3.530825 1.603077 -3.288995 1.603077 1.236638   1   1  -1 
2456434.892458 0.000000 0.000000 -25.809648 0.969582 -24.870524 -0.198024 -25.068547 -0.939124 0.969582 -0.741101 0.969582 1.236638   1   1  -1 
2456434.898129 0.000000 0.000000 -23.506674 0.937709 -24.870524 -0.197599 -25.068122 1.363850 0.937709 1.561448 0.937709 1.236638   1   1  -1 
2456437.889188 0.000000 0.000000 -24.884604 0.801579 -24.870524 0.198292 -24.672231 -0.014080 0.801579 -0.212373 0.801579 1.236638   1   1  -1 
2456437.894720 0.000000 0.000000 -25.072705 0.735776 -24.870524 0.199177 -24.671346 -0.202181 0.735776 -0.401359 0.735776 1.236638   1   1  -1 
2456438.860772 0.000000 0.000000 -25.990651 0.640814 -24.870524 0.350894 -24.519630 -1.120127 0.640814 -1.471021 0.640814 1.236638   1   1  -1 
2456441.860316 0.000000 0.000000 -24.014503 0.846284 -24.870524 0.708622 -24.161901 0.856021 0.846284 0.147398 0.846284 1.236638   1   1  -1 
2456454.832361 0.000000 0.000000 -23.997808 0.709239 -24.870524 0.609597 -24.260926 0.872716 0.709239 0.263118 0.709239 1.236638   1   1  -1 
2456454.837894 0.000000 0.000000 -22.599444 0.711651 -24.870524 0.608713 -24.261811 2.271080 0.711651 1.662367 0.711651 1.236638   1   1  -1 
2456467.823190 0.000000 0.000000 -25.761156 1.255655 -24.870524 1.028828 -23.841696 -0.890632 1.255655 -1.919460 1.255655 1.236638   1   1  -1 
2456467.826929 0.000000 0.000000 -24.870329 1.113375 -24.870524 1.028553 -23.841971 0.000195 1.113375 -1.028358 1.113375 1.236638   1   1  -1 
2456467.830702 0.000000 0.000000 -26.757156 1.185837 -24.870524 1.028275 -23.842249 -1.886632 1.185837 -2.914907 1.185837 1.236638   1   1  -1 
2456473.860840 0.000000 0.000000 -26.025579 1.051321 -24.870524 0.203364 -24.667160 -1.155055 1.051321 -1.358419 1.051321 1.236638   1   1  -1 
2456473.864821 0.000000 0.000000 -26.100899 1.016901 -24.870524 0.203100 -24.667423 -1.230375 1.016901 -1.433476 1.016901 1.236638   1   1  -1 
2456473.868595 0.000000 0.000000 -29.196466 1.098920 -24.870524 0.202851 -24.667672 -4.325942 1.098920 -4.528794 1.098920 1.236638   1   1  -1 
2456480.776552 0.000000 0.000000 -23.192493 0.996431 -24.870524 0.617334 -24.253190 1.678031 0.996431 1.060697 0.996431 1.236638   1   1  -1 
2456480.782281 0.000000 0.000000 -24.495239 0.925325 -24.870524 0.617671 -24.252852 0.375285 0.925325 -0.242387 0.925325 1.236638   1   1  -1 
2456481.631506 0.000000 0.000000 -26.796869 1.240759 -24.870524 0.653746 -24.216778 -1.926345 1.240759 -2.580091 1.240759 1.236638   1   1  -1 
2456481.637189 0.000000 0.000000 -26.767470 1.259412 -24.870524 0.653890 -24.216634 -1.896946 1.259412 -2.550836 1.259412 1.236638   1   1  -1 
2456501.599929 0.000000 0.000000 -24.740542 0.631664 -24.870524 0.738001 -24.132523 0.129982 0.631664 -0.608019 0.631664 1.236638   1   1  -1 
2456523.744316 0.000000 0.000000 -25.807160 0.567478 -24.870524 0.424381 -24.446142 -0.936636 0.567478 -1.361018 0.567478 1.236638   1   1  -1 
2456524.691276 0.000000 0.000000 -25.319964 0.703132 -24.870524 0.339110 -24.531414 -0.449440 0.703132 -0.788550 0.703132 1.236638   1   1  -1 
2456524.696693 0.000000 0.000000 -24.516845 0.716695 -24.870524 0.338575 -24.531949 0.353679 0.716695 0.015104 0.716695 1.236638   1   1  -1 
2456525.743740 0.000000 0.000000 -25.822667 0.637734 -24.870524 0.228189 -24.642334 -0.952143 0.637734 -1.180333 0.637734 1.236638   1   1  -1 
2456569.534062 0.000000 0.000000 -26.502332 1.076929 -24.870524 0.742150 -24.128374 -1.631808 1.076929 -2.373958 1.076929 1.236638   1   1  -1 
2456585.564665 0.000000 0.000000 -24.318027 0.855663 -24.870524 -0.098332 -24.968855 0.552497 0.855663 0.650828 0.855663 1.236638   1   1  -1 
2456585.568473 0.000000 0.000000 -25.604567 0.828824 -24.870524 -0.098668 -24.969192 -0.734043 0.828824 -0.635375 0.828824 1.236638   1   1  -1 
2456585.572350 0.000000 0.000000 -26.300858 0.846101 -24.870524 -0.099011 -24.969534 -1.430334 0.846101 -1.331324 0.846101 1.236638   1   1  -1 
2456586.547688 0.000000 0.000000 -22.976857 0.928572 -24.870524 -0.182484 -25.053008 1.893667 0.928572 2.076151 0.928572 1.236638   1   1  -1 
2456586.551530 0.000000 0.000000 -24.816035 0.993006 -24.870524 -0.182798 -25.053322 0.054489 0.993006 0.237287 0.993006 1.236638   1   1  -1 
2456586.555442 0.000000 0.000000 -25.499232 1.030307 -24.870524 -0.183117 -25.053641 -0.628708 1.030307 -0.445591 1.030307 1.236638   1   1  -1 
2456590.510961 0.000000 0.000000 -24.188890 1.367518 -24.870524 -0.335477 -25.206000 0.681634 1.367518 1.017110 1.367518 1.236638   1   1  -1 
2456590.514943 0.000000 0.000000 -26.805340 1.522789 -24.870524 -0.335374 -25.205897 -1.934816 1.522789 -1.599443 1.522789 1.236638   1   1  -1 
2456590.518611 0.000000 0.000000 -28.066154 1.287716 -24.870524 -0.335279 -25.205802 -3.195630 1.287716 -2.860352 1.287716 1.236638   1   1  -1 
2456765.917789 0.000000 0.000000 -25.232175 0.712210 -24.870524 0.186278 -24.684246 -0.361651 0.712210 -0.547929 0.712210 1.236638   1   1  -1 
2456765.923021 0.000000 0.000000 -25.375142 0.718686 -24.870524 0.185957 -24.684566 -0.504618 0.718686 -0.690576 0.718686 1.236638   1   1  -1 
2456789.854143 0.000000 0.000000 -27.340576 0.783119 -24.870524 -0.037542 -24.908066 -2.470052 0.783119 -2.432510 0.783119 1.236638   1   1  -1 
2456789.859722 0.000000 0.000000 -26.773936 0.810184 -24.870524 -0.036400 -24.906924 -1.903412 0.810184 -1.867012 0.810184 1.236638   1   1  -1 
2456806.890179 0.000000 0.000000 -27.483229 0.848654 -24.870524 0.255776 -24.614747 -2.612705 0.848654 -2.868482 0.848654 1.236638   1   1  -1 
2456829.893363 0.000000 0.000000 -28.440148 0.544726 -24.870524 -0.889621 -25.760144 -3.569624 0.544726 -2.680004 0.544726 1.236638   1   1  -1 
2456857.748704 0.000000 0.000000 -25.370298 0.916881 -24.870524 0.561045 -24.309479 -0.499774 0.916881 -1.060819 0.916881 1.236638   1   1  -1 
2456857.754433 0.000000 0.000000 -26.513555 0.896024 -24.870524 0.560124 -24.310400 -1.643031 0.896024 -2.203155 0.896024 1.236638   1   1  -1 
2456866.784629 0.000000 0.000000 -28.725741 0.744866 -24.870524 -0.219757 -25.090281 -3.855217 0.744866 -3.635460 0.744866 1.236638   1   1  -1 
2456896.727940 0.000000 0.000000 -25.463793 1.053796 -24.870524 0.534636 -24.335888 -0.593269 1.053796 -1.127905 1.053796 1.236638   1   1  -1 
2456896.733287 0.000000 0.000000 -23.350729 1.302275 -24.870524 0.534496 -24.336028 1.519795 1.302275 0.985299 1.302275 1.236638   1   1  -1 
2457146.919889 0.000000 0.000000 -25.875665 0.544417 -24.870524 0.344575 -24.525949 -1.005141 0.544417 -1.349716 0.544417 1.236638   1   1  -1 
2457176.844500 0.000000 0.000000 -13.102205 0.482556 -11.572963 -0.659300 -12.232263 -1.529242 0.482556 -0.869942 0.482556 1.236638   1   2  -1 
2457180.950532 0.000000 0.000000 -12.827294 0.611496 -11.572963 -0.810998 -12.383961 -1.254331 0.611496 -0.443333 0.611496 1.236638   1   2  -1 
2457180.956053 0.000000 0.000000 -12.819042 0.642310 -11.572963 -0.810888 -12.383851 -1.246079 0.642310 -0.435191 0.642310 1.236638   1   2  -1 
2457307.523708 0.000000 0.000000 -13.332331 0.569213 -11.572963 -0.663897 -12.236860 -1.759368 0.569213 -1.095471 0.569213 1.236638   1   2  -1 
2457307.529113 0.000000 0.000000 -13.026912 0.591603 -11.572963 -0.663309 -12.236272 -1.453949 0.591603 -0.790640 0.591603 1.236638   1   2  -1 
2457879.840329 0.000000 0.000000 -11.576868 0.840815 -11.572963 -0.236834 -11.809797 -0.003905 0.840815 0.232929 0.840815 1.236638   1   2  -1 
2457968.637355 0.000000 0.000000 -11.203839 0.766025 -11.572963 0.309309 -11.263654 0.369124 0.766025 0.059815 0.766025 1.236638   1   2  -1 
2460042.883932 0.000000 0.000000 -58.442022 0.194366 -58.802180 0.619063 -58.183116 0.360158 0.194366 -0.258906 0.194366 0.278772   0   0  -1 
2460042.889532 0.000000 0.000000 -58.629252 0.197675 -58.802180 0.621291 -58.180889 0.172928 0.197675 -0.448363 0.197675 0.278772   0   0  -1 
2460043.870973 0.000000 0.000000 -58.219986 0.231538 -58.802180 0.980747 -57.821433 0.582194 0.231538 -0.398553 0.231538 0.278772   0   0  -1 
2460043.876677 0.000000 0.000000 -57.899291 0.215486 -58.802180 0.982600 -57.819580 0.902889 0.215486 -0.079711 0.215486 0.278772   0   0  -1 
2460044.793251 0.000000 0.000000 -56.849206 0.238014 -58.802180 1.230650 -57.571529 1.952974 0.238014 0.722323 0.238014 0.278772   0   0  -1 
2460044.798982 0.000000 0.000000 -57.145893 0.236508 -58.802180 1.231855 -57.570325 1.656287 0.236508 0.424432 0.236508 0.278772   0   0  -1 
2460045.773704 0.000000 0.000000 -57.007798 0.527086 -58.802180 1.363852 -57.438327 1.794382 0.527086 0.430529 0.527086 0.278772   0   0  -1 
2460045.779649 0.000000 0.000000 -56.938954 0.356358 -58.802180 1.364192 -57.437988 1.863226 0.356358 0.499034 0.356358 0.278772   0   0  -1 
2460046.786658 0.000000 0.000000 -57.040367 0.216596 -58.802180 1.337117 -57.465062 1.761813 0.216596 0.424695 0.216596 0.278772   0   0  -1 
2460046.792204 0.000000 0.000000 -57.278637 0.200898 -58.802180 1.336505 -57.465674 1.523543 0.200898 0.187037 0.200898 0.278772   0   0  -1 
2460047.789500 0.000000 0.000000 -57.927209 0.215835 -58.802180 1.149064 -57.653116 0.874971 0.215835 -0.274093 0.215835 0.278772   0   0  -1 
2460047.795047 0.000000 0.000000 -58.119277 0.207999 -58.802180 1.147616 -57.654564 0.682903 0.207999 -0.464713 0.207999 0.278772   0   0  -1 
2460048.783364 0.000000 0.000000 -58.118469 0.259180 -58.802180 0.829642 -57.972538 0.683711 0.259180 -0.145931 0.259180 0.278772   0   0  -1 
2460048.789012 0.000000 0.000000 -58.073804 0.241587 -58.802180 0.827523 -57.974656 0.728376 0.241587 -0.099148 0.241587 0.278772   0   0  -1 
2460049.801102 0.000000 0.000000 -58.859288 0.223882 -58.802180 0.409628 -58.392552 -0.057108 0.223882 -0.466736 0.223882 0.278772   0   0  -1 
2460049.806533 0.000000 0.000000 -58.376523 0.237350 -58.802180 0.407231 -58.394949 0.425657 0.237350 0.018426 0.237350 0.278772   0   0  -1 
2460050.776767 0.000000 0.000000 -58.619721 0.220926 -58.802180 -0.030394 -58.832573 0.182459 0.220926 0.212852 0.220926 0.278772   0   0  -1 
2460050.782471 0.000000 0.000000 -58.676295 0.212336 -58.802180 -0.032972 -58.835152 0.125885 0.212336 0.158857 0.212336 0.278772   0   0  -1 
2460068.823617 0.000000 0.000000 -57.564815 0.250917 -58.802180 1.133551 -57.668629 1.237365 0.250917 0.103814 0.250917 0.278772   0   0  -1 
2460068.829253 0.000000 0.000000 -57.865247 0.315822 -58.802180 1.133309 -57.668870 0.936933 0.315822 -0.196377 0.315822 0.278772   0   0  -1 
2460073.775251 0.000000 0.000000 -58.686864 0.273036 -58.802180 -0.401452 -59.203631 0.115316 0.273036 0.516767 0.273036 0.278772   0   0  -1 
2460073.780774 0.000000 0.000000 -59.826438 0.249282 -58.802180 -0.404178 -59.206357 -1.024258 0.249282 -0.620081 0.249282 0.278772   0   0  -1 
2460076.728213 0.000000 0.000000 -60.233316 0.253446 -58.802180 -1.650632 -60.452812 -1.431136 0.253446 0.219496 0.253446 0.278772   0   0  -1 
2460076.733797 0.000000 0.000000 -60.562447 0.242470 -58.802180 -1.652144 -60.454324 -1.760267 0.242470 -0.108123 0.242470 0.278772   0   0  -1 
2460077.755001 0.000000 0.000000 -61.037365 0.312506 -58.802180 -1.842071 -60.644251 -2.235185 0.312506 -0.393114 0.312506 0.278772   0   0  -1 
2460077.760768 0.000000 0.000000 -61.187467 0.301092 -58.802180 -1.842624 -60.644803 -2.385287 0.301092 -0.542664 0.301092 0.278772   0   0  -1 
2460078.818364 0.000000 0.000000 -61.107816 0.236131 -58.802180 -1.837611 -60.639791 -2.305636 0.236131 -0.468025 0.236131 0.278772   0   0  -1 
2460078.823976 0.000000 0.000000 -60.811890 0.231515 -58.802180 -1.837014 -60.639194 -2.009710 0.231515 -0.172696 0.231515 0.278772   0   0  -1 
2460079.846559 0.000000 0.000000 -60.159488 0.225727 -58.802180 -1.630589 -60.432768 -1.357308 0.225727 0.273280 0.225727 0.278772   0   0  -1 
2460079.852048 0.000000 0.000000 -60.314338 0.228638 -58.802180 -1.628977 -60.431157 -1.512158 0.228638 0.116819 0.228638 0.278772   0   0  -1 
2460080.730235 0.000000 0.000000 -59.799608 0.243529 -58.802180 -1.310267 -60.112446 -0.997428 0.243529 0.312838 0.243529 0.278772   0   0  -1 
2460080.735864 0.000000 0.000000 -59.979018 0.224766 -58.802180 -1.307867 -60.110046 -1.176838 0.224766 0.131028 0.224766 0.278772   0   0  -1 
2460082.755256 0.000000 0.000000 -59.155917 0.286786 -58.802180 -0.269429 -59.071609 -0.353737 0.286786 -0.084308 0.286786 0.278772   0   0  -1 
2460082.760842 0.000000 0.000000 -58.974641 0.259323 -58.802180 -0.266329 -59.068509 -0.172461 0.259323 0.093868 0.259323 0.278772   0   0  -1 
2460086.748603 0.000000 0.000000 -57.379791 0.193185 -58.802180 1.191602 -57.610577 1.422389 0.193185 0.230786 0.193185 0.278772   0   0  -1 
2460086.754324 0.000000 0.000000 -57.655925 0.208316 -58.802180 1.191890 -57.610289 1.146255 0.208316 -0.045636 0.208316 0.278772   0   0  -1 
2460199.601214 0.000000 0.000000 -60.237827 0.389251 -58.802180 -0.862313 -59.664493 -1.435647 0.389251 -0.573334 0.389251 0.278772   0   0  -1 
2460199.607025 0.000000 0.000000 -59.321609 0.381438 -58.802180 -0.863010 -59.665190 -0.519429 0.381438 0.343581 0.381438 0.278772   0   0  -1 
2460201.515076 0.000000 0.000000 -59.992946 0.272613 -58.802180 -1.169110 -59.971290 -1.190766 0.272613 -0.021656 0.272613 0.278772   0   0  -1 
2460201.520627 0.000000 0.000000 -59.837838 0.294212 -58.802180 -1.170145 -59.972325 -1.035658 0.294212 0.134487 0.294212 0.278772   0   0  -1 
2460202.533617 0.000000 0.000000 -60.316621 0.232737 -58.802180 -1.358660 -60.160840 -1.514441 0.232737 -0.155781 0.232737 0.278772   0   0  -1 
2460202.539273 0.000000 0.000000 -60.064845 0.220468 -58.802180 -1.359680 -60.161860 -1.262665 0.220468 0.097015 0.220468 0.278772   0   0  -1 
2460203.571018 0.000000 0.000000 -60.190673 0.337253 -58.802180 -1.528295 -60.330475 -1.388493 0.337253 0.139802 0.337253 0.278772   0   0  -1 
2460203.577196 0.000000 0.000000 -60.378625 0.360328 -58.802180 -1.529167 -60.331346 -1.576445 0.360328 -0.047279 0.360328 0.278772   0   0  -1 
2460204.530857 0.000000 0.000000 -60.576471 0.197030 -58.802180 -1.635770 -60.437950 -1.774291 0.197030 -0.138521 0.197030 0.278772   0   0  -1 
2460204.536387 0.000000 0.000000 -60.449009 0.208547 -58.802180 -1.636206 -60.438386 -1.646829 0.208547 -0.010623 0.208547 0.278772   0   0  -1 
2460205.516019 0.000000 0.000000 -60.633611 0.244280 -58.802180 -1.674441 -60.476621 -1.831431 0.244280 -0.156990 0.244280 0.278772   0   0  -1 
2460205.521490 0.000000 0.000000 -60.604071 0.216530 -58.802180 -1.674425 -60.476605 -1.801891 0.216530 -0.127466 0.216530 0.278772   0   0  -1 
2460206.534104 0.000000 0.000000 -60.273073 0.247014 -58.802180 -1.624973 -60.427153 -1.470893 0.247014 0.154080 0.247014 0.278772   0   0  -1 
2460206.539634 0.000000 0.000000 -60.618007 0.225863 -58.802180 -1.624449 -60.426629 -1.815827 0.225863 -0.191378 0.225863 0.278772   0   0  -1 
2460208.612713 0.000000 0.000000 -59.998253 0.238171 -58.802180 -1.254020 -60.056199 -1.196073 0.238171 0.057946 0.238171 0.278772   0   0  -1 
2460208.618030 0.000000 0.000000 -59.687757 0.245322 -58.802180 -1.252695 -60.054875 -0.885577 0.245322 0.367118 0.245322 0.278772   0   0  -1 
2460209.504007 0.000000 0.000000 -59.606726 0.494812 -58.802180 -1.015459 -59.817639 -0.804546 0.494812 0.210913 0.494812 0.278772   0   0  -1 
2460209.509978 0.000000 0.000000 -59.406245 0.441044 -58.802180 -1.013774 -59.815953 -0.604065 0.441044 0.409708 0.441044 0.278772   0   0  -1 
2460210.587394 0.000000 0.000000 -59.811154 0.275366 -58.802180 -0.703513 -59.505693 -1.008974 0.275366 -0.305461 0.275366 0.278772   0   0  -1 
2460210.593026 0.000000 0.000000 -59.626164 0.295408 -58.802180 -0.701897 -59.504077 -0.823984 0.295408 -0.122087 0.295408 0.278772   0   0  -1 
2460211.516295 0.000000 0.000000 -58.909396 0.380462 -58.802180 -0.447597 -59.249777 -0.107216 0.380462 0.340381 0.380462 0.278772   0   0  -1 
2460211.522268 0.000000 0.000000 -58.728326 0.306169 -58.802180 -0.446048 -59.248228 0.073854 0.306169 0.519902 0.306169 0.278772   0   0  -1 
