# time model 
2455007.429878 -0.022757 
2455009.144006 -0.022133 
2455010.858134 -0.018684 
2455012.572262 -0.012514 
2455014.286390 -0.004602 
2455016.000517 0.003337 
2455017.714645 0.009314 
2455019.428773 0.011708 
2455021.142901 0.009838 
2455022.857029 0.004244 
2455024.571157 -0.003479 
2455026.285285 -0.011211 
2455027.999413 -0.017020 
2455029.713541 -0.019749 
2455031.427669 -0.019290 
2455033.141797 -0.016454 
2455034.855925 -0.012552 
2455036.570053 -0.008874 
2455038.284181 -0.006297 
2455039.998308 -0.005119 
2455041.712436 -0.005137 
2455043.426564 -0.005874 
2455045.140692 -0.006812 
2455046.854820 -0.007574 
2455048.568948 -0.007998 
2455050.283076 -0.008149 
2455051.997204 -0.008288 
2455053.711332 -0.008808 
2455055.425460 -0.010126 
2455057.139588 -0.012517 
2455058.853716 -0.015929 
2455060.567844 -0.019848 
2455062.281972 -0.023315 
2455063.996099 -0.025140 
2455065.710227 -0.024294 
2455067.424355 -0.020330 
2455069.138483 -0.013672 
2455070.852611 -0.005610 
2455072.566739 0.002022 
2455074.280867 0.007410 
2455075.994995 0.009332 
2455077.709123 0.007541 
2455079.423251 0.002809 
2455081.137379 -0.003371 
2455082.851507 -0.009297 
2455084.565635 -0.013581 
2455086.279763 -0.015510 
2455087.993890 -0.015133 
2455089.708018 -0.013115 
2455091.422146 -0.010425 
2455093.136274 -0.008002 
2455094.850402 -0.006494 
2455096.564530 -0.006131 
2455098.278658 -0.006727 
2455099.992786 -0.007808 
2455101.706914 -0.008800 
2455103.421042 -0.009243 
2455105.135170 -0.008977 
2455106.849298 -0.008215 
2455108.563426 -0.007502 
2455110.277554 -0.007527 
2455111.991681 -0.008861 
2455113.705809 -0.011704 
2455115.419937 -0.015740 
2455117.134065 -0.020164 
2455118.848193 -0.023866 
2455120.562321 -0.025725 
2455122.276449 -0.024907 
2455123.990577 -0.021091 
2455125.704705 -0.014586 
2455127.418833 -0.006334 
2455129.132961 0.002193 
2455130.847089 0.009209 
2455132.561217 0.012933 
2455134.275345 0.012015 
2455135.989472 0.005981 
2455137.703600 -0.004457 
2455139.417728 -0.017377 
2455141.131856 -0.030040 
2455142.845984 -0.039628 
2455144.560112 -0.044124 
2455146.274240 -0.042978 
2455147.988368 -0.037273 
2455149.702496 -0.029268 
2455151.416624 -0.021504 
2455153.130752 -0.015837 
2455154.844880 -0.012841 
2455156.559008 -0.011843 
2455158.273136 -0.011524 
2455159.987263 -0.010776 
2455161.701391 -0.009334 
2455163.415519 -0.007889 
2455165.129647 -0.007650 
2455166.843775 -0.009629 
2455168.557903 -0.014072 
2455170.272031 -0.020327 
2455171.986159 -0.027161 
2455173.700287 -0.033262 
2455175.414415 -0.037567 
2455177.128543 -0.039239 
2455178.842671 -0.037398 
2455180.556799 -0.030984 
2455182.270927 -0.019119 
2455183.985054 -0.002003 
2455185.699182 0.018048 
2455187.413310 0.036150 
2455189.127438 0.045604 
2455190.841566 0.039958 
2455192.555694 0.015742 
2455194.269822 -0.025315 
2455195.983950 -0.075799 
2455197.698078 -0.124398 
2455199.412206 -0.159505 
2455201.126334 -0.173237 
2455202.840462 -0.164146 
2455204.554590 -0.137418 
2455206.268718 -0.102488 
2455207.982845 -0.069181 
2455209.696973 -0.044168 
2455211.411101 -0.029271 
2455213.125229 -0.022190 
2455214.839357 -0.018961 
2455216.553485 -0.016672 
2455218.267613 -0.014979 
2455219.981741 -0.015774 
2455221.695869 -0.021466 
2455223.409997 -0.033089 
2455225.124125 -0.049414 
2455226.838253 -0.067483 
2455228.552381 -0.084028 
2455230.266509 -0.096649 
2455231.980636 -0.103871 
2455233.694764 -0.104111 
2455235.408892 -0.094559 
2455237.123020 -0.071334 
2455238.837148 -0.031647 
2455240.551276 0.022655 
2455242.265404 0.082123 
2455243.979532 0.129613 
2455245.693660 0.144368 
2455247.407788 0.109498 
2455249.121916 0.019989 
2455250.836044 -0.112553 
2455252.550172 -0.261257 
2455254.264300 -0.391720 
2455255.978427 -0.473405 
2455257.692555 -0.490060 
2455259.406683 -0.444721 
2455261.120811 -0.357239 
2455262.834939 -0.255621 
2455264.549067 -0.165275 
2455266.263195 -0.100906 
2455267.977323 -0.064262 
2455269.691451 -0.047832 
2455271.405579 -0.041742 
2455273.119707 -0.039887 
2455274.833835 -0.042289 
2455276.547963 -0.053167 
2455278.262091 -0.076634 
2455279.976218 -0.113029 
2455281.690346 -0.158025 
2455283.404474 -0.204566 
2455285.118602 -0.245748 
2455286.832730 -0.276292 
2455288.546858 -0.291519 
2455290.260986 -0.284985 
2455291.975114 -0.247534 
2455293.689242 -0.170193 
2455295.403370 -0.051033 
2455297.117498 0.097016 
2455298.831626 0.242396 
2455300.545754 0.339432 
2455302.259881 0.341786 
2455303.974009 0.220686 
2455305.688137 -0.019752 
2455307.402265 -0.337837 
2455309.116393 -0.663993 
2455310.830521 -0.922303 
2455312.544649 -1.055653 
2455314.258777 -1.044219 
2455315.972905 -0.909671 
2455317.687033 -0.703847 
2455319.401161 -0.487478 
2455321.115289 -0.308610 
2455322.829417 -0.189725 
2455324.543545 -0.127666 
2455326.257672 -0.104121 
2455327.971800 -0.099775 
2455329.685928 -0.104600 
2455331.400056 -0.120031 
2455333.114184 -0.153813 
2455334.828312 -0.212096 
2455336.542440 -0.294000 
2455338.256568 -0.391215 
2455339.970696 -0.491416 
2455341.684824 -0.581792 
2455343.398952 -0.649553 
2455345.113080 -0.679434 
2455346.827208 -0.651621 
2455348.541336 -0.544723 
2455350.255463 -0.345900 
2455351.969591 -0.065187 
2455353.683719 0.253562 
2455355.397847 0.533728 
2455357.111975 0.683405 
2455358.826103 0.625842 
2455360.540231 0.331678 
2455362.254359 -0.161481 
2455363.968487 -0.752877 
2455365.682615 -1.307015 
2455367.396743 -1.696898 
2455369.110871 -1.845075 
2455370.824999 -1.746019 
2455372.539127 -1.461384 
2455374.253254 -1.091612 
2455375.967382 -0.737259 
2455377.681510 -0.466742 
2455379.395638 -0.302605 
2455381.109766 -0.228698 
2455382.823894 -0.210911 
2455384.538022 -0.219247 
2455386.252150 -0.240762 
2455387.966278 -0.279611 
2455389.680406 -0.347817 
2455391.394534 -0.454284 
2455393.108662 -0.598422 
2455394.822790 -0.769971 
2455396.536918 -0.951900 
2455398.251045 -1.121857 
2455399.965173 -1.250389 
2455401.679301 -1.298878 
2455403.393429 -1.223134 
2455405.107557 -0.986975 
2455406.821685 -0.583937 
2455408.535813 -0.057956 
2455410.249941 0.489878 
2455411.964069 0.918103 
2455413.678197 1.084850 
2455415.392325 0.898531 
2455417.106453 0.358801 
2455418.820581 -0.431514 
2455420.534709 -1.291995 
2455422.248836 -2.020313 
2455423.962964 -2.456994 
2455425.677092 -2.533834 
2455427.391220 -2.287523 
2455429.105348 -1.835205 
2455430.819476 -1.324857 
2455432.533604 -0.882715 
2455434.247732 -0.578715 
2455435.961860 -0.420371 
2455437.675988 -0.371631 
2455439.390116 -0.383080 
2455441.104244 -0.417764 
2455442.818372 -0.462722 
2455444.532500 -0.525652 
2455446.246627 -0.623389 
2455447.960755 -0.770525 
2455449.674883 -0.972803 
2455451.389011 -1.224461 
2455453.103139 -1.505822 
2455454.817267 -1.779105 
2455456.531395 -1.985283 
2455458.245523 -2.048650 
2455459.959651 -1.894778 
2455461.673779 -1.480788 
2455463.387907 -0.827646 
2455465.102035 -0.038039 
2455466.816163 0.714612 
2455468.530291 1.229654 
2455470.244418 1.343532 
2455471.958546 0.991003 
2455473.672674 0.237057 
2455475.386802 -0.736499 
2455477.100930 -1.687306 
2455478.815058 -2.390662 
2455480.529186 -2.709222 
2455482.243314 -2.627809 
2455483.957442 -2.242497 
2455485.671570 -1.712677 
2455487.385698 -1.199022 
2455489.099826 -0.813149 
2455490.813954 -0.595915 
2455492.528082 -0.526421 
2455494.242209 -0.550590 
2455495.956337 -0.612727 
2455497.670465 -0.676855 
2455499.384593 -0.733280 
2455501.098721 -0.793923 
2455502.812849 -0.883169 
2455504.526977 -1.028821 
2455506.241105 -1.253350 
2455507.955233 -1.563256 
2455509.669361 -1.936328 
2455511.383489 -2.311658 
2455513.097617 -2.591056 
2455514.811745 -2.659144 
2455516.525873 -2.421468 
2455518.240000 -1.849054 
2455519.954128 -1.009977 
2455521.668256 -0.069404 
2455523.382384 0.749305 
2455525.096512 1.232836 
2455526.810640 1.250928 
2455528.524768 0.804665 
2455530.238896 0.029059 
2455531.953024 -0.852534 
2455533.667152 -1.604382 
2455535.381280 -2.054546 
2455537.095408 -2.142271 
2455538.809536 -1.921263 
2455540.523664 -1.522884 
2455542.237791 -1.098945 
2455543.951919 -0.769063 
2455545.666047 -0.591244 
2455547.380175 -0.561156 
2455549.094303 -0.632656 
2455550.808431 -0.745720 
2455552.522559 -0.849513 
2455554.236687 -0.915090 
2455555.950815 -0.938969 
2455557.664943 -0.941526 
2455559.379071 -0.962387 
2455561.093199 -1.051504 
2455562.807327 -1.253457 
2455564.521455 -1.585734 
2455566.235582 -2.017785 
2455567.949710 -2.462254 
2455569.663838 -2.788559 
2455571.377966 -2.860637 
2455573.092094 -2.588357 
2455574.806222 -1.972323 
2455576.520350 -1.120516 
2455578.234478 -0.224827 
2455579.948606 0.497605 
2455581.662734 0.877009 
2455583.376862 0.848614 
2455585.090990 0.471736 
2455586.805118 -0.097032 
2455588.519246 -0.664376 
2455590.233373 -1.068758 
2455591.947501 -1.229546 
2455593.661629 -1.160007 
2455595.375757 -0.944399 
2455597.089885 -0.694131 
2455598.804013 -0.504036 
2455600.518141 -0.425410 
2455602.232269 -0.461528 
2455603.946397 -0.580375 
2455605.660525 -0.733805 
2455607.374653 -0.873961 
2455609.088781 -0.963628 
2455610.802909 -0.982553 
2455612.517037 -0.932911 
2455614.231164 -0.843862 
2455615.945292 -0.770790 
2455617.659420 -0.783570 
2455619.373548 -0.942361 
2455621.087676 -1.267405 
2455622.801804 -1.716215 
2455624.515932 -2.182333 
2455626.230060 -2.522323 
2455627.944188 -2.604603 
2455629.658316 -2.361556 
2455631.372444 -1.821996 
2455633.086572 -1.107753 
2455634.800700 -0.393507 
2455636.514828 0.154316 
2455638.228955 0.434036 
2455639.943083 0.437270 
2455641.657211 0.239430 
2455643.371339 -0.040548 
2455645.085467 -0.290918 
2455646.799595 -0.445559 
2455648.513723 -0.495930 
2455650.227851 -0.476716 
2455651.941979 -0.437552 
2455653.656107 -0.417339 
2455655.370235 -0.432528 
2455657.084363 -0.480522 
2455658.798491 -0.550507 
2455660.512619 -0.631676 
2455662.226746 -0.713492 
2455663.940874 -0.780579 
2455665.655002 -0.810102 
2455667.369130 -0.778440 
2455669.083258 -0.676873 
2455670.797386 -0.527732 
2455672.511514 -0.388784 
2455674.225642 -0.337914 
2455675.939770 -0.440815 
2455677.653898 -0.715500 
2455679.368026 -1.112222 
2455681.082154 -1.522001 
2455682.796282 -1.813581 
2455684.510410 -1.883874 
2455686.224537 -1.699104 
2455687.938665 -1.307410 
2455689.652793 -0.817283 
2455691.366921 -0.352808 
2455693.081049 -0.007452 
2455694.795177 0.182461 
2455696.509305 0.234935 
2455698.223433 0.196247 
2455699.937561 0.109079 
2455701.651689 -0.006863 
2455703.365817 -0.152863 
2455705.079945 -0.332825 
2455706.794073 -0.533385 
2455708.508201 -0.717594 
2455710.222328 -0.837921 
2455711.936456 -0.861321 
2455713.650584 -0.790554 
2455715.364712 -0.667140 
2455717.078840 -0.551980 
2455718.792968 -0.493318 
2455720.507096 -0.500219 
2455722.221224 -0.537671 
2455723.935352 -0.547485 
2455725.649480 -0.484196 
2455727.363608 -0.345763 
2455729.077736 -0.180910 
2455730.791864 -0.067492 
2455732.505992 -0.072549 
2455734.220119 -0.215343 
2455735.934247 -0.453567 
2455737.648375 -0.700526 
2455739.362503 -0.864337 
2455741.076631 -0.888473 
2455742.790759 -0.772913 
2455744.504887 -0.566526 
2455746.219015 -0.337460 
2455747.933143 -0.139931 
2455749.647271 0.003759 
2455751.361399 0.097748 
2455753.075527 0.150552 
2455754.789655 0.153690 
2455756.503783 0.077545 
2455758.217910 -0.110415 
2455759.932038 -0.415248 
2455761.646166 -0.791856 
2455763.360294 -1.147638 
2455765.074422 -1.374488 
2455766.788550 -1.396735 
2455768.502678 -1.210514 
2455770.216806 -0.892254 
2455771.930934 -0.568950 
2455773.645062 -0.362893 
2455775.359190 -0.337541 
2455777.073318 -0.471363 
2455778.787446 -0.672380 
2455780.501574 -0.825299 
2455782.215701 -0.846755 
2455783.929829 -0.721028 
2455785.643957 -0.499969 
2455787.358085 -0.270301 
2455789.072213 -0.108007 
2455790.786341 -0.044513 
2455792.500469 -0.060640 
2455794.214597 -0.107623 
2455795.928725 -0.139674 
2455797.642853 -0.137967 
2455799.356981 -0.113454 
2455801.071109 -0.090329 
2455802.785237 -0.084108 
2455804.499365 -0.090737 
2455806.213492 -0.094668 
2455807.927620 -0.089973 
2455809.641748 -0.098391 
2455811.355876 -0.168546 
2455813.070004 -0.351791 
2455814.784132 -0.665756 
2455816.498260 -1.067082 
2455818.212388 -1.452865 
2455819.926516 -1.696190 
2455821.640644 -1.701981 
2455823.354772 -1.456208 
2455825.068900 -1.042118 
2455826.783028 -0.612206 
2455828.497156 -0.326672 
2455830.211283 -0.286347 
2455831.925411 -0.491411 
2455833.639539 -0.844704 
2455835.353667 -1.196615 
2455837.067795 -1.408936 
2455838.781923 -1.407565 
2455840.496051 -1.201831 
2455842.210179 -0.866385 
2455843.924307 -0.499915 
2455845.638435 -0.183849 
2455847.352563 0.039954 
2455849.066691 0.167027 
2455850.780819 0.212300 
2455852.494947 0.191750 
2455854.209074 0.115470 
2455855.923202 -0.006625 
2455857.637330 -0.155257 
2455859.351458 -0.299919 
2455861.065586 -0.410080 
2455862.779714 -0.474104 
2455864.493842 -0.512712 
2455866.207970 -0.574629 
2455867.922098 -0.711930 
2455869.636226 -0.945903 
2455871.350354 -1.242667 
2455873.064482 -1.515378 
2455874.778610 -1.656868 
2455876.492738 -1.589661 
2455878.206865 -1.309020 
2455879.920993 -0.895887 
2455881.635121 -0.490484 
2455883.349249 -0.236887 
2455885.063377 -0.223836 
2455886.777505 -0.449212 
2455888.491633 -0.823917 
2455890.205761 -1.211522 
2455891.919889 -1.483364 
2455893.634017 -1.563258 
2455895.348145 -1.443886 
2455897.062273 -1.172997 
2455898.776401 -0.822565 
2455900.490529 -0.459866 
2455902.204656 -0.133939 
2455903.918784 0.121506 
2455905.632912 0.278628 
2455907.347040 0.312120 
2455909.061168 0.207995 
2455910.775296 -0.020781 
2455912.489424 -0.324850 
2455914.203552 -0.626954 
2455915.917680 -0.849566 
2455917.631808 -0.949640 
2455919.345936 -0.940999 
2455921.060064 -0.888935 
2455922.774192 -0.876030 
2455924.488320 -0.955183 
2455926.202447 -1.115271 
2455927.916575 -1.280335 
2455929.630703 -1.346039 
2455931.344831 -1.236393 
2455933.058959 -0.950986 
2455934.773087 -0.576120 
2455936.487215 -0.251342 
2455938.201343 -0.106545 
2455939.915471 -0.201102 
2455941.629599 -0.496136 
2455943.343727 -0.873853 
2455945.057855 -1.193143 
2455946.771983 -1.351971 
2455948.486111 -1.324675 
2455950.200238 -1.157404 
2455951.914366 -0.928750 
2455953.628494 -0.701474 
2455955.342622 -0.494468 
2455957.056750 -0.289970 
2455958.770878 -0.068342 
2455960.485006 0.154996 
2455962.199134 0.317730 
2455963.913262 0.335622 
2455965.627390 0.152271 
2455967.341518 -0.215992 
2455969.055646 -0.669968 
2455970.769774 -1.063702 
2455972.483902 -1.271376 
2455974.198029 -1.249625 
2455975.912157 -1.059577 
2455977.626285 -0.833588 
2455979.340413 -0.702435 
2455981.054541 -0.722306 
2455982.768669 -0.843104 
2455984.482797 -0.937955 
2455986.196925 -0.879676 
2455987.911053 -0.622257 
2455989.625181 -0.240423 
2455991.339309 0.098137 
2455993.053437 0.216330 
2455994.767565 0.023417 
2455996.481693 -0.429411 
2455998.195820 -0.965791 
2455999.909948 -1.366697 
2456001.624076 -1.475986 
2456003.338204 -1.273106 
2456005.052332 -0.874634 
2456006.766460 -0.465213 
2456008.480588 -0.197179 
2456010.194716 -0.114933 
2456011.908844 -0.145309 
2456013.622972 -0.157079 
2456015.337100 -0.052834 
2456017.051228 0.162176 
2456018.765356 0.376251 
2456020.479484 0.436252 
2456022.193611 0.244017 
2456023.907739 -0.173244 
2456025.621867 -0.662695 
2456027.335995 -1.020056 
2456029.050123 -1.098647 
2456030.764251 -0.891420 
2456032.478379 -0.537106 
2456034.192507 -0.243633 
2456035.906635 -0.169777 
2456037.620763 -0.331939 
2456039.334891 -0.591250 
2456041.049019 -0.732088 
2456042.763147 -0.590775 
2456044.477275 -0.162276 
2456046.191402 0.378086 
2456047.905530 0.755532 
2456049.619658 0.739640 
2456051.333786 0.274218 
2456053.047914 -0.479046 
2456054.762042 -1.210450 
2456056.476170 -1.611663 
2456058.190298 -1.526599 
2456059.904426 -1.024032 
2456061.618554 -0.354015 
2456063.332682 0.186930 
2456065.046810 0.407778 
2456066.760938 0.310029 
2456068.475066 0.065078 
2456070.189193 -0.100863 
2456071.903321 -0.045651 
2456073.617449 0.206692 
2456075.331577 0.487107 
2456077.045705 0.591564 
2456078.759833 0.413451 
2456080.473961 0.018158 
2456082.188089 -0.386876 
2456083.902217 -0.571723 
2456085.616345 -0.424098 
2456087.330473 -0.026085 
2456089.044601 0.382195 
2456090.758729 0.536802 
2456092.472857 0.308261 
2456094.186984 -0.207957 
2456095.901112 -0.726148 
2456097.615240 -0.918487 
2456099.329368 -0.599211 
2456101.043496 0.156882 
2456102.757624 1.031374 
2456104.471752 1.612204 
2456106.185880 1.601045 
2456107.900008 0.968951 
2456109.614136 -0.023299 
2456111.328264 -0.952279 
2456113.042392 -1.439913 
2456114.756520 -1.333172 
2456116.470648 -0.762821 
2456118.184775 -0.055055 
2456119.898903 0.450661 
2456121.613031 0.575655 
2456123.327159 0.374744 
2456125.041287 0.074266 
2456126.755415 -0.081111 
2456128.469543 0.020494 
2456130.183671 0.297720 
2456131.897799 0.538860 
2456133.611927 0.546812 
2456135.326055 0.275727 
2456137.040183 -0.126356 
2456138.754311 -0.398688 
2456140.468439 -0.327824 
2456142.182566 0.108436 
2456143.896694 0.702989 
2456145.610822 1.118498 
2456147.324950 1.075131 
2456149.039078 0.523459 
2456150.753206 -0.298774 
2456152.467334 -0.966952 
2456154.181462 -1.081686 
2456155.895590 -0.483096 
2456157.609718 0.648166 
2456159.323846 1.861317 
2456161.037974 2.645197 
2456162.752102 2.671156 
2456164.466230 1.945029 
2456166.180357 0.792482 
2456167.894485 -0.310048 
2456169.608613 -0.966843 
2456171.322741 -1.036156 
2456173.036869 -0.661067 
2456174.750997 -0.153765 
2456176.465125 0.192461 
2456178.179253 0.255402 
2456179.893381 0.119786 
2456181.607509 -0.012467 
2456183.321637 0.026113 
2456185.035765 0.251542 
2456186.749893 0.517650 
2456188.464021 0.616354 
2456190.178148 0.424942 
2456191.892276 0.006333 
2456193.606404 -0.404885 
2456195.320532 -0.529768 
2456197.034660 -0.215023 
2456198.748788 0.455038 
2456200.462916 1.176927 
2456202.177044 1.576899 
2456203.891172 1.414823 
2456205.605300 0.731629 
2456207.319428 -0.145364 
2456209.033556 -0.750545 
2456210.747684 -0.709767 
2456212.461812 0.065993 
2456214.175939 1.324208 
2456215.890067 2.581978 
2456217.604195 3.348441 
2456219.318323 3.345828 
2456221.032451 2.620311 
2456222.746579 1.494198 
2456224.460707 0.394149 
2456226.174835 -0.349120 
2456227.888963 -0.627117 
2456229.603091 -0.551018 
2456231.317219 -0.338986 
2456233.031347 -0.169652 
2456234.745475 -0.088762 
2456236.459603 -0.016685 
2456238.173730 0.159609 
2456239.887858 0.476999 
2456241.601986 0.843816 
2456243.316114 1.081199 
2456245.030242 1.034498 
2456246.744370 0.685122 
2456248.458498 0.189488 
2456250.172626 -0.187033 
2456251.886754 -0.210781 
2456253.600882 0.182413 
2456255.315010 0.833313 
2456257.029138 1.426697 
2456258.743266 1.650634 
2456260.457394 1.365183 
2456262.171521 0.689347 
2456263.885649 -0.043686 
2456265.599777 -0.443783 
2456267.313905 -0.254631 
2456269.028033 0.518766 
2456270.742161 1.609432 
2456272.456289 2.612188 
2456274.170417 3.166628 
2456275.884545 3.107439 
2456277.598673 2.512386 
2456279.312801 1.635119 
2456281.026929 0.769260 
2456282.741057 0.120171 
2456284.455185 -0.252600 
2456286.169312 -0.405386 
2456287.883440 -0.426787 
2456289.597568 -0.360531 
2456291.311696 -0.183450 
2456293.025824 0.152694 
2456294.739952 0.649721 
2456296.454080 1.215766 
2456298.168208 1.680941 
2456299.882336 1.874306 
2456301.596464 1.719776 
2456303.310592 1.292532 
2456305.024720 0.796746 
2456306.738848 0.469453 
2456308.452976 0.459066 
2456310.167103 0.744603 
2456311.881231 1.142263 
2456313.595359 1.399468 
2456315.309487 1.328665 
2456317.023615 0.910535 
2456318.737743 0.311682 
2456320.451871 -0.193103 
2456322.165999 -0.353752 
2456323.880127 -0.064829 
2456325.594255 0.587161 
2456327.308383 1.369063 
2456329.022511 2.010834 
2456330.736639 2.321082 
2456332.450767 2.251983 
2456334.164894 1.889070 
2456335.879022 1.383259 
2456337.593150 0.870690 
2456339.307278 0.425683 
2456341.021406 0.066098 
2456342.735534 -0.204454 
2456344.449662 -0.355068 
2456346.163790 -0.320870 
2456347.877918 -0.039695 
2456349.592046 0.490764 
2456351.306174 1.175274 
2456353.020302 1.834421 
2456354.734430 2.271131 
2456356.448558 2.359353 
2456358.162685 2.107106 
2456359.876813 1.656635 
2456361.590941 1.217237 
2456363.305069 0.963332 
2456365.019197 0.950548 
2456366.733325 1.094056 
2456368.447453 1.220502 
2456370.161581 1.165547 
2456371.875709 0.864953 
2456373.589837 0.391398 
2456375.303965 -0.080906 
2456377.018093 -0.363038 
2456378.732221 -0.342648 
2456380.446349 -0.032778 
2456382.160476 0.443530 
2456383.874604 0.919205 
2456385.588732 1.260601 
2456387.302860 1.415169 
2456389.016988 1.408999 
2456390.731116 1.304433 
2456392.445244 1.149924 
2456394.159372 0.955308 
2456395.873500 0.706216 
2456397.587628 0.404180 
2456399.301756 0.101153 
2456401.015884 -0.100310 
2456402.730012 -0.088416 
2456404.444140 0.195157 
2456406.158267 0.707857 
2456407.872395 1.305684 
2456409.586523 1.796346 
2456411.300651 2.022626 
2456413.014779 1.933825 
2456414.728907 1.607406 
2456416.443035 1.208413 
2456418.157163 0.907105 
2456419.871291 0.797316 
2456421.585419 0.857270 
2456423.299547 0.971451 
2456425.013675 0.999496 
2456426.727803 0.853918 
2456428.441931 0.545594 
2456430.156058 0.175153 
2456431.870186 -0.121604 
2456433.584314 -0.242249 
2456435.298442 -0.163165 
2456437.012570 0.059737 
2456438.726698 0.330410 
2456440.440826 0.565968 
2456442.154954 0.732560 
2456443.869082 0.845713 
2456445.583210 0.939843 
2456447.297338 1.030093 
2456449.011466 1.092987 
2456450.725594 1.079211 
2456452.439722 0.950607 
2456454.153849 0.717189 
2456455.867977 0.448737 
2456457.582105 0.249996 
2456459.296233 0.210318 
2456461.010361 0.354795 
2456462.724489 0.624860 
2456464.438617 0.901145 
2456466.152745 1.058530 
2456467.866873 1.025562 
2456469.581001 0.817746 
2456471.295129 0.527930 
2456473.009257 0.279544 
2456474.723385 0.167389 
2456476.437513 0.215958 
2456478.151640 0.374711 
2456479.865768 0.549676 
2456481.579896 0.652375 
2456483.294024 0.640115 
2456485.008152 0.528764 
2456486.722280 0.375497 
2456488.436408 0.244789 
2456490.150536 0.177842 
2456491.864664 0.180701 
2456493.578792 0.233639 
2456495.292920 0.311941 
2456497.007048 0.403089 
2456498.721176 0.509834 
2456500.435304 0.639053 
2456502.149431 0.785853 
2456503.863559 0.925276 
2456505.577687 1.018716 
2456507.291815 1.032391 
2456509.005943 0.957121 
2456510.720071 0.817164 
2456512.434199 0.661815 
2456514.148327 0.543269 
2456515.862455 0.492100 
2456517.576583 0.503151 
2456519.290711 0.539019 
2456521.004839 0.549043 
2456522.718967 0.493935 
2456524.433095 0.364050 
2456526.147222 0.183350 
2456527.861350 -0.001251 
2456529.575478 -0.138763 
2456531.289606 -0.192199 
2456533.003734 -0.148995 
2456534.717862 -0.021761 
2456536.431990 0.158235 
2456538.146118 0.350658 
2456539.860246 0.515538 
2456541.574374 0.621281 
2456543.288502 0.651191 
2456545.002630 0.607970 
2456546.716758 0.514405 
2456548.430886 0.408191 
2456550.145013 0.330594 
2456551.859141 0.312002 
2456553.573269 0.360203 
2456555.287397 0.457336 
2456557.001525 0.568008 
2456558.715653 0.655496 
2456560.429781 0.698384 
2456562.143909 0.699195 
2456563.858037 0.680517 
2456565.572165 0.670796 
2456567.286293 0.687654 
2456569.000421 0.727944 
2456570.714549 0.769809 
2456572.428677 0.785047 
2456574.142804 0.754148 
2456575.856932 0.675111 
2456577.571060 0.561292 
2456579.285188 0.430667 
2456580.999316 0.294391 
2456582.713444 0.152987 
2456584.427572 0.003273 
2456586.141700 -0.148544 
2456587.855828 -0.277373 
2456589.569956 -0.342211 
2456591.284084 -0.303266 
2456592.998212 -0.145586 
2456594.712340 0.104335 
2456596.426468 0.380651 
2456598.140595 0.601370 
2456599.854723 0.703138 
2456601.568851 0.670305 
2456603.282979 0.542399 
2456604.997107 0.394640 
2456606.711235 0.300492 
2456608.425363 0.295442 
2456610.139491 0.361307 
2456611.853619 0.439741 
2456613.567747 0.467838 
2456615.281875 0.416331 
2456616.996003 0.309077 
2456618.710131 0.212482 
2456620.424259 0.200069 
2456622.138386 0.311315 
2456623.852514 0.527391 
2456625.566642 0.777373 
2456627.280770 0.971781 
2456628.994898 1.045284 
2456630.709026 0.985544 
2456632.423154 0.833182 
2456634.137282 0.654258 
2456635.851410 0.502053 
2456637.565538 0.390549 
2456639.279666 0.294600 
2456640.993794 0.175613 
2456642.707922 0.016152 
2456644.422050 -0.158775 
2456646.136177 -0.288297 
2456647.850305 -0.307980 
2456649.564433 -0.189664 
2456651.278561 0.035120 
2456652.992689 0.283785 
2456654.706817 0.460988 
2456656.420945 0.506630 
2456658.135073 0.426817 
2456659.849201 0.289503 
2456661.563329 0.185905 
2456663.277457 0.178420 
2456664.991585 0.264256 
2456666.705713 0.376188 
2456668.419841 0.421460 
2456670.133968 0.338155 
2456671.848096 0.137538 
2456673.562224 -0.092551 
2456675.276352 -0.227390 
2456676.990480 -0.168517 
2456678.704608 0.102890 
2456680.418736 0.511243 
2456682.132864 0.919041 
2456683.846992 1.190158 
2456685.561120 1.251166 
2456687.275248 1.119392 
2456688.989376 0.884747 
2456690.703504 0.657331 
2456692.417631 0.510601 
2456694.131759 0.450826 
2456695.845887 0.427396 
2456697.560015 0.374870 
2456699.274143 0.259933 
2456700.988271 0.104709 
2456702.702399 -0.027102 
2456704.416527 -0.072045 
2456706.130655 -0.010385 
2456707.844783 0.116364 
2456709.558911 0.226075 
2456711.273039 0.243869 
2456712.987167 0.149033 
2456714.701295 -0.008029 
2456716.415422 -0.131270 
2456718.129550 -0.134481 
2456719.843678 0.004337 
2456721.557806 0.222260 
2456723.271934 0.399280 
2456724.986062 0.422428 
2456726.700190 0.252257 
2456728.414318 -0.045659 
2456730.128446 -0.324135 
2456731.842574 -0.423388 
2456733.556702 -0.251146 
2456735.270830 0.167784 
2456736.984958 0.698839 
2456738.699086 1.158743 
2456740.413213 1.399115 
2456742.127341 1.370225 
2456743.841469 1.133934 
2456745.555597 0.822317 
2456747.269725 0.566915 
2456748.983853 0.437373 
2456750.697981 0.420459 
2456752.412109 0.446160 
2456754.126237 0.440992 
2456755.840365 0.374817 
2456757.554493 0.273812 
2456759.268621 0.194294 
2456760.982749 0.176544 
2456762.696877 0.209929 
2456764.411004 0.233341 
2456766.125132 0.172700 
2456767.839260 -0.006663 
2456769.553388 -0.265925 
2456771.267516 -0.501117 
2456772.981644 -0.593627 
2456774.695772 -0.476833 
2456776.409900 -0.180987 
2456778.124028 0.171803 
2456779.838156 0.423993 
2456781.552284 0.462906 
2456783.266412 0.282490 
2456784.980540 -0.007777 
2456786.694668 -0.233809 
2456788.408795 -0.242754 
2456790.122923 0.020136 
2456791.837051 0.483123 
2456793.551179 0.982138 
2456795.265307 1.338856 
2456796.979435 1.441934 
2456798.693563 1.290670 
2456800.407691 0.982007 
2456802.121819 0.652428 
2456803.835947 0.409086 
2456805.550075 0.287129 
2456807.264203 0.252448 
2456808.978331 0.241817 
2456810.692459 0.211763 
2456812.406586 0.164963 
2456814.120714 0.139237 
2456815.834842 0.168870 
2456817.548970 0.245966 
2456819.263098 0.309907 
2456820.977226 0.275499 
2456822.691354 0.085583 
2456824.405482 -0.243194 
2456826.119610 -0.611428 
2456827.833738 -0.875098 
2456829.547866 -0.913966 
2456831.261994 -0.694556 
2456832.976122 -0.292714 
2456834.690250 0.138720 
2456836.404377 0.442237 
2456838.118505 0.531135 
2456839.832633 0.429016 
2456841.546761 0.253105 
2456843.260889 0.150831 
2456844.975017 0.223463 
2456846.689145 0.476388 
2456848.403273 0.820238 
2456850.117401 1.119375 
2456851.831529 1.259722 
2456853.545657 1.199684 
2456855.259785 0.979669 
2456856.973913 0.689907 
2456858.688041 0.418839 
2456860.402168 0.212686 
2456862.116296 0.067222 
2456863.830424 -0.048287 
2456865.544552 -0.154510 
2456867.258680 -0.238865 
2456868.972808 -0.261803 
2456870.686936 -0.188760 
2456872.401064 -0.026473 
2456874.115192 0.161943 
2456875.829320 0.277031 
2456877.543448 0.230899 
2456879.257576 -0.002144 
2456880.971704 -0.361379 
2456882.685832 -0.718220 
2456884.399959 -0.930983 
2456886.114087 -0.909286 
2456887.828215 -0.655362 
2456889.542343 -0.261187 
2456891.256471 0.136758 
2456892.970599 0.421445 
2456894.684727 0.545386 
2456896.398855 0.542732 
2456898.112983 0.500088 
2456899.827111 0.504268 
2456901.541239 0.595885 
2456903.255367 0.752287 
2456904.969495 0.905811 
2456906.683623 0.983863 
2456908.397750 0.946895 
2456910.111878 0.803911 
2456911.826006 0.599867 
2456913.540134 0.385933 
2456915.254262 0.192452 
2456916.968390 0.020836 
2456918.682518 -0.142604 
2456920.396646 -0.302272 
2456922.110774 -0.436521 
2456923.824902 -0.501748 
2456925.539030 -0.457078 
2456927.253158 -0.295500 
2456928.967286 -0.061638 
2456930.681414 0.157428 
2456932.395541 0.267029 
2456934.109669 0.209165 
2456935.823797 -0.006713 
2456937.537925 -0.303349 
2456939.252053 -0.567310 
2456940.966181 -0.697661 
2456942.680309 -0.648029 
2456944.394437 -0.442129 
2456946.108565 -0.156747 
2456947.822693 0.117333 
2456949.536821 0.315754 
2456951.250949 0.422685 
2456952.965077 0.466071 
2456954.679205 0.492112 
2456956.393332 0.535113 
2456958.107460 0.599308 
2456959.821588 0.660730 
2456961.535716 0.685139 
2456963.249844 0.649542 
2456964.963972 0.554309 
2456966.678100 0.420034 
2456968.392228 0.273166 
2456970.106356 0.131010 
2456971.820484 -0.003807 
2456973.534612 -0.136261 
2456975.248740 -0.264874 
2456976.962868 -0.371337 
2456978.676996 -0.422609 
2456980.391123 -0.386505 
2456982.105251 -0.252886 
2456983.819379 -0.047867 
2456985.533507 0.168844 
2456987.247635 0.324663 
2456988.961763 0.364048 
2456990.675891 0.273174 
2456992.390019 0.086894 
2456994.104147 -0.125786 
2456995.818275 -0.290818 
2456997.532403 -0.358855 
2456999.246531 -0.321917 
2457000.960659 -0.210414 
2457002.674787 -0.073949 
2457004.388914 0.043150 
2457006.103042 0.119279 
2457007.817170 0.158749 
2457009.531298 0.181620 
2457011.245426 0.207785 
2457012.959554 0.244674 
2457014.673682 0.284495 
2457016.387810 0.310703 
2457018.101938 0.308316 
2457019.816066 0.271453 
2457021.530194 0.204346 
2457023.244322 0.116845 
2457024.958450 0.018845 
2457026.672578 -0.081855 
2457028.386705 -0.176926 
2457030.100833 -0.252862 
2457031.814961 -0.289239 
2457033.529089 -0.263427 
2457035.243217 -0.161165 
2457036.957345 0.012091 
2457038.671473 0.225966 
2457040.385601 0.430762 
2457042.099729 0.573218 
2457043.813857 0.616135 
2457045.527985 0.552931 
2457047.242113 0.410075 
2457048.956241 0.235949 
2457050.670369 0.081213 
2457052.384496 -0.020375 
2457054.098624 -0.062228 
2457055.812752 -0.062526 
2457057.526880 -0.051561 
2457059.241008 -0.055792 
2457060.955136 -0.086307 
2457062.669264 -0.136317 
2457064.383392 -0.187342 
2457066.097520 -0.219732 
2457067.811648 -0.221859 
2457069.525776 -0.194150 
2457071.239904 -0.147417 
2457072.954032 -0.097782 
2457074.668160 -0.061315 
2457076.382287 -0.050348 
2457078.096415 -0.071458 
2457079.810543 -0.123959 
2457081.524671 -0.198101 
2457083.238799 -0.273777 
2457084.952927 -0.321853 
2457086.667055 -0.310074 
2457088.381183 -0.213357 
2457090.095311 -0.025340 
2457091.809439 0.234003 
2457093.523567 0.519424 
2457095.237695 0.771642 
2457096.951823 0.935632 
2457098.665951 0.979062 
2457100.380078 0.903210 
2457102.094206 0.741509 
2457103.808334 0.546128 
2457105.522462 0.368175 
2457107.236590 0.239784 
2457108.950718 0.165230 
2457110.664846 0.123959 
2457112.378974 0.083195 
2457114.093102 0.013959 
2457115.807230 -0.096406 
2457117.521358 -0.239784 
2457119.235486 -0.391573 
2457120.949614 -0.520790 
2457122.663742 -0.601338 
2457124.377869 -0.620333 
2457126.091997 -0.581311 
2457127.806125 -0.502336 
2457129.520253 -0.410411 
2457131.234381 -0.333971 
2457132.948509 -0.295042 
2457134.662637 -0.302438 
2457136.376765 -0.347485 
2457138.090893 -0.403934 
2457139.805021 -0.433211 
2457141.519149 -0.394855 
2457143.233277 -0.259826 
2457144.947405 -0.022544 
2457146.661533 0.293070 
2457148.375660 0.636813 
2457150.089788 0.944759 
2457151.803916 1.157534 
2457153.518044 1.238100 
2457155.232172 1.182618 
2457156.946300 1.020382 
2457158.660428 0.802865 
2457160.374556 0.585986 
2457162.088684 0.412092 
2457163.802812 0.297988 
2457165.516940 0.232788 
2457167.231068 0.185663 
2457168.945196 0.120032 
2457170.659324 0.008796 
2457172.373451 -0.154763 
2457174.087579 -0.353958 
2457175.801707 -0.554264 
2457177.515835 -0.715305 
2457179.229963 -0.805020 
2457180.944091 -0.811125 
2457182.658219 -0.745804 
2457184.372347 -0.641828 
2457186.086475 -0.541138 
2457187.800603 -0.479693 
2457189.514731 -0.473884 
2457191.228859 -0.513538 
2457192.942987 -0.564345 
2457194.657115 -0.579175 
2457196.371242 -0.514428 
2457198.085370 -0.345648 
2457199.799498 -0.076925 
2457201.513626 0.259027 
2457203.227754 0.609747 
2457204.941882 0.917438 
2457206.656010 1.133934 
2457208.370138 1.231717 
2457210.084266 1.208450 
2457211.798394 1.084840 
2457213.512522 0.897493 
2457215.226650 0.689113 
2457216.940778 0.498335 
2457218.654906 0.351044 
2457220.369033 0.254795 
2457222.083161 0.197792 
2457223.797289 0.153386 
2457225.511417 0.089762 
2457227.225545 -0.017511 
2457228.939673 -0.174313 
2457230.653801 -0.362994 
2457232.367929 -0.546811 
2457234.082057 -0.683326 
2457235.796185 -0.742046 
2457237.510313 -0.718784 
2457239.224441 -0.639664 
2457240.938569 -0.551716 
2457242.652697 -0.503022 
2457244.366824 -0.520670 
2457246.080952 -0.596467 
2457247.795080 -0.687498 
2457249.509208 -0.732063 
2457251.223336 -0.674547 
2457252.937464 -0.488533 
2457254.651592 -0.188282 
2457256.365720 0.175966 
2457258.079848 0.536066 
2457259.793976 0.829003 
2457261.508104 1.015067 
2457263.222232 1.084718 
2457264.936360 1.053634 
2457266.650488 0.950829 
2457268.364615 0.806788 
2457270.078743 0.646696 
2457271.792871 0.489574 
2457273.506999 0.350300 
2457275.221127 0.240370 
2457276.935255 0.165362 
2457278.649383 0.120671 
2457280.363511 0.089673 
2457282.077639 0.047960 
2457283.791767 -0.026241 
2457285.505895 -0.139898 
2457287.220023 -0.278165 
2457288.934151 -0.407976 
2457290.648279 -0.492424 
2457292.362406 -0.509807 
2457294.076534 -0.467530 
2457295.790662 -0.402400 
2457297.504790 -0.365222 
2457299.218918 -0.395796 
2457300.933046 -0.500211 
2457302.647174 -0.642293 
2457304.361302 -0.754816 
2457306.075430 -0.766554 
2457307.789558 -0.633238 
2457309.503686 -0.358160 
2457311.217814 0.007086 
2457312.931942 0.381891 
2457314.646070 0.686793 
2457316.360197 0.870737 
2457318.074325 0.924001 
2457319.788453 0.872977 
2457321.502581 0.761876 
2457323.216709 0.631902 
2457324.930837 0.507974 
2457326.644965 0.397494 
2457328.359093 0.298477 
2457330.073221 0.209643 
2457331.787349 0.135303 
2457333.501477 0.082430 
2457335.215605 0.053068 
2457336.929733 0.038579 
2457338.643861 0.021080 
2457340.357988 -0.017488 
2457342.072116 -0.083728 
2457343.786244 -0.166183 
2457345.500372 -0.239145 
2457347.214500 -0.276242 
2457348.928628 -0.266945 
2457350.642756 -0.226321 
2457352.356884 -0.191149 
2457354.071012 -0.202588 
2457355.785140 -0.283282 
2457357.499268 -0.420755 
2457359.213396 -0.566712 
2457360.927524 -0.654282 
2457362.641652 -0.626143 
2457364.355779 -0.460593 
2457366.069907 -0.183164 
2457367.784035 0.141832 
2457369.498163 0.435901 
2457371.212291 0.635678 
2457372.926419 0.713833 
2457374.640547 0.683203 
2457376.354675 0.584255 
2457378.068803 0.463768 
2457379.782931 0.355729 
2457381.497059 0.272800 
2457383.211187 0.210148 
2457384.925315 0.156777 
2457386.639443 0.106381 
2457388.353570 0.061427 
2457390.067698 0.029231 
2457391.781826 0.014054 
2457393.495954 0.011448 
2457395.210082 0.009195 
2457396.924210 -0.005438 
2457398.638338 -0.036882 
2457400.352466 -0.077001 
2457402.066594 -0.108945 
2457403.780722 -0.117622 
2457405.494850 -0.100858 
2457407.208978 -0.074137 
2457408.923106 -0.064971 
2457410.637234 -0.098707 
2457412.351361 -0.182780 
2457414.065489 -0.298062 
2457415.779617 -0.402891 
2457417.493745 -0.449030 
2457419.207873 -0.402587 
2457420.922001 -0.260014 
2457422.636129 -0.051450 
2457424.350257 0.170326 
2457426.064385 0.350205 
2457427.778513 0.450986 
2457429.492641 0.464688 
2457431.206769 0.410808 
2457432.920897 0.323817 
2457434.635025 0.236896 
2457436.349152 0.169803 
2457438.063280 0.125635 
2457439.777408 0.096155 
2457441.491536 0.071071 
2457443.205664 0.045460 
2457444.919792 0.021559 
2457446.633920 0.005058 
2457448.348048 -0.000687 
2457450.062176 0.001769 
2457451.776304 0.005029 
2457453.490432 0.001719 
2457455.204560 -0.010252 
2457456.918688 -0.025804 
2457458.632816 -0.035790 
2457460.346943 -0.033478 
2457462.061071 -0.020439 
2457463.775199 -0.007849 
2457465.489327 -0.011678 
2457467.203455 -0.043783 
2457468.917583 -0.103588 
2457470.631711 -0.175143 
2457472.345839 -0.231830 
2457474.059967 -0.247057 
2457475.774095 -0.206064 
2457477.488223 -0.113177 
2457479.202351 0.009029 
2457480.916479 0.128334 
2457482.630607 0.215239 
2457484.344734 0.253463 
2457486.058862 0.244142 
2457487.772990 0.202518 
2457489.487118 0.149496 
2457491.201246 0.102523 
2457492.915374 0.069960 
2457494.629502 0.050837 
2457496.343630 0.038944 
2457498.057758 0.028251 
2457499.771886 0.016519 
2457501.486014 0.005531 
2457503.200142 -0.001433 
2457504.914270 -0.002738 
2457506.628398 0.000054 
2457508.342525 0.003130 
2457510.056653 0.003076 
2457511.770781 -0.000694 
2457513.484909 -0.005476 
2457515.199037 -0.007213 
2457516.913165 -0.003680 
2457518.627293 0.003141 
2457520.341421 0.007197 
2457522.055549 0.001290 
2457523.769677 -0.018612 
2457525.483805 -0.050042 
2457527.197933 -0.083708 
2457528.912061 -0.106676 
2457530.626189 -0.107768 
2457532.340316 -0.082620 
2457534.054444 -0.035971 
2457535.768572 0.019942 
2457537.482700 0.070141 
2457539.196828 0.102579 
2457540.910956 0.112216 
2457542.625084 0.101850 
2457544.339212 0.079719 
2457546.053340 0.055329 
2457547.767468 0.035625 
2457549.481596 0.023117 
2457551.195724 0.016425 
2457552.909852 0.012429 
2457554.623980 0.008605 
2457556.338107 0.004282 
2457558.052235 0.000405 
2457559.766363 -0.001699 
2457561.480491 -0.001578 
2457563.194619 -0.000094 
2457564.908747 0.001168 
2457566.622875 0.001020 
2457568.337003 -0.000488 
2457570.051131 -0.002099 
2457571.765259 -0.002276 
2457573.479387 -0.000443 
2457575.193515 0.002286 
2457576.907643 0.003427 
2457578.621771 0.000428 
2457580.335898 -0.007712 
2457582.050026 -0.019432 
2457583.764154 -0.030837 
2457585.478282 -0.037175 
2457587.192410 -0.034920 
2457588.906538 -0.023454 
2457590.620666 -0.005534 
2457592.334794 0.013695 
2457594.048922 0.028695 
2457595.763050 0.035627 
2457597.477178 0.033622 
2457599.191306 0.024765 
2457600.905434 0.012915 
2457602.619562 0.002006 
2457604.333689 -0.005383 
2457606.047817 -0.008617 
2457607.761945 -0.008670 
2457609.476073 -0.007205 
2457611.190201 -0.005624 
2457612.904329 -0.004554 
2457614.618457 -0.003900 
2457616.332585 -0.003294 
2457618.046713 -0.002562 
2457619.760841 -0.001913 
2457621.474969 -0.001751 
2457623.189097 -0.002300 
2457624.903225 -0.003313 
2457626.617353 -0.004114 
2457628.331480 -0.003962 
2457630.045608 -0.002552 
2457631.759736 -0.000320 
2457633.473864 0.001670 
2457635.187992 0.002260 
2457636.902120 0.000886 
2457638.616248 -0.001954 
2457640.330376 -0.004770 
2457642.044504 -0.005726 
2457643.758632 -0.003608 
2457645.472760 0.001358 
2457647.186888 0.007282 
2457648.901016 0.011176 
2457650.615144 0.010125 
2457652.329271 0.002567 
2457654.043399 -0.010881 
2457655.757527 -0.027464 
2457657.471655 -0.043201 
2457659.185783 -0.054302 
2457660.899911 -0.058474 
2457662.614039 -0.055588 
2457664.328167 -0.047469 
2457666.042295 -0.036975 
2457667.756423 -0.026842 
2457669.470551 -0.018816 
2457671.184679 -0.013392 
2457672.898807 -0.010132 
2457674.612935 -0.008277 
2457676.327062 -0.007224 
2457678.041190 -0.006656 
2457679.755318 -0.006321 
2457681.469446 -0.005750 
2457683.183574 -0.004201 
2457684.897702 -0.000968 
2457686.611830 0.004097 
2457688.325958 0.010214 
2457690.040086 0.015791 
2457691.754214 0.019103 
2457693.468342 0.019239 
2457695.182470 0.016785 
2457696.896598 0.013738 
2457698.610726 0.012521 
2457700.324853 0.014494 
2457702.038981 0.018699 
2457703.753109 0.021625 
2457705.467237 0.018308 
2457707.181365 0.004461 
2457708.895493 -0.021298 
2457710.609621 -0.056173 
2457712.323749 -0.093602 
2457714.037877 -0.125308 
2457715.752005 -0.144162 
2457717.466133 -0.146655 
2457719.180261 -0.133917 
2457720.894389 -0.110933 
2457722.608517 -0.084393 
2457724.322644 -0.060237 
2457726.036772 -0.041944 
2457727.750900 -0.030154 
2457729.465028 -0.023476 
2457731.179156 -0.019808 
2457732.893284 -0.017342 
2457734.607412 -0.014849 
2457736.321540 -0.011351 
2457738.035668 -0.005742 
2457739.749796 0.003132 
2457741.463924 0.015790 
2457743.178052 0.031273 
2457744.892180 0.046813 
2457746.606308 0.058557 
2457748.320435 0.063229 
2457750.034563 0.059953 
2457751.748691 0.051147 
2457753.462819 0.041719 
2457755.176947 0.036634 
2457756.891075 0.037923 
2457758.605203 0.042689 
2457760.319331 0.043391 
2457762.033459 0.030664 
2457763.747587 -0.002372 
2457765.461715 -0.056267 
2457767.175843 -0.123722 
2457768.889971 -0.191356 
2457770.604099 -0.244135 
2457772.318226 -0.270630 
2457774.032354 -0.266871 
2457775.746482 -0.237197 
2457777.460610 -0.191974 
2457779.174738 -0.143383 
2457780.888866 -0.101261 
2457782.602994 -0.070671 
2457784.317122 -0.051815 
2457786.031250 -0.041727 
2457787.745378 -0.036417 
2457789.459506 -0.032316 
2457791.173634 -0.026569 
2457792.887762 -0.016662 
2457794.601890 -0.000290 
2457796.316017 0.023967 
2457798.030145 0.055319 
2457799.744273 0.089759 
2457801.458401 0.120436 
2457803.172529 0.139833 
2457804.886657 0.143038 
2457806.600785 0.130495 
2457808.314913 0.108503 
2457810.029041 0.086719 
2457811.743169 0.073458 
2457813.457297 0.070950 
2457815.171425 0.073073 
2457816.885553 0.067093 
2457818.599681 0.039059 
2457820.313808 -0.019417 
2457822.027936 -0.106120 
2457823.742064 -0.207438 
2457825.456192 -0.302427 
2457827.170320 -0.370068 
2457828.884448 -0.396623 
2457830.598576 -0.379976 
2457832.312704 -0.329356 
2457834.026832 -0.260973 
2457835.740960 -0.191822 
2457837.455088 -0.134420 
2457839.169216 -0.094355 
2457840.883344 -0.070900 
2457842.597472 -0.059464 
2457844.311599 -0.054137 
2457846.025727 -0.049122 
2457847.739855 -0.039029 
2457849.453983 -0.018911 
2457851.168111 0.014948 
2457852.882239 0.063274 
2457854.596367 0.121954 
2457856.310495 0.181589 
2457858.024623 0.229562 
2457859.738751 0.254406 
2457861.452879 0.250737 
2457863.167007 0.222235 
2457864.881135 0.180738 
2457866.595263 0.141282 
2457868.309390 0.115086 
2457870.023518 0.103770 
2457871.737646 0.097860 
2457873.451774 0.080669 
2457875.165902 0.036092 
2457876.880030 -0.043194 
2457878.594158 -0.150973 
2457880.308286 -0.268480 
2457882.022414 -0.370793 
2457883.736542 -0.435787 
2457885.450670 -0.451755 
2457887.164798 -0.420618 
2457888.878926 -0.355816 
2457890.593054 -0.276423 
2457892.307181 -0.200405 
2457894.021309 -0.139826 
2457895.735437 -0.099314 
2457897.449565 -0.077311 
2457899.163693 -0.068479 
2457900.877821 -0.065673 
2457902.591949 -0.060903 
2457904.306077 -0.045864 
2457906.020205 -0.013087 
2457907.734333 0.041739 
2457909.448461 0.116951 
2457911.162589 0.203243 
2457912.876717 0.284811 
2457914.590845 0.343798 
2457916.304972 0.366698 
2457918.019100 0.349976 
2457919.733228 0.302013 
2457921.447356 0.239997 
2457923.161484 0.182737 
2457924.875612 0.142525 
2457926.589740 0.119852 
2457928.303868 0.103581 
2457930.017996 0.076625 
2457931.732124 0.024541 
2457933.446252 -0.056971 
2457935.160380 -0.159111 
2457936.874508 -0.262824 
2457938.588636 -0.345990 
2457940.302763 -0.391590 
2457942.016891 -0.393312 
2457943.731019 -0.356571 
2457945.445147 -0.295155 
2457947.159275 -0.225619 
2457948.873403 -0.162083 
2457950.587531 -0.113300 
2457952.301659 -0.082277 
2457954.015787 -0.067451 
2457955.729915 -0.064028 
2457957.444043 -0.064749 
2457959.158171 -0.060379 
2457960.872299 -0.040878 
2457962.586427 0.002075 
2457964.300554 0.071560 
2457966.014682 0.162428 
2457967.728810 0.260777 
2457969.442938 0.347024 
2457971.157066 0.402044 
2457972.871194 0.414085 
2457974.585322 0.383394 
2457976.299450 0.322234 
2457978.013578 0.249984 
2457979.727706 0.185317 
2457981.441834 0.138927 
2457983.155962 0.110044 
2457984.870090 0.088215 
2457986.584218 0.059352 
2457988.298345 0.013079 
2457990.012473 -0.052038 
2457991.726601 -0.127614 
2457993.440729 -0.198992 
2457995.154857 -0.251250 
2457996.868985 -0.274785 
2457998.583113 -0.268159 
2458000.297241 -0.237450 
2458002.011369 -0.193062 
2458003.725497 -0.145859 
2458005.439625 -0.104338 
2458007.153753 -0.073519 
2458008.867881 -0.055139 
2458010.582009 -0.048178 
2458012.296136 -0.049029 
2458014.010264 -0.051398 
2458015.724392 -0.046713 
2458017.438520 -0.025843 
2458019.152648 0.017845 
2458020.866776 0.085059 
2458022.580904 0.168509 
2458024.295032 0.253674 
2458026.009160 0.322731 
2458027.723288 0.360446 
2458029.437416 0.359621 
2458031.151544 0.323715 
2458032.865672 0.265331 
2458034.579800 0.201168 
2458036.293927 0.145615 
2458038.008055 0.105789 
2458039.722183 0.080063 
2458041.436311 0.060464 
2458043.150439 0.037542 
2458044.864567 0.005283 
2458046.578695 -0.036137 
2458048.292823 -0.080754 
2458050.006951 -0.119787 
2458051.721079 -0.145483 
2458053.435207 -0.154007 
2458055.149335 -0.146276 
2458056.863463 -0.126814 
2458058.577591 -0.101610 
2458060.291718 -0.076164 
2458062.005846 -0.054476 
2458063.719974 -0.038923 
2458065.434102 -0.030470 
2458067.148230 -0.028623 
2458068.862358 -0.031003 
2458070.576486 -0.033023 
2458072.290614 -0.028364 
2458074.004742 -0.010658 
2458075.718870 0.023959 
2458077.432998 0.074474 
2458079.147126 0.134075 
2458080.861254 0.191484 
2458082.575382 0.234336 
2458084.289509 0.253365 
2458086.003637 0.245647 
2458087.717765 0.215490 
2458089.431893 0.172557 
2458091.146021 0.128067 
2458092.860149 0.090747 
2458094.574277 0.064227 
2458096.288405 0.046851 
2458098.002533 0.033687 
2458099.716661 0.019568 
2458101.430789 0.001684 
2458103.144917 -0.019381 
2458104.859045 -0.040370 
2458106.573172 -0.057196 
2458108.287300 -0.066855 
2458110.001428 -0.068496 
2458111.715556 -0.063363 
2458113.429684 -0.053906 
2458115.143812 -0.042733 
2458116.857940 -0.031935 
2458118.572068 -0.022961 
2458120.286196 -0.016776 
2458122.000324 -0.013910 
2458123.714452 -0.014177 
2458125.428580 -0.016204 
2458127.142708 -0.017210 
2458128.856836 -0.013456 
2458130.570963 -0.001469 
2458132.285091 0.020370 
2458133.999219 0.050592 
2458135.713347 0.084472 
2458137.427475 0.115205 
2458139.141603 0.136071 
2458140.855731 0.142729 
2458142.569859 0.134677 
2458144.283987 0.115258 
2458145.998115 0.090232 
2458147.712243 0.065589 
2458149.426371 0.045533 
2458151.140499 0.031463 
2458152.854627 0.022226 
2458154.568754 0.015347 
2458156.282882 0.008523 
2458157.997010 0.000687 
2458159.711138 -0.007756 
2458161.425266 -0.015460 
2458163.139394 -0.021007 
2458164.853522 -0.023621 
2458166.567650 -0.023403 
2458168.281778 -0.021111 
2458169.995906 -0.017705 
2458171.710034 -0.013992 
2458173.424162 -0.010515 
2458175.138290 -0.007666 
2458176.852418 -0.005801 
2458178.566545 -0.005195 
2458180.280673 -0.005786 
2458181.994801 -0.006893 
2458183.708929 -0.007138 
2458185.423057 -0.004766 
2458187.137185 0.001686 
2458188.851313 0.012635 
2458190.565441 0.026984 
2458192.279569 0.042230 
2458193.993697 0.055175 
2458195.707825 0.062978 
2458197.421953 0.064126 
2458199.136081 0.058900 
2458200.850209 0.049171 
2458202.564336 0.037624 
2458204.278464 0.026781 
2458205.992592 0.018231 
2458207.706720 0.012347 
2458209.420848 0.008525 
2458211.134976 0.005749 
2458212.849104 0.003170 
2458214.563232 0.000441 
2458216.277360 -0.002276 
2458217.991488 -0.004561 
2458219.705616 -0.006047 
2458221.419744 -0.006616 
2458223.133872 -0.006414 
2458224.848000 -0.005723 
2458226.562127 -0.004811 
2458228.276255 -0.003849 
2458229.990383 -0.002941 
2458231.704511 -0.002188 
2458233.418639 -0.001724 
2458235.132767 -0.001663 
2458236.846895 -0.001972 
2458238.561023 -0.002362 
2458240.275151 -0.002294 
2458241.989279 -0.001139 
2458243.703407 0.001553 
2458245.417535 0.005797 
2458247.131663 0.011050 
2458248.845791 0.016323 
2458250.559918 0.020480 
2458252.274046 0.022619 
2458253.988174 0.022372 
2458255.702302 0.020009 
2458257.416430 0.016294 
2458259.130558 0.012190 
2458260.844686 0.008524 
2458262.558814 0.005758 
2458264.272942 0.003932 
2458265.987070 0.002776 
2458267.701198 0.001913 
2458269.415326 0.001045 
2458271.129454 0.000057 
2458272.843582 -0.000991 
2458274.557709 -0.001939 
2458276.271837 -0.002632 
2458277.985965 -0.002986 
2458279.700093 -0.003007 
2458281.414221 -0.002764 
2458283.128349 -0.002354 
2458284.842477 -0.001870 
2458286.556605 -0.001398 
2458288.270733 -0.001013 
2458289.984861 -0.000771 
2458291.698989 -0.000692 
2458293.413117 -0.000736 
2458295.127245 -0.000786 
2458296.841373 -0.000675 
2458298.555500 -0.000232 
2458300.269628 0.000647 
2458301.983756 0.001933 
2458303.697884 0.003455 
2458305.412012 0.004926 
2458307.126140 0.006036 
2458308.840268 0.006549 
2458310.554396 0.006381 
2458312.268524 0.005626 
2458313.982652 0.004523 
2458315.696780 0.003363 
2458317.410908 0.002392 
2458319.125036 0.001732 
2458320.839164 0.001353 
2458322.553291 0.001107 
2458324.267419 0.000804 
2458325.981547 0.000292 
2458327.695675 -0.000470 
2458329.409803 -0.001405 
2458331.123931 -0.002346 
2458332.838059 -0.003098 
2458334.552187 -0.003515 
2458336.266315 -0.003538 
2458337.980443 -0.003213 
2458339.694571 -0.002662 
2458341.408699 -0.002033 
2458343.122827 -0.001458 
2458344.836955 -0.001019 
2458346.551082 -0.000742 
2458348.265210 -0.000604 
2458349.979338 -0.000552 
2458351.693466 -0.000518 
2458353.407594 -0.000432 
2458355.121722 -0.000227 
2458356.835850 0.000140 
2458358.549978 0.000679 
2458360.264106 0.001342 
2458361.978234 0.002028 
2458363.692362 0.002603 
2458365.406490 0.002938 
2458367.120618 0.002961 
2458368.834746 0.002686 
2458370.548873 0.002220 
2458372.263001 0.001715 
2458373.977129 0.001314 
2458375.691257 0.001080 
2458377.405385 0.000971 
2458379.119513 0.000855 
2458380.833641 0.000570 
2458382.547769 0.000003 
2458384.261897 -0.000851 
2458385.976025 -0.001872 
2458387.690153 -0.002860 
2458389.404281 -0.003599 
2458391.118409 -0.003942 
2458392.832537 -0.003850 
2458394.546664 -0.003401 
2458396.260792 -0.002746 
2458397.974920 -0.002051 
2458399.689048 -0.001450 
2458401.403176 -0.001012 
2458403.117304 -0.000749 
2458404.831432 -0.000628 
2458406.545560 -0.000590 
2458408.259688 -0.000568 
2458409.973816 -0.000486 
2458411.687944 -0.000270 
2458413.402072 0.000135 
2458415.116200 0.000742 
2458416.830328 0.001495 
2458418.544455 0.002274 
2458420.258583 0.002919 
2458421.972711 0.003283 
2458423.686839 0.003290 
2458425.400967 0.002968 
2458427.115095 0.002440 
2458428.829223 0.001878 
2458430.543351 0.001427 
2458432.257479 0.001145 
2458433.971607 0.000979 
2458435.685735 0.000800 
2458437.399863 0.000460 
2458439.113991 -0.000122 
2458440.828119 -0.000927 
2458442.542246 -0.001825 
2458444.256374 -0.002633 
2458445.970502 -0.003179 
2458447.684630 -0.003365 
2458449.398758 -0.003194 
2458451.112886 -0.002754 
2458452.827014 -0.002182 
2458454.541142 -0.001610 
2458456.255270 -0.001133 
2458457.969398 -0.000801 
2458459.683526 -0.000616 
2458461.397654 -0.000551 
2458463.111782 -0.000554 
2458464.825910 -0.000550 
2458466.540037 -0.000454 
2458468.254165 -0.000181 
2458469.968293 0.000321 
2458471.682421 0.001040 
2458473.396549 0.001890 
2458475.110677 0.002715 
2458476.824805 0.003339 
2458478.538933 0.003623 
2458480.253061 0.003518 
2458481.967189 0.003088 
2458483.681317 0.002478 
2458485.395445 0.001862 
2458487.109573 0.001372 
2458488.823701 0.001050 
2458490.537828 0.000841 
2458492.251956 0.000634 
2458493.966084 0.000320 
2458495.680212 -0.000152 
2458497.394340 -0.000750 
2458499.108468 -0.001372 
2458500.822596 -0.001889 
2458502.536724 -0.002198 
2458504.250852 -0.002255 
2458505.964980 -0.002085 
2458507.679108 -0.001762 
2458509.393236 -0.001375 
2458511.107364 -0.001007 
2458512.821492 -0.000710 
2458514.535619 -0.000511 
2458516.249747 -0.000414 
2458517.963875 -0.000398 
2458519.678003 -0.000422 
2458521.392131 -0.000422 
2458523.106259 -0.000319 
2458524.820387 -0.000044 
2458526.534515 0.000436 
2458528.248643 0.001090 
2458529.962771 0.001822 
2458531.676899 0.002487 
2458533.391027 0.002940 
2458535.105155 0.003085 
2458536.819283 0.002909 
2458538.533410 0.002487 
2458540.247538 0.001949 
2458541.961666 0.001432 
2458543.675794 0.001029 
2458545.389922 0.000759 
2458547.104050 0.000578 
2458548.818178 0.000408 
2458550.532306 0.000183 
2458552.246434 -0.000121 
2458553.960562 -0.000476 
2458555.674690 -0.000820 
2458557.388818 -0.001081 
2458559.102946 -0.001214 
2458560.817074 -0.001209 
2458562.531201 -0.001091 
2458564.245329 -0.000906 
2458565.959457 -0.000699 
2458567.673585 -0.000510 
2458569.387713 -0.000362 
2458571.101841 -0.000268 
2458572.815969 -0.000231 
2458574.530097 -0.000239 
2458576.244225 -0.000264 
2458577.958353 -0.000259 
2458579.672481 -0.000169 
2458581.386609 0.000048 
2458583.100737 0.000406 
2458584.814865 0.000871 
2458586.528992 0.001363 
2458588.243120 0.001781 
2458589.957248 0.002034 
2458591.671376 0.002072 
2458593.385504 0.001902 
2458595.099632 0.001587 
2458596.813760 0.001217 
2458598.527888 0.000876 
2458600.242016 0.000615 
2458601.956144 0.000440 
2458603.670272 0.000321 
2458605.384400 0.000215 
2458607.098528 0.000088 
2458608.812656 -0.000068 
2458610.526783 -0.000237 
2458612.240911 -0.000387 
2458613.955039 -0.000490 
2458615.669167 -0.000531 
2458617.383295 -0.000513 
2458619.097423 -0.000453 
2458620.811551 -0.000370 
2458622.525679 -0.000284 
2458624.239807 -0.000207 
2458625.953935 -0.000149 
2458627.668063 -0.000115 
2458629.382191 -0.000108 
2458631.096319 -0.000120 
2458632.810447 -0.000136 
2458634.524574 -0.000127 
2458636.238702 -0.000065 
2458637.952830 0.000073 
2458639.666958 0.000286 
2458641.381086 0.000549 
2458643.095214 0.000812 
2458644.809342 0.001020 
2458646.523470 0.001128 
2458648.237598 0.001117 
2458649.951726 0.000999 
2458651.665854 0.000814 
2458653.379982 0.000611 
2458655.094110 0.000431 
2458656.808238 0.000296 
2458658.522365 0.000206 
2458660.236493 0.000146 
2458661.950621 0.000094 
2458663.664749 0.000037 
2458665.378877 -0.000026 
2458667.093005 -0.000089 
2458668.807133 -0.000140 
2458670.521261 -0.000170 
2458672.235389 -0.000178 
2458673.949517 -0.000167 
2458675.663645 -0.000144 
2458677.377773 -0.000117 
2458679.091901 -0.000090 
2458680.806029 -0.000067 
2458682.520156 -0.000050 
2458684.234284 -0.000041 
2458685.948412 -0.000042 
2458687.662540 -0.000051 
2458689.376668 -0.000057 
2458691.090796 -0.000049 
2458692.804924 -0.000014 
2458694.519052 0.000055 
2458696.233180 0.000156 
2458697.947308 0.000273 
2458699.661436 0.000384 
2458701.375564 0.000464 
2458703.089692 0.000497 
2458704.803820 0.000478 
2458706.517947 0.000416 
2458708.232075 0.000331 
2458709.946203 0.000243 
2458711.660331 0.000169 
2458713.374459 0.000114 
2458715.088587 0.000078 
2458716.802715 0.000054 
2458718.516843 0.000035 
2458720.230971 0.000015 
2458721.945099 -0.000006 
2458723.659227 -0.000026 
2458725.373355 -0.000041 
2458727.087483 -0.000049 
2458728.801611 -0.000051 
2458730.515738 -0.000047 
2458732.229866 -0.000040 
2458733.943994 -0.000032 
2458735.658122 -0.000024 
2458737.372250 -0.000018 
2458739.086378 -0.000015 
2458740.800506 -0.000015 
2458742.514634 -0.000018 
2458744.228762 -0.000021 
2458745.942890 -0.000022 
2458747.657018 -0.000016 
2458749.371146 0.000001 
2458751.085274 0.000030 
2458752.799402 0.000068 
2458754.513529 0.000107 
2458756.227657 0.000141 
2458757.941785 0.000162 
2458759.655913 0.000167 
2458761.370041 0.000155 
2458763.084169 0.000131 
2458764.798297 0.000102 
2458766.512425 0.000074 
2458768.226553 0.000052 
2458769.940681 0.000036 
2458771.654809 0.000027 
2458773.368937 0.000020 
2458775.083065 0.000015 
2458776.797193 0.000007 
2458778.511320 -0.000003 
2458780.225448 -0.000014 
2458781.939576 -0.000024 
2458783.653704 -0.000031 
2458785.367832 -0.000033 
2458787.081960 -0.000029 
2458788.796088 -0.000022 
2458790.510216 -0.000013 
2458792.224344 -0.000006 
2458793.938472 -0.000003 
2458795.652600 -0.000005 
2458797.366728 -0.000010 
2458799.080856 -0.000015 
2458800.794984 -0.000017 
2458802.509111 -0.000014 
2458804.223239 -0.000006 
2458805.937367 0.000006 
2458807.651495 0.000020 
2458809.365623 0.000032 
2458811.079751 0.000041 
2458812.793879 0.000044 
2458814.508007 0.000043 
2458816.222135 0.000039 
2458817.936263 0.000034 
2458819.650391 0.000028 
2458821.364519 0.000022 
2458823.078647 0.000018 
2458824.792775 0.000016 
2458826.506902 0.000016 
2458828.221030 0.000017 
2458829.935158 0.000017 
2458831.649286 0.000015 
2458833.363414 0.000007 
2458835.077542 -0.000007 
2458836.791670 -0.000024 
2458838.505798 -0.000040 
2458840.219926 -0.000049 
2458841.934054 -0.000049 
2458843.648182 -0.000038 
2458845.362310 -0.000020 
2458847.076438 -0.000002 
2458848.790566 0.000010 
2458850.504693 0.000011 
2458852.218821 0.000002 
2458853.932949 -0.000011 
2458855.647077 -0.000022 
2458857.361205 -0.000025 
2458859.075333 -0.000017 
2458860.789461 -0.000000 
2458862.503589 0.000018 
2458864.217717 0.000032 
2458865.931845 0.000038 
2458867.645973 0.000034 
2458869.360101 0.000023 
2458871.074229 0.000011 
2458872.788357 0.000002 
2458874.502484 -0.000002 
2458876.216612 -0.000002 
2458877.930740 0.000002 
2458879.644868 0.000007 
2458881.358996 0.000013 
2458883.073124 0.000020 
2458884.787252 0.000026 
2458886.501380 0.000030 
2458888.215508 0.000025 
2458889.929636 0.000011 
2458891.643764 -0.000013 
2458893.357892 -0.000042 
2458895.072020 -0.000067 
2458896.786148 -0.000078 
2458898.500275 -0.000069 
2458900.214403 -0.000043 
2458901.928531 -0.000007 
2458903.642659 0.000024 
2458905.356787 0.000040 
2458907.070915 0.000035 
2458908.785043 0.000013 
2458910.499171 -0.000015 
2458912.213299 -0.000034 
2458913.927427 -0.000035 
2458915.641555 -0.000017 
2458917.355683 0.000013 
2458919.069811 0.000043 
2458920.783939 0.000062 
2458922.498066 0.000062 
2458924.212194 0.000046 
2458925.926322 0.000022 
2458927.640450 -0.000002 
2458929.354578 -0.000017 
2458931.068706 -0.000021 
2458932.782834 -0.000017 
2458934.496962 -0.000007 
2458936.211090 0.000006 
2458937.925218 0.000020 
2458939.639346 0.000034 
2458941.353474 0.000046 
2458943.067602 0.000051 
2458944.781730 0.000042 
2458946.495857 0.000017 
2458948.209985 -0.000023 
2458949.924113 -0.000067 
2458951.638241 -0.000100 
2458953.352369 -0.000108 
2458955.066497 -0.000085 
2458956.780625 -0.000037 
2458958.494753 0.000020 
2458960.208881 0.000065 
2458961.923009 0.000081 
2458963.637137 0.000064 
2458965.351265 0.000024 
2458967.065393 -0.000019 
2458968.779521 -0.000045 
2458970.493648 -0.000040 
2458972.207776 -0.000008 
2458973.921904 0.000037 
2458975.636032 0.000077 
2458977.350160 0.000094 
2458979.064288 0.000084 
2458980.778416 0.000051 
2458982.492544 0.000010 
2458984.206672 -0.000025 
2458985.920800 -0.000045 
2458987.634928 -0.000047 
2458989.349056 -0.000036 
2458991.063184 -0.000017 
2458992.777312 0.000006 
2458994.491439 0.000030 
2458996.205567 0.000053 
2458997.919695 0.000070 
2458999.633823 0.000074 
2459001.347951 0.000058 
2459003.062079 0.000018 
2459004.776207 -0.000039 
2459006.490335 -0.000097 
2459008.204463 -0.000134 
2459009.918591 -0.000135 
2459011.632719 -0.000095 
2459013.346847 -0.000025 
2459015.060975 0.000048 
2459016.775103 0.000099 
2459018.489230 0.000110 
2459020.203358 0.000079 
2459021.917486 0.000025 
2459023.631614 -0.000026 
2459025.345742 -0.000050 
2459027.059870 -0.000037 
2459028.773998 0.000008 
2459030.488126 0.000062 
2459032.202254 0.000101 
2459033.916382 0.000109 
2459035.630510 0.000084 
2459037.344638 0.000036 
2459039.058766 -0.000016 
2459040.772894 -0.000056 
2459042.487021 -0.000074 
2459044.201149 -0.000071 
2459045.915277 -0.000051 
2459047.629405 -0.000024 
2459049.343533 0.000008 
2459051.057661 0.000039 
2459052.771789 0.000068 
2459054.485917 0.000087 
2459056.200045 0.000087 
2459057.914173 0.000062 
2459059.628301 0.000010 
2459061.342429 -0.000056 
2459063.056557 -0.000117 
2459064.770685 -0.000151 
2459066.484812 -0.000143 
2459068.198940 -0.000092 
2459069.913068 -0.000018 
2459071.627196 0.000054 
2459073.341324 0.000096 
2459075.055452 0.000096 
2459076.769580 0.000057 
2459078.483708 0.000002 
2459080.197836 -0.000043 
2459081.911964 -0.000056 
2459083.626092 -0.000033 
2459085.340220 0.000015 
2459087.054348 0.000064 
2459088.768476 0.000093 
2459090.482603 0.000090 
2459092.196731 0.000055 
2459093.910859 0.000004 
2459095.624987 -0.000045 
2459097.339115 -0.000079 
2459099.053243 -0.000089 
2459100.767371 -0.000079 
2459102.481499 -0.000054 
2459104.195627 -0.000023 
2459105.909755 0.000011 
2459107.623883 0.000043 
2459109.338011 0.000069 
2459111.052139 0.000083 
2459112.766267 0.000079 
2459114.480394 0.000050 
2459116.194522 0.000001 
2459117.908650 -0.000058 
2459119.622778 -0.000108 
2459121.336906 -0.000133 
2459123.051034 -0.000124 
2459124.765162 -0.000083 
2459126.479290 -0.000027 
2459128.193418 0.000021 
2459129.907546 0.000041 
2459131.621674 0.000027 
2459133.335802 -0.000013 
2459135.049930 -0.000061 
2459136.764058 -0.000093 
2459138.478185 -0.000094 
2459140.192313 -0.000064 
2459141.906441 -0.000015 
2459143.620569 0.000033 
2459145.334697 0.000061 
2459147.048825 0.000057 
2459148.762953 0.000026 
2459150.477081 -0.000021 
2459152.191209 -0.000065 
2459153.905337 -0.000093 
2459155.619465 -0.000098 
2459157.333593 -0.000083 
2459159.047721 -0.000055 
2459160.761849 -0.000021 
2459162.475976 0.000010 
2459164.190104 0.000036 
2459165.904232 0.000056 
2459167.618360 0.000067 
2459169.332488 0.000065 
2459171.046616 0.000045 
2459172.760744 0.000009 
2459174.474872 -0.000039 
2459176.189000 -0.000084 
2459177.903128 -0.000113 
2459179.617256 -0.000113 
2459181.331384 -0.000086 
2459183.045512 -0.000043 
2459184.759640 -0.000007 
2459186.473767 -0.000001 
2459188.187895 -0.000036 
2459189.902023 -0.000106 
2459191.616151 -0.000185 
2459193.330279 -0.000240 
2459195.044407 -0.000242 
2459196.758535 -0.000184 
2459198.472663 -0.000082 
2459200.186791 0.000028 
2459201.900919 0.000105 
2459203.615047 0.000122 
2459205.329175 0.000076 
2459207.043303 -0.000012 
2459208.757431 -0.000104 
2459210.471558 -0.000167 
2459212.185686 -0.000183 
2459213.899814 -0.000155 
2459215.613942 -0.000101 
2459217.328070 -0.000042 
2459219.042198 0.000009 
2459220.756326 0.000049 
2459222.470454 0.000084 
2459224.184582 0.000113 
2459225.898710 0.000126 
2459227.612838 0.000106 
2459229.326966 0.000040 
2459231.041094 -0.000065 
2459232.755222 -0.000176 
2459234.469349 -0.000244 
2459236.183477 -0.000230 
2459237.897605 -0.000124 
2459239.611733 0.000034 
2459241.325861 0.000169 
2459243.039989 0.000203 
2459244.754117 0.000091 
2459246.468245 -0.000144 
2459248.182373 -0.000415 
2459249.896501 -0.000602 
2459251.610629 -0.000612 
2459253.324757 -0.000418 
2459255.038885 -0.000083 
2459256.753013 0.000266 
2459258.467140 0.000491 
2459260.181268 0.000509 
2459261.895396 0.000321 
2459263.609524 0.000011 
2459265.323652 -0.000297 
2459267.037780 -0.000495 
2459268.751908 -0.000539 
2459270.466036 -0.000448 
2459272.180164 -0.000284 
2459273.894292 -0.000107 
2459275.608420 0.000051 
2459277.322548 0.000191 
2459279.036676 0.000319 
2459280.750804 0.000416 
2459282.464931 0.000431 
2459284.179059 0.000304 
2459285.893187 0.000014 
2459287.607315 -0.000377 
2459289.321443 -0.000727 
2459291.035571 -0.000863 
2459292.749699 -0.000669 
2459294.463827 -0.000163 
2459296.177955 0.000477 
2459297.892083 0.000978 
2459299.606211 0.001090 
2459301.320339 0.000715 
2459303.034467 -0.000027 
2459304.748595 -0.000829 
2459306.462722 -0.001329 
2459308.176850 -0.001277 
2459309.890978 -0.000660 
2459311.605106 0.000284 
2459313.319234 0.001169 
2459315.033362 0.001630 
2459316.747490 0.001487 
2459318.461618 0.000815 
2459320.175746 -0.000107 
2459321.889874 -0.000935 
2459323.604002 -0.001413 
2459325.318130 -0.001461 
2459327.032258 -0.001167 
2459328.746386 -0.000700 
2459330.460513 -0.000201 
2459332.174641 0.000267 
2459333.888769 0.000699 
2459335.602897 0.001071 
2459337.317025 0.001286 
2459339.031153 0.001184 
2459340.745281 0.000636 
2459342.459409 -0.000330 
2459344.173537 -0.001454 
2459345.887665 -0.002296 
2459347.601793 -0.002415 
2459349.315921 -0.001598 
2459351.030049 -0.000025 
2459352.744177 0.001748 
2459354.458304 0.002997 
2459356.172432 0.003158 
2459357.886560 0.002113 
2459359.600688 0.000287 
2459361.314816 -0.001519 
2459363.028944 -0.002478 
2459364.743072 -0.002121 
2459366.457200 -0.000571 
2459368.171328 0.001514 
2459369.885456 0.003236 
2459371.599584 0.003861 
2459373.313712 0.003142 
2459375.027840 0.001389 
2459376.741968 -0.000710 
2459378.456095 -0.002421 
2459380.170223 -0.003276 
2459381.884351 -0.003202 
2459383.598479 -0.002445 
2459385.312607 -0.001360 
2459387.026735 -0.000212 
2459388.740863 0.000890 
2459390.454991 0.001902 
2459392.169119 0.002699 
2459393.883247 0.002998 
2459395.597375 0.002454 
2459397.311503 0.000891 
2459399.025631 -0.001459 
2459400.739759 -0.003884 
2459402.453886 -0.005399 
2459404.168014 -0.005170 
2459405.882142 -0.002968 
2459407.596270 0.000601 
2459409.310398 0.004252 
2459411.024526 0.006540 
2459412.738654 0.006517 
2459414.452782 0.004212 
2459416.166910 0.000667 
2459417.881038 -0.002500 
2459419.595166 -0.003835 
2459421.309294 -0.002716 
2459423.023422 0.000356 
2459424.737550 0.003996 
2459426.451677 0.006581 
2459428.165805 0.006985 
2459429.879933 0.005039 
2459431.594061 0.001534 
2459433.308189 -0.002218 
2459435.022317 -0.004995 
2459436.736445 -0.006140 
2459438.450573 -0.005686 
2459440.164701 -0.004137 
2459441.878829 -0.002085 
2459443.592957 0.000069 
2459445.307085 0.002148 
2459447.021213 0.004006 
2459448.735341 0.005298 
2459450.449468 0.005455 
2459452.163596 0.003930 
2459453.877724 0.000623 
2459455.591852 -0.003782 
2459457.305980 -0.007858 
2459459.020108 -0.009911 
2459460.734236 -0.008753 
2459462.448364 -0.004370 
2459464.162492 0.001877 
2459465.876620 0.007709 
2459467.590748 0.010887 
2459469.304876 0.010230 
2459471.019004 0.006203 
2459472.733132 0.000744 
2459474.447259 -0.003600 
2459476.161387 -0.004847 
2459477.875515 -0.002480 
2459479.589643 0.002340 
2459481.303771 0.007356 
2459483.017899 0.010274 
2459484.732027 0.009785 
2459486.446155 0.006069 
2459488.160283 0.000573 
2459489.874411 -0.004741 
2459491.588539 -0.008274 
2459493.302667 -0.009347 
2459495.016795 -0.008215 
2459496.730923 -0.005666 
2459498.445050 -0.002491 
2459500.159178 0.000812 
2459501.873306 0.003976 
2459503.587434 0.006664 
2459505.301562 0.008234 
2459507.015690 0.007830 
2459508.729818 0.004835 
2459510.443946 -0.000556 
2459512.158074 -0.007024 
2459513.872202 -0.012383 
2459515.586330 -0.014402 
2459517.300458 -0.011851 
2459519.014586 -0.005234 
2459520.728713 0.003217 
2459522.442841 0.010388 
2459524.156969 0.013622 
2459525.871097 0.011923 
2459527.585225 0.006425 
2459529.299353 -0.000122 
2459531.013481 -0.004624 
2459532.727609 -0.005065 
2459534.441737 -0.001396 
2459536.155865 0.004518 
2459537.869993 0.009840 
2459539.584121 0.012090 
2459541.298249 0.010221 
2459543.012377 0.004950 
2459544.726504 -0.001739 
2459546.440632 -0.007583 
2459548.154760 -0.010986 
2459549.868888 -0.011478 
2459551.583016 -0.009567 
2459553.297144 -0.006200 
2459555.011272 -0.002215 
2459556.725400 0.001864 
2459558.439528 0.005666 
2459560.153656 0.008653 
2459561.867784 0.009970 
2459563.581912 0.008695 
2459565.296040 0.004404 
2459567.010168 -0.002283 
2459568.724295 -0.009564 
2459570.438423 -0.014957 
2459572.152551 -0.016298 
2459573.866679 -0.012778 
2459575.580807 -0.005480 
2459577.294935 0.002930 
2459579.009063 0.009292 
2459580.723191 0.011322 
2459582.437319 0.008630 
2459584.151447 0.002874 
2459585.865575 -0.003037 
2459587.579703 -0.006300 
2459589.293831 -0.005491 
2459591.007959 -0.001151 
2459592.722086 0.004565 
2459594.436214 0.008954 
2459596.150342 0.010010 
2459597.864470 0.007238 
2459599.578598 0.001724 
2459601.292726 -0.004507 
2459603.006854 -0.009437 
2459604.720982 -0.011828 
2459606.435110 -0.011497 
2459608.149238 -0.009063 
2459609.863366 -0.005438 
2459611.577494 -0.001394 
2459613.291622 0.002563 
2459615.005750 0.006025 
2459616.719877 0.008449 
2459618.434005 0.009110 
2459620.148133 0.007360 
2459621.862261 0.003080 
2459623.576389 -0.002955 
2459625.290517 -0.009109 
2459627.004645 -0.013391 
2459628.718773 -0.014271 
2459630.432901 -0.011432 
2459632.147029 -0.006035 
2459633.861157 -0.000328 
2459635.575285 0.003280 
2459637.289413 0.003281 
2459639.003541 -0.000249 
2459640.717668 -0.005659 
2459642.431796 -0.010452 
2459644.145924 -0.012398 
2459645.860052 -0.010523 
2459647.574180 -0.005524 
2459649.288308 0.000564 
2459651.002436 0.005274 
2459652.716564 0.006766 
2459654.430692 0.004556 
2459656.144820 -0.000378 
2459657.858948 -0.006113 
2459659.573076 -0.010637 
2459661.287204 -0.012630 
2459663.001332 -0.011835 
2459664.715459 -0.008919 
2459666.429587 -0.004981 
2459668.143715 -0.001008 
2459669.857843 0.002431 
2459671.571971 0.005138 
2459673.286099 0.006991 
2459675.000227 0.007686 
2459676.714355 0.006716 
2459678.428483 0.003690 
2459680.142611 -0.001208 
2459681.856739 -0.006921 
2459683.570867 -0.011686 
2459685.284995 -0.013699 
2459686.999123 -0.012049 
2459688.713250 -0.007416 
2459690.427378 -0.002095 
2459692.141506 0.000838 
2459693.855634 -0.001065 
2459695.569762 -0.008260 
2459697.283890 -0.018631 
2459698.998018 -0.028103 
2459700.712146 -0.032311 
2459702.426274 -0.028618 
2459704.140402 -0.017521 
2459705.854530 -0.002701 
2459707.568658 0.010411 
2459709.282786 0.016950 
2459710.996914 0.014722 
2459712.711041 0.005104 
2459714.425169 -0.007696 
2459716.139297 -0.018637 
2459717.853425 -0.024055 
2459719.567553 -0.023015 
2459721.281681 -0.017175 
2459722.995809 -0.009412 
2459724.709937 -0.002110 
2459726.424065 0.003849 
2459728.138193 0.008840 
2459729.852321 0.013288 
2459731.566449 0.016451 
2459733.280577 0.016213 
2459734.994705 0.010285 
2459736.708832 -0.001793 
2459738.422960 -0.017148 
2459740.137088 -0.029853 
2459741.851216 -0.033342 
2459743.565344 -0.024022 
2459745.279472 -0.004146 
2459746.993600 0.017952 
2459748.707728 0.030963 
2459750.421856 0.025973 
2459752.135984 0.001518 
2459753.850112 -0.034435 
2459755.564240 -0.067078 
2459757.278368 -0.081132 
2459758.992496 -0.068126 
2459760.706623 -0.030969 
2459762.420751 0.016657 
2459764.134879 0.056065 
2459765.849007 0.071823 
2459767.563135 0.058514 
2459769.277263 0.022720 
2459770.991391 -0.020608 
2459772.705519 -0.055348 
2459774.419647 -0.071184 
2459776.133775 -0.066889 
2459777.847903 -0.048693 
2459779.562031 -0.025277 
2459781.276159 -0.002786 
2459782.990287 0.017117 
2459784.704414 0.035251 
2459786.418542 0.050847 
2459788.132670 0.058809 
2459789.846798 0.051017 
2459791.560926 0.021683 
2459793.275054 -0.026266 
2459794.989182 -0.078274 
2459796.703310 -0.111928 
2459798.417438 -0.106927 
2459800.131566 -0.056748 
2459801.845694 0.024518 
2459803.559822 0.105079 
2459805.273950 0.148301 
2459806.988078 0.130193 
2459808.702205 0.052875 
2459810.416333 -0.053490 
2459812.130461 -0.142498 
2459813.844589 -0.172292 
2459815.558717 -0.125535 
2459817.272845 -0.018598 
2459818.986973 0.104960 
2459820.701101 0.193805 
2459822.415229 0.211762 
2459824.129357 0.153165 
2459825.843485 0.043476 
2459827.557613 -0.074329 
2459829.271741 -0.159934 
2459830.985869 -0.191939 
2459832.699996 -0.172589 
2459834.414124 -0.120305 
2459836.128252 -0.056132 
2459837.842380 0.006914 
2459839.556508 0.065416 
2459841.270636 0.118379 
2459842.984764 0.157868 
2459844.698892 0.165925 
2459846.413020 0.122264 
2459848.127148 0.019756 
2459849.841276 -0.121871 
2459851.555404 -0.254754 
2459853.269532 -0.318886 
2459854.983660 -0.270252 
2459856.697787 -0.107392 
2459858.411915 0.119043 
2459860.126043 0.322115 
2459861.840171 0.415387 
2459863.554299 0.354191 
2459865.268427 0.160666 
2459866.982555 -0.081702 
2459868.696683 -0.263675 
2459870.410811 -0.300131 
2459872.124939 -0.170306 
2459873.839067 0.071550 
2459875.553195 0.320694 
2459877.267323 0.469700 
2459878.981451 0.456184 
2459880.695578 0.287628 
2459882.409706 0.032713 
2459884.123834 -0.214150 
2459885.837962 -0.375464 
2459887.552090 -0.418867 
2459889.266218 -0.359129 
2459890.980346 -0.237516 
2459892.694474 -0.094274 
2459894.408602 0.048089 
2459896.122730 0.182048 
2459897.836858 0.298205 
2459899.550986 0.369976 
2459901.265114 0.355082 
2459902.979242 0.217950 
2459904.693369 -0.038272 
2459906.407497 -0.351232 
2459908.121625 -0.608766 
2459909.835753 -0.691180 
2459911.549881 -0.529583 
2459913.264009 -0.150472 
2459914.978137 0.320521 
2459916.692265 0.704228 
2459918.406393 0.845709 
2459920.120521 0.688015 
2459921.834649 0.304425 
2459923.548777 -0.129808 
2459925.262905 -0.415532 
2459926.977033 -0.421274 
2459928.691160 -0.144130 
2459930.405288 0.289710 
2459932.119416 0.684639 
2459933.833544 0.865660 
2459935.547672 0.754727 
2459937.261800 0.397902 
2459938.975928 -0.065891 
2459940.690056 -0.474145 
2459942.404184 -0.710509 
2459944.118312 -0.741212 
2459945.832440 -0.605889 
2459947.546568 -0.376705 
2459949.260696 -0.115404 
2459950.974824 0.145296 
2459952.688951 0.388851 
2459954.403079 0.586235 
2459956.117207 0.678911 
2459957.831335 0.593688 
2459959.545463 0.287605 
2459961.259591 -0.202613 
2459962.973719 -0.741516 
2459964.687847 -1.129112 
2459966.401975 -1.182114 
2459968.116103 -0.826238 
2459969.830231 -0.150651 
2459971.544359 0.610695 
2459973.258487 1.170962 
2459974.972615 1.316788 
2459976.686742 1.008802 
2459978.400870 0.404890 
2459980.114998 -0.208856 
2459981.829126 -0.548835 
2459983.543254 -0.464056 
2459985.257382 -0.003085 
2459986.971510 0.613481 
2459988.685638 1.099390 
2459990.399766 1.234189 
2459992.113894 0.956088 
2459993.828022 0.375254 
2459995.542150 -0.291393 
2459997.256278 -0.824103 
2459998.970406 -1.088223 
2460000.684533 -1.066396 
2460002.398661 -0.830009 
2460004.112789 -0.478424 
2460005.826917 -0.088045 
2460007.541045 0.299739 
2460009.255173 0.652675 
2460010.969301 0.912281 
2460012.683429 0.984826 
2460014.397557 0.776763 
2460016.111685 0.260485 
2460017.825813 -0.470041 
2460019.539941 -1.196842 
2460021.254069 -1.646565 
2460022.968197 -1.607450 
2460024.682324 -1.039212 
2460026.396452 -0.115602 
2460028.110580 0.831665 
2460029.824708 1.449837 
2460031.538836 1.521387 
2460033.252964 1.063934 
2460034.967092 0.322869 
2460036.681220 -0.342381 
2460038.395348 -0.624645 
2460040.109476 -0.407952 
2460041.823604 0.186635 
2460043.537732 0.867044 
2460045.251860 1.311647 
2460046.965988 1.314821 
2460048.680115 0.867846 
2460050.394243 0.143153 
2460052.108371 -0.599877 
2460053.822499 -1.132905 
2460055.536627 -1.340936 
2460057.250755 -1.236270 
2460058.964883 -0.912280 
2460060.679011 -0.476317 
2460062.393139 -0.005520 
2460064.107267 0.452986 
2460065.821395 0.849610 
2460067.535523 1.102709 
2460069.249651 1.105212 
2460070.963779 0.774974 
2460072.677906 0.123061 
2460074.392034 -0.705322 
2460076.106162 -1.454185 
2460077.820290 -1.847963 
2460079.534418 -1.713685 
2460081.248546 -1.073435 
2460082.962674 -0.154603 
2460084.676802 0.696280 
2460086.390930 1.161286 
2460088.105058 1.091726 
2460089.819186 0.573356 
2460091.533314 -0.116639 
2460093.247442 -0.640777 
2460094.961570 -0.757227 
2460096.675697 -0.426107 
2460098.389825 0.182285 
2460100.103953 0.776433 
2460101.818081 1.082132 
2460103.532209 0.962235 
2460105.246337 0.463681 
2460106.960465 -0.222220 
2460108.674593 -0.856990 
2460110.388721 -1.256333 
2460112.102849 -1.347934 
2460113.816977 -1.167483 
2460115.531105 -0.809617 
2460117.245233 -0.371144 
2460118.959361 0.079604 
2460120.673488 0.496558 
2460122.387616 0.829036 
2460124.101744 1.004129 
2460125.815872 0.940665 
2460127.530000 0.593355 
2460129.244128 0.001324 
2460130.958256 -0.693981 
2460132.672384 -1.283342 
2460134.386512 -1.569706 
2460136.100640 -1.457930 
2460137.814768 -1.007919 
2460139.528896 -0.419115 
2460141.243024 0.052350 
2460142.957152 0.207451 
2460144.671279 -0.005117 
2460146.385407 -0.466147 
2460148.099535 -0.942906 
2460149.813663 -1.198722 
2460151.527791 -1.102467 
2460153.241919 -0.686127 
2460154.956047 -0.125178 
2460156.670175 0.345557 
2460158.384303 0.537789 
2460160.098431 0.387124 
2460161.812559 -0.030876 
2460163.526687 -0.546762 
2460165.240815 -0.976851 
2460166.954943 -1.195713 
2460168.669070 -1.170108 
2460170.383198 -0.946790 
2460172.097326 -0.610754 
2460173.811454 -0.242184 
2460175.525582 0.105234 
2460177.239710 0.399440 
2460178.953838 0.611307 
2460180.667966 0.702354 
2460182.382094 0.632388 
2460184.096222 0.384736 
2460185.810350 -0.007867 
2460187.524478 -0.457341 
2460189.238606 -0.844950 
2460190.952734 -1.069115 
2460192.666861 -1.093284 
2460194.380989 -0.967394 
2460196.095117 -0.808156 
2460197.809245 -0.744431 
2460199.523373 -0.853157 
2460201.237501 -1.117861 
2460202.951629 -1.431778 
2460204.665757 -1.645741 
2460206.379885 -1.638491 
2460208.094013 -1.375614 
2460209.808141 -0.928729 
2460211.522269 -0.446048 
2460213.236397 -0.088913 
2460214.950525 0.035470 
2460216.664652 -0.085515 
2460218.378780 -0.372466 
2460220.092908 -0.694660 
2460221.807036 -0.926862 
2460223.521164 -0.995374 
2460225.235292 -0.894889 
2460226.949420 -0.674097 
2460228.663548 -0.403039 
2460230.377676 -0.141538 
2460232.091804 0.076520 
2460233.805932 0.239846 
2460235.520060 0.345466 
2460237.234188 0.386394 
2460238.948316 0.350402 
2460240.662443 0.229948 
2460242.376571 0.034909 
2460244.090699 -0.202669 
2460245.804827 -0.437648 
2460247.518955 -0.631414 
2460249.233083 -0.771122 
2460250.947211 -0.876452 
2460252.661339 -0.987990 
2460254.375467 -1.141762 
2460256.089595 -1.343058 
2460257.803723 -1.554405 
2460259.517851 -1.706081 
2460261.231979 -1.725963 
2460262.946107 -1.575014 
2460264.660234 -1.270892 
2460266.374362 -0.887250 
2460268.088490 -0.527849 
2460269.802618 -0.286722 
2460271.516746 -0.212274 
2460273.230874 -0.291101 
2460274.945002 -0.457776 
2460276.659130 -0.624743 
2460278.373258 -0.717861 
2460280.087386 -0.701882 
2460281.801514 -0.586365 
2460283.515642 -0.412525 
2460285.229770 -0.230066 
2460286.943898 -0.076220 
2460288.658025 0.034012 
2460290.372153 0.104511 
2460292.086281 0.146579 
2460293.800409 0.167493 
2460295.514537 0.165506 
2460297.228665 0.132720 
2460298.942793 0.062316 
2460300.656921 -0.045502 
2460302.371049 -0.182836 
2460304.085177 -0.338652 
2460305.799305 -0.504784 
2460307.513433 -0.678574 
2460309.227561 -0.859640 
2460310.941689 -1.042388 
2460312.655816 -1.209305 
2460314.369944 -1.330466 
2460316.084072 -1.371701 
2460317.798200 -1.308890 
2460319.512328 -1.141816 
2460321.226456 -0.900136 
2460322.940584 -0.637221 
2460324.654712 -0.413233 
2460326.368840 -0.274159 
2460328.082968 -0.235777 
2460329.797096 -0.279510 
2460331.511224 -0.361783 
2460333.225352 -0.432453 
2460334.939480 -0.454088 
2460336.653607 -0.414012 
2460338.367735 -0.324850 
2460340.081863 -0.214807 
2460341.795991 -0.113316 
2460343.510119 -0.039025 
2460345.224247 0.004950 
2460346.938375 0.027676 
2460348.652503 0.042043 
2460350.366631 0.056356 
2460352.080759 0.069980 
2460353.794887 0.074424 
2460355.509015 0.058268 
2460357.223143 0.012751 
2460358.937271 -0.064833 
2460360.651398 -0.170936 
2460362.365526 -0.297737 
2460364.079654 -0.435316 
2460365.793782 -0.572496 
2460367.507910 -0.696353 
2460369.222038 -0.791819 
2460370.936166 -0.843109 
2460372.650294 -0.837686 
2460374.364422 -0.771639 
2460376.078550 -0.653869 
2460377.792678 -0.506360 
2460379.506806 -0.359271 
2460381.220934 -0.242049 
2460382.935062 -0.173891 
2460384.649189 -0.157556 
2460386.363317 -0.179276 
2460388.077445 -0.214911 
2460389.791573 -0.239691 
2460391.505701 -0.237409 
2460393.219829 -0.205281 
2460394.933957 -0.152829 
2460396.648085 -0.095893 
2460398.362213 -0.048931 
2460400.076341 -0.019216 
2460401.790469 -0.005267 
2460403.504597 0.000401 
2460405.218725 0.006112 
2460406.932853 0.016270 
2460408.646980 0.029213 
2460410.361108 0.038334 
2460412.075236 0.035443 
2460413.789364 0.014459 
2460415.503492 -0.026323 
2460417.217620 -0.084049 
2460418.931748 -0.152726 
2460420.645876 -0.225063 
2460422.360004 -0.293693 
2460424.074132 -0.351519 
2460425.788260 -0.391705 
2460427.502388 -0.408136 
2460429.216516 -0.396832 
2460430.930644 -0.357928 
2460432.644771 -0.297151 
2460434.358899 -0.225607 
2460436.073027 -0.157339 
2460437.787155 -0.105242 
2460439.501283 -0.076888 
2460441.215411 -0.072077 
2460442.929539 -0.083289 
2460444.643667 -0.098930 
2460446.357795 -0.107988 
2460448.071923 -0.104090 
2460449.786051 -0.087257 
2460451.500179 -0.062805 
2460453.214307 -0.038161 
2460454.928435 -0.019263 
2460456.642562 -0.008255 
2460458.356690 -0.003377 
2460460.070818 -0.000802 
2460461.784946 0.002786 
2460463.499074 0.008271 
2460465.213202 0.013762 
2460466.927330 0.015811 
2460468.641458 0.011345 
2460470.355586 -0.000791 
2460472.069714 -0.019440 
2460473.783842 -0.041920 
2460475.497970 -0.065353 
2460477.212098 -0.087679 
2460478.926226 -0.107786 
2460480.640353 -0.124849 
2460482.354481 -0.137475 
2460484.068609 -0.143410 
2460485.782737 -0.140199 
2460487.496865 -0.126549 
2460489.210993 -0.103650 
2460490.925121 -0.075574 
2460492.639249 -0.048337 
2460494.353377 -0.027888 
2460496.067505 -0.017897 
2460497.781633 -0.018396 
2460499.495761 -0.025925 
2460501.209889 -0.035125 
2460502.924017 -0.041005 
2460504.638144 -0.040827 
2460506.352272 -0.034783 
2460508.066400 -0.025289 
2460509.780528 -0.015430 
2460511.494656 -0.007422 
2460513.208784 -0.001873 
2460514.922912 0.001906 
2460516.637040 0.004901 
2460518.351168 0.007415 
2460520.065296 0.008724 
2460521.779424 0.007576 
2460523.493552 0.003169 
2460525.207680 -0.004042 
2460526.921808 -0.012249 
2460528.635935 -0.019047 
2460530.350063 -0.022642 
2460532.064191 -0.022816 
2460533.778319 -0.021068 
2460535.492447 -0.019809 
2460537.206575 -0.020997 
2460538.920703 -0.024968 
2460540.634831 -0.030103 
2460542.348959 -0.033567 
2460544.063087 -0.032751 
2460545.777215 -0.026680 
2460547.491343 -0.016654 
2460549.205471 -0.005780 
2460550.919599 0.002380 
2460552.633726 0.005357 
2460554.347854 0.002782 
2460556.061982 -0.003612 
2460557.776110 -0.010903 
2460559.490238 -0.016314 
2460561.204366 -0.018271 
2460562.918494 -0.016742 
2460564.632622 -0.012817 
2460566.346750 -0.007895 
2460568.060878 -0.002992 
2460569.775006 0.001464 
2460571.489134 0.005342 
2460573.203262 0.008336 
2460574.917390 0.009722 
2460576.631517 0.008590 
2460578.345645 0.004450 
2460580.059773 -0.002159 
2460581.773901 -0.009508 
2460583.488029 -0.015178 
2460585.202157 -0.017064 
2460586.916285 -0.014400 
2460588.630413 -0.008252 
2460590.344541 -0.001161 
2460592.058669 0.003946 
2460593.772797 0.005079 
2460595.486925 0.002102 
2460597.201053 -0.003234 
2460598.915181 -0.008134 
2460600.629308 -0.010101 
2460602.343436 -0.008089 
2460604.057564 -0.002944 
2460605.771692 0.003058 
2460607.485820 0.007310 
2460609.199948 0.008050 
2460610.914076 0.005059 
2460612.628204 -0.000393 
2460614.342332 -0.006251 
2460616.056460 -0.010603 
2460617.770588 -0.012389 
2460619.484716 -0.011580 
2460621.198844 -0.008876 
2460622.912972 -0.005190 
2460624.627099 -0.001239 
2460626.341227 0.002530 
2460628.055355 0.005765 
2460629.769483 0.007971 
2460631.483611 0.008480 
2460633.197739 0.006723 
2460634.911867 0.002649 
2460636.625995 -0.002965 
2460638.340123 -0.008586 
2460640.054251 -0.012438 
2460641.768379 -0.013255 
2460643.482507 -0.010908 
2460645.196635 -0.006555 
2460646.910763 -0.002192 
2460648.624890 0.000226 
2460650.339018 -0.000328 
2460652.053146 -0.003473 
2460653.767274 -0.007611 
2460655.481402 -0.010675 
2460657.195530 -0.011102 
2460658.909658 -0.008546 
2460660.623786 -0.004008 
2460662.337914 0.000653 
2460664.052042 0.003577 
2460665.766170 0.003698 
2460667.480298 0.001136 
2460669.194426 -0.002970 
2460670.908554 -0.007042 
2460672.622681 -0.009734 
2460674.336809 -0.010397 
2460676.050937 -0.009150 
2460677.765065 -0.006617 
2460679.479193 -0.003540 
2460681.193321 -0.000492 
2460682.907449 0.002190 
2460684.621577 0.004286 
