# Tc_folded model 
-1.500000 -0.455594 
-1.499000 -0.454670 
-1.498000 -0.453742 
-1.497000 -0.452809 
-1.496000 -0.451872 
-1.495000 -0.450931 
-1.494000 -0.449984 
-1.493000 -0.449034 
-1.492000 -0.448078 
-1.491000 -0.447118 
-1.490000 -0.446154 
-1.489000 -0.445185 
-1.488000 -0.444211 
-1.487000 -0.443232 
-1.486000 -0.442249 
-1.485000 -0.441262 
-1.484000 -0.440269 
-1.483000 -0.439272 
-1.482000 -0.438270 
-1.481000 -0.437263 
-1.480000 -0.436252 
-1.479000 -0.435236 
-1.478000 -0.434215 
-1.477000 -0.433189 
-1.476000 -0.432158 
-1.475000 -0.431123 
-1.474000 -0.430082 
-1.473000 -0.429037 
-1.472000 -0.427987 
-1.471000 -0.426932 
-1.470000 -0.425872 
-1.469000 -0.424807 
-1.468000 -0.423737 
-1.467000 -0.422662 
-1.466000 -0.421582 
-1.465000 -0.420497 
-1.464000 -0.419407 
-1.463000 -0.418311 
-1.462000 -0.417211 
-1.461000 -0.416105 
-1.460000 -0.414995 
-1.459000 -0.413879 
-1.458000 -0.412758 
-1.457000 -0.411632 
-1.456000 -0.410500 
-1.455000 -0.409363 
-1.454000 -0.408221 
-1.453000 -0.407074 
-1.452000 -0.405921 
-1.451000 -0.404763 
-1.450000 -0.403600 
-1.449000 -0.402431 
-1.448000 -0.401256 
-1.447000 -0.400077 
-1.446000 -0.398891 
-1.445000 -0.397700 
-1.444000 -0.396504 
-1.443000 -0.395302 
-1.442000 -0.394095 
-1.441000 -0.392881 
-1.440000 -0.391663 
-1.439000 -0.390438 
-1.438000 -0.389208 
-1.437000 -0.387972 
-1.436000 -0.386730 
-1.435000 -0.385483 
-1.434000 -0.384229 
-1.433000 -0.382970 
-1.432000 -0.381705 
-1.431000 -0.380434 
-1.430000 -0.379157 
-1.429000 -0.377874 
-1.428000 -0.376585 
-1.427000 -0.375290 
-1.426000 -0.373989 
-1.425000 -0.372682 
-1.424000 -0.371368 
-1.423000 -0.370049 
-1.422000 -0.368723 
-1.421000 -0.367391 
-1.420000 -0.366053 
-1.419000 -0.364708 
-1.418000 -0.363357 
-1.417000 -0.362000 
-1.416000 -0.360636 
-1.415000 -0.359266 
-1.414000 -0.357889 
-1.413000 -0.356506 
-1.412000 -0.355116 
-1.411000 -0.353720 
-1.410000 -0.352317 
-1.409000 -0.350907 
-1.408000 -0.349491 
-1.407000 -0.348067 
-1.406000 -0.346637 
-1.405000 -0.345200 
-1.404000 -0.343757 
-1.403000 -0.342306 
-1.402000 -0.340848 
-1.401000 -0.339384 
-1.400000 -0.337912 
-1.399000 -0.336433 
-1.398000 -0.334947 
-1.397000 -0.333454 
-1.396000 -0.331954 
-1.395000 -0.330446 
-1.394000 -0.328931 
-1.393000 -0.327408 
-1.392000 -0.325879 
-1.391000 -0.324341 
-1.390000 -0.322797 
-1.389000 -0.321244 
-1.388000 -0.319684 
-1.387000 -0.318117 
-1.386000 -0.316541 
-1.385000 -0.314958 
-1.384000 -0.313367 
-1.383000 -0.311768 
-1.382000 -0.310162 
-1.381000 -0.308547 
-1.380000 -0.306924 
-1.379000 -0.305294 
-1.378000 -0.303655 
-1.377000 -0.302007 
-1.376000 -0.300352 
-1.375000 -0.298688 
-1.374000 -0.297016 
-1.373000 -0.295336 
-1.372000 -0.293647 
-1.371000 -0.291949 
-1.370000 -0.290243 
-1.369000 -0.288529 
-1.368000 -0.286805 
-1.367000 -0.285073 
-1.366000 -0.283332 
-1.365000 -0.281582 
-1.364000 -0.279823 
-1.363000 -0.278055 
-1.362000 -0.276278 
-1.361000 -0.274491 
-1.360000 -0.272696 
-1.359000 -0.270891 
-1.358000 -0.269077 
-1.357000 -0.267253 
-1.356000 -0.265420 
-1.355000 -0.263577 
-1.354000 -0.261724 
-1.353000 -0.259862 
-1.352000 -0.257990 
-1.351000 -0.256108 
-1.350000 -0.254216 
-1.349000 -0.252314 
-1.348000 -0.250402 
-1.347000 -0.248480 
-1.346000 -0.246548 
-1.345000 -0.244605 
-1.344000 -0.242651 
-1.343000 -0.240688 
-1.342000 -0.238713 
-1.341000 -0.236728 
-1.340000 -0.234732 
-1.339000 -0.232725 
-1.338000 -0.230707 
-1.337000 -0.228679 
-1.336000 -0.226639 
-1.335000 -0.224588 
-1.334000 -0.222525 
-1.333000 -0.220451 
-1.332000 -0.218366 
-1.331000 -0.216269 
-1.330000 -0.214160 
-1.329000 -0.212040 
-1.328000 -0.209908 
-1.327000 -0.207763 
-1.326000 -0.205607 
-1.325000 -0.203438 
-1.324000 -0.201257 
-1.323000 -0.199064 
-1.322000 -0.196858 
-1.321000 -0.194640 
-1.320000 -0.192408 
-1.319000 -0.190164 
-1.318000 -0.187907 
-1.317000 -0.185637 
-1.316000 -0.183354 
-1.315000 -0.181057 
-1.314000 -0.178747 
-1.313000 -0.176424 
-1.312000 -0.174086 
-1.311000 -0.171735 
-1.310000 -0.169370 
-1.309000 -0.166991 
-1.308000 -0.164598 
-1.307000 -0.162191 
-1.306000 -0.159769 
-1.305000 -0.157332 
-1.304000 -0.154881 
-1.303000 -0.152415 
-1.302000 -0.149934 
-1.301000 -0.147438 
-1.300000 -0.144926 
-1.299000 -0.142400 
-1.298000 -0.139857 
-1.297000 -0.137299 
-1.296000 -0.134725 
-1.295000 -0.132135 
-1.294000 -0.129529 
-1.293000 -0.126906 
-1.292000 -0.124267 
-1.291000 -0.121612 
-1.290000 -0.118939 
-1.289000 -0.116250 
-1.288000 -0.113543 
-1.287000 -0.110820 
-1.286000 -0.108078 
-1.285000 -0.105319 
-1.284000 -0.102542 
-1.283000 -0.099747 
-1.282000 -0.096934 
-1.281000 -0.094103 
-1.280000 -0.091252 
-1.279000 -0.088383 
-1.278000 -0.085496 
-1.277000 -0.082588 
-1.276000 -0.079662 
-1.275000 -0.076716 
-1.274000 -0.073750 
-1.273000 -0.070764 
-1.272000 -0.067758 
-1.271000 -0.064731 
-1.270000 -0.061684 
-1.269000 -0.058616 
-1.268000 -0.055527 
-1.267000 -0.052417 
-1.266000 -0.049285 
-1.265000 -0.046131 
-1.264000 -0.042955 
-1.263000 -0.039757 
-1.262000 -0.036536 
-1.261000 -0.033292 
-1.260000 -0.030026 
-1.259000 -0.026736 
-1.258000 -0.023422 
-1.257000 -0.020085 
-1.256000 -0.016724 
-1.255000 -0.013338 
-1.254000 -0.009927 
-1.253000 -0.006492 
-1.252000 -0.003031 
-1.251000 0.000455 
-1.250000 0.003967 
-1.249000 0.007505 
-1.248000 0.011070 
-1.247000 0.014661 
-1.246000 0.018280 
-1.245000 0.021926 
-1.244000 0.025600 
-1.243000 0.029302 
-1.242000 0.033032 
-1.241000 0.036791 
-1.240000 0.040579 
-1.239000 0.044397 
-1.238000 0.048244 
-1.237000 0.052122 
-1.236000 0.056031 
-1.235000 0.059970 
-1.234000 0.063941 
-1.233000 0.067944 
-1.232000 0.071978 
-1.231000 0.076046 
-1.230000 0.080146 
-1.229000 0.084280 
-1.228000 0.088448 
-1.227000 0.092650 
-1.226000 0.096887 
-1.225000 0.101160 
-1.224000 0.105468 
-1.223000 0.109812 
-1.222000 0.114193 
-1.221000 0.118611 
-1.220000 0.123067 
-1.219000 0.127561 
-1.218000 0.132094 
-1.217000 0.136666 
-1.216000 0.141277 
-1.215000 0.145929 
-1.214000 0.150623 
-1.213000 0.155357 
-1.212000 0.160134 
-1.211000 0.164953 
-1.210000 0.169816 
-1.209000 0.174722 
-1.208000 0.179673 
-1.207000 0.184670 
-1.206000 0.189712 
-1.205000 0.194800 
-1.204000 0.199936 
-1.203000 0.205120 
-1.202000 0.210352 
-1.201000 0.215633 
-1.200000 0.220965 
-1.199000 0.226347 
-1.198000 0.231781 
-1.197000 0.237268 
-1.196000 0.242807 
-1.195000 0.248401 
-1.194000 0.254049 
-1.193000 0.259753 
-1.192000 0.265513 
-1.191000 0.271331 
-1.190000 0.277208 
-1.189000 0.283143 
-1.188000 0.289139 
-1.187000 0.295196 
-1.186000 0.301315 
-1.185000 0.307497 
-1.184000 0.313743 
-1.183000 0.320055 
-1.182000 0.326433 
-1.181000 0.332878 
-1.180000 0.339392 
-1.179000 0.345976 
-1.178000 0.352630 
-1.177000 0.359357 
-1.176000 0.366156 
-1.175000 0.373031 
-1.174000 0.379981 
-1.173000 0.387008 
-1.172000 0.394114 
-1.171000 0.401299 
-1.170000 0.408566 
-1.169000 0.415915 
-1.168000 0.423349 
-1.167000 0.430868 
-1.166000 0.438474 
-1.165000 0.446169 
-1.164000 0.453954 
-1.163000 0.461831 
-1.162000 0.469802 
-1.161000 0.477869 
-1.160000 0.486032 
-1.159000 0.494295 
-1.158000 0.502658 
-1.157000 0.511124 
-1.156000 0.519695 
-1.155000 0.528372 
-1.154000 0.537158 
-1.153000 0.546055 
-1.152000 0.555064 
-1.151000 0.564189 
-1.150000 0.573431 
-1.149000 0.582793 
-1.148000 0.592276 
-1.147000 0.601884 
-1.146000 0.611619 
-1.145000 0.621483 
-1.144000 0.631479 
-1.143000 0.641610 
-1.142000 0.651878 
-1.141000 0.662287 
-1.140000 0.672838 
-1.139000 0.683535 
-1.138000 0.694381 
-1.137000 0.705380 
-1.136000 0.716533 
-1.135000 0.727845 
-1.134000 0.739318 
-1.133000 0.750957 
-1.132000 0.762764 
-1.131000 0.774743 
-1.130000 0.786898 
-1.129000 0.799233 
-1.128000 0.811751 
-1.127000 0.824456 
-1.126000 0.837352 
-1.125000 0.850444 
-1.124000 0.863735 
-1.123000 0.877230 
-1.122000 0.890933 
-1.121000 0.904849 
-1.120000 0.918982 
-1.119000 0.933337 
-1.118000 0.947918 
-1.117000 0.962732 
-1.116000 0.977781 
-1.115000 0.993072 
-1.114000 1.008610 
-1.113000 1.024400 
-1.112000 1.040447 
-1.111000 1.056757 
-1.110000 1.073335 
-1.109000 1.090186 
-1.108000 1.107317 
-1.107000 1.124733 
-1.106000 1.142440 
-1.105000 1.160443 
-1.104000 1.178748 
-1.103000 1.197362 
-1.102000 1.216289 
-1.101000 1.235537 
-1.100000 1.255109 
-1.099000 1.275013 
-1.098000 1.295253 
-1.097000 1.315836 
-1.096000 1.336766 
-1.095000 1.358049 
-1.094000 1.379689 
-1.093000 1.401691 
-1.092000 1.424060 
-1.091000 1.446799 
-1.090000 1.469912 
-1.089000 1.493401 
-1.088000 1.517269 
-1.087000 1.541518 
-1.086000 1.566148 
-1.085000 1.591159 
-1.084000 1.616550 
-1.083000 1.642318 
-1.082000 1.668460 
-1.081000 1.694972 
-1.080000 1.721845 
-1.079000 1.749071 
-1.078000 1.776641 
-1.077000 1.804540 
-1.076000 1.832753 
-1.075000 1.861262 
-1.074000 1.890046 
-1.073000 1.919080 
-1.072000 1.948336 
-1.071000 1.977781 
-1.070000 2.007378 
-1.069000 2.037086 
-1.068000 2.066858 
-1.067000 2.096643 
-1.066000 2.126381 
-1.065000 2.156010 
-1.064000 2.185458 
-1.063000 2.214649 
-1.062000 2.243496 
-1.061000 2.271909 
-1.060000 2.299787 
-1.059000 2.327024 
-1.058000 2.353505 
-1.057000 2.379108 
-1.056000 2.403705 
-1.055000 2.427161 
-1.054000 2.449334 
-1.053000 2.470080 
-1.052000 2.489249 
-1.051000 2.506691 
-1.050000 2.522253 
-1.049000 2.535787 
-1.048000 2.547147 
-1.047000 2.556191 
-1.046000 2.562789 
-1.045000 2.566819 
-1.044000 2.568175 
-1.043000 2.566767 
-1.042000 2.562522 
-1.041000 2.555388 
-1.040000 2.545338 
-1.039000 2.532365 
-1.038000 2.516488 
-1.037000 2.497297 
-1.036000 2.475683 
-1.035000 2.451313 
-1.034000 2.424286 
-1.033000 2.394721 
-1.032000 2.362756 
-1.031000 2.328547 
-1.030000 2.292260 
-1.029000 2.254075 
-1.028000 2.214177 
-1.027000 2.172757 
-1.026000 2.130004 
-1.025000 2.086111 
-1.024000 2.041264 
-1.023000 1.995644 
-1.022000 1.949425 
-1.021000 1.902773 
-1.020000 1.855842 
-1.019000 1.808779 
-1.018000 1.761717 
-1.017000 1.714779 
-1.016000 1.668075 
-1.015000 1.621707 
-1.014000 1.575764 
-1.013000 1.530324 
-1.012000 1.485456 
-1.011000 1.441220 
-1.010000 1.397667 
-1.009000 1.354840 
-1.008000 1.312773 
-1.007000 1.271495 
-1.006000 1.231029 
-1.005000 1.191391 
-1.004000 1.152593 
-1.003000 1.114641 
-1.002000 1.077540 
-1.001000 1.041290 
-1.000000 1.005886 
-0.999000 0.971323 
-0.998000 0.937594 
-0.997000 0.904687 
-0.996000 0.872593 
-0.995000 0.841297 
-0.994000 0.810785 
-0.993000 0.781042 
-0.992000 0.752053 
-0.991000 0.723802 
-0.990000 0.696271 
-0.989000 0.669443 
-0.988000 0.643302 
-0.987000 0.617829 
-0.986000 0.593009 
-0.985000 0.568822 
-0.984000 0.545253 
-0.983000 0.522285 
-0.982000 0.499900 
-0.981000 0.478083 
-0.980000 0.456817 
-0.979000 0.436087 
-0.978000 0.415877 
-0.977000 0.396172 
-0.976000 0.376957 
-0.975000 0.358218 
-0.974000 0.339942 
-0.973000 0.322113 
-0.972000 0.304720 
-0.971000 0.287749 
-0.970000 0.271189 
-0.969000 0.255026 
-0.968000 0.239249 
-0.967000 0.223847 
-0.966000 0.208809 
-0.965000 0.194123 
-0.964000 0.179781 
-0.963000 0.165771 
-0.962000 0.152085 
-0.961000 0.138712 
-0.960000 0.125645 
-0.959000 0.112873 
-0.958000 0.100388 
-0.957000 0.088183 
-0.956000 0.076249 
-0.955000 0.064579 
-0.954000 0.053166 
-0.953000 0.042001 
-0.952000 0.031079 
-0.951000 0.020392 
-0.950000 0.009934 
-0.949000 -0.000302 
-0.948000 -0.010320 
-0.947000 -0.020128 
-0.946000 -0.029731 
-0.945000 -0.039134 
-0.944000 -0.048343 
-0.943000 -0.057362 
-0.942000 -0.066198 
-0.941000 -0.074854 
-0.940000 -0.083336 
-0.939000 -0.091647 
-0.938000 -0.099793 
-0.937000 -0.107777 
-0.936000 -0.115604 
-0.935000 -0.123277 
-0.934000 -0.130801 
-0.933000 -0.138179 
-0.932000 -0.145414 
-0.931000 -0.152511 
-0.930000 -0.159473 
-0.929000 -0.166302 
-0.928000 -0.173003 
-0.927000 -0.179578 
-0.926000 -0.186030 
-0.925000 -0.192362 
-0.924000 -0.198577 
-0.923000 -0.204678 
-0.922000 -0.210668 
-0.921000 -0.216548 
-0.920000 -0.222322 
-0.919000 -0.227992 
-0.918000 -0.233560 
-0.917000 -0.239029 
-0.916000 -0.244400 
-0.915000 -0.249677 
-0.914000 -0.254860 
-0.913000 -0.259953 
-0.912000 -0.264957 
-0.911000 -0.269874 
-0.910000 -0.274706 
-0.909000 -0.279454 
-0.908000 -0.284122 
-0.907000 -0.288709 
-0.906000 -0.293219 
-0.905000 -0.297652 
-0.904000 -0.302010 
-0.903000 -0.306295 
-0.902000 -0.310509 
-0.901000 -0.314652 
-0.900000 -0.318726 
-0.899000 -0.322733 
-0.898000 -0.326674 
-0.897000 -0.330550 
-0.896000 -0.334362 
-0.895000 -0.338112 
-0.894000 -0.341802 
-0.893000 -0.345431 
-0.892000 -0.349002 
-0.891000 -0.352515 
-0.890000 -0.355972 
-0.889000 -0.359374 
-0.888000 -0.362721 
-0.887000 -0.366015 
-0.886000 -0.369257 
-0.885000 -0.372447 
-0.884000 -0.375588 
-0.883000 -0.378678 
-0.882000 -0.381721 
-0.881000 -0.384715 
-0.880000 -0.387663 
-0.879000 -0.390565 
-0.878000 -0.393422 
-0.877000 -0.396235 
-0.876000 -0.399004 
-0.875000 -0.401730 
-0.874000 -0.404414 
-0.873000 -0.407057 
-0.872000 -0.409660 
-0.871000 -0.412223 
-0.870000 -0.414746 
-0.869000 -0.417231 
-0.868000 -0.419679 
-0.867000 -0.422089 
-0.866000 -0.424462 
-0.865000 -0.426799 
-0.864000 -0.429101 
-0.863000 -0.431369 
-0.862000 -0.433602 
-0.861000 -0.435801 
-0.860000 -0.437967 
-0.859000 -0.440101 
-0.858000 -0.442203 
-0.857000 -0.444273 
-0.856000 -0.446312 
-0.855000 -0.448320 
-0.854000 -0.450299 
-0.853000 -0.452247 
-0.852000 -0.454167 
-0.851000 -0.456058 
-0.850000 -0.457920 
-0.849000 -0.459755 
-0.848000 -0.461563 
-0.847000 -0.463343 
-0.846000 -0.465097 
-0.845000 -0.466824 
-0.844000 -0.468526 
-0.843000 -0.470202 
-0.842000 -0.471854 
-0.841000 -0.473480 
-0.840000 -0.475083 
-0.839000 -0.476661 
-0.838000 -0.478216 
-0.837000 -0.479747 
-0.836000 -0.481256 
-0.835000 -0.482742 
-0.834000 -0.484205 
-0.833000 -0.485647 
-0.832000 -0.487067 
-0.831000 -0.488465 
-0.830000 -0.489843 
-0.829000 -0.491199 
-0.828000 -0.492535 
-0.827000 -0.493851 
-0.826000 -0.495147 
-0.825000 -0.496423 
-0.824000 -0.497680 
-0.823000 -0.498918 
-0.822000 -0.500136 
-0.821000 -0.501336 
-0.820000 -0.502518 
-0.819000 -0.503681 
-0.818000 -0.504827 
-0.817000 -0.505955 
-0.816000 -0.507065 
-0.815000 -0.508158 
-0.814000 -0.509234 
-0.813000 -0.510293 
-0.812000 -0.511335 
-0.811000 -0.512361 
-0.810000 -0.513371 
-0.809000 -0.514365 
-0.808000 -0.515343 
-0.807000 -0.516306 
-0.806000 -0.517253 
-0.805000 -0.518185 
-0.804000 -0.519101 
-0.803000 -0.520003 
-0.802000 -0.520890 
-0.801000 -0.521763 
-0.800000 -0.522621 
-0.799000 -0.523465 
-0.798000 -0.524296 
-0.797000 -0.525112 
-0.796000 -0.525914 
-0.795000 -0.526703 
-0.794000 -0.527479 
-0.793000 -0.528241 
-0.792000 -0.528991 
-0.791000 -0.529727 
-0.790000 -0.530451 
-0.789000 -0.531162 
-0.788000 -0.531860 
-0.787000 -0.532546 
-0.786000 -0.533220 
-0.785000 -0.533882 
-0.784000 -0.534532 
-0.783000 -0.535170 
-0.782000 -0.535796 
-0.781000 -0.536411 
-0.780000 -0.537014 
-0.779000 -0.537606 
-0.778000 -0.538187 
-0.777000 -0.538756 
-0.776000 -0.539315 
-0.775000 -0.539863 
-0.774000 -0.540400 
-0.773000 -0.540926 
-0.772000 -0.541442 
-0.771000 -0.541947 
-0.770000 -0.542442 
-0.769000 -0.542927 
-0.768000 -0.543401 
-0.767000 -0.543866 
-0.766000 -0.544320 
-0.765000 -0.544765 
-0.764000 -0.545200 
-0.763000 -0.545626 
-0.762000 -0.546042 
-0.761000 -0.546448 
-0.760000 -0.546845 
-0.759000 -0.547233 
-0.758000 -0.547611 
-0.757000 -0.547981 
-0.756000 -0.548341 
-0.755000 -0.548693 
-0.754000 -0.549035 
-0.753000 -0.549369 
-0.752000 -0.549694 
-0.751000 -0.550011 
-0.750000 -0.550319 
-0.749000 -0.550618 
-0.748000 -0.550909 
-0.747000 -0.551192 
-0.746000 -0.551467 
-0.745000 -0.551733 
-0.744000 -0.551991 
-0.743000 -0.552241 
-0.742000 -0.552484 
-0.741000 -0.552718 
-0.740000 -0.552944 
-0.739000 -0.553163 
-0.738000 -0.553374 
-0.737000 -0.553577 
-0.736000 -0.553773 
-0.735000 -0.553961 
-0.734000 -0.554142 
-0.733000 -0.554316 
-0.732000 -0.554482 
-0.731000 -0.554640 
-0.730000 -0.554792 
-0.729000 -0.554936 
-0.728000 -0.555074 
-0.727000 -0.555204 
-0.726000 -0.555327 
-0.725000 -0.555443 
-0.724000 -0.555553 
-0.723000 -0.555655 
-0.722000 -0.555751 
-0.721000 -0.555840 
-0.720000 -0.555922 
-0.719000 -0.555998 
-0.718000 -0.556067 
-0.717000 -0.556129 
-0.716000 -0.556185 
-0.715000 -0.556234 
-0.714000 -0.556278 
-0.713000 -0.556314 
-0.712000 -0.556345 
-0.711000 -0.556369 
-0.710000 -0.556387 
-0.709000 -0.556398 
-0.708000 -0.556404 
-0.707000 -0.556403 
-0.706000 -0.556396 
-0.705000 -0.556384 
-0.704000 -0.556365 
-0.703000 -0.556340 
-0.702000 -0.556310 
-0.701000 -0.556273 
-0.700000 -0.556231 
-0.699000 -0.556183 
-0.698000 -0.556129 
-0.697000 -0.556069 
-0.696000 -0.556004 
-0.695000 -0.555933 
-0.694000 -0.555856 
-0.693000 -0.555774 
-0.692000 -0.555686 
-0.691000 -0.555593 
-0.690000 -0.555494 
-0.689000 -0.555389 
-0.688000 -0.555280 
-0.687000 -0.555164 
-0.686000 -0.555044 
-0.685000 -0.554918 
-0.684000 -0.554787 
-0.683000 -0.554650 
-0.682000 -0.554508 
-0.681000 -0.554361 
-0.680000 -0.554209 
-0.679000 -0.554051 
-0.678000 -0.553889 
-0.677000 -0.553721 
-0.676000 -0.553548 
-0.675000 -0.553370 
-0.674000 -0.553187 
-0.673000 -0.552999 
-0.672000 -0.552806 
-0.671000 -0.552608 
-0.670000 -0.552406 
-0.669000 -0.552198 
-0.668000 -0.551985 
-0.667000 -0.551767 
-0.666000 -0.551545 
-0.665000 -0.551317 
-0.664000 -0.551085 
-0.663000 -0.550848 
-0.662000 -0.550606 
-0.661000 -0.550360 
-0.660000 -0.550108 
-0.659000 -0.549852 
-0.658000 -0.549592 
-0.657000 -0.549326 
-0.656000 -0.549056 
-0.655000 -0.548782 
-0.654000 -0.548502 
-0.653000 -0.548218 
-0.652000 -0.547930 
-0.651000 -0.547637 
-0.650000 -0.547339 
-0.649000 -0.547037 
-0.648000 -0.546730 
-0.647000 -0.546419 
-0.646000 -0.546103 
-0.645000 -0.545783 
-0.644000 -0.545458 
-0.643000 -0.545129 
-0.642000 -0.544796 
-0.641000 -0.544458 
-0.640000 -0.544115 
-0.639000 -0.543769 
-0.638000 -0.543417 
-0.637000 -0.543062 
-0.636000 -0.542702 
-0.635000 -0.542338 
-0.634000 -0.541970 
-0.633000 -0.541597 
-0.632000 -0.541220 
-0.631000 -0.540838 
-0.630000 -0.540453 
-0.629000 -0.540063 
-0.628000 -0.539668 
-0.627000 -0.539270 
-0.626000 -0.538867 
-0.625000 -0.538461 
-0.624000 -0.538049 
-0.623000 -0.537634 
-0.622000 -0.537215 
-0.621000 -0.536791 
-0.620000 -0.536363 
-0.619000 -0.535931 
-0.618000 -0.535495 
-0.617000 -0.535055 
-0.616000 -0.534610 
-0.615000 -0.534162 
-0.614000 -0.533709 
-0.613000 -0.533252 
-0.612000 -0.532792 
-0.611000 -0.532327 
-0.610000 -0.531858 
-0.609000 -0.531384 
-0.608000 -0.530907 
-0.607000 -0.530426 
-0.606000 -0.529941 
-0.605000 -0.529451 
-0.604000 -0.528958 
-0.603000 -0.528460 
-0.602000 -0.527959 
-0.601000 -0.527453 
-0.600000 -0.526943 
-0.599000 -0.526430 
-0.598000 -0.525912 
-0.597000 -0.525390 
-0.596000 -0.524865 
-0.595000 -0.524335 
-0.594000 -0.523801 
-0.593000 -0.523264 
-0.592000 -0.522722 
-0.591000 -0.522176 
-0.590000 -0.521627 
-0.589000 -0.521073 
-0.588000 -0.520515 
-0.587000 -0.519954 
-0.586000 -0.519388 
-0.585000 -0.518818 
-0.584000 -0.518245 
-0.583000 -0.517667 
-0.582000 -0.517086 
-0.581000 -0.516500 
-0.580000 -0.515911 
-0.579000 -0.515318 
-0.578000 -0.514720 
-0.577000 -0.514119 
-0.576000 -0.513514 
-0.575000 -0.512904 
-0.574000 -0.512291 
-0.573000 -0.511674 
-0.572000 -0.511053 
-0.571000 -0.510428 
-0.570000 -0.509799 
-0.569000 -0.509166 
-0.568000 -0.508529 
-0.567000 -0.507888 
-0.566000 -0.507243 
-0.565000 -0.506594 
-0.564000 -0.505941 
-0.563000 -0.505284 
-0.562000 -0.504624 
-0.561000 -0.503959 
-0.560000 -0.503290 
-0.559000 -0.502617 
-0.558000 -0.501941 
-0.557000 -0.501260 
-0.556000 -0.500575 
-0.555000 -0.499887 
-0.554000 -0.499194 
-0.553000 -0.498497 
-0.552000 -0.497797 
-0.551000 -0.497092 
-0.550000 -0.496384 
-0.549000 -0.495671 
-0.548000 -0.494954 
-0.547000 -0.494234 
-0.546000 -0.493509 
-0.545000 -0.492780 
-0.544000 -0.492047 
-0.543000 -0.491311 
-0.542000 -0.490570 
-0.541000 -0.489825 
-0.540000 -0.489076 
-0.539000 -0.488323 
-0.538000 -0.487566 
-0.537000 -0.486725 
-0.536000 -0.485959 
-0.535000 -0.485189 
-0.534000 -0.484415 
-0.533000 -0.483637 
-0.532000 -0.482855 
-0.531000 -0.482069 
-0.530000 -0.481279 
-0.529000 -0.480484 
-0.528000 -0.479685 
-0.527000 -0.478883 
-0.526000 -0.478075 
-0.525000 -0.477264 
-0.524000 -0.476449 
-0.523000 -0.475629 
-0.522000 -0.474805 
-0.521000 -0.473977 
-0.520000 -0.473145 
-0.519000 -0.472308 
-0.518000 -0.471468 
-0.517000 -0.470622 
-0.516000 -0.469773 
-0.515000 -0.468920 
-0.514000 -0.468062 
-0.513000 -0.467199 
-0.512000 -0.466333 
-0.511000 -0.465462 
-0.510000 -0.464587 
-0.509000 -0.463707 
-0.508000 -0.462823 
-0.507000 -0.461935 
-0.506000 -0.461042 
-0.505000 -0.460145 
-0.504000 -0.459244 
-0.503000 -0.458338 
-0.502000 -0.457428 
-0.501000 -0.456513 
-0.500000 -0.455594 
-0.499000 -0.454670 
-0.498000 -0.453742 
-0.497000 -0.452809 
-0.496000 -0.451872 
-0.495000 -0.450931 
-0.494000 -0.449984 
-0.493000 -0.449034 
-0.492000 -0.448078 
-0.491000 -0.447118 
-0.490000 -0.446154 
-0.489000 -0.445185 
-0.488000 -0.444211 
-0.487000 -0.443232 
-0.486000 -0.442249 
-0.485000 -0.441262 
-0.484000 -0.440269 
-0.483000 -0.439272 
-0.482000 -0.438270 
-0.481000 -0.437263 
-0.480000 -0.436252 
-0.479000 -0.435236 
-0.478000 -0.434215 
-0.477000 -0.433189 
-0.476000 -0.432158 
-0.475000 -0.431123 
-0.474000 -0.430082 
-0.473000 -0.429037 
-0.472000 -0.427987 
-0.471000 -0.426932 
-0.470000 -0.425872 
-0.469000 -0.424807 
-0.468000 -0.423737 
-0.467000 -0.422662 
-0.466000 -0.421582 
-0.465000 -0.420497 
-0.464000 -0.419407 
-0.463000 -0.418311 
-0.462000 -0.417211 
-0.461000 -0.416105 
-0.460000 -0.414995 
-0.459000 -0.413879 
-0.458000 -0.412758 
-0.457000 -0.411632 
-0.456000 -0.410500 
-0.455000 -0.409363 
-0.454000 -0.408221 
-0.453000 -0.407074 
-0.452000 -0.405921 
-0.451000 -0.404763 
-0.450000 -0.403600 
-0.449000 -0.402431 
-0.448000 -0.401256 
-0.447000 -0.400077 
-0.446000 -0.398891 
-0.445000 -0.397700 
-0.444000 -0.396504 
-0.443000 -0.395302 
-0.442000 -0.394095 
-0.441000 -0.392881 
-0.440000 -0.391663 
-0.439000 -0.390438 
-0.438000 -0.389208 
-0.437000 -0.387972 
-0.436000 -0.386730 
-0.435000 -0.385483 
-0.434000 -0.384229 
-0.433000 -0.382970 
-0.432000 -0.381705 
-0.431000 -0.380434 
-0.430000 -0.379157 
-0.429000 -0.377874 
-0.428000 -0.376585 
-0.427000 -0.375290 
-0.426000 -0.373989 
-0.425000 -0.372682 
-0.424000 -0.371368 
-0.423000 -0.370049 
-0.422000 -0.368723 
-0.421000 -0.367391 
-0.420000 -0.366053 
-0.419000 -0.364708 
-0.418000 -0.363357 
-0.417000 -0.362000 
-0.416000 -0.360636 
-0.415000 -0.359266 
-0.414000 -0.357889 
-0.413000 -0.356506 
-0.412000 -0.355116 
-0.411000 -0.353720 
-0.410000 -0.352317 
-0.409000 -0.350907 
-0.408000 -0.349491 
-0.407000 -0.348067 
-0.406000 -0.346637 
-0.405000 -0.345200 
-0.404000 -0.343757 
-0.403000 -0.342306 
-0.402000 -0.340848 
-0.401000 -0.339384 
-0.400000 -0.337912 
-0.399000 -0.336433 
-0.398000 -0.334947 
-0.397000 -0.333454 
-0.396000 -0.331954 
-0.395000 -0.330446 
-0.394000 -0.328931 
-0.393000 -0.327408 
-0.392000 -0.325879 
-0.391000 -0.324341 
-0.390000 -0.322797 
-0.389000 -0.321244 
-0.388000 -0.319684 
-0.387000 -0.318117 
-0.386000 -0.316541 
-0.385000 -0.314958 
-0.384000 -0.313367 
-0.383000 -0.311768 
-0.382000 -0.310162 
-0.381000 -0.308547 
-0.380000 -0.306924 
-0.379000 -0.305294 
-0.378000 -0.303655 
-0.377000 -0.302007 
-0.376000 -0.300352 
-0.375000 -0.298688 
-0.374000 -0.297016 
-0.373000 -0.295336 
-0.372000 -0.293647 
-0.371000 -0.291949 
-0.370000 -0.290243 
-0.369000 -0.288529 
-0.368000 -0.286805 
-0.367000 -0.285073 
-0.366000 -0.283332 
-0.365000 -0.281582 
-0.364000 -0.279823 
-0.363000 -0.278055 
-0.362000 -0.276278 
-0.361000 -0.274491 
-0.360000 -0.272696 
-0.359000 -0.270891 
-0.358000 -0.269077 
-0.357000 -0.267253 
-0.356000 -0.265420 
-0.355000 -0.263577 
-0.354000 -0.261724 
-0.353000 -0.259862 
-0.352000 -0.257990 
-0.351000 -0.256108 
-0.350000 -0.254216 
-0.349000 -0.252314 
-0.348000 -0.250402 
-0.347000 -0.248480 
-0.346000 -0.246548 
-0.345000 -0.244605 
-0.344000 -0.242651 
-0.343000 -0.240688 
-0.342000 -0.238713 
-0.341000 -0.236728 
-0.340000 -0.234732 
-0.339000 -0.232725 
-0.338000 -0.230707 
-0.337000 -0.228679 
-0.336000 -0.226639 
-0.335000 -0.224588 
-0.334000 -0.222525 
-0.333000 -0.220451 
-0.332000 -0.218366 
-0.331000 -0.216269 
-0.330000 -0.214160 
-0.329000 -0.212040 
-0.328000 -0.209908 
-0.327000 -0.207763 
-0.326000 -0.205607 
-0.325000 -0.203438 
-0.324000 -0.201257 
-0.323000 -0.199064 
-0.322000 -0.196858 
-0.321000 -0.194640 
-0.320000 -0.192408 
-0.319000 -0.190164 
-0.318000 -0.187907 
-0.317000 -0.185637 
-0.316000 -0.183354 
-0.315000 -0.181057 
-0.314000 -0.178747 
-0.313000 -0.176424 
-0.312000 -0.174086 
-0.311000 -0.171735 
-0.310000 -0.169370 
-0.309000 -0.166991 
-0.308000 -0.164598 
-0.307000 -0.162191 
-0.306000 -0.159769 
-0.305000 -0.157332 
-0.304000 -0.154881 
-0.303000 -0.152415 
-0.302000 -0.149934 
-0.301000 -0.147438 
-0.300000 -0.144926 
-0.299000 -0.142400 
-0.298000 -0.139857 
-0.297000 -0.137299 
-0.296000 -0.134725 
-0.295000 -0.132135 
-0.294000 -0.129529 
-0.293000 -0.126906 
-0.292000 -0.124267 
-0.291000 -0.121612 
-0.290000 -0.118939 
-0.289000 -0.116250 
-0.288000 -0.113543 
-0.287000 -0.110820 
-0.286000 -0.108078 
-0.285000 -0.105319 
-0.284000 -0.102542 
-0.283000 -0.099747 
-0.282000 -0.096934 
-0.281000 -0.094103 
-0.280000 -0.091252 
-0.279000 -0.088383 
-0.278000 -0.085496 
-0.277000 -0.082588 
-0.276000 -0.079662 
-0.275000 -0.076716 
-0.274000 -0.073750 
-0.273000 -0.070764 
-0.272000 -0.067758 
-0.271000 -0.064731 
-0.270000 -0.061684 
-0.269000 -0.058616 
-0.268000 -0.055527 
-0.267000 -0.052417 
-0.266000 -0.049285 
-0.265000 -0.046131 
-0.264000 -0.042955 
-0.263000 -0.039757 
-0.262000 -0.036536 
-0.261000 -0.033292 
-0.260000 -0.030026 
-0.259000 -0.026736 
-0.258000 -0.023422 
-0.257000 -0.020085 
-0.256000 -0.016724 
-0.255000 -0.013338 
-0.254000 -0.009927 
-0.253000 -0.006492 
-0.252000 -0.003031 
-0.251000 0.000455 
-0.250000 0.003967 
-0.249000 0.007505 
-0.248000 0.011070 
-0.247000 0.014661 
-0.246000 0.018280 
-0.245000 0.021926 
-0.244000 0.025600 
-0.243000 0.029302 
-0.242000 0.033032 
-0.241000 0.036791 
-0.240000 0.040579 
-0.239000 0.044397 
-0.238000 0.048244 
-0.237000 0.052122 
-0.236000 0.056031 
-0.235000 0.059970 
-0.234000 0.063941 
-0.233000 0.067944 
-0.232000 0.071978 
-0.231000 0.076046 
-0.230000 0.080146 
-0.229000 0.084280 
-0.228000 0.088448 
-0.227000 0.092650 
-0.226000 0.096887 
-0.225000 0.101160 
-0.224000 0.105468 
-0.223000 0.109812 
-0.222000 0.114193 
-0.221000 0.118611 
-0.220000 0.123067 
-0.219000 0.127561 
-0.218000 0.132094 
-0.217000 0.136666 
-0.216000 0.141277 
-0.215000 0.145929 
-0.214000 0.150623 
-0.213000 0.155357 
-0.212000 0.160134 
-0.211000 0.164953 
-0.210000 0.169816 
-0.209000 0.174722 
-0.208000 0.179673 
-0.207000 0.184670 
-0.206000 0.189712 
-0.205000 0.194800 
-0.204000 0.199936 
-0.203000 0.205120 
-0.202000 0.210352 
-0.201000 0.215633 
-0.200000 0.220965 
-0.199000 0.226347 
-0.198000 0.231781 
-0.197000 0.237268 
-0.196000 0.242807 
-0.195000 0.248401 
-0.194000 0.254049 
-0.193000 0.259753 
-0.192000 0.265513 
-0.191000 0.271331 
-0.190000 0.277208 
-0.189000 0.283143 
-0.188000 0.289139 
-0.187000 0.295196 
-0.186000 0.301315 
-0.185000 0.307497 
-0.184000 0.313743 
-0.183000 0.320055 
-0.182000 0.326433 
-0.181000 0.332878 
-0.180000 0.339392 
-0.179000 0.345976 
-0.178000 0.352630 
-0.177000 0.359357 
-0.176000 0.366156 
-0.175000 0.373031 
-0.174000 0.379981 
-0.173000 0.387008 
-0.172000 0.394114 
-0.171000 0.401299 
-0.170000 0.408566 
-0.169000 0.415915 
-0.168000 0.423349 
-0.167000 0.430868 
-0.166000 0.438474 
-0.165000 0.446169 
-0.164000 0.453954 
-0.163000 0.461831 
-0.162000 0.469802 
-0.161000 0.477869 
-0.160000 0.486032 
-0.159000 0.494295 
-0.158000 0.502658 
-0.157000 0.511124 
-0.156000 0.519695 
-0.155000 0.528372 
-0.154000 0.537158 
-0.153000 0.546055 
-0.152000 0.555064 
-0.151000 0.564189 
-0.150000 0.573431 
-0.149000 0.582793 
-0.148000 0.592276 
-0.147000 0.601884 
-0.146000 0.611619 
-0.145000 0.621483 
-0.144000 0.631479 
-0.143000 0.641610 
-0.142000 0.651878 
-0.141000 0.662287 
-0.140000 0.672838 
-0.139000 0.683535 
-0.138000 0.694381 
-0.137000 0.705380 
-0.136000 0.716533 
-0.135000 0.727845 
-0.134000 0.739318 
-0.133000 0.750957 
-0.132000 0.762764 
-0.131000 0.774743 
-0.130000 0.786898 
-0.129000 0.799233 
-0.128000 0.811751 
-0.127000 0.824456 
-0.126000 0.837352 
-0.125000 0.850444 
-0.124000 0.863735 
-0.123000 0.877230 
-0.122000 0.890933 
-0.121000 0.904849 
-0.120000 0.918982 
-0.119000 0.933337 
-0.118000 0.947918 
-0.117000 0.962732 
-0.116000 0.977781 
-0.115000 0.993072 
-0.114000 1.008610 
-0.113000 1.024400 
-0.112000 1.040447 
-0.111000 1.056757 
-0.110000 1.073335 
-0.109000 1.090186 
-0.108000 1.107317 
-0.107000 1.124733 
-0.106000 1.142440 
-0.105000 1.160443 
-0.104000 1.178748 
-0.103000 1.197362 
-0.102000 1.216289 
-0.101000 1.235537 
-0.100000 1.255109 
-0.099000 1.275013 
-0.098000 1.295253 
-0.097000 1.315836 
-0.096000 1.336766 
-0.095000 1.358049 
-0.094000 1.379689 
-0.093000 1.401691 
-0.092000 1.424060 
-0.091000 1.446799 
-0.090000 1.469912 
-0.089000 1.493401 
-0.088000 1.517269 
-0.087000 1.541518 
-0.086000 1.566148 
-0.085000 1.591159 
-0.084000 1.616550 
-0.083000 1.642318 
-0.082000 1.668460 
-0.081000 1.694972 
-0.080000 1.721845 
-0.079000 1.749071 
-0.078000 1.776641 
-0.077000 1.804540 
-0.076000 1.832753 
-0.075000 1.861262 
-0.074000 1.890046 
-0.073000 1.919080 
-0.072000 1.948336 
-0.071000 1.977781 
-0.070000 2.007378 
-0.069000 2.037086 
-0.068000 2.066858 
-0.067000 2.096643 
-0.066000 2.126381 
-0.065000 2.156010 
-0.064000 2.185458 
-0.063000 2.214649 
-0.062000 2.243496 
-0.061000 2.271909 
-0.060000 2.299787 
-0.059000 2.327024 
-0.058000 2.353505 
-0.057000 2.379108 
-0.056000 2.403705 
-0.055000 2.427161 
-0.054000 2.449334 
-0.053000 2.470080 
-0.052000 2.489249 
-0.051000 2.506691 
-0.050000 2.522253 
-0.049000 2.535787 
-0.048000 2.547147 
-0.047000 2.556191 
-0.046000 2.562789 
-0.045000 2.566819 
-0.044000 2.568175 
-0.043000 2.566767 
-0.042000 2.562522 
-0.041000 2.555388 
-0.040000 2.545338 
-0.039000 2.532365 
-0.038000 2.516488 
-0.037000 2.497297 
-0.036000 2.475683 
-0.035000 2.451313 
-0.034000 2.424286 
-0.033000 2.394721 
-0.032000 2.362756 
-0.031000 2.328547 
-0.030000 2.292260 
-0.029000 2.254075 
-0.028000 2.214177 
-0.027000 2.172757 
-0.026000 2.130004 
-0.025000 2.086111 
-0.024000 2.041264 
-0.023000 1.995644 
-0.022000 1.949425 
-0.021000 1.902773 
-0.020000 1.855842 
-0.019000 1.808779 
-0.018000 1.761717 
-0.017000 1.714779 
-0.016000 1.668075 
-0.015000 1.621707 
-0.014000 1.575764 
-0.013000 1.530324 
-0.012000 1.485456 
-0.011000 1.441220 
-0.010000 1.397667 
-0.009000 1.354840 
-0.008000 1.312773 
-0.007000 1.271495 
-0.006000 1.231029 
-0.005000 1.191391 
-0.004000 1.152593 
-0.003000 1.114641 
-0.002000 1.077540 
-0.001000 1.041290 
-0.000000 1.005886 
0.001000 0.971323 
0.002000 0.937594 
0.003000 0.904687 
0.004000 0.872593 
0.005000 0.841297 
0.006000 0.810785 
0.007000 0.781042 
0.008000 0.752053 
0.009000 0.723802 
0.010000 0.696271 
0.011000 0.669443 
0.012000 0.643302 
0.013000 0.617829 
0.014000 0.593009 
0.015000 0.568822 
0.016000 0.545253 
0.017000 0.522285 
0.018000 0.499900 
0.019000 0.478083 
0.020000 0.456817 
0.021000 0.436087 
0.022000 0.415877 
0.023000 0.396172 
0.024000 0.376957 
0.025000 0.358218 
0.026000 0.339942 
0.027000 0.322113 
0.028000 0.304720 
0.029000 0.287749 
0.030000 0.271189 
0.031000 0.255026 
0.032000 0.239249 
0.033000 0.223847 
0.034000 0.208809 
0.035000 0.194123 
0.036000 0.179781 
0.037000 0.165771 
0.038000 0.152085 
0.039000 0.138712 
0.040000 0.125645 
0.041000 0.112873 
0.042000 0.100388 
0.043000 0.088183 
0.044000 0.076249 
0.045000 0.064579 
0.046000 0.053166 
0.047000 0.042001 
0.048000 0.031079 
0.049000 0.020392 
0.050000 0.009934 
0.051000 -0.000302 
0.052000 -0.010320 
0.053000 -0.020128 
0.054000 -0.029731 
0.055000 -0.039134 
0.056000 -0.048343 
0.057000 -0.057362 
0.058000 -0.066198 
0.059000 -0.074854 
0.060000 -0.083336 
0.061000 -0.091647 
0.062000 -0.099793 
0.063000 -0.107777 
0.064000 -0.115604 
0.065000 -0.123277 
0.066000 -0.130801 
0.067000 -0.138179 
0.068000 -0.145414 
0.069000 -0.152511 
0.070000 -0.159473 
0.071000 -0.166302 
0.072000 -0.173003 
0.073000 -0.179578 
0.074000 -0.186030 
0.075000 -0.192362 
0.076000 -0.198577 
0.077000 -0.204678 
0.078000 -0.210668 
0.079000 -0.216548 
0.080000 -0.222322 
0.081000 -0.227992 
0.082000 -0.233560 
0.083000 -0.239029 
0.084000 -0.244400 
0.085000 -0.249677 
0.086000 -0.254860 
0.087000 -0.259953 
0.088000 -0.264957 
0.089000 -0.269874 
0.090000 -0.274706 
0.091000 -0.279454 
0.092000 -0.284122 
0.093000 -0.288709 
0.094000 -0.293219 
0.095000 -0.297652 
0.096000 -0.302010 
0.097000 -0.306295 
0.098000 -0.310509 
0.099000 -0.314652 
0.100000 -0.318726 
0.101000 -0.322733 
0.102000 -0.326674 
0.103000 -0.330550 
0.104000 -0.334362 
0.105000 -0.338112 
0.106000 -0.341802 
0.107000 -0.345431 
0.108000 -0.349002 
0.109000 -0.352515 
0.110000 -0.355972 
0.111000 -0.359374 
0.112000 -0.362721 
0.113000 -0.366015 
0.114000 -0.369257 
0.115000 -0.372447 
0.116000 -0.375588 
0.117000 -0.378678 
0.118000 -0.381721 
0.119000 -0.384715 
0.120000 -0.387663 
0.121000 -0.390565 
0.122000 -0.393422 
0.123000 -0.396235 
0.124000 -0.399004 
0.125000 -0.401730 
0.126000 -0.404414 
0.127000 -0.407057 
0.128000 -0.409660 
0.129000 -0.412223 
0.130000 -0.414746 
0.131000 -0.417231 
0.132000 -0.419679 
0.133000 -0.422089 
0.134000 -0.424462 
0.135000 -0.426799 
0.136000 -0.429101 
0.137000 -0.431369 
0.138000 -0.433602 
0.139000 -0.435801 
0.140000 -0.437967 
0.141000 -0.440101 
0.142000 -0.442203 
0.143000 -0.444273 
0.144000 -0.446312 
0.145000 -0.448320 
0.146000 -0.450299 
0.147000 -0.452247 
0.148000 -0.454167 
0.149000 -0.456058 
0.150000 -0.457920 
0.151000 -0.459755 
0.152000 -0.461563 
0.153000 -0.463343 
0.154000 -0.465097 
0.155000 -0.466824 
0.156000 -0.468526 
0.157000 -0.470202 
0.158000 -0.471854 
0.159000 -0.473480 
0.160000 -0.475083 
0.161000 -0.476661 
0.162000 -0.478216 
0.163000 -0.479747 
0.164000 -0.481256 
0.165000 -0.482742 
0.166000 -0.484205 
0.167000 -0.485647 
0.168000 -0.487067 
0.169000 -0.488465 
0.170000 -0.489843 
0.171000 -0.491199 
0.172000 -0.492535 
0.173000 -0.493851 
0.174000 -0.495147 
0.175000 -0.496423 
0.176000 -0.497680 
0.177000 -0.498918 
0.178000 -0.500136 
0.179000 -0.501336 
0.180000 -0.502518 
0.181000 -0.503681 
0.182000 -0.504827 
0.183000 -0.505955 
0.184000 -0.507065 
0.185000 -0.508158 
0.186000 -0.509234 
0.187000 -0.510293 
0.188000 -0.511335 
0.189000 -0.512361 
0.190000 -0.513371 
0.191000 -0.514365 
0.192000 -0.515343 
0.193000 -0.516306 
0.194000 -0.517253 
0.195000 -0.518185 
0.196000 -0.519101 
0.197000 -0.520003 
0.198000 -0.520890 
0.199000 -0.521763 
0.200000 -0.522621 
0.201000 -0.523465 
0.202000 -0.524296 
0.203000 -0.525112 
0.204000 -0.525914 
0.205000 -0.526703 
0.206000 -0.527479 
0.207000 -0.528241 
0.208000 -0.528991 
0.209000 -0.529727 
0.210000 -0.530451 
0.211000 -0.531162 
0.212000 -0.531860 
0.213000 -0.532546 
0.214000 -0.533220 
0.215000 -0.533882 
0.216000 -0.534532 
0.217000 -0.535170 
0.218000 -0.535796 
0.219000 -0.536411 
0.220000 -0.537014 
0.221000 -0.537606 
0.222000 -0.538187 
0.223000 -0.538756 
0.224000 -0.539315 
0.225000 -0.539863 
0.226000 -0.540400 
0.227000 -0.540926 
0.228000 -0.541442 
0.229000 -0.541947 
0.230000 -0.542442 
0.231000 -0.542927 
0.232000 -0.543401 
0.233000 -0.543866 
0.234000 -0.544320 
0.235000 -0.544765 
0.236000 -0.545200 
0.237000 -0.545626 
0.238000 -0.546042 
0.239000 -0.546448 
0.240000 -0.546845 
0.241000 -0.547233 
0.242000 -0.547611 
0.243000 -0.547981 
0.244000 -0.548341 
0.245000 -0.548693 
0.246000 -0.549035 
0.247000 -0.549369 
0.248000 -0.549694 
0.249000 -0.550011 
0.250000 -0.550319 
0.251000 -0.550618 
0.252000 -0.550909 
0.253000 -0.551192 
0.254000 -0.551467 
0.255000 -0.551733 
0.256000 -0.551991 
0.257000 -0.552241 
0.258000 -0.552484 
0.259000 -0.552718 
0.260000 -0.552944 
0.261000 -0.553163 
0.262000 -0.553374 
0.263000 -0.553577 
0.264000 -0.553773 
0.265000 -0.553961 
0.266000 -0.554142 
0.267000 -0.554316 
0.268000 -0.554482 
0.269000 -0.554640 
0.270000 -0.554792 
0.271000 -0.554936 
0.272000 -0.555074 
0.273000 -0.555204 
0.274000 -0.555327 
0.275000 -0.555443 
0.276000 -0.555553 
0.277000 -0.555655 
0.278000 -0.555751 
0.279000 -0.555840 
0.280000 -0.555922 
0.281000 -0.555998 
0.282000 -0.556067 
0.283000 -0.556129 
0.284000 -0.556185 
0.285000 -0.556234 
0.286000 -0.556278 
0.287000 -0.556314 
0.288000 -0.556345 
0.289000 -0.556369 
0.290000 -0.556387 
0.291000 -0.556398 
0.292000 -0.556404 
0.293000 -0.556403 
0.294000 -0.556396 
0.295000 -0.556384 
0.296000 -0.556365 
0.297000 -0.556340 
0.298000 -0.556310 
0.299000 -0.556273 
0.300000 -0.556231 
0.301000 -0.556183 
0.302000 -0.556129 
0.303000 -0.556069 
0.304000 -0.556004 
0.305000 -0.555933 
0.306000 -0.555856 
0.307000 -0.555774 
0.308000 -0.555686 
0.309000 -0.555593 
0.310000 -0.555494 
0.311000 -0.555389 
0.312000 -0.555280 
0.313000 -0.555164 
0.314000 -0.555044 
0.315000 -0.554918 
0.316000 -0.554787 
0.317000 -0.554650 
0.318000 -0.554508 
0.319000 -0.554361 
0.320000 -0.554209 
0.321000 -0.554051 
0.322000 -0.553889 
0.323000 -0.553721 
0.324000 -0.553548 
0.325000 -0.553370 
0.326000 -0.553187 
0.327000 -0.552999 
0.328000 -0.552806 
0.329000 -0.552608 
0.330000 -0.552406 
0.331000 -0.552198 
0.332000 -0.551985 
0.333000 -0.551767 
0.334000 -0.551545 
0.335000 -0.551317 
0.336000 -0.551085 
0.337000 -0.550848 
0.338000 -0.550606 
0.339000 -0.550360 
0.340000 -0.550108 
0.341000 -0.549852 
0.342000 -0.549592 
0.343000 -0.549326 
0.344000 -0.549056 
0.345000 -0.548782 
0.346000 -0.548502 
0.347000 -0.548218 
0.348000 -0.547930 
0.349000 -0.547637 
0.350000 -0.547339 
0.351000 -0.547037 
0.352000 -0.546730 
0.353000 -0.546419 
0.354000 -0.546103 
0.355000 -0.545783 
0.356000 -0.545458 
0.357000 -0.545129 
0.358000 -0.544796 
0.359000 -0.544458 
0.360000 -0.544115 
0.361000 -0.543769 
0.362000 -0.543417 
0.363000 -0.543062 
0.364000 -0.542702 
0.365000 -0.542338 
0.366000 -0.541970 
0.367000 -0.541597 
0.368000 -0.541220 
0.369000 -0.540838 
0.370000 -0.540453 
0.371000 -0.540063 
0.372000 -0.539668 
0.373000 -0.539270 
0.374000 -0.538867 
0.375000 -0.538461 
0.376000 -0.538049 
0.377000 -0.537634 
0.378000 -0.537215 
0.379000 -0.536791 
0.380000 -0.536363 
0.381000 -0.535931 
0.382000 -0.535495 
0.383000 -0.535055 
0.384000 -0.534610 
0.385000 -0.534162 
0.386000 -0.533709 
0.387000 -0.533252 
0.388000 -0.532792 
0.389000 -0.532327 
0.390000 -0.531858 
0.391000 -0.531384 
0.392000 -0.530907 
0.393000 -0.530426 
0.394000 -0.529941 
0.395000 -0.529451 
0.396000 -0.528958 
0.397000 -0.528460 
0.398000 -0.527959 
0.399000 -0.527453 
0.400000 -0.526943 
0.401000 -0.526430 
0.402000 -0.525912 
0.403000 -0.525390 
0.404000 -0.524865 
0.405000 -0.524335 
0.406000 -0.523801 
0.407000 -0.523264 
0.408000 -0.522722 
0.409000 -0.522176 
0.410000 -0.521627 
0.411000 -0.521073 
0.412000 -0.520515 
0.413000 -0.519954 
0.414000 -0.519388 
0.415000 -0.518818 
0.416000 -0.518245 
0.417000 -0.517667 
0.418000 -0.517086 
0.419000 -0.516500 
0.420000 -0.515911 
0.421000 -0.515318 
0.422000 -0.514720 
0.423000 -0.514119 
0.424000 -0.513514 
0.425000 -0.512904 
0.426000 -0.512291 
0.427000 -0.511674 
0.428000 -0.511053 
0.429000 -0.510428 
0.430000 -0.509799 
0.431000 -0.509166 
0.432000 -0.508529 
0.433000 -0.507888 
0.434000 -0.507243 
0.435000 -0.506594 
0.436000 -0.505941 
0.437000 -0.505284 
0.438000 -0.504624 
0.439000 -0.503959 
0.440000 -0.503290 
0.441000 -0.502617 
0.442000 -0.501941 
0.443000 -0.501260 
0.444000 -0.500575 
0.445000 -0.499887 
0.446000 -0.499194 
0.447000 -0.498497 
0.448000 -0.497797 
0.449000 -0.497092 
0.450000 -0.496384 
0.451000 -0.495671 
0.452000 -0.494954 
0.453000 -0.494234 
0.454000 -0.493509 
0.455000 -0.492780 
0.456000 -0.492047 
0.457000 -0.491311 
0.458000 -0.490570 
0.459000 -0.489825 
0.460000 -0.489076 
0.461000 -0.488323 
0.462000 -0.487566 
0.463000 -0.486725 
0.464000 -0.485959 
0.465000 -0.485189 
0.466000 -0.484415 
0.467000 -0.483637 
0.468000 -0.482855 
0.469000 -0.482069 
0.470000 -0.481279 
0.471000 -0.480484 
0.472000 -0.479685 
0.473000 -0.478883 
0.474000 -0.478075 
0.475000 -0.477264 
0.476000 -0.476449 
0.477000 -0.475629 
0.478000 -0.474805 
0.479000 -0.473977 
0.480000 -0.473145 
0.481000 -0.472308 
0.482000 -0.471468 
0.483000 -0.470622 
0.484000 -0.469773 
0.485000 -0.468920 
0.486000 -0.468062 
0.487000 -0.467199 
0.488000 -0.466333 
0.489000 -0.465462 
0.490000 -0.464587 
0.491000 -0.463707 
0.492000 -0.462823 
0.493000 -0.461935 
0.494000 -0.461042 
0.495000 -0.460145 
0.496000 -0.459244 
0.497000 -0.458338 
0.498000 -0.457428 
0.499000 -0.456513 
0.500000 -0.455594 
0.501000 -0.454670 
0.502000 -0.453742 
0.503000 -0.452809 
0.504000 -0.451872 
0.505000 -0.450931 
0.506000 -0.449984 
0.507000 -0.449034 
0.508000 -0.448078 
0.509000 -0.447118 
0.510000 -0.446154 
0.511000 -0.445185 
0.512000 -0.444211 
0.513000 -0.443232 
0.514000 -0.442249 
0.515000 -0.441262 
0.516000 -0.440269 
0.517000 -0.439272 
0.518000 -0.438270 
0.519000 -0.437263 
0.520000 -0.436252 
0.521000 -0.435236 
0.522000 -0.434215 
0.523000 -0.433189 
0.524000 -0.432158 
0.525000 -0.431123 
0.526000 -0.430082 
0.527000 -0.429037 
0.528000 -0.427987 
0.529000 -0.426932 
0.530000 -0.425872 
0.531000 -0.424807 
0.532000 -0.423737 
0.533000 -0.422662 
0.534000 -0.421582 
0.535000 -0.420497 
0.536000 -0.419407 
0.537000 -0.418311 
0.538000 -0.417211 
0.539000 -0.416105 
0.540000 -0.414995 
0.541000 -0.413879 
0.542000 -0.412758 
0.543000 -0.411632 
0.544000 -0.410500 
0.545000 -0.409363 
0.546000 -0.408221 
0.547000 -0.407074 
0.548000 -0.405921 
0.549000 -0.404763 
0.550000 -0.403600 
0.551000 -0.402431 
0.552000 -0.401256 
0.553000 -0.400077 
0.554000 -0.398891 
0.555000 -0.397700 
0.556000 -0.396504 
0.557000 -0.395302 
0.558000 -0.394095 
0.559000 -0.392881 
0.560000 -0.391663 
0.561000 -0.390438 
0.562000 -0.389208 
0.563000 -0.387972 
0.564000 -0.386730 
0.565000 -0.385483 
0.566000 -0.384229 
0.567000 -0.382970 
0.568000 -0.381705 
0.569000 -0.380434 
0.570000 -0.379157 
0.571000 -0.377874 
0.572000 -0.376585 
0.573000 -0.375290 
0.574000 -0.373989 
0.575000 -0.372682 
0.576000 -0.371368 
0.577000 -0.370049 
0.578000 -0.368723 
0.579000 -0.367391 
0.580000 -0.366053 
0.581000 -0.364708 
0.582000 -0.363357 
0.583000 -0.362000 
0.584000 -0.360636 
0.585000 -0.359266 
0.586000 -0.357889 
0.587000 -0.356506 
0.588000 -0.355116 
0.589000 -0.353720 
0.590000 -0.352317 
0.591000 -0.350907 
0.592000 -0.349491 
0.593000 -0.348067 
0.594000 -0.346637 
0.595000 -0.345200 
0.596000 -0.343757 
0.597000 -0.342306 
0.598000 -0.340848 
0.599000 -0.339384 
0.600000 -0.337912 
0.601000 -0.336433 
0.602000 -0.334947 
0.603000 -0.333454 
0.604000 -0.331954 
0.605000 -0.330446 
0.606000 -0.328931 
0.607000 -0.327408 
0.608000 -0.325879 
0.609000 -0.324341 
0.610000 -0.322797 
0.611000 -0.321244 
0.612000 -0.319684 
0.613000 -0.318117 
0.614000 -0.316541 
0.615000 -0.314958 
0.616000 -0.313367 
0.617000 -0.311768 
0.618000 -0.310162 
0.619000 -0.308547 
0.620000 -0.306924 
0.621000 -0.305294 
0.622000 -0.303655 
0.623000 -0.302007 
0.624000 -0.300352 
0.625000 -0.298688 
0.626000 -0.297016 
0.627000 -0.295336 
0.628000 -0.293647 
0.629000 -0.291949 
0.630000 -0.290243 
0.631000 -0.288529 
0.632000 -0.286805 
0.633000 -0.285073 
0.634000 -0.283332 
0.635000 -0.281582 
0.636000 -0.279823 
0.637000 -0.278055 
0.638000 -0.276278 
0.639000 -0.274491 
0.640000 -0.272696 
0.641000 -0.270891 
0.642000 -0.269077 
0.643000 -0.267253 
0.644000 -0.265420 
0.645000 -0.263577 
0.646000 -0.261724 
0.647000 -0.259862 
0.648000 -0.257990 
0.649000 -0.256108 
0.650000 -0.254216 
0.651000 -0.252314 
0.652000 -0.250402 
0.653000 -0.248480 
0.654000 -0.246548 
0.655000 -0.244605 
0.656000 -0.242651 
0.657000 -0.240688 
0.658000 -0.238713 
0.659000 -0.236728 
0.660000 -0.234732 
0.661000 -0.232725 
0.662000 -0.230707 
0.663000 -0.228679 
0.664000 -0.226639 
0.665000 -0.224588 
0.666000 -0.222525 
0.667000 -0.220451 
0.668000 -0.218366 
0.669000 -0.216269 
0.670000 -0.214160 
0.671000 -0.212040 
0.672000 -0.209908 
0.673000 -0.207763 
0.674000 -0.205607 
0.675000 -0.203438 
0.676000 -0.201257 
0.677000 -0.199064 
0.678000 -0.196858 
0.679000 -0.194640 
0.680000 -0.192408 
0.681000 -0.190164 
0.682000 -0.187907 
0.683000 -0.185637 
0.684000 -0.183354 
0.685000 -0.181057 
0.686000 -0.178747 
0.687000 -0.176424 
0.688000 -0.174086 
0.689000 -0.171735 
0.690000 -0.169370 
0.691000 -0.166991 
0.692000 -0.164598 
0.693000 -0.162191 
0.694000 -0.159769 
0.695000 -0.157332 
0.696000 -0.154881 
0.697000 -0.152415 
0.698000 -0.149934 
0.699000 -0.147438 
0.700000 -0.144926 
0.701000 -0.142400 
0.702000 -0.139857 
0.703000 -0.137299 
0.704000 -0.134725 
0.705000 -0.132135 
0.706000 -0.129529 
0.707000 -0.126906 
0.708000 -0.124267 
0.709000 -0.121612 
0.710000 -0.118939 
0.711000 -0.116250 
0.712000 -0.113543 
0.713000 -0.110820 
0.714000 -0.108078 
0.715000 -0.105319 
0.716000 -0.102542 
0.717000 -0.099747 
0.718000 -0.096934 
0.719000 -0.094103 
0.720000 -0.091252 
0.721000 -0.088383 
0.722000 -0.085496 
0.723000 -0.082588 
0.724000 -0.079662 
0.725000 -0.076716 
0.726000 -0.073750 
0.727000 -0.070764 
0.728000 -0.067758 
0.729000 -0.064731 
0.730000 -0.061684 
0.731000 -0.058616 
0.732000 -0.055527 
0.733000 -0.052417 
0.734000 -0.049285 
0.735000 -0.046131 
0.736000 -0.042955 
0.737000 -0.039757 
0.738000 -0.036536 
0.739000 -0.033292 
0.740000 -0.030026 
0.741000 -0.026736 
0.742000 -0.023422 
0.743000 -0.020085 
0.744000 -0.016724 
0.745000 -0.013338 
0.746000 -0.009927 
0.747000 -0.006492 
0.748000 -0.003031 
0.749000 0.000455 
0.750000 0.003967 
0.751000 0.007505 
0.752000 0.011070 
0.753000 0.014661 
0.754000 0.018280 
0.755000 0.021926 
0.756000 0.025600 
0.757000 0.029302 
0.758000 0.033032 
0.759000 0.036791 
0.760000 0.040579 
0.761000 0.044397 
0.762000 0.048244 
0.763000 0.052122 
0.764000 0.056031 
0.765000 0.059970 
0.766000 0.063941 
0.767000 0.067944 
0.768000 0.071978 
0.769000 0.076046 
0.770000 0.080146 
0.771000 0.084280 
0.772000 0.088448 
0.773000 0.092650 
0.774000 0.096887 
0.775000 0.101160 
0.776000 0.105468 
0.777000 0.109812 
0.778000 0.114193 
0.779000 0.118611 
0.780000 0.123067 
0.781000 0.127561 
0.782000 0.132094 
0.783000 0.136666 
0.784000 0.141277 
0.785000 0.145929 
0.786000 0.150623 
0.787000 0.155357 
0.788000 0.160134 
0.789000 0.164953 
0.790000 0.169816 
0.791000 0.174722 
0.792000 0.179673 
0.793000 0.184670 
0.794000 0.189712 
0.795000 0.194800 
0.796000 0.199936 
0.797000 0.205120 
0.798000 0.210352 
0.799000 0.215633 
0.800000 0.220965 
0.801000 0.226347 
0.802000 0.231781 
0.803000 0.237268 
0.804000 0.242807 
0.805000 0.248401 
0.806000 0.254049 
0.807000 0.259753 
0.808000 0.265513 
0.809000 0.271331 
0.810000 0.277208 
0.811000 0.283143 
0.812000 0.289139 
0.813000 0.295196 
0.814000 0.301315 
0.815000 0.307497 
0.816000 0.313743 
0.817000 0.320055 
0.818000 0.326433 
0.819000 0.332878 
0.820000 0.339392 
0.821000 0.345976 
0.822000 0.352630 
0.823000 0.359357 
0.824000 0.366156 
0.825000 0.373031 
0.826000 0.379981 
0.827000 0.387008 
0.828000 0.394114 
0.829000 0.401299 
0.830000 0.408566 
0.831000 0.415915 
0.832000 0.423349 
0.833000 0.430868 
0.834000 0.438474 
0.835000 0.446169 
0.836000 0.453954 
0.837000 0.461831 
0.838000 0.469802 
0.839000 0.477869 
0.840000 0.486032 
0.841000 0.494295 
0.842000 0.502658 
0.843000 0.511124 
0.844000 0.519695 
0.845000 0.528372 
0.846000 0.537158 
0.847000 0.546055 
0.848000 0.555064 
0.849000 0.564189 
0.850000 0.573431 
0.851000 0.582793 
0.852000 0.592276 
0.853000 0.601884 
0.854000 0.611619 
0.855000 0.621483 
0.856000 0.631479 
0.857000 0.641610 
0.858000 0.651878 
0.859000 0.662287 
0.860000 0.672838 
0.861000 0.683535 
0.862000 0.694381 
0.863000 0.705380 
0.864000 0.716533 
0.865000 0.727845 
0.866000 0.739318 
0.867000 0.750957 
0.868000 0.762764 
0.869000 0.774743 
0.870000 0.786898 
0.871000 0.799233 
0.872000 0.811751 
0.873000 0.824456 
0.874000 0.837352 
0.875000 0.850444 
0.876000 0.863735 
0.877000 0.877230 
0.878000 0.890933 
0.879000 0.904849 
0.880000 0.918982 
0.881000 0.933337 
0.882000 0.947918 
0.883000 0.962732 
0.884000 0.977781 
0.885000 0.993072 
0.886000 1.008610 
0.887000 1.024400 
0.888000 1.040447 
0.889000 1.056757 
0.890000 1.073335 
0.891000 1.090186 
0.892000 1.107317 
0.893000 1.124733 
0.894000 1.142440 
0.895000 1.160443 
0.896000 1.178748 
0.897000 1.197362 
0.898000 1.216289 
0.899000 1.235537 
0.900000 1.255109 
0.901000 1.275013 
0.902000 1.295253 
0.903000 1.315836 
0.904000 1.336766 
0.905000 1.358049 
0.906000 1.379689 
0.907000 1.401691 
0.908000 1.424060 
0.909000 1.446799 
0.910000 1.469912 
0.911000 1.493401 
0.912000 1.517269 
0.913000 1.541518 
0.914000 1.566148 
0.915000 1.591159 
0.916000 1.616550 
0.917000 1.642318 
0.918000 1.668460 
0.919000 1.694972 
0.920000 1.721845 
0.921000 1.749071 
0.922000 1.776641 
0.923000 1.804540 
0.924000 1.832753 
0.925000 1.861262 
0.926000 1.890046 
0.927000 1.919080 
0.928000 1.948336 
0.929000 1.977781 
0.930000 2.007378 
0.931000 2.037086 
0.932000 2.066858 
0.933000 2.096643 
0.934000 2.126381 
0.935000 2.156010 
0.936000 2.185458 
0.937000 2.214649 
0.938000 2.243496 
0.939000 2.271909 
0.940000 2.299787 
0.941000 2.327024 
0.942000 2.353505 
0.943000 2.379108 
0.944000 2.403705 
0.945000 2.427161 
0.946000 2.449334 
0.947000 2.470080 
0.948000 2.489249 
0.949000 2.506691 
0.950000 2.522253 
0.951000 2.535787 
0.952000 2.547147 
0.953000 2.556191 
0.954000 2.562789 
0.955000 2.566819 
0.956000 2.568175 
0.957000 2.566767 
0.958000 2.562522 
0.959000 2.555388 
0.960000 2.545338 
0.961000 2.532365 
0.962000 2.516488 
0.963000 2.497297 
0.964000 2.475683 
0.965000 2.451313 
0.966000 2.424286 
0.967000 2.394721 
0.968000 2.362756 
0.969000 2.328547 
0.970000 2.292260 
0.971000 2.254075 
0.972000 2.214177 
0.973000 2.172757 
0.974000 2.130004 
0.975000 2.086111 
0.976000 2.041264 
0.977000 1.995644 
0.978000 1.949425 
0.979000 1.902773 
0.980000 1.855842 
0.981000 1.808779 
0.982000 1.761717 
0.983000 1.714779 
0.984000 1.668075 
0.985000 1.621707 
0.986000 1.575764 
0.987000 1.530324 
0.988000 1.485456 
0.989000 1.441220 
0.990000 1.397667 
0.991000 1.354840 
0.992000 1.312773 
0.993000 1.271495 
0.994000 1.231029 
0.995000 1.191391 
0.996000 1.152593 
0.997000 1.114641 
0.998000 1.077540 
0.999000 1.041290 
1.000000 1.005886 
1.001000 0.971323 
1.002000 0.937594 
1.003000 0.904687 
1.004000 0.872593 
1.005000 0.841297 
1.006000 0.810785 
1.007000 0.781042 
1.008000 0.752053 
1.009000 0.723802 
1.010000 0.696271 
1.011000 0.669443 
1.012000 0.643302 
1.013000 0.617829 
1.014000 0.593009 
1.015000 0.568822 
1.016000 0.545253 
1.017000 0.522285 
1.018000 0.499900 
1.019000 0.478083 
1.020000 0.456817 
1.021000 0.436087 
1.022000 0.415877 
1.023000 0.396172 
1.024000 0.376957 
1.025000 0.358218 
1.026000 0.339942 
1.027000 0.322113 
1.028000 0.304720 
1.029000 0.287749 
1.030000 0.271189 
1.031000 0.255026 
1.032000 0.239249 
1.033000 0.223847 
1.034000 0.208809 
1.035000 0.194123 
1.036000 0.179781 
1.037000 0.165771 
1.038000 0.152085 
1.039000 0.138712 
1.040000 0.125645 
1.041000 0.112873 
1.042000 0.100388 
1.043000 0.088183 
1.044000 0.076249 
1.045000 0.064579 
1.046000 0.053166 
1.047000 0.042001 
1.048000 0.031079 
1.049000 0.020392 
1.050000 0.009934 
1.051000 -0.000302 
1.052000 -0.010320 
1.053000 -0.020128 
1.054000 -0.029731 
1.055000 -0.039134 
1.056000 -0.048343 
1.057000 -0.057362 
1.058000 -0.066198 
1.059000 -0.074854 
1.060000 -0.083336 
1.061000 -0.091647 
1.062000 -0.099793 
1.063000 -0.107777 
1.064000 -0.115604 
1.065000 -0.123277 
1.066000 -0.130801 
1.067000 -0.138179 
1.068000 -0.145414 
1.069000 -0.152511 
1.070000 -0.159473 
1.071000 -0.166302 
1.072000 -0.173003 
1.073000 -0.179578 
1.074000 -0.186030 
1.075000 -0.192362 
1.076000 -0.198577 
1.077000 -0.204678 
1.078000 -0.210668 
1.079000 -0.216548 
1.080000 -0.222322 
1.081000 -0.227992 
1.082000 -0.233560 
1.083000 -0.239029 
1.084000 -0.244400 
1.085000 -0.249677 
1.086000 -0.254860 
1.087000 -0.259953 
1.088000 -0.264957 
1.089000 -0.269874 
1.090000 -0.274706 
1.091000 -0.279454 
1.092000 -0.284122 
1.093000 -0.288709 
1.094000 -0.293219 
1.095000 -0.297652 
1.096000 -0.302010 
1.097000 -0.306295 
1.098000 -0.310509 
1.099000 -0.314652 
1.100000 -0.318726 
1.101000 -0.322733 
1.102000 -0.326674 
1.103000 -0.330550 
1.104000 -0.334362 
1.105000 -0.338112 
1.106000 -0.341802 
1.107000 -0.345431 
1.108000 -0.349002 
1.109000 -0.352515 
1.110000 -0.355972 
1.111000 -0.359374 
1.112000 -0.362721 
1.113000 -0.366015 
1.114000 -0.369257 
1.115000 -0.372447 
1.116000 -0.375588 
1.117000 -0.378678 
1.118000 -0.381721 
1.119000 -0.384715 
1.120000 -0.387663 
1.121000 -0.390565 
1.122000 -0.393422 
1.123000 -0.396235 
1.124000 -0.399004 
1.125000 -0.401730 
1.126000 -0.404414 
1.127000 -0.407057 
1.128000 -0.409660 
1.129000 -0.412223 
1.130000 -0.414746 
1.131000 -0.417231 
1.132000 -0.419679 
1.133000 -0.422089 
1.134000 -0.424462 
1.135000 -0.426799 
1.136000 -0.429101 
1.137000 -0.431369 
1.138000 -0.433602 
1.139000 -0.435801 
1.140000 -0.437967 
1.141000 -0.440101 
1.142000 -0.442203 
1.143000 -0.444273 
1.144000 -0.446312 
1.145000 -0.448320 
1.146000 -0.450299 
1.147000 -0.452247 
1.148000 -0.454167 
1.149000 -0.456058 
1.150000 -0.457920 
1.151000 -0.459755 
1.152000 -0.461563 
1.153000 -0.463343 
1.154000 -0.465097 
1.155000 -0.466824 
1.156000 -0.468526 
1.157000 -0.470202 
1.158000 -0.471854 
1.159000 -0.473480 
1.160000 -0.475083 
1.161000 -0.476661 
1.162000 -0.478216 
1.163000 -0.479747 
1.164000 -0.481256 
1.165000 -0.482742 
1.166000 -0.484205 
1.167000 -0.485647 
1.168000 -0.487067 
1.169000 -0.488465 
1.170000 -0.489843 
1.171000 -0.491199 
1.172000 -0.492535 
1.173000 -0.493851 
1.174000 -0.495147 
1.175000 -0.496423 
1.176000 -0.497680 
1.177000 -0.498918 
1.178000 -0.500136 
1.179000 -0.501336 
1.180000 -0.502518 
1.181000 -0.503681 
1.182000 -0.504827 
1.183000 -0.505955 
1.184000 -0.507065 
1.185000 -0.508158 
1.186000 -0.509234 
1.187000 -0.510293 
1.188000 -0.511335 
1.189000 -0.512361 
1.190000 -0.513371 
1.191000 -0.514365 
1.192000 -0.515343 
1.193000 -0.516306 
1.194000 -0.517253 
1.195000 -0.518185 
1.196000 -0.519101 
1.197000 -0.520003 
1.198000 -0.520890 
1.199000 -0.521763 
1.200000 -0.522621 
1.201000 -0.523465 
1.202000 -0.524296 
1.203000 -0.525112 
1.204000 -0.525914 
1.205000 -0.526703 
1.206000 -0.527479 
1.207000 -0.528241 
1.208000 -0.528991 
1.209000 -0.529727 
1.210000 -0.530451 
1.211000 -0.531162 
1.212000 -0.531860 
1.213000 -0.532546 
1.214000 -0.533220 
1.215000 -0.533882 
1.216000 -0.534532 
1.217000 -0.535170 
1.218000 -0.535796 
1.219000 -0.536411 
1.220000 -0.537014 
1.221000 -0.537606 
1.222000 -0.538187 
1.223000 -0.538756 
1.224000 -0.539315 
1.225000 -0.539863 
1.226000 -0.540400 
1.227000 -0.540926 
1.228000 -0.541442 
1.229000 -0.541947 
1.230000 -0.542442 
1.231000 -0.542927 
1.232000 -0.543401 
1.233000 -0.543866 
1.234000 -0.544320 
1.235000 -0.544765 
1.236000 -0.545200 
1.237000 -0.545626 
1.238000 -0.546042 
1.239000 -0.546448 
1.240000 -0.546845 
1.241000 -0.547233 
1.242000 -0.547611 
1.243000 -0.547981 
1.244000 -0.548341 
1.245000 -0.548693 
1.246000 -0.549035 
1.247000 -0.549369 
1.248000 -0.549694 
1.249000 -0.550011 
1.250000 -0.550319 
1.251000 -0.550618 
1.252000 -0.550909 
1.253000 -0.551192 
1.254000 -0.551467 
1.255000 -0.551733 
1.256000 -0.551991 
1.257000 -0.552241 
1.258000 -0.552484 
1.259000 -0.552718 
1.260000 -0.552944 
1.261000 -0.553163 
1.262000 -0.553374 
1.263000 -0.553577 
1.264000 -0.553773 
1.265000 -0.553961 
1.266000 -0.554142 
1.267000 -0.554316 
1.268000 -0.554482 
1.269000 -0.554640 
1.270000 -0.554792 
1.271000 -0.554936 
1.272000 -0.555074 
1.273000 -0.555204 
1.274000 -0.555327 
1.275000 -0.555443 
1.276000 -0.555553 
1.277000 -0.555655 
1.278000 -0.555751 
1.279000 -0.555840 
1.280000 -0.555922 
1.281000 -0.555998 
1.282000 -0.556067 
1.283000 -0.556129 
1.284000 -0.556185 
1.285000 -0.556234 
1.286000 -0.556278 
1.287000 -0.556314 
1.288000 -0.556345 
1.289000 -0.556369 
1.290000 -0.556387 
1.291000 -0.556398 
1.292000 -0.556404 
1.293000 -0.556403 
1.294000 -0.556396 
1.295000 -0.556384 
1.296000 -0.556365 
1.297000 -0.556340 
1.298000 -0.556310 
1.299000 -0.556273 
1.300000 -0.556231 
1.301000 -0.556183 
1.302000 -0.556129 
1.303000 -0.556069 
1.304000 -0.556004 
1.305000 -0.555933 
1.306000 -0.555856 
1.307000 -0.555774 
1.308000 -0.555686 
1.309000 -0.555593 
1.310000 -0.555494 
1.311000 -0.555389 
1.312000 -0.555280 
1.313000 -0.555164 
1.314000 -0.555044 
1.315000 -0.554918 
1.316000 -0.554787 
1.317000 -0.554650 
1.318000 -0.554508 
1.319000 -0.554361 
1.320000 -0.554209 
1.321000 -0.554051 
1.322000 -0.553889 
1.323000 -0.553721 
1.324000 -0.553548 
1.325000 -0.553370 
1.326000 -0.553187 
1.327000 -0.552999 
1.328000 -0.552806 
1.329000 -0.552608 
1.330000 -0.552406 
1.331000 -0.552198 
1.332000 -0.551985 
1.333000 -0.551767 
1.334000 -0.551545 
1.335000 -0.551317 
1.336000 -0.551085 
1.337000 -0.550848 
1.338000 -0.550606 
1.339000 -0.550360 
1.340000 -0.550108 
1.341000 -0.549852 
1.342000 -0.549592 
1.343000 -0.549326 
1.344000 -0.549056 
1.345000 -0.548782 
1.346000 -0.548502 
1.347000 -0.548218 
1.348000 -0.547930 
1.349000 -0.547637 
1.350000 -0.547339 
1.351000 -0.547037 
1.352000 -0.546730 
1.353000 -0.546419 
1.354000 -0.546103 
1.355000 -0.545783 
1.356000 -0.545458 
1.357000 -0.545129 
1.358000 -0.544796 
1.359000 -0.544458 
1.360000 -0.544115 
1.361000 -0.543769 
1.362000 -0.543417 
1.363000 -0.543062 
1.364000 -0.542702 
1.365000 -0.542338 
1.366000 -0.541970 
1.367000 -0.541597 
1.368000 -0.541220 
1.369000 -0.540838 
1.370000 -0.540453 
1.371000 -0.540063 
1.372000 -0.539668 
1.373000 -0.539270 
1.374000 -0.538867 
1.375000 -0.538461 
1.376000 -0.538049 
1.377000 -0.537634 
1.378000 -0.537215 
1.379000 -0.536791 
1.380000 -0.536363 
1.381000 -0.535931 
1.382000 -0.535495 
1.383000 -0.535055 
1.384000 -0.534610 
1.385000 -0.534162 
1.386000 -0.533709 
1.387000 -0.533252 
1.388000 -0.532792 
1.389000 -0.532327 
1.390000 -0.531858 
1.391000 -0.531384 
1.392000 -0.530907 
1.393000 -0.530426 
1.394000 -0.529941 
1.395000 -0.529451 
1.396000 -0.528958 
1.397000 -0.528460 
1.398000 -0.527959 
1.399000 -0.527453 
1.400000 -0.526943 
1.401000 -0.526430 
1.402000 -0.525912 
1.403000 -0.525390 
1.404000 -0.524865 
1.405000 -0.524335 
1.406000 -0.523801 
1.407000 -0.523264 
1.408000 -0.522722 
1.409000 -0.522176 
1.410000 -0.521627 
1.411000 -0.521073 
1.412000 -0.520515 
1.413000 -0.519954 
1.414000 -0.519388 
1.415000 -0.518818 
1.416000 -0.518245 
1.417000 -0.517667 
1.418000 -0.517086 
1.419000 -0.516500 
1.420000 -0.515911 
1.421000 -0.515318 
1.422000 -0.514720 
1.423000 -0.514119 
1.424000 -0.513514 
1.425000 -0.512904 
1.426000 -0.512291 
1.427000 -0.511674 
1.428000 -0.511053 
1.429000 -0.510428 
1.430000 -0.509799 
1.431000 -0.509166 
1.432000 -0.508529 
1.433000 -0.507888 
1.434000 -0.507243 
1.435000 -0.506594 
1.436000 -0.505941 
1.437000 -0.505284 
1.438000 -0.504624 
1.439000 -0.503959 
1.440000 -0.503290 
1.441000 -0.502617 
1.442000 -0.501941 
1.443000 -0.501260 
1.444000 -0.500575 
1.445000 -0.499887 
1.446000 -0.499194 
1.447000 -0.498497 
1.448000 -0.497797 
1.449000 -0.497092 
1.450000 -0.496384 
1.451000 -0.495671 
1.452000 -0.494954 
1.453000 -0.494234 
1.454000 -0.493509 
1.455000 -0.492780 
1.456000 -0.492047 
1.457000 -0.491311 
1.458000 -0.490570 
1.459000 -0.489825 
1.460000 -0.489076 
1.461000 -0.488323 
1.462000 -0.487566 
1.463000 -0.486725 
1.464000 -0.485959 
1.465000 -0.485189 
1.466000 -0.484415 
1.467000 -0.483637 
1.468000 -0.482855 
1.469000 -0.482069 
1.470000 -0.481279 
1.471000 -0.480484 
1.472000 -0.479685 
1.473000 -0.478883 
1.474000 -0.478075 
1.475000 -0.477264 
1.476000 -0.476449 
1.477000 -0.475629 
1.478000 -0.474805 
1.479000 -0.473977 
1.480000 -0.473145 
1.481000 -0.472308 
1.482000 -0.471468 
1.483000 -0.470622 
1.484000 -0.469773 
1.485000 -0.468920 
1.486000 -0.468062 
1.487000 -0.467199 
1.488000 -0.466333 
1.489000 -0.465462 
1.490000 -0.464587 
1.491000 -0.463707 
1.492000 -0.462823 
1.493000 -0.461935 
1.494000 -0.461042 
1.495000 -0.460145 
1.496000 -0.459244 
1.497000 -0.458338 
1.498000 -0.457428 
1.499000 -0.456513 
