# Tref_folded model 
-1.500000 1.627272 
-1.499000 1.627368 
-1.498000 1.627426 
-1.497000 1.627448 
-1.496000 1.627433 
-1.495000 1.627382 
-1.494000 1.627293 
-1.493000 1.627169 
-1.492000 1.627007 
-1.491000 1.626810 
-1.490000 1.626576 
-1.489000 1.626306 
-1.488000 1.625999 
-1.487000 1.625657 
-1.486000 1.625278 
-1.485000 1.624864 
-1.484000 1.624413 
-1.483000 1.623927 
-1.482000 1.623405 
-1.481000 1.622847 
-1.480000 1.622253 
-1.479000 1.621624 
-1.478000 1.620959 
-1.477000 1.620259 
-1.476000 1.619523 
-1.475000 1.618752 
-1.474000 1.617945 
-1.473000 1.617103 
-1.472000 1.616226 
-1.471000 1.615314 
-1.470000 1.614366 
-1.469000 1.613384 
-1.468000 1.612366 
-1.467000 1.611314 
-1.466000 1.610226 
-1.465000 1.609104 
-1.464000 1.607947 
-1.463000 1.606755 
-1.462000 1.605528 
-1.461000 1.604266 
-1.460000 1.602970 
-1.459000 1.601639 
-1.458000 1.600274 
-1.457000 1.598874 
-1.456000 1.597439 
-1.455000 1.595970 
-1.454000 1.594467 
-1.453000 1.592929 
-1.452000 1.591357 
-1.451000 1.589751 
-1.450000 1.588110 
-1.449000 1.586435 
-1.448000 1.584726 
-1.447000 1.582982 
-1.446000 1.581205 
-1.445000 1.579393 
-1.444000 1.577547 
-1.443000 1.575668 
-1.442000 1.573754 
-1.441000 1.571806 
-1.440000 1.569824 
-1.439000 1.567809 
-1.438000 1.565759 
-1.437000 1.563675 
-1.436000 1.561558 
-1.435000 1.559407 
-1.434000 1.557222 
-1.433000 1.555003 
-1.432000 1.552750 
-1.431000 1.550464 
-1.430000 1.548143 
-1.429000 1.545790 
-1.428000 1.543402 
-1.427000 1.540981 
-1.426000 1.538526 
-1.425000 1.536037 
-1.424000 1.533515 
-1.423000 1.530959 
-1.422000 1.528370 
-1.421000 1.525747 
-1.420000 1.523090 
-1.419000 1.520400 
-1.418000 1.517677 
-1.417000 1.514920 
-1.416000 1.512129 
-1.415000 1.509305 
-1.414000 1.506447 
-1.413000 1.503556 
-1.412000 1.500631 
-1.411000 1.497673 
-1.410000 1.494681 
-1.409000 1.491656 
-1.408000 1.488598 
-1.407000 1.485506 
-1.406000 1.482380 
-1.405000 1.479222 
-1.404000 1.476029 
-1.403000 1.472803 
-1.402000 1.469544 
-1.401000 1.466252 
-1.400000 1.462926 
-1.399000 1.459566 
-1.398000 1.456173 
-1.397000 1.452747 
-1.396000 1.449287 
-1.395000 1.445793 
-1.394000 1.442267 
-1.393000 1.438706 
-1.392000 1.435113 
-1.391000 1.431486 
-1.390000 1.427825 
-1.389000 1.424131 
-1.388000 1.420403 
-1.387000 1.416642 
-1.386000 1.412848 
-1.385000 1.409019 
-1.384000 1.405158 
-1.383000 1.401263 
-1.382000 1.397334 
-1.381000 1.393372 
-1.380000 1.389376 
-1.379000 1.385346 
-1.378000 1.381283 
-1.377000 1.377187 
-1.376000 1.373056 
-1.375000 1.368892 
-1.374000 1.364695 
-1.373000 1.360464 
-1.372000 1.356199 
-1.371000 1.351900 
-1.370000 1.347568 
-1.369000 1.343202 
-1.368000 1.338802 
-1.367000 1.334368 
-1.366000 1.329901 
-1.365000 1.325399 
-1.364000 1.320864 
-1.363000 1.316295 
-1.362000 1.311692 
-1.361000 1.307055 
-1.360000 1.302385 
-1.359000 1.297680 
-1.358000 1.292941 
-1.357000 1.288169 
-1.356000 1.283362 
-1.355000 1.278521 
-1.354000 1.273646 
-1.353000 1.268737 
-1.352000 1.263794 
-1.351000 1.258817 
-1.350000 1.253805 
-1.349000 1.248759 
-1.348000 1.243679 
-1.347000 1.238565 
-1.346000 1.233416 
-1.345000 1.228233 
-1.344000 1.223016 
-1.343000 1.217764 
-1.342000 1.212478 
-1.341000 1.207157 
-1.340000 1.201802 
-1.339000 1.196413 
-1.338000 1.190988 
-1.337000 1.185529 
-1.336000 1.180036 
-1.335000 1.174507 
-1.334000 1.168944 
-1.333000 1.163347 
-1.332000 1.157714 
-1.331000 1.152047 
-1.330000 1.146345 
-1.329000 1.140608 
-1.328000 1.134835 
-1.327000 1.129028 
-1.326000 1.123186 
-1.325000 1.117309 
-1.324000 1.111397 
-1.323000 1.105450 
-1.322000 1.099467 
-1.321000 1.093449 
-1.320000 1.087396 
-1.319000 1.081308 
-1.318000 1.075184 
-1.317000 1.069025 
-1.316000 1.062831 
-1.315000 1.056601 
-1.314000 1.050336 
-1.313000 1.044035 
-1.312000 1.037698 
-1.311000 1.031326 
-1.310000 1.024918 
-1.309000 1.018474 
-1.308000 1.011995 
-1.307000 1.005479 
-1.306000 0.998928 
-1.305000 0.992341 
-1.304000 0.985718 
-1.303000 0.979059 
-1.302000 0.972365 
-1.301000 0.965633 
-1.300000 0.958866 
-1.299000 0.952063 
-1.298000 0.945223 
-1.297000 0.938347 
-1.296000 0.931435 
-1.295000 0.924487 
-1.294000 0.917502 
-1.293000 0.910480 
-1.292000 0.903422 
-1.291000 0.896328 
-1.290000 0.889197 
-1.289000 0.882029 
-1.288000 0.874825 
-1.287000 0.867583 
-1.286000 0.860306 
-1.285000 0.852991 
-1.284000 0.845639 
-1.283000 0.838251 
-1.282000 0.830825 
-1.281000 0.823363 
-1.280000 0.815863 
-1.279000 0.808326 
-1.278000 0.800752 
-1.277000 0.793141 
-1.276000 0.785493 
-1.275000 0.777807 
-1.274000 0.770084 
-1.273000 0.762324 
-1.272000 0.754526 
-1.271000 0.746691 
-1.270000 0.738818 
-1.269000 0.730908 
-1.268000 0.722960 
-1.267000 0.714974 
-1.266000 0.706951 
-1.265000 0.698890 
-1.264000 0.690791 
-1.263000 0.682654 
-1.262000 0.674480 
-1.261000 0.666268 
-1.260000 0.658017 
-1.259000 0.649729 
-1.258000 0.641402 
-1.257000 0.633038 
-1.256000 0.624635 
-1.255000 0.616194 
-1.254000 0.607716 
-1.253000 0.599198 
-1.252000 0.590643 
-1.251000 0.582049 
-1.250000 0.573417 
-1.249000 0.564747 
-1.248000 0.556038 
-1.247000 0.547290 
-1.246000 0.538505 
-1.245000 0.529680 
-1.244000 0.520817 
-1.243000 0.511916 
-1.242000 0.502976 
-1.241000 0.493997 
-1.240000 0.484980 
-1.239000 0.475924 
-1.238000 0.466829 
-1.237000 0.457696 
-1.236000 0.448524 
-1.235000 0.439313 
-1.234000 0.430063 
-1.233000 0.420774 
-1.232000 0.411447 
-1.231000 0.402080 
-1.230000 0.392675 
-1.229000 0.383231 
-1.228000 0.373748 
-1.227000 0.364226 
-1.226000 0.354665 
-1.225000 0.345065 
-1.224000 0.335427 
-1.223000 0.325749 
-1.222000 0.316032 
-1.221000 0.306276 
-1.220000 0.296482 
-1.219000 0.286648 
-1.218000 0.276775 
-1.217000 0.266864 
-1.216000 0.256913 
-1.215000 0.246923 
-1.214000 0.236895 
-1.213000 0.226827 
-1.212000 0.216721 
-1.211000 0.206576 
-1.210000 0.196391 
-1.209000 0.186168 
-1.208000 0.175906 
-1.207000 0.165605 
-1.206000 0.155266 
-1.205000 0.144887 
-1.204000 0.134470 
-1.203000 0.124014 
-1.202000 0.113519 
-1.201000 0.102986 
-1.200000 0.092414 
-1.199000 0.081803 
-1.198000 0.071154 
-1.197000 0.060467 
-1.196000 0.049741 
-1.195000 0.038976 
-1.194000 0.028174 
-1.193000 0.017333 
-1.192000 0.006454 
-1.191000 -0.004464 
-1.190000 -0.015419 
-1.189000 -0.026413 
-1.188000 -0.037444 
-1.187000 -0.048513 
-1.186000 -0.059620 
-1.185000 -0.070765 
-1.184000 -0.081947 
-1.183000 -0.093166 
-1.182000 -0.104423 
-1.181000 -0.115718 
-1.180000 -0.127049 
-1.179000 -0.138418 
-1.178000 -0.149824 
-1.177000 -0.161266 
-1.176000 -0.172745 
-1.175000 -0.184261 
-1.174000 -0.195813 
-1.173000 -0.207402 
-1.172000 -0.219027 
-1.171000 -0.230688 
-1.170000 -0.242384 
-1.169000 -0.254117 
-1.168000 -0.265885 
-1.167000 -0.277688 
-1.166000 -0.289527 
-1.165000 -0.301401 
-1.164000 -0.313310 
-1.163000 -0.325253 
-1.162000 -0.337231 
-1.161000 -0.349243 
-1.160000 -0.361290 
-1.159000 -0.373370 
-1.158000 -0.385484 
-1.157000 -0.397632 
-1.156000 -0.409813 
-1.155000 -0.422026 
-1.154000 -0.434273 
-1.153000 -0.446552 
-1.152000 -0.458864 
-1.151000 -0.471207 
-1.150000 -0.483583 
-1.149000 -0.495989 
-1.148000 -0.508427 
-1.147000 -0.520896 
-1.146000 -0.533396 
-1.145000 -0.545926 
-1.144000 -0.558486 
-1.143000 -0.571075 
-1.142000 -0.583694 
-1.141000 -0.596342 
-1.140000 -0.609019 
-1.139000 -0.621724 
-1.138000 -0.634458 
-1.137000 -0.647218 
-1.136000 -0.660007 
-1.135000 -0.672822 
-1.134000 -0.685663 
-1.133000 -0.698531 
-1.132000 -0.711424 
-1.131000 -0.724343 
-1.130000 -0.737286 
-1.129000 -0.750254 
-1.128000 -0.763246 
-1.127000 -0.776261 
-1.126000 -0.789300 
-1.125000 -0.802361 
-1.124000 -0.815444 
-1.123000 -0.828548 
-1.122000 -0.841674 
-1.121000 -0.854820 
-1.120000 -0.867987 
-1.119000 -0.881173 
-1.118000 -0.894378 
-1.117000 -0.907601 
-1.116000 -0.920842 
-1.115000 -0.934100 
-1.114000 -0.947375 
-1.113000 -0.960666 
-1.112000 -0.973973 
-1.111000 -0.987294 
-1.110000 -1.000630 
-1.109000 -1.013979 
-1.108000 -1.027340 
-1.107000 -1.040714 
-1.106000 -1.054100 
-1.105000 -1.067496 
-1.104000 -1.080902 
-1.103000 -1.094318 
-1.102000 -1.107742 
-1.101000 -1.121174 
-1.100000 -1.134613 
-1.099000 -1.148058 
-1.098000 -1.161509 
-1.097000 -1.174965 
-1.096000 -1.188424 
-1.095000 -1.201886 
-1.094000 -1.215351 
-1.093000 -1.228817 
-1.092000 -1.242283 
-1.091000 -1.255749 
-1.090000 -1.269213 
-1.089000 -1.282675 
-1.088000 -1.296133 
-1.087000 -1.309588 
-1.086000 -1.323037 
-1.085000 -1.336480 
-1.084000 -1.349916 
-1.083000 -1.363344 
-1.082000 -1.376762 
-1.081000 -1.390171 
-1.080000 -1.403567 
-1.079000 -1.416952 
-1.078000 -1.430323 
-1.077000 -1.443679 
-1.076000 -1.457020 
-1.075000 -1.470343 
-1.074000 -1.483649 
-1.073000 -1.496935 
-1.072000 -1.510201 
-1.071000 -1.523446 
-1.070000 -1.536667 
-1.069000 -1.549865 
-1.068000 -1.563037 
-1.067000 -1.576182 
-1.066000 -1.589300 
-1.065000 -1.602388 
-1.064000 -1.615446 
-1.063000 -1.628472 
-1.062000 -1.641464 
-1.061000 -1.654422 
-1.060000 -1.667345 
-1.059000 -1.680229 
-1.058000 -1.693075 
-1.057000 -1.705881 
-1.056000 -1.718645 
-1.055000 -1.731366 
-1.054000 -1.744042 
-1.053000 -1.756672 
-1.052000 -1.769255 
-1.051000 -1.781788 
-1.050000 -1.794271 
-1.049000 -1.806701 
-1.048000 -1.819077 
-1.047000 -1.831398 
-1.046000 -1.843662 
-1.045000 -1.855868 
-1.044000 -1.868013 
-1.043000 -1.880096 
-1.042000 -1.892115 
-1.041000 -1.904069 
-1.040000 -1.915956 
-1.039000 -1.927775 
-1.038000 -1.939523 
-1.037000 -1.951199 
-1.036000 -1.962801 
-1.035000 -1.974328 
-1.034000 -1.985777 
-1.033000 -1.997147 
-1.032000 -2.008436 
-1.031000 -2.019643 
-1.030000 -2.030764 
-1.029000 -2.041800 
-1.028000 -2.052747 
-1.027000 -2.063605 
-1.026000 -2.074370 
-1.025000 -2.085042 
-1.024000 -2.095619 
-1.023000 -2.106098 
-1.022000 -2.116477 
-1.021000 -2.126756 
-1.020000 -2.136932 
-1.019000 -2.147002 
-1.018000 -2.156966 
-1.017000 -2.166821 
-1.016000 -2.176565 
-1.015000 -2.186197 
-1.014000 -2.195715 
-1.013000 -2.205116 
-1.012000 -2.214399 
-1.011000 -2.223562 
-1.010000 -2.232603 
-1.009000 -2.241520 
-1.008000 -2.250311 
-1.007000 -2.258975 
-1.006000 -2.267509 
-1.005000 -2.275911 
-1.004000 -2.284180 
-1.003000 -2.292313 
-1.002000 -2.300310 
-1.001000 -2.308167 
-1.000000 -2.315884 
-0.999000 -2.323458 
-0.998000 -2.330887 
-0.997000 -2.338170 
-0.996000 -2.345305 
-0.995000 -2.352289 
-0.994000 -2.359122 
-0.993000 -2.365802 
-0.992000 -2.372326 
-0.991000 -2.378693 
-0.990000 -2.384901 
-0.989000 -2.390948 
-0.988000 -2.396834 
-0.987000 -2.402555 
-0.986000 -2.408111 
-0.985000 -2.413500 
-0.984000 -2.418720 
-0.983000 -2.423770 
-0.982000 -2.428647 
-0.981000 -2.433351 
-0.980000 -2.437881 
-0.979000 -2.442233 
-0.978000 -2.446408 
-0.977000 -2.450404 
-0.976000 -2.454218 
-0.975000 -2.457851 
-0.974000 -2.461300 
-0.973000 -2.464564 
-0.972000 -2.467642 
-0.971000 -2.470533 
-0.970000 -2.473236 
-0.969000 -2.475748 
-0.968000 -2.478070 
-0.967000 -2.480200 
-0.966000 -2.482137 
-0.965000 -2.483880 
-0.964000 -2.485428 
-0.963000 -2.486780 
-0.962000 -2.487935 
-0.961000 -2.488892 
-0.960000 -2.489651 
-0.959000 -2.490211 
-0.958000 -2.490571 
-0.957000 -2.490729 
-0.956000 -2.490687 
-0.955000 -2.490442 
-0.954000 -2.489995 
-0.953000 -2.489345 
-0.952000 -2.488492 
-0.951000 -2.487434 
-0.950000 -2.486172 
-0.949000 -2.484706 
-0.948000 -2.483035 
-0.947000 -2.481158 
-0.946000 -2.479076 
-0.945000 -2.476789 
-0.944000 -2.474297 
-0.943000 -2.471599 
-0.942000 -2.468695 
-0.941000 -2.465586 
-0.940000 -2.462272 
-0.939000 -2.458752 
-0.938000 -2.455028 
-0.937000 -2.451099 
-0.936000 -2.446966 
-0.935000 -2.442629 
-0.934000 -2.438088 
-0.933000 -2.433345 
-0.932000 -2.428399 
-0.931000 -2.423251 
-0.930000 -2.417902 
-0.929000 -2.412352 
-0.928000 -2.406602 
-0.927000 -2.400653 
-0.926000 -2.394506 
-0.925000 -2.388162 
-0.924000 -2.381621 
-0.923000 -2.374885 
-0.922000 -2.367954 
-0.921000 -2.360830 
-0.920000 -2.353514 
-0.919000 -2.346006 
-0.918000 -2.338309 
-0.917000 -2.330422 
-0.916000 -2.322349 
-0.915000 -2.314089 
-0.914000 -2.305645 
-0.913000 -2.297017 
-0.912000 -2.288208 
-0.911000 -2.279218 
-0.910000 -2.270050 
-0.909000 -2.260704 
-0.908000 -2.251183 
-0.907000 -2.241488 
-0.906000 -2.231621 
-0.905000 -2.221583 
-0.904000 -2.211376 
-0.903000 -2.201002 
-0.902000 -2.190464 
-0.901000 -2.179762 
-0.900000 -2.168898 
-0.899000 -2.157875 
-0.898000 -2.146695 
-0.897000 -2.135359 
-0.896000 -2.123870 
-0.895000 -2.112229 
-0.894000 -2.100439 
-0.893000 -2.088501 
-0.892000 -2.076418 
-0.891000 -2.064192 
-0.890000 -2.051825 
-0.889000 -2.039319 
-0.888000 -2.026676 
-0.887000 -2.013899 
-0.886000 -2.000989 
-0.885000 -1.987950 
-0.884000 -1.974783 
-0.883000 -1.961490 
-0.882000 -1.948074 
-0.881000 -1.934537 
-0.880000 -1.920882 
-0.879000 -1.907110 
-0.878000 -1.893224 
-0.877000 -1.879227 
-0.876000 -1.865120 
-0.875000 -1.850906 
-0.874000 -1.836587 
-0.873000 -1.822166 
-0.872000 -1.807645 
-0.871000 -1.793026 
-0.870000 -1.778312 
-0.869000 -1.763504 
-0.868000 -1.748607 
-0.867000 -1.733620 
-0.866000 -1.718548 
-0.865000 -1.703392 
-0.864000 -1.688155 
-0.863000 -1.672839 
-0.862000 -1.657446 
-0.861000 -1.641979 
-0.860000 -1.626440 
-0.859000 -1.610831 
-0.858000 -1.595154 
-0.857000 -1.579413 
-0.856000 -1.563608 
-0.855000 -1.547743 
-0.854000 -1.531819 
-0.853000 -1.515839 
-0.852000 -1.499806 
-0.851000 -1.483720 
-0.850000 -1.467585 
-0.849000 -1.451402 
-0.848000 -1.435174 
-0.847000 -1.418903 
-0.846000 -1.402591 
-0.845000 -1.386240 
-0.844000 -1.369853 
-0.843000 -1.353430 
-0.842000 -1.336975 
-0.841000 -1.320489 
-0.840000 -1.303975 
-0.839000 -1.287434 
-0.838000 -1.270869 
-0.837000 -1.254281 
-0.836000 -1.237672 
-0.835000 -1.221044 
-0.834000 -1.204399 
-0.833000 -1.187740 
-0.832000 -1.171067 
-0.831000 -1.154382 
-0.830000 -1.137689 
-0.829000 -1.120987 
-0.828000 -1.104279 
-0.827000 -1.087567 
-0.826000 -1.070853 
-0.825000 -1.054137 
-0.824000 -1.037423 
-0.823000 -1.020711 
-0.822000 -1.004003 
-0.821000 -0.987300 
-0.820000 -0.970605 
-0.819000 -0.953919 
-0.818000 -0.937243 
-0.817000 -0.920579 
-0.816000 -0.903928 
-0.815000 -0.887292 
-0.814000 -0.870672 
-0.813000 -0.854070 
-0.812000 -0.837487 
-0.811000 -0.820924 
-0.810000 -0.804383 
-0.809000 -0.787866 
-0.808000 -0.771372 
-0.807000 -0.754904 
-0.806000 -0.738463 
-0.805000 -0.722050 
-0.804000 -0.705666 
-0.803000 -0.689313 
-0.802000 -0.672991 
-0.801000 -0.656703 
-0.800000 -0.640448 
-0.799000 -0.624228 
-0.798000 -0.608044 
-0.797000 -0.591897 
-0.796000 -0.575788 
-0.795000 -0.559719 
-0.794000 -0.543689 
-0.793000 -0.527701 
-0.792000 -0.511754 
-0.791000 -0.495851 
-0.790000 -0.479991 
-0.789000 -0.464176 
-0.788000 -0.448406 
-0.787000 -0.432683 
-0.786000 -0.417007 
-0.785000 -0.401379 
-0.784000 -0.385800 
-0.783000 -0.370270 
-0.782000 -0.354791 
-0.781000 -0.339363 
-0.780000 -0.323986 
-0.779000 -0.308661 
-0.778000 -0.293390 
-0.777000 -0.278172 
-0.776000 -0.263009 
-0.775000 -0.247901 
-0.774000 -0.232848 
-0.773000 -0.217851 
-0.772000 -0.202911 
-0.771000 -0.188028 
-0.770000 -0.173202 
-0.769000 -0.158435 
-0.768000 -0.143727 
-0.767000 -0.129078 
-0.766000 -0.114488 
-0.765000 -0.099959 
-0.764000 -0.085490 
-0.763000 -0.071083 
-0.762000 -0.056736 
-0.761000 -0.042452 
-0.760000 -0.028229 
-0.759000 -0.014069 
-0.758000 0.000028 
-0.757000 0.014062 
-0.756000 0.028032 
-0.755000 0.041939 
-0.754000 0.055781 
-0.753000 0.069559 
-0.752000 0.083272 
-0.751000 0.096921 
-0.750000 0.110504 
-0.749000 0.124021 
-0.748000 0.137473 
-0.747000 0.150859 
-0.746000 0.164180 
-0.745000 0.177433 
-0.744000 0.190621 
-0.743000 0.203741 
-0.742000 0.216795 
-0.741000 0.229782 
-0.740000 0.242702 
-0.739000 0.255554 
-0.738000 0.268339 
-0.737000 0.281057 
-0.736000 0.293707 
-0.735000 0.306290 
-0.734000 0.318804 
-0.733000 0.331251 
-0.732000 0.343630 
-0.731000 0.355941 
-0.730000 0.368184 
-0.729000 0.380359 
-0.728000 0.392465 
-0.727000 0.404504 
-0.726000 0.416474 
-0.725000 0.428376 
-0.724000 0.440210 
-0.723000 0.451976 
-0.722000 0.463673 
-0.721000 0.475302 
-0.720000 0.486863 
-0.719000 0.498356 
-0.718000 0.509781 
-0.717000 0.521137 
-0.716000 0.532425 
-0.715000 0.543646 
-0.714000 0.554798 
-0.713000 0.565882 
-0.712000 0.576899 
-0.711000 0.587847 
-0.710000 0.598728 
-0.709000 0.609541 
-0.708000 0.620287 
-0.707000 0.630965 
-0.706000 0.641575 
-0.705000 0.652118 
-0.704000 0.662594 
-0.703000 0.673003 
-0.702000 0.683344 
-0.701000 0.693619 
-0.700000 0.703827 
-0.699000 0.713968 
-0.698000 0.724042 
-0.697000 0.734050 
-0.696000 0.743991 
-0.695000 0.753867 
-0.694000 0.763676 
-0.693000 0.773419 
-0.692000 0.783096 
-0.691000 0.792708 
-0.690000 0.802254 
-0.689000 0.811734 
-0.688000 0.821149 
-0.687000 0.830500 
-0.686000 0.839785 
-0.685000 0.849005 
-0.684000 0.858160 
-0.683000 0.867251 
-0.682000 0.876278 
-0.681000 0.885240 
-0.680000 0.894139 
-0.679000 0.902973 
-0.678000 0.911744 
-0.677000 0.920451 
-0.676000 0.929095 
-0.675000 0.937676 
-0.674000 0.946193 
-0.673000 0.954648 
-0.672000 0.963040 
-0.671000 0.971370 
-0.670000 0.979637 
-0.669000 0.987842 
-0.668000 0.995985 
-0.667000 1.004066 
-0.666000 1.012086 
-0.665000 1.020044 
-0.664000 1.027941 
-0.663000 1.035777 
-0.662000 1.043552 
-0.661000 1.051266 
-0.660000 1.058920 
-0.659000 1.066513 
-0.658000 1.074047 
-0.657000 1.081520 
-0.656000 1.088934 
-0.655000 1.096288 
-0.654000 1.103583 
-0.653000 1.110818 
-0.652000 1.117995 
-0.651000 1.125112 
-0.650000 1.132172 
-0.649000 1.139172 
-0.648000 1.146115 
-0.647000 1.152999 
-0.646000 1.159826 
-0.645000 1.166595 
-0.644000 1.173306 
-0.643000 1.179960 
-0.642000 1.186558 
-0.641000 1.193098 
-0.640000 1.199581 
-0.639000 1.206008 
-0.638000 1.212379 
-0.637000 1.218694 
-0.636000 1.224952 
-0.635000 1.231155 
-0.634000 1.237303 
-0.633000 1.243395 
-0.632000 1.249431 
-0.631000 1.255413 
-0.630000 1.261340 
-0.629000 1.267213 
-0.628000 1.273031 
-0.627000 1.278794 
-0.626000 1.284504 
-0.625000 1.290160 
-0.624000 1.295762 
-0.623000 1.301311 
-0.622000 1.306806 
-0.621000 1.312249 
-0.620000 1.317638 
-0.619000 1.322975 
-0.618000 1.328259 
-0.617000 1.333490 
-0.616000 1.338670 
-0.615000 1.343797 
-0.614000 1.348873 
-0.613000 1.353897 
-0.612000 1.358869 
-0.611000 1.363790 
-0.610000 1.368660 
-0.609000 1.373480 
-0.608000 1.378248 
-0.607000 1.382966 
-0.606000 1.387633 
-0.605000 1.392250 
-0.604000 1.396817 
-0.603000 1.401334 
-0.602000 1.405802 
-0.601000 1.410219 
-0.600000 1.414588 
-0.599000 1.418907 
-0.598000 1.423177 
-0.597000 1.427399 
-0.596000 1.431571 
-0.595000 1.435695 
-0.594000 1.439771 
-0.593000 1.443798 
-0.592000 1.447778 
-0.591000 1.451709 
-0.590000 1.455593 
-0.589000 1.459429 
-0.588000 1.463218 
-0.587000 1.466960 
-0.586000 1.470654 
-0.585000 1.474302 
-0.584000 1.477903 
-0.583000 1.481457 
-0.582000 1.484964 
-0.581000 1.488426 
-0.580000 1.491841 
-0.579000 1.495210 
-0.578000 1.498534 
-0.577000 1.501811 
-0.576000 1.505043 
-0.575000 1.508230 
-0.574000 1.511372 
-0.573000 1.514468 
-0.572000 1.517519 
-0.571000 1.520526 
-0.570000 1.523488 
-0.569000 1.526405 
-0.568000 1.529278 
-0.567000 1.532107 
-0.566000 1.534891 
-0.565000 1.537632 
-0.564000 1.540328 
-0.563000 1.542981 
-0.562000 1.545591 
-0.561000 1.548157 
-0.560000 1.550679 
-0.559000 1.553159 
-0.558000 1.555595 
-0.557000 1.557989 
-0.556000 1.560340 
-0.555000 1.562648 
-0.554000 1.564913 
-0.553000 1.567137 
-0.552000 1.569318 
-0.551000 1.571456 
-0.550000 1.573553 
-0.549000 1.575608 
-0.548000 1.577621 
-0.547000 1.579593 
-0.546000 1.581523 
-0.545000 1.583411 
-0.544000 1.585258 
-0.543000 1.587064 
-0.542000 1.588829 
-0.541000 1.590553 
-0.540000 1.592237 
-0.539000 1.593879 
-0.538000 1.595481 
-0.537000 1.597042 
-0.536000 1.598563 
-0.535000 1.600044 
-0.534000 1.601485 
-0.533000 1.602885 
-0.532000 1.604245 
-0.531000 1.605566 
-0.530000 1.606847 
-0.529000 1.608088 
-0.528000 1.609290 
-0.527000 1.610452 
-0.526000 1.611575 
-0.525000 1.612659 
-0.524000 1.613704 
-0.523000 1.614709 
-0.522000 1.615676 
-0.521000 1.616603 
-0.520000 1.617492 
-0.519000 1.618343 
-0.518000 1.619154 
-0.517000 1.619928 
-0.516000 1.620663 
-0.515000 1.621359 
-0.514000 1.622018 
-0.513000 1.622638 
-0.512000 1.623220 
-0.511000 1.623765 
-0.510000 1.624271 
-0.509000 1.624740 
-0.508000 1.625171 
-0.507000 1.625564 
-0.506000 1.625920 
-0.505000 1.626239 
-0.504000 1.626520 
-0.503000 1.626764 
-0.502000 1.626970 
-0.501000 1.627140 
-0.500000 1.627272 
-0.499000 1.627368 
-0.498000 1.627426 
-0.497000 1.627448 
-0.496000 1.627433 
-0.495000 1.627382 
-0.494000 1.627293 
-0.493000 1.627169 
-0.492000 1.627007 
-0.491000 1.626810 
-0.490000 1.626576 
-0.489000 1.626306 
-0.488000 1.625999 
-0.487000 1.625657 
-0.486000 1.625278 
-0.485000 1.624864 
-0.484000 1.624413 
-0.483000 1.623927 
-0.482000 1.623405 
-0.481000 1.622847 
-0.480000 1.622253 
-0.479000 1.621624 
-0.478000 1.620959 
-0.477000 1.620259 
-0.476000 1.619523 
-0.475000 1.618752 
-0.474000 1.617945 
-0.473000 1.617103 
-0.472000 1.616226 
-0.471000 1.615314 
-0.470000 1.614366 
-0.469000 1.613384 
-0.468000 1.612366 
-0.467000 1.611314 
-0.466000 1.610226 
-0.465000 1.609104 
-0.464000 1.607947 
-0.463000 1.606755 
-0.462000 1.605528 
-0.461000 1.604266 
-0.460000 1.602970 
-0.459000 1.601639 
-0.458000 1.600274 
-0.457000 1.598874 
-0.456000 1.597439 
-0.455000 1.595970 
-0.454000 1.594467 
-0.453000 1.592929 
-0.452000 1.591357 
-0.451000 1.589751 
-0.450000 1.588110 
-0.449000 1.586435 
-0.448000 1.584726 
-0.447000 1.582982 
-0.446000 1.581205 
-0.445000 1.579393 
-0.444000 1.577547 
-0.443000 1.575668 
-0.442000 1.573754 
-0.441000 1.571806 
-0.440000 1.569824 
-0.439000 1.567809 
-0.438000 1.565759 
-0.437000 1.563675 
-0.436000 1.561558 
-0.435000 1.559407 
-0.434000 1.557222 
-0.433000 1.555003 
-0.432000 1.552750 
-0.431000 1.550464 
-0.430000 1.548143 
-0.429000 1.545790 
-0.428000 1.543402 
-0.427000 1.540981 
-0.426000 1.538526 
-0.425000 1.536037 
-0.424000 1.533515 
-0.423000 1.530959 
-0.422000 1.528370 
-0.421000 1.525747 
-0.420000 1.523090 
-0.419000 1.520400 
-0.418000 1.517677 
-0.417000 1.514920 
-0.416000 1.512129 
-0.415000 1.509305 
-0.414000 1.506447 
-0.413000 1.503556 
-0.412000 1.500631 
-0.411000 1.497673 
-0.410000 1.494681 
-0.409000 1.491656 
-0.408000 1.488598 
-0.407000 1.485506 
-0.406000 1.482380 
-0.405000 1.479222 
-0.404000 1.476029 
-0.403000 1.472803 
-0.402000 1.469544 
-0.401000 1.466252 
-0.400000 1.462926 
-0.399000 1.459566 
-0.398000 1.456173 
-0.397000 1.452747 
-0.396000 1.449287 
-0.395000 1.445793 
-0.394000 1.442267 
-0.393000 1.438706 
-0.392000 1.435113 
-0.391000 1.431486 
-0.390000 1.427825 
-0.389000 1.424131 
-0.388000 1.420403 
-0.387000 1.416642 
-0.386000 1.412848 
-0.385000 1.409019 
-0.384000 1.405158 
-0.383000 1.401263 
-0.382000 1.397334 
-0.381000 1.393372 
-0.380000 1.389376 
-0.379000 1.385346 
-0.378000 1.381283 
-0.377000 1.377187 
-0.376000 1.373056 
-0.375000 1.368892 
-0.374000 1.364695 
-0.373000 1.360464 
-0.372000 1.356199 
-0.371000 1.351900 
-0.370000 1.347568 
-0.369000 1.343202 
-0.368000 1.338802 
-0.367000 1.334368 
-0.366000 1.329901 
-0.365000 1.325399 
-0.364000 1.320864 
-0.363000 1.316295 
-0.362000 1.311692 
-0.361000 1.307055 
-0.360000 1.302385 
-0.359000 1.297680 
-0.358000 1.292941 
-0.357000 1.288169 
-0.356000 1.283362 
-0.355000 1.278521 
-0.354000 1.273646 
-0.353000 1.268737 
-0.352000 1.263794 
-0.351000 1.258817 
-0.350000 1.253805 
-0.349000 1.248759 
-0.348000 1.243679 
-0.347000 1.238565 
-0.346000 1.233416 
-0.345000 1.228233 
-0.344000 1.223016 
-0.343000 1.217764 
-0.342000 1.212478 
-0.341000 1.207157 
-0.340000 1.201802 
-0.339000 1.196413 
-0.338000 1.190988 
-0.337000 1.185529 
-0.336000 1.180036 
-0.335000 1.174507 
-0.334000 1.168944 
-0.333000 1.163347 
-0.332000 1.157714 
-0.331000 1.152047 
-0.330000 1.146345 
-0.329000 1.140608 
-0.328000 1.134835 
-0.327000 1.129028 
-0.326000 1.123186 
-0.325000 1.117309 
-0.324000 1.111397 
-0.323000 1.105450 
-0.322000 1.099467 
-0.321000 1.093449 
-0.320000 1.087396 
-0.319000 1.081308 
-0.318000 1.075184 
-0.317000 1.069025 
-0.316000 1.062831 
-0.315000 1.056601 
-0.314000 1.050336 
-0.313000 1.044035 
-0.312000 1.037698 
-0.311000 1.031326 
-0.310000 1.024918 
-0.309000 1.018474 
-0.308000 1.011995 
-0.307000 1.005479 
-0.306000 0.998928 
-0.305000 0.992341 
-0.304000 0.985718 
-0.303000 0.979059 
-0.302000 0.972365 
-0.301000 0.965633 
-0.300000 0.958866 
-0.299000 0.952063 
-0.298000 0.945223 
-0.297000 0.938347 
-0.296000 0.931435 
-0.295000 0.924487 
-0.294000 0.917502 
-0.293000 0.910480 
-0.292000 0.903422 
-0.291000 0.896328 
-0.290000 0.889197 
-0.289000 0.882029 
-0.288000 0.874825 
-0.287000 0.867583 
-0.286000 0.860306 
-0.285000 0.852991 
-0.284000 0.845639 
-0.283000 0.838251 
-0.282000 0.830825 
-0.281000 0.823363 
-0.280000 0.815863 
-0.279000 0.808326 
-0.278000 0.800752 
-0.277000 0.793141 
-0.276000 0.785493 
-0.275000 0.777807 
-0.274000 0.770084 
-0.273000 0.762324 
-0.272000 0.754526 
-0.271000 0.746691 
-0.270000 0.738818 
-0.269000 0.730908 
-0.268000 0.722960 
-0.267000 0.714974 
-0.266000 0.706951 
-0.265000 0.698890 
-0.264000 0.690791 
-0.263000 0.682654 
-0.262000 0.674480 
-0.261000 0.666268 
-0.260000 0.658017 
-0.259000 0.649729 
-0.258000 0.641402 
-0.257000 0.633038 
-0.256000 0.624635 
-0.255000 0.616194 
-0.254000 0.607716 
-0.253000 0.599198 
-0.252000 0.590643 
-0.251000 0.582049 
-0.250000 0.573417 
-0.249000 0.564747 
-0.248000 0.556038 
-0.247000 0.547290 
-0.246000 0.538505 
-0.245000 0.529680 
-0.244000 0.520817 
-0.243000 0.511916 
-0.242000 0.502976 
-0.241000 0.493997 
-0.240000 0.484980 
-0.239000 0.475924 
-0.238000 0.466829 
-0.237000 0.457696 
-0.236000 0.448524 
-0.235000 0.439313 
-0.234000 0.430063 
-0.233000 0.420774 
-0.232000 0.411447 
-0.231000 0.402080 
-0.230000 0.392675 
-0.229000 0.383231 
-0.228000 0.373748 
-0.227000 0.364226 
-0.226000 0.354665 
-0.225000 0.345065 
-0.224000 0.335427 
-0.223000 0.325749 
-0.222000 0.316032 
-0.221000 0.306276 
-0.220000 0.296482 
-0.219000 0.286648 
-0.218000 0.276775 
-0.217000 0.266864 
-0.216000 0.256913 
-0.215000 0.246923 
-0.214000 0.236895 
-0.213000 0.226827 
-0.212000 0.216721 
-0.211000 0.206576 
-0.210000 0.196391 
-0.209000 0.186168 
-0.208000 0.175906 
-0.207000 0.165605 
-0.206000 0.155266 
-0.205000 0.144887 
-0.204000 0.134470 
-0.203000 0.124014 
-0.202000 0.113519 
-0.201000 0.102986 
-0.200000 0.092414 
-0.199000 0.081803 
-0.198000 0.071154 
-0.197000 0.060467 
-0.196000 0.049741 
-0.195000 0.038976 
-0.194000 0.028174 
-0.193000 0.017333 
-0.192000 0.006454 
-0.191000 -0.004464 
-0.190000 -0.015419 
-0.189000 -0.026413 
-0.188000 -0.037444 
-0.187000 -0.048513 
-0.186000 -0.059620 
-0.185000 -0.070765 
-0.184000 -0.081947 
-0.183000 -0.093166 
-0.182000 -0.104423 
-0.181000 -0.115718 
-0.180000 -0.127049 
-0.179000 -0.138418 
-0.178000 -0.149824 
-0.177000 -0.161266 
-0.176000 -0.172745 
-0.175000 -0.184261 
-0.174000 -0.195813 
-0.173000 -0.207402 
-0.172000 -0.219027 
-0.171000 -0.230688 
-0.170000 -0.242384 
-0.169000 -0.254117 
-0.168000 -0.265885 
-0.167000 -0.277688 
-0.166000 -0.289527 
-0.165000 -0.301401 
-0.164000 -0.313310 
-0.163000 -0.325253 
-0.162000 -0.337231 
-0.161000 -0.349243 
-0.160000 -0.361290 
-0.159000 -0.373370 
-0.158000 -0.385484 
-0.157000 -0.397632 
-0.156000 -0.409813 
-0.155000 -0.422026 
-0.154000 -0.434273 
-0.153000 -0.446552 
-0.152000 -0.458864 
-0.151000 -0.471207 
-0.150000 -0.483583 
-0.149000 -0.495989 
-0.148000 -0.508427 
-0.147000 -0.520896 
-0.146000 -0.533396 
-0.145000 -0.545926 
-0.144000 -0.558486 
-0.143000 -0.571075 
-0.142000 -0.583694 
-0.141000 -0.596342 
-0.140000 -0.609019 
-0.139000 -0.621724 
-0.138000 -0.634458 
-0.137000 -0.647218 
-0.136000 -0.660007 
-0.135000 -0.672822 
-0.134000 -0.685663 
-0.133000 -0.698531 
-0.132000 -0.711424 
-0.131000 -0.724343 
-0.130000 -0.737286 
-0.129000 -0.750254 
-0.128000 -0.763246 
-0.127000 -0.776261 
-0.126000 -0.789300 
-0.125000 -0.802361 
-0.124000 -0.815444 
-0.123000 -0.828548 
-0.122000 -0.841674 
-0.121000 -0.854820 
-0.120000 -0.867987 
-0.119000 -0.881173 
-0.118000 -0.894378 
-0.117000 -0.907601 
-0.116000 -0.920842 
-0.115000 -0.934100 
-0.114000 -0.947375 
-0.113000 -0.960666 
-0.112000 -0.973973 
-0.111000 -0.987294 
-0.110000 -1.000630 
-0.109000 -1.013979 
-0.108000 -1.027340 
-0.107000 -1.040714 
-0.106000 -1.054100 
-0.105000 -1.067496 
-0.104000 -1.080902 
-0.103000 -1.094318 
-0.102000 -1.107742 
-0.101000 -1.121174 
-0.100000 -1.134613 
-0.099000 -1.148058 
-0.098000 -1.161509 
-0.097000 -1.174965 
-0.096000 -1.188424 
-0.095000 -1.201886 
-0.094000 -1.215351 
-0.093000 -1.228817 
-0.092000 -1.242283 
-0.091000 -1.255749 
-0.090000 -1.269213 
-0.089000 -1.282675 
-0.088000 -1.296133 
-0.087000 -1.309588 
-0.086000 -1.323037 
-0.085000 -1.336480 
-0.084000 -1.349916 
-0.083000 -1.363344 
-0.082000 -1.376762 
-0.081000 -1.390171 
-0.080000 -1.403567 
-0.079000 -1.416952 
-0.078000 -1.430323 
-0.077000 -1.443679 
-0.076000 -1.457020 
-0.075000 -1.470343 
-0.074000 -1.483649 
-0.073000 -1.496935 
-0.072000 -1.510201 
-0.071000 -1.523446 
-0.070000 -1.536667 
-0.069000 -1.549865 
-0.068000 -1.563037 
-0.067000 -1.576182 
-0.066000 -1.589300 
-0.065000 -1.602388 
-0.064000 -1.615446 
-0.063000 -1.628472 
-0.062000 -1.641464 
-0.061000 -1.654422 
-0.060000 -1.667345 
-0.059000 -1.680229 
-0.058000 -1.693075 
-0.057000 -1.705881 
-0.056000 -1.718645 
-0.055000 -1.731366 
-0.054000 -1.744042 
-0.053000 -1.756672 
-0.052000 -1.769255 
-0.051000 -1.781788 
-0.050000 -1.794271 
-0.049000 -1.806701 
-0.048000 -1.819077 
-0.047000 -1.831398 
-0.046000 -1.843662 
-0.045000 -1.855868 
-0.044000 -1.868013 
-0.043000 -1.880096 
-0.042000 -1.892115 
-0.041000 -1.904069 
-0.040000 -1.915956 
-0.039000 -1.927775 
-0.038000 -1.939523 
-0.037000 -1.951199 
-0.036000 -1.962801 
-0.035000 -1.974328 
-0.034000 -1.985777 
-0.033000 -1.997147 
-0.032000 -2.008436 
-0.031000 -2.019643 
-0.030000 -2.030764 
-0.029000 -2.041800 
-0.028000 -2.052747 
-0.027000 -2.063605 
-0.026000 -2.074370 
-0.025000 -2.085042 
-0.024000 -2.095619 
-0.023000 -2.106098 
-0.022000 -2.116477 
-0.021000 -2.126756 
-0.020000 -2.136932 
-0.019000 -2.147002 
-0.018000 -2.156966 
-0.017000 -2.166821 
-0.016000 -2.176565 
-0.015000 -2.186197 
-0.014000 -2.195715 
-0.013000 -2.205116 
-0.012000 -2.214399 
-0.011000 -2.223562 
-0.010000 -2.232603 
-0.009000 -2.241520 
-0.008000 -2.250311 
-0.007000 -2.258975 
-0.006000 -2.267509 
-0.005000 -2.275911 
-0.004000 -2.284180 
-0.003000 -2.292313 
-0.002000 -2.300310 
-0.001000 -2.308167 
-0.000000 -2.315884 
0.001000 -2.323458 
0.002000 -2.330887 
0.003000 -2.338170 
0.004000 -2.345305 
0.005000 -2.352289 
0.006000 -2.359122 
0.007000 -2.365802 
0.008000 -2.372326 
0.009000 -2.378693 
0.010000 -2.384901 
0.011000 -2.390948 
0.012000 -2.396834 
0.013000 -2.402555 
0.014000 -2.408111 
0.015000 -2.413500 
0.016000 -2.418720 
0.017000 -2.423770 
0.018000 -2.428647 
0.019000 -2.433351 
0.020000 -2.437881 
0.021000 -2.442233 
0.022000 -2.446408 
0.023000 -2.450404 
0.024000 -2.454218 
0.025000 -2.457851 
0.026000 -2.461300 
0.027000 -2.464564 
0.028000 -2.467642 
0.029000 -2.470533 
0.030000 -2.473236 
0.031000 -2.475748 
0.032000 -2.478070 
0.033000 -2.480200 
0.034000 -2.482137 
0.035000 -2.483880 
0.036000 -2.485428 
0.037000 -2.486780 
0.038000 -2.487935 
0.039000 -2.488892 
0.040000 -2.489651 
0.041000 -2.490211 
0.042000 -2.490571 
0.043000 -2.490729 
0.044000 -2.490687 
0.045000 -2.490442 
0.046000 -2.489995 
0.047000 -2.489345 
0.048000 -2.488492 
0.049000 -2.487434 
0.050000 -2.486172 
0.051000 -2.484706 
0.052000 -2.483035 
0.053000 -2.481158 
0.054000 -2.479076 
0.055000 -2.476789 
0.056000 -2.474297 
0.057000 -2.471599 
0.058000 -2.468695 
0.059000 -2.465586 
0.060000 -2.462272 
0.061000 -2.458752 
0.062000 -2.455028 
0.063000 -2.451099 
0.064000 -2.446966 
0.065000 -2.442629 
0.066000 -2.438088 
0.067000 -2.433345 
0.068000 -2.428399 
0.069000 -2.423251 
0.070000 -2.417902 
0.071000 -2.412352 
0.072000 -2.406602 
0.073000 -2.400653 
0.074000 -2.394506 
0.075000 -2.388162 
0.076000 -2.381621 
0.077000 -2.374885 
0.078000 -2.367954 
0.079000 -2.360830 
0.080000 -2.353514 
0.081000 -2.346006 
0.082000 -2.338309 
0.083000 -2.330422 
0.084000 -2.322349 
0.085000 -2.314089 
0.086000 -2.305645 
0.087000 -2.297017 
0.088000 -2.288208 
0.089000 -2.279218 
0.090000 -2.270050 
0.091000 -2.260704 
0.092000 -2.251183 
0.093000 -2.241488 
0.094000 -2.231621 
0.095000 -2.221583 
0.096000 -2.211376 
0.097000 -2.201002 
0.098000 -2.190464 
0.099000 -2.179762 
0.100000 -2.168898 
0.101000 -2.157875 
0.102000 -2.146695 
0.103000 -2.135359 
0.104000 -2.123870 
0.105000 -2.112229 
0.106000 -2.100439 
0.107000 -2.088501 
0.108000 -2.076418 
0.109000 -2.064192 
0.110000 -2.051825 
0.111000 -2.039319 
0.112000 -2.026676 
0.113000 -2.013899 
0.114000 -2.000989 
0.115000 -1.987950 
0.116000 -1.974783 
0.117000 -1.961490 
0.118000 -1.948074 
0.119000 -1.934537 
0.120000 -1.920882 
0.121000 -1.907110 
0.122000 -1.893224 
0.123000 -1.879227 
0.124000 -1.865120 
0.125000 -1.850906 
0.126000 -1.836587 
0.127000 -1.822166 
0.128000 -1.807645 
0.129000 -1.793026 
0.130000 -1.778312 
0.131000 -1.763504 
0.132000 -1.748607 
0.133000 -1.733620 
0.134000 -1.718548 
0.135000 -1.703392 
0.136000 -1.688155 
0.137000 -1.672839 
0.138000 -1.657446 
0.139000 -1.641979 
0.140000 -1.626440 
0.141000 -1.610831 
0.142000 -1.595154 
0.143000 -1.579413 
0.144000 -1.563608 
0.145000 -1.547743 
0.146000 -1.531819 
0.147000 -1.515839 
0.148000 -1.499806 
0.149000 -1.483720 
0.150000 -1.467585 
0.151000 -1.451402 
0.152000 -1.435174 
0.153000 -1.418903 
0.154000 -1.402591 
0.155000 -1.386240 
0.156000 -1.369853 
0.157000 -1.353430 
0.158000 -1.336975 
0.159000 -1.320489 
0.160000 -1.303975 
0.161000 -1.287434 
0.162000 -1.270869 
0.163000 -1.254281 
0.164000 -1.237672 
0.165000 -1.221044 
0.166000 -1.204399 
0.167000 -1.187740 
0.168000 -1.171067 
0.169000 -1.154382 
0.170000 -1.137689 
0.171000 -1.120987 
0.172000 -1.104279 
0.173000 -1.087567 
0.174000 -1.070853 
0.175000 -1.054137 
0.176000 -1.037423 
0.177000 -1.020711 
0.178000 -1.004003 
0.179000 -0.987300 
0.180000 -0.970605 
0.181000 -0.953919 
0.182000 -0.937243 
0.183000 -0.920579 
0.184000 -0.903928 
0.185000 -0.887292 
0.186000 -0.870672 
0.187000 -0.854070 
0.188000 -0.837487 
0.189000 -0.820924 
0.190000 -0.804383 
0.191000 -0.787866 
0.192000 -0.771372 
0.193000 -0.754904 
0.194000 -0.738463 
0.195000 -0.722050 
0.196000 -0.705666 
0.197000 -0.689313 
0.198000 -0.672991 
0.199000 -0.656703 
0.200000 -0.640448 
0.201000 -0.624228 
0.202000 -0.608044 
0.203000 -0.591897 
0.204000 -0.575788 
0.205000 -0.559719 
0.206000 -0.543689 
0.207000 -0.527701 
0.208000 -0.511754 
0.209000 -0.495851 
0.210000 -0.479991 
0.211000 -0.464176 
0.212000 -0.448406 
0.213000 -0.432683 
0.214000 -0.417007 
0.215000 -0.401379 
0.216000 -0.385800 
0.217000 -0.370270 
0.218000 -0.354791 
0.219000 -0.339363 
0.220000 -0.323986 
0.221000 -0.308661 
0.222000 -0.293390 
0.223000 -0.278172 
0.224000 -0.263009 
0.225000 -0.247901 
0.226000 -0.232848 
0.227000 -0.217851 
0.228000 -0.202911 
0.229000 -0.188028 
0.230000 -0.173202 
0.231000 -0.158435 
0.232000 -0.143727 
0.233000 -0.129078 
0.234000 -0.114488 
0.235000 -0.099959 
0.236000 -0.085490 
0.237000 -0.071083 
0.238000 -0.056736 
0.239000 -0.042452 
0.240000 -0.028229 
0.241000 -0.014069 
0.242000 0.000028 
0.243000 0.014062 
0.244000 0.028032 
0.245000 0.041939 
0.246000 0.055781 
0.247000 0.069559 
0.248000 0.083272 
0.249000 0.096921 
0.250000 0.110504 
0.251000 0.124021 
0.252000 0.137473 
0.253000 0.150859 
0.254000 0.164180 
0.255000 0.177433 
0.256000 0.190621 
0.257000 0.203741 
0.258000 0.216795 
0.259000 0.229782 
0.260000 0.242702 
0.261000 0.255554 
0.262000 0.268339 
0.263000 0.281057 
0.264000 0.293707 
0.265000 0.306290 
0.266000 0.318804 
0.267000 0.331251 
0.268000 0.343630 
0.269000 0.355941 
0.270000 0.368184 
0.271000 0.380359 
0.272000 0.392465 
0.273000 0.404504 
0.274000 0.416474 
0.275000 0.428376 
0.276000 0.440210 
0.277000 0.451976 
0.278000 0.463673 
0.279000 0.475302 
0.280000 0.486863 
0.281000 0.498356 
0.282000 0.509781 
0.283000 0.521137 
0.284000 0.532425 
0.285000 0.543646 
0.286000 0.554798 
0.287000 0.565882 
0.288000 0.576899 
0.289000 0.587847 
0.290000 0.598728 
0.291000 0.609541 
0.292000 0.620287 
0.293000 0.630965 
0.294000 0.641575 
0.295000 0.652118 
0.296000 0.662594 
0.297000 0.673003 
0.298000 0.683344 
0.299000 0.693619 
0.300000 0.703827 
0.301000 0.713968 
0.302000 0.724042 
0.303000 0.734050 
0.304000 0.743991 
0.305000 0.753867 
0.306000 0.763676 
0.307000 0.773419 
0.308000 0.783096 
0.309000 0.792708 
0.310000 0.802254 
0.311000 0.811734 
0.312000 0.821149 
0.313000 0.830500 
0.314000 0.839785 
0.315000 0.849005 
0.316000 0.858160 
0.317000 0.867251 
0.318000 0.876278 
0.319000 0.885240 
0.320000 0.894139 
0.321000 0.902973 
0.322000 0.911744 
0.323000 0.920451 
0.324000 0.929095 
0.325000 0.937676 
0.326000 0.946193 
0.327000 0.954648 
0.328000 0.963040 
0.329000 0.971370 
0.330000 0.979637 
0.331000 0.987842 
0.332000 0.995985 
0.333000 1.004066 
0.334000 1.012086 
0.335000 1.020044 
0.336000 1.027941 
0.337000 1.035777 
0.338000 1.043552 
0.339000 1.051266 
0.340000 1.058920 
0.341000 1.066513 
0.342000 1.074047 
0.343000 1.081520 
0.344000 1.088934 
0.345000 1.096288 
0.346000 1.103583 
0.347000 1.110818 
0.348000 1.117995 
0.349000 1.125112 
0.350000 1.132172 
0.351000 1.139172 
0.352000 1.146115 
0.353000 1.152999 
0.354000 1.159826 
0.355000 1.166595 
0.356000 1.173306 
0.357000 1.179960 
0.358000 1.186558 
0.359000 1.193098 
0.360000 1.199581 
0.361000 1.206008 
0.362000 1.212379 
0.363000 1.218694 
0.364000 1.224952 
0.365000 1.231155 
0.366000 1.237303 
0.367000 1.243395 
0.368000 1.249431 
0.369000 1.255413 
0.370000 1.261340 
0.371000 1.267213 
0.372000 1.273031 
0.373000 1.278794 
0.374000 1.284504 
0.375000 1.290160 
0.376000 1.295762 
0.377000 1.301311 
0.378000 1.306806 
0.379000 1.312249 
0.380000 1.317638 
0.381000 1.322975 
0.382000 1.328259 
0.383000 1.333490 
0.384000 1.338670 
0.385000 1.343797 
0.386000 1.348873 
0.387000 1.353897 
0.388000 1.358869 
0.389000 1.363790 
0.390000 1.368660 
0.391000 1.373480 
0.392000 1.378248 
0.393000 1.382966 
0.394000 1.387633 
0.395000 1.392250 
0.396000 1.396817 
0.397000 1.401334 
0.398000 1.405802 
0.399000 1.410219 
0.400000 1.414588 
0.401000 1.418907 
0.402000 1.423177 
0.403000 1.427399 
0.404000 1.431571 
0.405000 1.435695 
0.406000 1.439771 
0.407000 1.443798 
0.408000 1.447778 
0.409000 1.451709 
0.410000 1.455593 
0.411000 1.459429 
0.412000 1.463218 
0.413000 1.466960 
0.414000 1.470654 
0.415000 1.474302 
0.416000 1.477903 
0.417000 1.481457 
0.418000 1.484964 
0.419000 1.488426 
0.420000 1.491841 
0.421000 1.495210 
0.422000 1.498534 
0.423000 1.501811 
0.424000 1.505043 
0.425000 1.508230 
0.426000 1.511372 
0.427000 1.514468 
0.428000 1.517519 
0.429000 1.520526 
0.430000 1.523488 
0.431000 1.526405 
0.432000 1.529278 
0.433000 1.532107 
0.434000 1.534891 
0.435000 1.537632 
0.436000 1.540328 
0.437000 1.542981 
0.438000 1.545591 
0.439000 1.548157 
0.440000 1.550679 
0.441000 1.553159 
0.442000 1.555595 
0.443000 1.557989 
0.444000 1.560340 
0.445000 1.562648 
0.446000 1.564913 
0.447000 1.567137 
0.448000 1.569318 
0.449000 1.571456 
0.450000 1.573553 
0.451000 1.575608 
0.452000 1.577621 
0.453000 1.579593 
0.454000 1.581523 
0.455000 1.583411 
0.456000 1.585258 
0.457000 1.587064 
0.458000 1.588829 
0.459000 1.590553 
0.460000 1.592237 
0.461000 1.593879 
0.462000 1.595481 
0.463000 1.597042 
0.464000 1.598563 
0.465000 1.600044 
0.466000 1.601485 
0.467000 1.602885 
0.468000 1.604245 
0.469000 1.605566 
0.470000 1.606847 
0.471000 1.608088 
0.472000 1.609290 
0.473000 1.610452 
0.474000 1.611575 
0.475000 1.612659 
0.476000 1.613704 
0.477000 1.614709 
0.478000 1.615676 
0.479000 1.616603 
0.480000 1.617492 
0.481000 1.618343 
0.482000 1.619154 
0.483000 1.619928 
0.484000 1.620663 
0.485000 1.621359 
0.486000 1.622018 
0.487000 1.622638 
0.488000 1.623220 
0.489000 1.623765 
0.490000 1.624271 
0.491000 1.624740 
0.492000 1.625171 
0.493000 1.625564 
0.494000 1.625920 
0.495000 1.626239 
0.496000 1.626520 
0.497000 1.626764 
0.498000 1.626970 
0.499000 1.627140 
0.500000 1.627272 
0.501000 1.627368 
0.502000 1.627426 
0.503000 1.627448 
0.504000 1.627433 
0.505000 1.627382 
0.506000 1.627293 
0.507000 1.627169 
0.508000 1.627007 
0.509000 1.626810 
0.510000 1.626576 
0.511000 1.626306 
0.512000 1.625999 
0.513000 1.625657 
0.514000 1.625278 
0.515000 1.624864 
0.516000 1.624413 
0.517000 1.623927 
0.518000 1.623405 
0.519000 1.622847 
0.520000 1.622253 
0.521000 1.621624 
0.522000 1.620959 
0.523000 1.620259 
0.524000 1.619523 
0.525000 1.618752 
0.526000 1.617945 
0.527000 1.617103 
0.528000 1.616226 
0.529000 1.615314 
0.530000 1.614366 
0.531000 1.613384 
0.532000 1.612366 
0.533000 1.611314 
0.534000 1.610226 
0.535000 1.609104 
0.536000 1.607947 
0.537000 1.606755 
0.538000 1.605528 
0.539000 1.604266 
0.540000 1.602970 
0.541000 1.601639 
0.542000 1.600274 
0.543000 1.598874 
0.544000 1.597439 
0.545000 1.595970 
0.546000 1.594467 
0.547000 1.592929 
0.548000 1.591357 
0.549000 1.589751 
0.550000 1.588110 
0.551000 1.586435 
0.552000 1.584726 
0.553000 1.582982 
0.554000 1.581205 
0.555000 1.579393 
0.556000 1.577547 
0.557000 1.575668 
0.558000 1.573754 
0.559000 1.571806 
0.560000 1.569824 
0.561000 1.567809 
0.562000 1.565759 
0.563000 1.563675 
0.564000 1.561558 
0.565000 1.559407 
0.566000 1.557222 
0.567000 1.555003 
0.568000 1.552750 
0.569000 1.550464 
0.570000 1.548143 
0.571000 1.545790 
0.572000 1.543402 
0.573000 1.540981 
0.574000 1.538526 
0.575000 1.536037 
0.576000 1.533515 
0.577000 1.530959 
0.578000 1.528370 
0.579000 1.525747 
0.580000 1.523090 
0.581000 1.520400 
0.582000 1.517677 
0.583000 1.514920 
0.584000 1.512129 
0.585000 1.509305 
0.586000 1.506447 
0.587000 1.503556 
0.588000 1.500631 
0.589000 1.497673 
0.590000 1.494681 
0.591000 1.491656 
0.592000 1.488598 
0.593000 1.485506 
0.594000 1.482380 
0.595000 1.479222 
0.596000 1.476029 
0.597000 1.472803 
0.598000 1.469544 
0.599000 1.466252 
0.600000 1.462926 
0.601000 1.459566 
0.602000 1.456173 
0.603000 1.452747 
0.604000 1.449287 
0.605000 1.445793 
0.606000 1.442267 
0.607000 1.438706 
0.608000 1.435113 
0.609000 1.431486 
0.610000 1.427825 
0.611000 1.424131 
0.612000 1.420403 
0.613000 1.416642 
0.614000 1.412848 
0.615000 1.409019 
0.616000 1.405158 
0.617000 1.401263 
0.618000 1.397334 
0.619000 1.393372 
0.620000 1.389376 
0.621000 1.385346 
0.622000 1.381283 
0.623000 1.377187 
0.624000 1.373056 
0.625000 1.368892 
0.626000 1.364695 
0.627000 1.360464 
0.628000 1.356199 
0.629000 1.351900 
0.630000 1.347568 
0.631000 1.343202 
0.632000 1.338802 
0.633000 1.334368 
0.634000 1.329901 
0.635000 1.325399 
0.636000 1.320864 
0.637000 1.316295 
0.638000 1.311692 
0.639000 1.307055 
0.640000 1.302385 
0.641000 1.297680 
0.642000 1.292941 
0.643000 1.288169 
0.644000 1.283362 
0.645000 1.278521 
0.646000 1.273646 
0.647000 1.268737 
0.648000 1.263794 
0.649000 1.258817 
0.650000 1.253805 
0.651000 1.248759 
0.652000 1.243679 
0.653000 1.238565 
0.654000 1.233416 
0.655000 1.228233 
0.656000 1.223016 
0.657000 1.217764 
0.658000 1.212478 
0.659000 1.207157 
0.660000 1.201802 
0.661000 1.196413 
0.662000 1.190988 
0.663000 1.185529 
0.664000 1.180036 
0.665000 1.174507 
0.666000 1.168944 
0.667000 1.163347 
0.668000 1.157714 
0.669000 1.152047 
0.670000 1.146345 
0.671000 1.140608 
0.672000 1.134835 
0.673000 1.129028 
0.674000 1.123186 
0.675000 1.117309 
0.676000 1.111397 
0.677000 1.105450 
0.678000 1.099467 
0.679000 1.093449 
0.680000 1.087396 
0.681000 1.081308 
0.682000 1.075184 
0.683000 1.069025 
0.684000 1.062831 
0.685000 1.056601 
0.686000 1.050336 
0.687000 1.044035 
0.688000 1.037698 
0.689000 1.031326 
0.690000 1.024918 
0.691000 1.018474 
0.692000 1.011995 
0.693000 1.005479 
0.694000 0.998928 
0.695000 0.992341 
0.696000 0.985718 
0.697000 0.979059 
0.698000 0.972365 
0.699000 0.965633 
0.700000 0.958866 
0.701000 0.952063 
0.702000 0.945223 
0.703000 0.938347 
0.704000 0.931435 
0.705000 0.924487 
0.706000 0.917502 
0.707000 0.910480 
0.708000 0.903422 
0.709000 0.896328 
0.710000 0.889197 
0.711000 0.882029 
0.712000 0.874825 
0.713000 0.867583 
0.714000 0.860306 
0.715000 0.852991 
0.716000 0.845639 
0.717000 0.838251 
0.718000 0.830825 
0.719000 0.823363 
0.720000 0.815863 
0.721000 0.808326 
0.722000 0.800752 
0.723000 0.793141 
0.724000 0.785493 
0.725000 0.777807 
0.726000 0.770084 
0.727000 0.762324 
0.728000 0.754526 
0.729000 0.746691 
0.730000 0.738818 
0.731000 0.730908 
0.732000 0.722960 
0.733000 0.714974 
0.734000 0.706951 
0.735000 0.698890 
0.736000 0.690791 
0.737000 0.682654 
0.738000 0.674480 
0.739000 0.666268 
0.740000 0.658017 
0.741000 0.649729 
0.742000 0.641402 
0.743000 0.633038 
0.744000 0.624635 
0.745000 0.616194 
0.746000 0.607716 
0.747000 0.599198 
0.748000 0.590643 
0.749000 0.582049 
0.750000 0.573417 
0.751000 0.564747 
0.752000 0.556038 
0.753000 0.547290 
0.754000 0.538505 
0.755000 0.529680 
0.756000 0.520817 
0.757000 0.511916 
0.758000 0.502976 
0.759000 0.493997 
0.760000 0.484980 
0.761000 0.475924 
0.762000 0.466829 
0.763000 0.457696 
0.764000 0.448524 
0.765000 0.439313 
0.766000 0.430063 
0.767000 0.420774 
0.768000 0.411447 
0.769000 0.402080 
0.770000 0.392675 
0.771000 0.383231 
0.772000 0.373748 
0.773000 0.364226 
0.774000 0.354665 
0.775000 0.345065 
0.776000 0.335427 
0.777000 0.325749 
0.778000 0.316032 
0.779000 0.306276 
0.780000 0.296482 
0.781000 0.286648 
0.782000 0.276775 
0.783000 0.266864 
0.784000 0.256913 
0.785000 0.246923 
0.786000 0.236895 
0.787000 0.226827 
0.788000 0.216721 
0.789000 0.206576 
0.790000 0.196391 
0.791000 0.186168 
0.792000 0.175906 
0.793000 0.165605 
0.794000 0.155266 
0.795000 0.144887 
0.796000 0.134470 
0.797000 0.124014 
0.798000 0.113519 
0.799000 0.102986 
0.800000 0.092414 
0.801000 0.081803 
0.802000 0.071154 
0.803000 0.060467 
0.804000 0.049741 
0.805000 0.038976 
0.806000 0.028174 
0.807000 0.017333 
0.808000 0.006454 
0.809000 -0.004464 
0.810000 -0.015419 
0.811000 -0.026413 
0.812000 -0.037444 
0.813000 -0.048513 
0.814000 -0.059620 
0.815000 -0.070765 
0.816000 -0.081947 
0.817000 -0.093166 
0.818000 -0.104423 
0.819000 -0.115718 
0.820000 -0.127049 
0.821000 -0.138418 
0.822000 -0.149824 
0.823000 -0.161266 
0.824000 -0.172745 
0.825000 -0.184261 
0.826000 -0.195813 
0.827000 -0.207402 
0.828000 -0.219027 
0.829000 -0.230688 
0.830000 -0.242384 
0.831000 -0.254117 
0.832000 -0.265885 
0.833000 -0.277688 
0.834000 -0.289527 
0.835000 -0.301401 
0.836000 -0.313310 
0.837000 -0.325253 
0.838000 -0.337231 
0.839000 -0.349243 
0.840000 -0.361290 
0.841000 -0.373370 
0.842000 -0.385484 
0.843000 -0.397632 
0.844000 -0.409813 
0.845000 -0.422026 
0.846000 -0.434273 
0.847000 -0.446552 
0.848000 -0.458864 
0.849000 -0.471207 
0.850000 -0.483583 
0.851000 -0.495989 
0.852000 -0.508427 
0.853000 -0.520896 
0.854000 -0.533396 
0.855000 -0.545926 
0.856000 -0.558486 
0.857000 -0.571075 
0.858000 -0.583694 
0.859000 -0.596342 
0.860000 -0.609019 
0.861000 -0.621724 
0.862000 -0.634458 
0.863000 -0.647218 
0.864000 -0.660007 
0.865000 -0.672822 
0.866000 -0.685663 
0.867000 -0.698531 
0.868000 -0.711424 
0.869000 -0.724343 
0.870000 -0.737286 
0.871000 -0.750254 
0.872000 -0.763246 
0.873000 -0.776261 
0.874000 -0.789300 
0.875000 -0.802361 
0.876000 -0.815444 
0.877000 -0.828548 
0.878000 -0.841674 
0.879000 -0.854820 
0.880000 -0.867987 
0.881000 -0.881173 
0.882000 -0.894378 
0.883000 -0.907601 
0.884000 -0.920842 
0.885000 -0.934100 
0.886000 -0.947375 
0.887000 -0.960666 
0.888000 -0.973973 
0.889000 -0.987294 
0.890000 -1.000630 
0.891000 -1.013979 
0.892000 -1.027340 
0.893000 -1.040714 
0.894000 -1.054100 
0.895000 -1.067496 
0.896000 -1.080902 
0.897000 -1.094318 
0.898000 -1.107742 
0.899000 -1.121174 
0.900000 -1.134613 
0.901000 -1.148058 
0.902000 -1.161509 
0.903000 -1.174965 
0.904000 -1.188424 
0.905000 -1.201886 
0.906000 -1.215351 
0.907000 -1.228817 
0.908000 -1.242283 
0.909000 -1.255749 
0.910000 -1.269213 
0.911000 -1.282675 
0.912000 -1.296133 
0.913000 -1.309588 
0.914000 -1.323037 
0.915000 -1.336480 
0.916000 -1.349916 
0.917000 -1.363344 
0.918000 -1.376762 
0.919000 -1.390171 
0.920000 -1.403567 
0.921000 -1.416952 
0.922000 -1.430323 
0.923000 -1.443679 
0.924000 -1.457020 
0.925000 -1.470343 
0.926000 -1.483649 
0.927000 -1.496935 
0.928000 -1.510201 
0.929000 -1.523446 
0.930000 -1.536667 
0.931000 -1.549865 
0.932000 -1.563037 
0.933000 -1.576182 
0.934000 -1.589300 
0.935000 -1.602388 
0.936000 -1.615446 
0.937000 -1.628472 
0.938000 -1.641464 
0.939000 -1.654422 
0.940000 -1.667345 
0.941000 -1.680229 
0.942000 -1.693075 
0.943000 -1.705881 
0.944000 -1.718645 
0.945000 -1.731366 
0.946000 -1.744042 
0.947000 -1.756672 
0.948000 -1.769255 
0.949000 -1.781788 
0.950000 -1.794271 
0.951000 -1.806701 
0.952000 -1.819077 
0.953000 -1.831398 
0.954000 -1.843662 
0.955000 -1.855868 
0.956000 -1.868013 
0.957000 -1.880096 
0.958000 -1.892115 
0.959000 -1.904069 
0.960000 -1.915956 
0.961000 -1.927775 
0.962000 -1.939523 
0.963000 -1.951199 
0.964000 -1.962801 
0.965000 -1.974328 
0.966000 -1.985777 
0.967000 -1.997147 
0.968000 -2.008436 
0.969000 -2.019643 
0.970000 -2.030764 
0.971000 -2.041800 
0.972000 -2.052747 
0.973000 -2.063605 
0.974000 -2.074370 
0.975000 -2.085042 
0.976000 -2.095619 
0.977000 -2.106098 
0.978000 -2.116477 
0.979000 -2.126756 
0.980000 -2.136932 
0.981000 -2.147002 
0.982000 -2.156966 
0.983000 -2.166821 
0.984000 -2.176565 
0.985000 -2.186197 
0.986000 -2.195715 
0.987000 -2.205116 
0.988000 -2.214399 
0.989000 -2.223562 
0.990000 -2.232603 
0.991000 -2.241520 
0.992000 -2.250311 
0.993000 -2.258975 
0.994000 -2.267509 
0.995000 -2.275911 
0.996000 -2.284180 
0.997000 -2.292313 
0.998000 -2.300310 
0.999000 -2.308167 
1.000000 -2.315884 
1.001000 -2.323458 
1.002000 -2.330887 
1.003000 -2.338170 
1.004000 -2.345305 
1.005000 -2.352289 
1.006000 -2.359122 
1.007000 -2.365802 
1.008000 -2.372326 
1.009000 -2.378693 
1.010000 -2.384901 
1.011000 -2.390948 
1.012000 -2.396834 
1.013000 -2.402555 
1.014000 -2.408111 
1.015000 -2.413500 
1.016000 -2.418720 
1.017000 -2.423770 
1.018000 -2.428647 
1.019000 -2.433351 
1.020000 -2.437881 
1.021000 -2.442233 
1.022000 -2.446408 
1.023000 -2.450404 
1.024000 -2.454218 
1.025000 -2.457851 
1.026000 -2.461300 
1.027000 -2.464564 
1.028000 -2.467642 
1.029000 -2.470533 
1.030000 -2.473236 
1.031000 -2.475748 
1.032000 -2.478070 
1.033000 -2.480200 
1.034000 -2.482137 
1.035000 -2.483880 
1.036000 -2.485428 
1.037000 -2.486780 
1.038000 -2.487935 
1.039000 -2.488892 
1.040000 -2.489651 
1.041000 -2.490211 
1.042000 -2.490571 
1.043000 -2.490729 
1.044000 -2.490687 
1.045000 -2.490442 
1.046000 -2.489995 
1.047000 -2.489345 
1.048000 -2.488492 
1.049000 -2.487434 
1.050000 -2.486172 
1.051000 -2.484706 
1.052000 -2.483035 
1.053000 -2.481158 
1.054000 -2.479076 
1.055000 -2.476789 
1.056000 -2.474297 
1.057000 -2.471599 
1.058000 -2.468695 
1.059000 -2.465586 
1.060000 -2.462272 
1.061000 -2.458752 
1.062000 -2.455028 
1.063000 -2.451099 
1.064000 -2.446966 
1.065000 -2.442629 
1.066000 -2.438088 
1.067000 -2.433345 
1.068000 -2.428399 
1.069000 -2.423251 
1.070000 -2.417902 
1.071000 -2.412352 
1.072000 -2.406602 
1.073000 -2.400653 
1.074000 -2.394506 
1.075000 -2.388162 
1.076000 -2.381621 
1.077000 -2.374885 
1.078000 -2.367954 
1.079000 -2.360830 
1.080000 -2.353514 
1.081000 -2.346006 
1.082000 -2.338309 
1.083000 -2.330422 
1.084000 -2.322349 
1.085000 -2.314089 
1.086000 -2.305645 
1.087000 -2.297017 
1.088000 -2.288208 
1.089000 -2.279218 
1.090000 -2.270050 
1.091000 -2.260704 
1.092000 -2.251183 
1.093000 -2.241488 
1.094000 -2.231621 
1.095000 -2.221583 
1.096000 -2.211376 
1.097000 -2.201002 
1.098000 -2.190464 
1.099000 -2.179762 
1.100000 -2.168898 
1.101000 -2.157875 
1.102000 -2.146695 
1.103000 -2.135359 
1.104000 -2.123870 
1.105000 -2.112229 
1.106000 -2.100439 
1.107000 -2.088501 
1.108000 -2.076418 
1.109000 -2.064192 
1.110000 -2.051825 
1.111000 -2.039319 
1.112000 -2.026676 
1.113000 -2.013899 
1.114000 -2.000989 
1.115000 -1.987950 
1.116000 -1.974783 
1.117000 -1.961490 
1.118000 -1.948074 
1.119000 -1.934537 
1.120000 -1.920882 
1.121000 -1.907110 
1.122000 -1.893224 
1.123000 -1.879227 
1.124000 -1.865120 
1.125000 -1.850906 
1.126000 -1.836587 
1.127000 -1.822166 
1.128000 -1.807645 
1.129000 -1.793026 
1.130000 -1.778312 
1.131000 -1.763504 
1.132000 -1.748607 
1.133000 -1.733620 
1.134000 -1.718548 
1.135000 -1.703392 
1.136000 -1.688155 
1.137000 -1.672839 
1.138000 -1.657446 
1.139000 -1.641979 
1.140000 -1.626440 
1.141000 -1.610831 
1.142000 -1.595154 
1.143000 -1.579413 
1.144000 -1.563608 
1.145000 -1.547743 
1.146000 -1.531819 
1.147000 -1.515839 
1.148000 -1.499806 
1.149000 -1.483720 
1.150000 -1.467585 
1.151000 -1.451402 
1.152000 -1.435174 
1.153000 -1.418903 
1.154000 -1.402591 
1.155000 -1.386240 
1.156000 -1.369853 
1.157000 -1.353430 
1.158000 -1.336975 
1.159000 -1.320489 
1.160000 -1.303975 
1.161000 -1.287434 
1.162000 -1.270869 
1.163000 -1.254281 
1.164000 -1.237672 
1.165000 -1.221044 
1.166000 -1.204399 
1.167000 -1.187740 
1.168000 -1.171067 
1.169000 -1.154382 
1.170000 -1.137689 
1.171000 -1.120987 
1.172000 -1.104279 
1.173000 -1.087567 
1.174000 -1.070853 
1.175000 -1.054137 
1.176000 -1.037423 
1.177000 -1.020711 
1.178000 -1.004003 
1.179000 -0.987300 
1.180000 -0.970605 
1.181000 -0.953919 
1.182000 -0.937243 
1.183000 -0.920579 
1.184000 -0.903928 
1.185000 -0.887292 
1.186000 -0.870672 
1.187000 -0.854070 
1.188000 -0.837487 
1.189000 -0.820924 
1.190000 -0.804383 
1.191000 -0.787866 
1.192000 -0.771372 
1.193000 -0.754904 
1.194000 -0.738463 
1.195000 -0.722050 
1.196000 -0.705666 
1.197000 -0.689313 
1.198000 -0.672991 
1.199000 -0.656703 
1.200000 -0.640448 
1.201000 -0.624228 
1.202000 -0.608044 
1.203000 -0.591897 
1.204000 -0.575788 
1.205000 -0.559719 
1.206000 -0.543689 
1.207000 -0.527701 
1.208000 -0.511754 
1.209000 -0.495851 
1.210000 -0.479991 
1.211000 -0.464176 
1.212000 -0.448406 
1.213000 -0.432683 
1.214000 -0.417007 
1.215000 -0.401379 
1.216000 -0.385800 
1.217000 -0.370270 
1.218000 -0.354791 
1.219000 -0.339363 
1.220000 -0.323986 
1.221000 -0.308661 
1.222000 -0.293390 
1.223000 -0.278172 
1.224000 -0.263009 
1.225000 -0.247901 
1.226000 -0.232848 
1.227000 -0.217851 
1.228000 -0.202911 
1.229000 -0.188028 
1.230000 -0.173202 
1.231000 -0.158435 
1.232000 -0.143727 
1.233000 -0.129078 
1.234000 -0.114488 
1.235000 -0.099959 
1.236000 -0.085490 
1.237000 -0.071083 
1.238000 -0.056736 
1.239000 -0.042452 
1.240000 -0.028229 
1.241000 -0.014069 
1.242000 0.000028 
1.243000 0.014062 
1.244000 0.028032 
1.245000 0.041939 
1.246000 0.055781 
1.247000 0.069559 
1.248000 0.083272 
1.249000 0.096921 
1.250000 0.110504 
1.251000 0.124021 
1.252000 0.137473 
1.253000 0.150859 
1.254000 0.164180 
1.255000 0.177433 
1.256000 0.190621 
1.257000 0.203741 
1.258000 0.216795 
1.259000 0.229782 
1.260000 0.242702 
1.261000 0.255554 
1.262000 0.268339 
1.263000 0.281057 
1.264000 0.293707 
1.265000 0.306290 
1.266000 0.318804 
1.267000 0.331251 
1.268000 0.343630 
1.269000 0.355941 
1.270000 0.368184 
1.271000 0.380359 
1.272000 0.392465 
1.273000 0.404504 
1.274000 0.416474 
1.275000 0.428376 
1.276000 0.440210 
1.277000 0.451976 
1.278000 0.463673 
1.279000 0.475302 
1.280000 0.486863 
1.281000 0.498356 
1.282000 0.509781 
1.283000 0.521137 
1.284000 0.532425 
1.285000 0.543646 
1.286000 0.554798 
1.287000 0.565882 
1.288000 0.576899 
1.289000 0.587847 
1.290000 0.598728 
1.291000 0.609541 
1.292000 0.620287 
1.293000 0.630965 
1.294000 0.641575 
1.295000 0.652118 
1.296000 0.662594 
1.297000 0.673003 
1.298000 0.683344 
1.299000 0.693619 
1.300000 0.703827 
1.301000 0.713968 
1.302000 0.724042 
1.303000 0.734050 
1.304000 0.743991 
1.305000 0.753867 
1.306000 0.763676 
1.307000 0.773419 
1.308000 0.783096 
1.309000 0.792708 
1.310000 0.802254 
1.311000 0.811734 
1.312000 0.821149 
1.313000 0.830500 
1.314000 0.839785 
1.315000 0.849005 
1.316000 0.858160 
1.317000 0.867251 
1.318000 0.876278 
1.319000 0.885240 
1.320000 0.894139 
1.321000 0.902973 
1.322000 0.911744 
1.323000 0.920451 
1.324000 0.929095 
1.325000 0.937676 
1.326000 0.946193 
1.327000 0.954648 
1.328000 0.963040 
1.329000 0.971370 
1.330000 0.979637 
1.331000 0.987842 
1.332000 0.995985 
1.333000 1.004066 
1.334000 1.012086 
1.335000 1.020044 
1.336000 1.027941 
1.337000 1.035777 
1.338000 1.043552 
1.339000 1.051266 
1.340000 1.058920 
1.341000 1.066513 
1.342000 1.074047 
1.343000 1.081520 
1.344000 1.088934 
1.345000 1.096288 
1.346000 1.103583 
1.347000 1.110818 
1.348000 1.117995 
1.349000 1.125112 
1.350000 1.132172 
1.351000 1.139172 
1.352000 1.146115 
1.353000 1.152999 
1.354000 1.159826 
1.355000 1.166595 
1.356000 1.173306 
1.357000 1.179960 
1.358000 1.186558 
1.359000 1.193098 
1.360000 1.199581 
1.361000 1.206008 
1.362000 1.212379 
1.363000 1.218694 
1.364000 1.224952 
1.365000 1.231155 
1.366000 1.237303 
1.367000 1.243395 
1.368000 1.249431 
1.369000 1.255413 
1.370000 1.261340 
1.371000 1.267213 
1.372000 1.273031 
1.373000 1.278794 
1.374000 1.284504 
1.375000 1.290160 
1.376000 1.295762 
1.377000 1.301311 
1.378000 1.306806 
1.379000 1.312249 
1.380000 1.317638 
1.381000 1.322975 
1.382000 1.328259 
1.383000 1.333490 
1.384000 1.338670 
1.385000 1.343797 
1.386000 1.348873 
1.387000 1.353897 
1.388000 1.358869 
1.389000 1.363790 
1.390000 1.368660 
1.391000 1.373480 
1.392000 1.378248 
1.393000 1.382966 
1.394000 1.387633 
1.395000 1.392250 
1.396000 1.396817 
1.397000 1.401334 
1.398000 1.405802 
1.399000 1.410219 
1.400000 1.414588 
1.401000 1.418907 
1.402000 1.423177 
1.403000 1.427399 
1.404000 1.431571 
1.405000 1.435695 
1.406000 1.439771 
1.407000 1.443798 
1.408000 1.447778 
1.409000 1.451709 
1.410000 1.455593 
1.411000 1.459429 
1.412000 1.463218 
1.413000 1.466960 
1.414000 1.470654 
1.415000 1.474302 
1.416000 1.477903 
1.417000 1.481457 
1.418000 1.484964 
1.419000 1.488426 
1.420000 1.491841 
1.421000 1.495210 
1.422000 1.498534 
1.423000 1.501811 
1.424000 1.505043 
1.425000 1.508230 
1.426000 1.511372 
1.427000 1.514468 
1.428000 1.517519 
1.429000 1.520526 
1.430000 1.523488 
1.431000 1.526405 
1.432000 1.529278 
1.433000 1.532107 
1.434000 1.534891 
1.435000 1.537632 
1.436000 1.540328 
1.437000 1.542981 
1.438000 1.545591 
1.439000 1.548157 
1.440000 1.550679 
1.441000 1.553159 
1.442000 1.555595 
1.443000 1.557989 
1.444000 1.560340 
1.445000 1.562648 
1.446000 1.564913 
1.447000 1.567137 
1.448000 1.569318 
1.449000 1.571456 
1.450000 1.573553 
1.451000 1.575608 
1.452000 1.577621 
1.453000 1.579593 
1.454000 1.581523 
1.455000 1.583411 
1.456000 1.585258 
1.457000 1.587064 
1.458000 1.588829 
1.459000 1.590553 
1.460000 1.592237 
1.461000 1.593879 
1.462000 1.595481 
1.463000 1.597042 
1.464000 1.598563 
1.465000 1.600044 
1.466000 1.601485 
1.467000 1.602885 
1.468000 1.604245 
1.469000 1.605566 
1.470000 1.606847 
1.471000 1.608088 
1.472000 1.609290 
1.473000 1.610452 
1.474000 1.611575 
1.475000 1.612659 
1.476000 1.613704 
1.477000 1.614709 
1.478000 1.615676 
1.479000 1.616603 
1.480000 1.617492 
1.481000 1.618343 
1.482000 1.619154 
1.483000 1.619928 
1.484000 1.620663 
1.485000 1.621359 
1.486000 1.622018 
1.487000 1.622638 
1.488000 1.623220 
1.489000 1.623765 
1.490000 1.624271 
1.491000 1.624740 
1.492000 1.625171 
1.493000 1.625564 
1.494000 1.625920 
1.495000 1.626239 
1.496000 1.626520 
1.497000 1.626764 
1.498000 1.626970 
1.499000 1.627140 
