# time Tc_folded Tref_folded value value_err offset model full_model val_compare val_compare_err residuals residuals_err jitter jitter_flag offset_flag subset_flag 
2455480.529186 -22.902661 0.439578 -10482.960657 0.485677 -10476.162101 2.353602 -10479.910147 -0.696908 0.485677 -3.050510 0.485677 1.207806   1   1  -1 
2455480.532970 -22.898877 0.439588 -10481.678693 0.440084 -10476.162101 2.353852 -10479.909381 0.584540 0.440084 -1.769312 0.440084 1.207806   1   1  -1 
2455480.536778 -22.895069 0.439597 -10480.431449 0.465046 -10476.162101 2.354103 -10479.908601 1.831255 0.465046 -0.522848 0.465046 1.207806   1   1  -1 
2455482.554786 -20.877061 0.444708 -10476.128743 0.353905 -10476.162101 2.472726 -10477.919699 4.263683 0.353905 1.790956 0.353905 1.207806   1   1  -1 
2455484.542056 -18.889791 0.449740 -10475.755433 0.514319 -10476.162101 2.548807 -10474.890365 1.683739 0.514319 -0.865068 0.514319 1.207806   1   1  -1 
2455484.545828 -18.886019 0.449750 -10473.332240 0.532707 -10476.162101 2.548901 -10474.886301 4.102962 0.532707 1.554061 0.532707 1.207806   1   1  -1 
2455484.549671 -18.882176 0.449759 -10474.438386 0.508347 -10476.162101 2.548996 -10474.882169 2.992780 0.508347 0.443783 0.508347 1.207806   1   1  -1 
2455485.527184 -17.904663 0.452235 -10473.605978 0.432034 -10476.162101 2.565744 -10474.090309 3.050075 0.432034 0.484331 0.432034 1.207806   1   1  -1 
2455485.532971 -17.898876 0.452249 -10471.997247 0.445706 -10476.162101 2.565797 -10474.087075 4.655625 0.445706 2.089828 0.445706 1.207806   1   1  -1 
2455487.543214 -15.888633 0.457340 -10473.844627 0.404437 -10476.162101 2.547959 -10473.800562 2.503894 0.404437 -0.044065 0.404437 1.207806   1   1  -1 
2455487.548897 -15.882950 0.457354 -10473.904015 0.401767 -10476.162101 2.547803 -10473.801796 2.445584 0.401767 -0.102219 0.401767 1.207806   1   1  -1 
2455493.544252 -9.887595 0.472536 -10479.814585 0.396600 -10476.162101 2.087811 -10479.293487 1.566714 0.396600 -0.521098 0.396600 1.207806   1   1  -1 
2455493.550478 -9.881369 0.472552 -10480.900282 0.405220 -10476.162101 2.087112 -10479.301879 0.488709 0.405220 -1.598403 0.405220 1.207806   1   1  -1 
2455495.535877 -7.895970 0.477580 -10480.826331 0.401246 -10476.162101 1.855604 -10481.409521 2.438794 0.401246 0.583190 0.401246 1.207806   1   1  -1 
2455495.541664 -7.890183 0.477594 -10480.647538 0.425418 -10476.162101 1.854914 -10481.412286 2.619662 0.425418 0.764748 0.425418 1.207806   1   1  -1 
2455498.517820 -4.914027 0.485131 -10479.650410 0.663846 -10476.162101 1.505292 -10480.203125 2.058006 0.663846 0.552715 0.663846 1.207806   1   1  -1 
2455498.523445 -4.908402 0.485145 -10478.978096 0.600098 -10476.162101 1.504653 -10480.200243 2.726800 0.600098 1.222147 0.600098 1.207806   1   1  -1 
2455500.544007 -2.887840 0.490262 -10479.588979 0.341836 -10476.162101 1.284323 -10479.642873 1.338217 0.341836 0.053894 0.341836 1.207806   1   1  -1 
2455500.549389 -2.882458 0.490275 -10479.646223 0.372174 -10476.162101 1.283763 -10479.642329 1.279869 0.372174 -0.003894 0.372174 1.207806   1   1  -1 
2455501.547102 -1.884745 0.492802 -10479.228913 0.302659 -10476.162101 1.182499 -10479.595481 1.549067 0.302659 0.366568 0.302659 1.207806   1   1  -1 
2455501.552738 -1.879109 0.492816 -10480.110772 0.289222 -10476.162101 1.181942 -10479.595500 0.666670 0.289222 -0.515272 0.289222 1.207806   1   1  -1 
2455505.514789 2.082942 0.502849 -10479.788974 0.344263 -10476.162101 0.832840 -10480.482239 1.526105 0.344263 0.693265 0.344263 1.207806   1   1  -1 
2455505.520425 2.088578 0.502863 -10479.398339 0.340728 -10476.162101 0.832402 -10480.484866 1.918929 0.340728 1.086527 0.340728 1.207806   1   1  -1 
2455507.517142 4.085295 0.507920 -10482.165859 0.264981 -10476.162101 0.686932 -10481.595342 0.116415 0.264981 -0.570517 0.264981 1.207806   1   1  -1 
2455507.522824 4.090977 0.507934 -10483.868821 0.270208 -10476.162101 0.686545 -10481.598734 -1.583542 0.270208 -2.270087 0.270208 1.207806   1   1  -1 
2455509.518050 6.086203 0.512987 -10482.136940 0.380261 -10476.162101 0.559037 -10482.330905 0.753002 0.380261 0.193965 0.380261 1.207806   1   1  -1 
2455509.523524 6.091677 0.513000 -10481.842165 0.354765 -10476.162101 0.558709 -10482.330201 1.046746 0.354765 0.488036 0.354765 1.207806   1   1  -1 
2455511.516449 8.084602 0.518047 -10481.051242 0.398498 -10476.162101 0.446955 -10480.372164 -0.232124 0.398498 -0.679078 0.398498 1.207806   1   1  -1 
2455511.521935 8.090088 0.518061 -10481.318563 0.396662 -10476.162101 0.446667 -10480.363430 -0.508466 0.396662 -0.955133 0.396662 1.207806   1   1  -1 
2455513.504562 10.072715 0.523082 -10476.804338 0.418335 -10476.162101 0.348894 -10477.533438 1.077994 0.418335 0.729100 0.418335 1.207806   1   1  -1 
2455513.510244 10.078397 0.523096 -10476.668251 0.441085 -10476.162101 0.348631 -10477.527052 1.207432 0.441085 0.858801 0.441085 1.207806   1   1  -1 
2455514.505835 11.073988 0.525617 -10478.206203 0.335906 -10476.162101 0.303989 -10476.550610 -1.351604 0.335906 -1.655593 0.335906 1.207806   1   1  -1 
2455514.511356 11.079509 0.525631 -10477.524806 0.341716 -10476.162101 0.303749 -10476.545898 -0.675159 0.341716 -0.978908 0.341716 1.207806   1   1  -1 
2455519.503938 16.072091 0.538274 -10474.517329 0.516685 -10476.162101 0.116683 -10474.659250 0.258604 0.516685 0.141921 0.516685 1.207806   1   1  -1 
2455519.508811 16.076964 0.538286 -10473.971305 0.498073 -10476.162101 0.116526 -10474.660128 0.805349 0.498073 0.688823 0.498073 1.207806   1   1  -1 
2455523.508036 20.076189 0.548413 -10476.567096 0.414917 -10476.162101 0.001333 -10477.537029 0.971267 0.414917 0.969933 0.414917 1.207806   1   1  -1 
2455523.513036 20.081189 0.548426 -10476.426565 0.432885 -10476.162101 0.001205 -10477.541497 1.116137 0.432885 1.114932 0.432885 1.207806   1   1  -1 
2455524.521481 21.089634 0.550980 -10476.409103 0.333974 -10476.162101 -0.024043 -10478.189390 1.756244 0.333974 1.780287 0.333974 1.207806   1   1  -1 
2455524.526446 21.094599 0.550992 -10475.818731 0.339194 -10476.162101 -0.024164 -10478.191052 2.348157 0.339194 2.372321 0.339194 1.207806   1   1  -1 
2455653.900831 150.468984 0.878606 -10479.122782 0.372304 -10476.162101 -0.535918 -10478.752155 -0.906545 0.372304 -0.370627 0.372304 1.207806   1   1  -1 
2455653.906410 150.474563 0.878620 -10477.502514 0.368097 -10476.162101 -0.535911 -10478.747404 0.708979 0.368097 1.244890 0.368097 1.207806   1   1  -1 
2455654.900357 151.468510 0.881137 -10477.529507 0.407058 -10476.162101 -0.534805 -10477.807180 -0.257132 0.407058 0.277673 0.407058 1.207806   1   1  -1 
2455654.905936 151.474089 0.881151 -10476.951630 0.365708 -10476.162101 -0.534799 -10477.802085 0.315656 0.365708 0.850455 0.365708 1.207806   1   1  -1 
2455657.909222 154.477375 0.888757 -10477.608535 0.302855 -10476.162101 -0.531298 -10476.940448 -1.199385 0.302855 -0.668087 0.302855 1.207806   1   1  -1 
2455657.914813 154.482966 0.888771 -10478.050098 0.315866 -10476.162101 -0.531291 -10476.941961 -1.639428 0.315866 -1.108137 0.315866 1.207806   1   1  -1 
2455659.907949 156.476102 0.893818 -10477.046490 0.384743 -10476.162101 -0.528837 -10477.912367 0.337040 0.384743 0.865877 0.384743 1.207806   1   1  -1 
2455659.913540 156.481693 0.893832 -10478.198534 0.401510 -10476.162101 -0.528830 -10477.916078 -0.811286 0.401510 -0.282456 0.401510 1.207806   1   1  -1 
2455660.901884 157.470037 0.896335 -10478.330760 0.251174 -10476.162101 -0.527574 -10478.639277 -0.219057 0.251174 0.308517 0.251174 1.207806   1   1  -1 
2455662.902485 159.470638 0.901401 -10478.461597 0.474458 -10476.162101 -0.524956 -10480.438783 1.452230 0.474458 1.977186 0.474458 1.207806   1   1  -1 
2455662.908180 159.476333 0.901415 -10479.019990 0.454621 -10476.162101 -0.524949 -10480.444407 0.899469 0.454621 1.424417 0.454621 1.207806   1   1  -1 
2455663.839263 160.407416 0.903773 -10481.021871 0.868606 -10476.162101 -0.523695 -10481.386504 -0.159062 0.868606 0.364633 0.868606 1.207806   1   1  -1 
2455672.897729 169.465882 0.926712 -10477.289791 0.326960 -10476.162101 -0.510342 -10478.116466 0.316333 0.326960 0.826675 0.326960 1.207806   1   1  -1 
2455672.902775 169.470928 0.926725 -10477.128218 0.300639 -10476.162101 -0.510333 -10478.115458 0.476906 0.300639 0.987240 0.300639 1.207806   1   1  -1 
2455675.905453 172.473606 0.934328 -10479.983143 0.211350 -10476.162101 -0.505446 -10478.575932 -1.912658 0.211350 -1.407211 0.211350 1.207806   1   1  -1 
2455679.879903 176.448056 0.944393 -10481.249420 0.252289 -10476.162101 -0.498624 -10480.969367 -0.778677 0.252289 -0.280053 0.252289 1.207806   1   1  -1 
2455679.885123 176.453276 0.944406 -10482.070814 0.256851 -10476.162101 -0.498615 -10480.972021 -1.597408 0.256851 -1.098793 0.256851 1.207806   1   1  -1 
2455712.893679 -185.436984 0.027993 -10477.596372 0.280177 -10476.162101 -0.425426 -10476.413731 -1.608067 0.280177 -1.182641 0.280177 1.207806   1   1  -1 
2455715.864679 -182.465984 0.035517 -10473.715742 0.681733 -10476.162101 -0.417274 -10474.960358 0.827342 0.681733 1.244616 0.681733 1.207806   1   1  -1 
2455715.867376 -182.463287 0.035524 -10473.898980 0.709421 -10476.162101 -0.417267 -10474.960344 0.644097 0.709421 1.061364 0.709421 1.207806   1   1  -1 
2455715.869992 -182.460671 0.035530 -10473.445162 0.718389 -10476.162101 -0.417260 -10474.960331 1.097910 0.718389 1.515169 0.718389 1.207806   1   1  -1 
2455715.872747 -182.457916 0.035537 -10473.903696 0.742414 -10476.162101 -0.417252 -10474.960320 0.639372 0.742414 1.056624 0.742414 1.207806   1   1  -1 
2455727.859452 -170.471211 0.065891 -10475.357665 0.528199 -10476.162101 -0.381303 -10476.854430 1.115462 0.528199 1.496765 0.528199 1.207806   1   1  -1 
2455727.863145 -170.467518 0.065901 -10476.960737 0.516663 -10476.162101 -0.381291 -10476.853647 -0.488381 0.516663 -0.107090 0.516663 1.207806   1   1  -1 
2455727.866953 -170.463710 0.065910 -10477.060026 0.559742 -10476.162101 -0.381279 -10476.852847 -0.588458 0.559742 -0.207179 0.559742 1.207806   1   1  -1 
2455735.809170 -162.521493 0.086022 -10480.718295 0.263016 -10476.162101 -0.354492 -10481.656748 0.583961 0.263016 0.938453 0.263016 1.207806   1   1  -1 
2455754.777241 -143.553422 0.134055 -10475.455016 0.545675 -10476.162101 -0.278974 -10477.054876 1.320886 0.545675 1.599860 0.545675 1.207806   1   1  -1 
2455755.755721 -142.574942 0.136533 -10477.021535 0.384396 -10476.162101 -0.274566 -10476.448880 -0.847221 0.384396 -0.572655 0.384396 1.207806   1   1  -1 
2455769.736300 -128.594363 0.171936 -10478.718338 0.338766 -10476.162101 -0.204825 -10480.146189 1.223026 0.338766 1.427851 0.338766 1.207806   1   1  -1 
2455769.742075 -128.588588 0.171950 -10479.209949 0.385157 -10476.162101 -0.204793 -10480.137598 0.722856 0.385157 0.927649 0.385157 1.207806   1   1  -1 
2455776.628483 -121.702180 0.189389 -10477.854877 0.356174 -10476.162101 -0.165044 -10477.076306 -0.943615 0.356174 -0.778571 0.356174 1.207806   1   1  -1 
2455782.624998 -115.705665 0.204574 -10477.234320 0.380536 -10476.162101 -0.126909 -10477.198819 -0.162410 0.380536 -0.035501 0.380536 1.207806   1   1  -1 
2455784.737667 -113.592996 0.209924 -10473.119634 0.272683 -10476.162101 -0.112594 -10474.514047 1.281819 0.272683 1.394413 0.272683 1.207806   1   1  -1 
2455801.526698 -96.803965 0.252438 -10477.714254 0.636570 -10476.162101 0.021428 -10477.961556 0.268730 0.636570 0.247302 0.636570 1.207806   1   1  -1 
2455801.531628 -96.799035 0.252451 -10478.348482 0.588581 -10476.162101 0.021474 -10477.962532 -0.364476 0.588581 -0.385950 0.588581 1.207806   1   1  -1 
2455804.632333 -93.698330 0.260303 -10479.889141 0.560283 -10476.162101 0.051065 -10478.526887 -1.311189 0.560283 -1.362254 0.560283 1.207806   1   1  -1 
2455804.637669 -93.692994 0.260316 -10479.356651 0.516075 -10476.162101 0.051118 -10478.527802 -0.777731 0.516075 -0.828849 0.516075 1.207806   1   1  -1 
2455807.626267 -90.704396 0.267884 -10477.952953 0.482855 -10476.162101 0.081423 -10479.397282 1.525752 0.482855 1.444329 0.482855 1.207806   1   1  -1 
2455807.631162 -90.699501 0.267897 -10477.762393 0.443292 -10476.162101 0.081475 -10479.399423 1.718504 0.443292 1.637030 0.443292 1.207806   1   1  -1 
2455810.581550 -87.749113 0.275368 -10481.002505 0.377097 -10476.162101 0.113285 -10479.755611 -1.133610 0.377097 -1.246894 0.377097 1.207806   1   1  -1 
2455810.586723 -87.743940 0.275381 -10480.282556 0.398696 -10476.162101 0.113342 -10479.751936 -0.417278 0.398696 -0.530620 0.398696 1.207806   1   1  -1 
2455816.587002 -81.743661 0.290575 -10476.284284 0.479893 -10476.162101 0.184675 -10476.932577 0.832968 0.479893 0.648293 0.479893 1.207806   1   1  -1 
2455816.590578 -81.740085 0.290585 -10475.380232 0.444942 -10476.162101 0.184720 -10476.933364 1.737852 0.444942 1.553132 0.444942 1.207806   1   1  -1 
2455816.594154 -81.736509 0.290594 -10476.257023 0.438232 -10476.162101 0.184765 -10476.934152 0.861895 0.438232 0.677129 0.438232 1.207806   1   1  -1 
2455834.622073 -63.708590 0.336246 -10480.909706 0.288686 -10476.162101 0.475205 -10481.197452 0.762951 0.288686 0.287746 0.288686 1.207806   1   1  -1 
2455834.627593 -63.703070 0.336260 -10481.704100 0.288262 -10476.162101 0.475318 -10481.201182 -0.027600 0.288262 -0.502918 0.288262 1.207806   1   1  -1 
2455836.585712 -61.744951 0.341218 -10482.497452 0.340261 -10476.162101 0.516628 -10482.127725 0.146901 0.340261 -0.369727 0.340261 1.207806   1   1  -1 
2455836.591440 -61.739223 0.341233 -10483.216344 0.339568 -10476.162101 0.516753 -10482.128970 -0.570621 0.339568 -1.087374 0.339568 1.207806   1   1  -1 
2455839.585007 -58.745656 0.348813 -10480.984122 0.455066 -10476.162101 0.585045 -10480.035479 -0.363598 0.455066 -0.948643 0.455066 1.207806   1   1  -1 
2455839.590794 -58.739869 0.348828 -10480.862232 0.459884 -10476.162101 0.585184 -10480.024453 -0.252595 0.459884 -0.837779 0.459884 1.207806   1   1  -1 
2455842.549547 -55.781116 0.356320 -10475.984718 0.533150 -10476.162101 0.659627 -10474.741502 -0.583589 0.533150 -1.243216 0.533150 1.207806   1   1  -1 
2455842.555033 -55.775630 0.356334 -10475.769563 0.436601 -10476.162101 0.659772 -10474.735262 -0.374529 0.436601 -1.034301 0.436601 1.207806   1   1  -1 
2455845.575633 -52.755030 0.363983 -10472.970844 0.533869 -10476.162101 0.744055 -10473.086955 0.860166 0.533869 0.116111 0.533869 1.207806   1   1  -1 
2455845.581258 -52.749405 0.363997 -10473.156417 0.461200 -10476.162101 0.744221 -10473.086527 0.674331 0.461200 -0.069890 0.461200 1.207806   1   1  -1 
2455870.498785 -27.831878 0.427096 -10481.818484 0.365314 -10476.162101 1.993199 -10479.557989 -0.267296 0.365314 -2.260495 0.365314 1.207806   1   1  -1 
2455870.504422 -27.826241 0.427110 -10481.151885 0.359240 -10476.162101 1.993622 -10479.552647 0.394383 0.359240 -1.599238 0.359240 1.207806   1   1  -1 
2455874.532217 -23.798446 0.437310 -10477.728868 0.513797 -10476.162101 2.292466 -10476.717736 1.281334 0.513797 -1.011132 0.513797 1.207806   1   1  -1 
2455874.537437 -23.793226 0.437323 -10475.674380 0.695338 -10476.162101 2.292833 -10476.715007 3.333460 0.695338 1.040627 0.695338 1.207806   1   1  -1 
2455878.549549 -19.781114 0.447483 -10474.975638 0.680478 -10476.162101 2.520910 -10475.816774 3.362046 0.680478 0.841136 0.680478 1.207806   1   1  -1 
2455878.554965 -19.775698 0.447497 -10473.200640 0.660711 -10476.162101 2.521112 -10475.817577 5.138050 0.660711 2.616937 0.660711 1.207806   1   1  -1 
2456020.892743 122.562080 0.807938 -10474.892081 0.400252 -10476.162101 -0.555456 -10476.625978 1.178440 0.400252 1.733897 0.400252 1.207806   1   1  -1 
2456020.898160 122.567497 0.807951 -10474.995167 0.390725 -10476.162101 -0.555455 -10476.631669 1.081047 0.390725 1.636502 0.390725 1.207806   1   1  -1 
2456022.889397 124.558734 0.812994 -10478.871489 0.497344 -10476.162101 -0.554863 -10478.814114 -0.612238 0.497344 -0.057375 0.497344 1.207806   1   1  -1 
2456022.894884 124.564221 0.813008 -10479.815426 0.556527 -10476.162101 -0.554862 -10478.819702 -1.550585 0.556527 -0.995724 0.556527 1.207806   1   1  -1 
2456024.891353 126.560690 0.818063 -10480.979281 0.428656 -10476.162101 -0.554133 -10479.739726 -1.793687 0.428656 -1.239555 0.428656 1.207806   1   1  -1 
2456024.897048 126.566385 0.818078 -10480.604419 0.407038 -10476.162101 -0.554130 -10479.737642 -1.420908 0.407038 -0.866777 0.407038 1.207806   1   1  -1 
2456028.922257 130.591594 0.828271 -10477.908590 0.345283 -10476.162101 -0.552261 -10476.767523 -1.693329 0.345283 -1.141067 0.345283 1.207806   1   1  -1 
2456029.892891 131.562228 0.830729 -10478.166891 0.543499 -10476.162101 -0.551733 -10476.700189 -2.018435 0.543499 -1.466702 0.543499 1.207806   1   1  -1 
2456029.898354 131.567691 0.830743 -10478.569496 0.519266 -10476.162101 -0.551730 -10476.700554 -2.420672 0.519266 -1.868942 0.519266 1.207806   1   1  -1 
2456031.852968 133.522305 0.835692 -10477.024746 0.408809 -10476.162101 -0.550578 -10477.303324 -0.272000 0.408809 0.278578 0.408809 1.207806   1   1  -1 
2456052.857065 154.526402 0.888881 -10480.793021 0.406318 -10476.162101 -0.531239 -10479.821849 -1.502411 0.406318 -0.971172 0.406318 1.207806   1   1  -1 
2456052.862482 154.531819 0.888895 -10480.156970 0.393840 -10476.162101 -0.531232 -10479.822256 -0.865947 0.393840 -0.334714 0.393840 1.207806   1   1  -1 
2456053.851639 155.520976 0.891399 -10480.816786 0.437473 -10476.162101 -0.530026 -10479.394182 -1.952630 0.437473 -1.422604 0.437473 1.207806   1   1  -1 
2456053.857114 155.526451 0.891413 -10476.986852 0.414343 -10476.162101 -0.530019 -10479.389134 1.872263 0.414343 2.402282 0.414343 1.207806   1   1  -1 
2456054.839916 156.509253 0.893902 -10479.578072 0.266506 -10476.162101 -0.528795 -10478.189040 -1.917827 0.266506 -1.389032 0.266506 1.207806   1   1  -1 
2456055.886865 157.556202 0.896553 -10478.308216 0.254853 -10476.162101 -0.527464 -10476.800403 -2.035277 0.254853 -1.507813 0.254853 1.207806   1   1  -1 
2456056.818146 158.487483 0.898911 -10476.145121 0.446651 -10476.162101 -0.526256 -10475.830906 -0.840470 0.446651 -0.314215 0.446651 1.207806   1   1  -1 
2456056.823714 158.493051 0.898926 -10476.399813 0.406993 -10476.162101 -0.526248 -10475.825992 -1.100070 0.406993 -0.573821 0.406993 1.207806   1   1  -1 
2456078.843392 180.512729 0.954686 -10475.070920 0.323779 -10476.162101 -0.491228 -10477.511474 1.949326 0.323779 2.440554 0.323779 1.207806   1   1  -1 
2456078.849075 180.518412 0.954700 -10475.406297 0.316487 -10476.162101 -0.491218 -10477.514627 1.617112 0.316487 2.108330 0.316487 1.207806   1   1  -1 
2456081.832748 183.502085 0.962256 -10477.091748 0.398009 -10476.162101 -0.485435 -10478.137086 0.559903 0.398009 1.045338 0.398009 1.207806   1   1  -1 
2456081.838651 183.507988 0.962271 -10477.350415 0.323723 -10476.162101 -0.485424 -10478.132974 0.297135 0.323723 0.782559 0.323723 1.207806   1   1  -1 
2456085.820521 187.489858 0.972354 -10474.269371 0.439249 -10476.162101 -0.477443 -10473.431440 -1.315375 0.439249 -0.837931 0.439249 1.207806   1   1  -1 
2456085.826250 187.495587 0.972368 -10473.694203 0.458936 -10476.162101 -0.477432 -10473.428139 -0.743496 0.458936 -0.266064 0.458936 1.207806   1   1  -1 
2456088.742747 190.412084 0.979754 -10472.336592 0.274700 -10476.162101 -0.471316 -10473.318785 0.510877 0.274700 0.982193 0.274700 1.207806   1   1  -1 
2456092.900369 194.569706 0.990282 -10477.981567 0.314413 -10476.162101 -0.462195 -10476.736826 -1.706936 0.314413 -1.244741 0.314413 1.207806   1   1  -1 
2456115.815540 -177.413939 0.048310 -10474.774807 0.388096 -10476.162101 -0.402740 -10473.609920 -1.567627 0.388096 -1.164887 0.388096 1.207806   1   1  -1 
2456118.809984 -174.419495 0.055893 -10471.978956 0.256427 -10476.162101 -0.393709 -10473.169618 0.796954 0.256427 1.190662 0.256427 1.207806   1   1  -1 
2456121.820367 -171.409112 0.063516 -10475.055286 0.705930 -10476.162101 -0.384302 -10475.177200 -0.262388 0.705930 0.121914 0.705930 1.207806   1   1  -1 
2456149.686124 -143.543355 0.134080 -10478.886301 0.422505 -10476.162101 -0.278929 -10475.504082 -3.661148 0.422505 -3.382219 0.422505 1.207806   1   1  -1 
2456154.723489 -138.505990 0.146837 -10473.222066 0.432559 -10476.162101 -0.255613 -10473.076457 -0.401222 0.432559 -0.145609 0.432559 1.207806   1   1  -1 
2456154.728442 -138.501037 0.146849 -10472.383548 0.640869 -10476.162101 -0.255590 -10473.066503 0.427365 0.640869 0.682955 0.640869 1.207806   1   1  -1 
2456166.527551 -126.701928 0.176728 -10482.638275 0.322758 -10476.162101 -0.194298 -10480.264417 -2.568156 0.322758 -2.373858 0.322758 1.207806   1   1  -1 
2456168.609469 -124.620010 0.182000 -10483.235121 0.485702 -10476.162101 -0.182378 -10480.508516 -2.908984 0.485702 -2.726605 0.485702 1.207806   1   1  -1 
2456168.615105 -124.614374 0.182014 -10482.078140 0.428978 -10476.162101 -0.182346 -10480.503579 -1.756907 0.428978 -1.574561 0.428978 1.207806   1   1  -1 
2456171.510563 -121.718916 0.189346 -10477.310953 0.261955 -10476.162101 -0.165145 -10477.829494 0.353396 0.261955 0.518541 0.261955 1.207806   1   1  -1 
2456173.694840 -119.534639 0.194878 -10472.314153 0.435027 -10476.162101 -0.151665 -10476.792646 4.326829 0.435027 4.478493 0.435027 1.207806   1   1  -1 
2456181.612869 -111.616610 0.214928 -10475.571527 0.304713 -10476.162101 -0.098754 -10476.795082 1.124802 0.304713 1.223555 0.304713 1.207806   1   1  -1 
2456186.623747 -106.605732 0.227617 -10470.871523 0.269145 -10476.162101 -0.061553 -10471.969700 1.036624 0.269145 1.098177 0.269145 1.207806   1   1  -1 
2456189.666838 -103.562641 0.235323 -10471.752751 0.854916 -10476.162101 -0.037347 -10472.910836 1.120738 0.854916 1.158085 0.854916 1.207806   1   1  -1 
2456190.592865 -102.636614 0.237668 -10474.982002 0.436640 -10476.162101 -0.029718 -10473.469226 -1.542494 0.436640 -1.512776 0.436640 1.207806   1   1  -1 
2456190.598548 -102.630931 0.237683 -10475.915820 0.410184 -10476.162101 -0.029671 -10473.472802 -2.472689 0.410184 -2.443018 0.410184 1.207806   1   1  -1 
2456195.586272 -97.643207 0.250313 -10476.324229 0.455921 -10476.162101 0.013720 -10475.916867 -0.393642 0.455921 -0.407362 0.455921 1.207806   1   1  -1 
2456195.591793 -97.637686 0.250327 -10476.833989 0.456503 -10476.162101 0.013771 -10475.915819 -0.904399 0.456503 -0.918170 0.456503 1.207806   1   1  -1 
2456198.564091 -94.665388 0.257854 -10469.851121 0.593173 -10476.162101 0.041643 -10472.992778 3.183299 0.593173 3.141657 0.593173 1.207806   1   1  -1 
2456198.569866 -94.659613 0.257868 -10469.520142 0.625422 -10476.162101 0.041698 -10472.987571 3.509128 0.625422 3.467429 0.625422 1.207806   1   1  -1 
2456204.547188 -88.682291 0.273005 -10474.005151 0.390830 -10476.162101 0.103009 -10475.839942 1.937800 0.390830 1.834791 0.390830 1.207806   1   1  -1 
2456205.523197 -87.706282 0.275476 -10476.331744 0.223735 -10476.162101 0.113761 -10476.692519 0.474537 0.223735 0.360775 0.223735 1.207806   1   1  -1 
2456208.615737 -84.613742 0.283308 -10479.274458 0.471028 -10476.162101 0.149366 -10477.378452 -1.746640 0.471028 -1.896006 0.471028 1.207806   1   1  -1 
2456209.540800 -83.688679 0.285650 -10475.726000 0.526879 -10476.162101 0.160497 -10476.747945 1.182442 0.526879 1.021945 0.526879 1.207806   1   1  -1 
2456210.532155 -82.697324 0.288161 -10475.727704 0.432092 -10476.162101 0.172686 -10475.342017 -0.213002 0.432092 -0.385687 0.432092 1.207806   1   1  -1 
2456212.523498 -80.705981 0.293203 -10470.032065 0.239792 -10476.162101 0.198023 -10470.667994 0.833952 0.239792 0.635929 0.239792 1.207806   1   1  -1 
2456217.523649 -75.705830 0.305865 -10469.768240 0.370476 -10476.162101 0.267198 -10468.056954 -1.444088 0.370476 -1.711286 0.370476 1.207806   1   1  -1 
2456217.529482 -75.699997 0.305880 -10468.041405 0.361734 -10476.162101 0.267284 -10468.062416 0.288294 0.361734 0.021011 0.361734 1.207806   1   1  -1 
2456218.587951 -74.641528 0.308560 -10468.491163 0.391645 -10476.162101 0.283058 -10469.256155 1.048050 0.391645 0.764992 0.391645 1.207806   1   1  -1 
2456219.500319 -73.729160 0.310871 -10469.245686 0.247828 -10476.162101 0.297001 -10470.535388 1.586703 0.247828 1.289702 0.247828 1.207806   1   1  -1 
2456220.491327 -72.738152 0.313380 -10472.137625 0.391613 -10476.162101 0.312524 -10472.073626 0.248525 0.391613 -0.063999 0.391613 1.207806   1   1  -1 
2456220.514069 -72.715410 0.313438 -10472.572915 0.320320 -10476.162101 0.312885 -10472.109865 -0.150165 0.320320 -0.463050 0.320320 1.207806   1   1  -1 
2456409.867093 116.637614 0.792935 -10475.673600 0.617333 -10476.162101 -0.556378 -10476.452831 0.222854 0.617333 0.779231 0.617333 1.207806   1   1  -1 
2456409.872719 116.643240 0.792949 -10476.137178 0.595203 -10476.162101 -0.556377 -10476.453052 -0.240503 0.595203 0.315874 0.595203 1.207806   1   1  -1 
2456416.824768 123.595289 0.810554 -10472.302186 0.550392 -10476.162101 -0.555167 -10471.993897 -0.863456 0.550392 -0.308289 0.550392 1.207806   1   1  -1 
2456416.828565 123.599086 0.810564 -10470.986675 0.545862 -10476.162101 -0.555166 -10471.994084 0.452244 0.545862 1.007409 0.545862 1.207806   1   1  -1 
2456416.832443 123.602964 0.810574 -10471.882453 0.566830 -10476.162101 -0.555164 -10471.994277 -0.443340 0.566830 0.111824 0.566830 1.207806   1   1  -1 
2456432.884915 139.655436 0.851223 -10474.962361 0.393986 -10476.162101 -0.546215 -10474.569244 -0.939332 0.393986 -0.393117 0.393986 1.207806   1   1  -1 
2456432.890124 139.660645 0.851236 -10475.372110 0.450803 -10476.162101 -0.546210 -10474.571674 -1.346647 0.450803 -0.800436 0.450803 1.207806   1   1  -1 
2456433.905268 140.675789 0.853807 -10472.852948 0.738644 -10476.162101 -0.545382 -10475.092167 1.693837 0.738644 2.239219 0.738644 1.207806   1   1  -1 
2456433.910395 140.680916 0.853820 -10474.512391 0.801539 -10476.162101 -0.545378 -10475.095050 0.037281 0.801539 0.582659 0.801539 1.207806   1   1  -1 
2456434.892458 141.662979 0.856307 -10475.434897 0.484791 -10476.162101 -0.544549 -10475.700227 -0.279218 0.484791 0.265330 0.484791 1.207806   1   1  -1 
2456434.898129 141.668650 0.856321 -10474.106533 0.468854 -10476.162101 -0.544544 -10475.704041 1.052964 0.468854 1.597508 0.468854 1.207806   1   1  -1 
2456437.889188 144.659709 0.863895 -10477.501611 0.400790 -10476.162101 -0.541850 -10477.993891 -0.049571 0.400790 0.492280 0.400790 1.207806   1   1  -1 
2456437.894720 144.665241 0.863909 -10477.202903 0.367888 -10476.162101 -0.541845 -10477.997353 0.252605 0.367888 0.794450 0.367888 1.207806   1   1  -1 
2456438.860772 145.631293 0.866356 -10477.416873 0.320407 -10476.162101 -0.540922 -10478.339496 0.381701 0.320407 0.922623 0.320407 1.207806   1   1  -1 
2456441.860316 148.630837 0.873952 -10477.889690 0.423142 -10476.162101 -0.537893 -10475.783413 -2.644170 0.423142 -2.106277 0.423142 1.207806   1   1  -1 
2456454.832361 161.602882 0.906801 -10475.281861 0.354619 -10476.162101 -0.522052 -10474.394923 -1.408991 0.354619 -0.886938 0.354619 1.207806   1   1  -1 
2456454.837894 161.608415 0.906815 -10474.118452 0.355826 -10476.162101 -0.522045 -10474.388003 -0.252494 0.355826 0.269551 0.355826 1.207806   1   1  -1 
2456467.823190 174.593711 0.939697 -10478.702475 0.627828 -10476.162101 -0.501857 -10477.030369 -2.173963 0.627828 -1.672106 0.627828 1.207806   1   1  -1 
2456467.826929 174.597450 0.939707 -10477.017285 0.556688 -10476.162101 -0.501851 -10477.030583 -0.488553 0.556688 0.013298 0.556688 1.207806   1   1  -1 
2456467.830702 174.601223 0.939716 -10477.517838 0.592918 -10476.162101 -0.501844 -10477.030787 -0.988895 0.592918 -0.487051 0.592918 1.207806   1   1  -1 
2456473.860840 180.631361 0.954986 -10476.447652 0.525661 -10476.162101 -0.491006 -10476.230193 -0.708465 0.525661 -0.217459 0.525661 1.207806   1   1  -1 
2456473.864821 180.635342 0.954996 -10476.577531 0.508451 -10476.162101 -0.490999 -10476.231486 -0.837044 0.508451 -0.346045 0.508451 1.207806   1   1  -1 
2456473.868595 180.639116 0.955006 -10477.152422 0.549460 -10476.162101 -0.490992 -10476.232711 -1.410703 0.549460 -0.919711 0.549460 1.207806   1   1  -1 
2456480.776552 187.547073 0.972499 -10477.791088 0.498216 -10476.162101 -0.477326 -10477.666392 -0.602022 0.498216 -0.124696 0.498216 1.207806   1   1  -1 
2456480.782281 187.552802 0.972513 -10479.026503 0.462663 -10476.162101 -0.477314 -10477.666562 -1.837255 0.462663 -1.359941 0.462663 1.207806   1   1  -1 
2456481.631506 188.402027 0.974664 -10479.243238 0.620379 -10476.162101 -0.475556 -10477.514504 -2.204290 0.620379 -1.728734 0.620379 1.207806   1   1  -1 
2456481.637189 188.407710 0.974678 -10479.719427 0.629706 -10476.162101 -0.475544 -10477.511981 -2.682989 0.629706 -2.207446 0.629706 1.207806   1   1  -1 
2456501.599929 -186.528367 0.025230 -10471.824389 0.315832 -10476.162101 -0.428350 -10472.465956 0.213218 0.315832 0.641567 0.315832 1.207806   1   1  -1 
2456523.744316 -164.383980 0.081306 -10476.503679 0.283739 -10476.162101 -0.361003 -10476.491761 -0.372921 0.283739 -0.011918 0.283739 1.207806   1   1  -1 
2456524.691276 -163.437020 0.083704 -10475.914483 0.351566 -10476.162101 -0.357711 -10476.706528 0.434334 0.351566 0.792045 0.351566 1.207806   1   1  -1 
2456524.696693 -163.431603 0.083718 -10476.491657 0.358347 -10476.162101 -0.357692 -10476.705834 -0.143515 0.358347 0.214177 0.358347 1.207806   1   1  -1 
2456525.743740 -162.384556 0.086369 -10476.578898 0.318867 -10476.162101 -0.354007 -10476.106617 -0.826288 0.318867 -0.472281 0.318867 1.207806   1   1  -1 
2456569.534062 -118.594234 0.197259 -10476.206904 0.538465 -10476.162101 -0.145720 -10475.144400 -1.208224 0.538465 -1.062504 0.538465 1.207806   1   1  -1 
2456585.564665 -102.563631 0.237853 -10473.765867 0.427831 -10476.162101 -0.029111 -10474.329661 0.534683 0.427831 0.563794 0.427831 1.207806   1   1  -1 
2456585.568473 -102.559823 0.237863 -10475.180778 0.414412 -10476.162101 -0.029079 -10474.326477 -0.883381 0.414412 -0.854301 0.414412 1.207806   1   1  -1 
2456585.572350 -102.555946 0.237873 -10474.743998 0.423051 -10476.162101 -0.029047 -10474.323241 -0.449804 0.423051 -0.420757 0.423051 1.207806   1   1  -1 
2456586.547688 -101.580608 0.240343 -10474.360620 0.464286 -10476.162101 -0.020861 -10473.685041 -0.696440 0.464286 -0.675579 0.464286 1.207806   1   1  -1 
2456586.551530 -101.576766 0.240352 -10474.580572 0.496503 -10476.162101 -0.020829 -10473.683141 -0.918260 0.496503 -0.897431 0.496503 1.207806   1   1  -1 
2456586.555442 -101.572854 0.240362 -10475.256026 0.515154 -10476.162101 -0.020796 -10473.681210 -1.595611 0.515154 -1.574816 0.515154 1.207806   1   1  -1 
2456590.510961 -97.617335 0.250379 -10473.364197 0.683759 -10476.162101 0.013956 -10473.205694 -0.144547 0.683759 -0.158503 0.683759 1.207806   1   1  -1 
2456590.514943 -97.613353 0.250389 -10471.788641 0.761395 -10476.162101 0.013992 -10473.206298 1.431649 0.761395 1.417657 0.761395 1.207806   1   1  -1 
2456590.518611 -97.609685 0.250398 -10472.177822 0.643858 -10476.162101 0.014026 -10473.206856 1.043059 0.643858 1.029034 0.643858 1.207806   1   1  -1 
2456765.917789 77.789493 0.694560 -10478.736988 0.356105 -10476.162101 -0.519991 -10477.488360 -1.768619 0.356105 -1.248628 0.356105 1.207806   1   1  -1 
2456765.923021 77.794725 0.694574 -10479.356033 0.359343 -10476.162101 -0.520002 -10477.493383 -2.382652 0.359343 -1.862650 0.359343 1.207806   1   1  -1 
2456789.854143 101.725847 0.755174 -10471.510093 0.391560 -10476.162101 -0.552388 -10471.927354 -0.135126 0.391560 0.417261 0.391560 1.207806   1   1  -1 
2456789.859722 101.731426 0.755188 -10471.639643 0.405092 -10476.162101 -0.552391 -10471.926501 -0.265533 0.405092 0.286858 0.405092 1.207806   1   1  -1 
2456806.890179 118.761883 0.798315 -10477.728101 0.424327 -10476.162101 -0.556196 -10477.405524 -0.878772 0.424327 -0.322577 0.424327 1.207806   1   1  -1 
2456829.893363 141.765067 0.856565 -10474.769093 0.272363 -10476.162101 -0.544461 -10473.663172 -1.650381 0.272363 -1.105921 0.272363 1.207806   1   1  -1 
2456857.748704 169.620408 0.927103 -10473.725387 0.458440 -10476.162101 -0.510096 -10473.580685 -0.654797 0.458440 -0.144702 0.458440 1.207806   1   1  -1 
2456857.754433 169.626137 0.927118 -10473.163228 0.448012 -10476.162101 -0.510086 -10473.579426 -0.093889 0.448012 0.416198 0.448012 1.207806   1   1  -1 
2456866.784629 178.656333 0.949985 -10479.134302 0.372433 -10476.162101 -0.494659 -10477.942870 -1.686091 0.372433 -1.191432 0.372433 1.207806   1   1  -1 
2456896.727940 -186.299172 0.025810 -10476.588857 0.526898 -10476.162101 -0.427739 -10475.088686 -1.927910 0.526898 -1.500171 0.526898 1.207806   1   1  -1 
2456896.733287 -186.293825 0.025824 -10476.057196 0.651138 -10476.162101 -0.427724 -10475.085610 -1.399310 0.651138 -0.971586 0.651138 1.207806   1   1  -1 
2457146.919889 63.892777 0.659370 -10475.918297 0.272209 -10476.162101 -0.477900 -10475.028130 -1.368067 0.272209 -0.890167 0.272209 1.207806   1   1  -1 
2457176.844500 93.817388 0.735148 -10464.313000 0.241278 -10461.970526 -0.545865 -10464.659457 -0.199409 0.241278 0.346457 0.241278 1.207806   1   2  -1 
2457180.950532 97.923420 0.745545 -10468.297390 0.305748 -10461.970526 -0.549685 -10468.394738 -0.452337 0.305748 0.097348 0.305748 1.207806   1   2  -1 
2457180.956053 97.928941 0.745559 -10469.641714 0.321155 -10461.970526 -0.549689 -10468.398367 -1.793036 0.321155 -1.243347 0.321155 1.207806   1   2  -1 
2457307.523708 -170.402220 0.066066 -10460.965808 0.284606 -10461.970526 -0.381081 -10461.773777 0.426888 0.284606 0.807969 0.284606 1.207806   1   2  -1 
2457307.529113 -170.396815 0.066080 -10461.174528 0.295801 -10461.970526 -0.381064 -10461.776692 0.221101 0.295801 0.602164 0.295801 1.207806   1   2  -1 
2457879.840329 7.015584 0.515340 -10463.101417 0.420408 -10461.970526 0.505098 -10462.799759 0.203439 0.420408 -0.301658 0.420408 1.207806   1   2  -1 
2457968.637355 95.812610 0.740200 -10461.424457 0.383012 -10461.970526 -0.547844 -10462.283049 0.310748 0.383012 0.858592 0.383012 1.207806   1   2  -1 
2460042.883932 195.565106 0.992803 -10467.619651 0.097183 -10466.456509 -0.459940 -10467.489195 -0.590396 0.097183 -0.130456 0.097183 0.794500   0   0  -1 
2460042.889532 195.570706 0.992817 -10467.826807 0.098837 -10466.456509 -0.459927 -10467.484970 -0.801764 0.098837 -0.341837 0.098837 0.794500   0   0  -1 
2460043.870973 196.552147 0.995302 -10467.810891 0.115769 -10466.456509 -0.457676 -10466.975562 -1.293005 0.115769 -0.835329 0.115769 0.794500   0   0  -1 
2460043.876677 196.557851 0.995317 -10467.827764 0.107743 -10466.456509 -0.457663 -10466.974058 -1.311369 0.107743 -0.853706 0.107743 0.794500   0   0  -1 
2460044.793251 -197.424392 0.997638 -10466.216747 0.119007 -10466.456509 -0.455536 -10466.932977 0.260695 0.119007 0.716230 0.119007 0.794500   0   0  -1 
2460044.798982 -197.418661 0.997652 -10466.355629 0.118254 -10466.456509 -0.455522 -10466.933830 0.122679 0.118254 0.578201 0.118254 0.794500   0   0  -1 
2460045.773704 -196.443939 0.000121 -10468.947680 0.263543 -10466.456509 -0.453233 -10467.219548 -2.181365 0.263543 -1.728132 0.263543 0.794500   0   0  -1 
2460045.779649 -196.437994 0.000136 -10468.728031 0.178179 -10466.456509 -0.453219 -10467.221964 -1.959286 0.178179 -1.506067 0.178179 0.794500   0   0  -1 
2460046.786658 -195.430985 0.002686 -10466.718679 0.108298 -10466.456509 -0.450826 -10467.693169 0.523664 0.108298 0.974490 0.108298 0.794500   0   0  -1 
2460046.792204 -195.425439 0.002700 -10467.571100 0.100449 -10466.456509 -0.450812 -10467.695981 -0.325932 0.100449 0.124881 0.100449 0.794500   0   0  -1 
2460047.789500 -194.428143 0.005225 -10468.079684 0.107918 -10466.456509 -0.448412 -10468.207740 -0.320356 0.107918 0.128056 0.107918 0.794500   0   0  -1 
2460047.795047 -194.422596 0.005239 -10468.412170 0.104000 -10466.456509 -0.448399 -10468.210560 -0.650009 0.104000 -0.201610 0.104000 0.794500   0   0  -1 
2460048.783364 -193.434279 0.007742 -10468.577566 0.129590 -10466.456509 -0.445992 -10468.694640 -0.328917 0.129590 0.117074 0.129590 0.794500   0   0  -1 
2460048.789012 -193.428631 0.007756 -10468.027070 0.120793 -10466.456509 -0.445978 -10468.697282 0.224234 0.120793 0.670212 0.120793 0.794500   0   0  -1 
2460049.801102 -192.416541 0.010319 -10468.921797 0.111941 -10466.456509 -0.443483 -10469.144711 -0.220569 0.111941 0.222914 0.111941 0.794500   0   0  -1 
2460049.806533 -192.411110 0.010333 -10469.044553 0.118675 -10466.456509 -0.443469 -10469.146972 -0.341050 0.118675 0.102419 0.118675 0.794500   0   0  -1 
2460050.776767 -191.440876 0.012790 -10470.880979 0.110463 -10466.456509 -0.441048 -10469.527929 -1.794098 0.110463 -1.353050 0.110463 0.794500   0   0  -1 
2460050.782471 -191.435172 0.012804 -10470.587932 0.106168 -10466.456509 -0.441034 -10469.530037 -1.498929 0.106168 -1.057895 0.106168 0.794500   0   0  -1 
2460068.823617 -173.394026 0.058490 -10467.442048 0.125458 -10466.456509 -0.390542 -10468.547819 0.715229 0.125458 1.105771 0.125458 0.794500   0   0  -1 
2460068.829253 -173.388390 0.058504 -10468.177705 0.157911 -10466.456509 -0.390525 -10468.553302 -0.014927 0.157911 0.375597 0.157911 0.794500   0   0  -1 
2460073.775251 -168.442392 0.071029 -10468.691416 0.136518 -10466.456509 -0.374700 -10468.916405 -0.149711 0.136518 0.224989 0.136518 0.794500   0   0  -1 
2460073.780774 -168.436869 0.071043 -10468.532442 0.124641 -10466.456509 -0.374681 -10468.918109 0.010986 0.124641 0.385667 0.124641 0.794500   0   0  -1 
2460076.728213 -165.489430 0.078507 -10468.677012 0.126723 -10466.456509 -0.364800 -10469.835087 0.793275 0.126723 1.158075 0.126723 0.794500   0   0  -1 
2460076.733797 -165.483846 0.078521 -10468.420636 0.121235 -10466.456509 -0.364781 -10469.836123 1.050707 0.121235 1.415487 0.121235 0.794500   0   0  -1 
2460077.755001 -164.462642 0.081107 -10469.796842 0.156253 -10466.456509 -0.361275 -10469.950467 -0.207650 0.156253 0.153625 0.156253 0.794500   0   0  -1 
2460077.760768 -164.456875 0.081121 -10469.832216 0.150546 -10466.456509 -0.361255 -10469.950682 -0.242789 0.150546 0.118466 0.150546 0.794500   0   0  -1 
2460078.818364 -163.399279 0.083799 -10470.121344 0.118065 -10466.456509 -0.357579 -10469.912099 -0.566824 0.118065 -0.209245 0.118065 0.794500   0   0  -1 
2460078.823976 -163.393667 0.083814 -10470.631326 0.115757 -10466.456509 -0.357559 -10469.911511 -1.077374 0.115757 -0.719815 0.115757 0.794500   0   0  -1 
2460079.846559 -162.371084 0.086403 -10469.784428 0.112864 -10466.456509 -0.353960 -10469.752802 -0.385585 0.112864 -0.031626 0.112864 0.794500   0   0  -1 
2460079.852048 -162.365595 0.086417 -10469.613740 0.114319 -10466.456509 -0.353940 -10469.751730 -0.215950 0.114319 0.137990 0.114319 0.794500   0   0  -1 
2460080.730235 -161.487408 0.088641 -10469.772583 0.121764 -10466.456509 -0.350813 -10469.565049 -0.558348 0.121764 -0.207534 0.121764 0.794500   0   0  -1 
2460080.735864 -161.481779 0.088655 -10469.610615 0.112383 -10466.456509 -0.350793 -10469.563795 -0.397613 0.112383 -0.046820 0.112383 0.794500   0   0  -1 
2460082.755256 -159.462387 0.093769 -10469.121371 0.143393 -10466.456509 -0.343475 -10469.033003 -0.431844 0.143393 -0.088368 0.143393 0.794500   0   0  -1 
2460082.760842 -159.456801 0.093783 -10468.518798 0.129661 -10466.456509 -0.343455 -10469.030738 0.168485 0.129661 0.511940 0.129661 0.794500   0   0  -1 
2460086.748603 -155.469040 0.103881 -10463.771857 0.096592 -10466.456509 -0.328465 -10464.735134 0.634812 0.096592 0.963277 0.096592 0.794500   0   0  -1 
2460086.754324 -155.463319 0.103896 -10464.310069 0.104158 -10466.456509 -0.328443 -10464.730934 0.092422 0.104158 0.420865 0.104158 0.794500   0   0  -1 
2460199.601214 -42.616429 0.389657 -10467.857782 0.194625 -10466.456509 1.108746 -10468.333851 1.584815 0.194625 0.476069 0.194625 0.794500   0   0  -1 
2460199.607025 -42.610618 0.389672 -10469.302924 0.190719 -10466.456509 1.109001 -10468.327791 0.133868 0.190719 -0.975133 0.190719 0.794500   0   0  -1 
2460201.515076 -40.702567 0.394504 -10466.554990 0.136306 -10466.456509 1.196032 -10466.746210 1.387252 0.136306 0.191220 0.136306 0.794500   0   0  -1 
2460201.520627 -40.697016 0.394518 -10466.389365 0.147106 -10466.456509 1.196296 -10466.743486 1.550417 0.147106 0.354121 0.147106 0.794500   0   0  -1 
2460202.533617 -39.684026 0.397083 -10465.659465 0.116368 -10466.456509 1.245446 -10466.407819 1.993799 0.116368 0.748354 0.116368 0.794500   0   0  -1 
2460202.539273 -39.678370 0.397097 -10465.508485 0.110234 -10466.456509 1.245726 -10466.406719 2.143960 0.110234 0.898234 0.110234 0.794500   0   0  -1 
2460203.571018 -38.646625 0.399710 -10465.844882 0.168626 -10466.456509 1.298019 -10466.308536 1.761674 0.168626 0.463654 0.168626 0.794500   0   0  -1 
2460203.577196 -38.640447 0.399726 -10465.648256 0.180164 -10466.456509 1.298340 -10466.308463 1.958547 0.180164 0.660207 0.180164 0.794500   0   0  -1 
2460204.530857 -37.686786 0.402140 -10467.427115 0.098515 -10466.456509 1.348768 -10466.352132 0.273785 0.098515 -1.074983 0.098515 0.794500   0   0  -1 
2460204.536387 -37.681256 0.402154 -10466.800940 0.104273 -10466.456509 1.349066 -10466.352673 0.900799 0.104273 -0.448267 0.104273 0.794500   0   0  -1 
2460205.516019 -36.701624 0.404635 -10468.149301 0.122140 -10466.456509 1.403038 -10466.495822 -0.250441 0.122140 -1.653479 0.122140 0.794500   0   0  -1 
2460205.521490 -36.696153 0.404649 -10467.759986 0.108265 -10466.456509 1.403346 -10466.496886 0.140246 0.108265 -1.263100 0.108265 0.794500   0   0  -1 
2460206.534104 -35.683539 0.407213 -10467.984215 0.123507 -10466.456509 1.461520 -10466.749248 0.226553 0.123507 -1.234967 0.123507 0.794500   0   0  -1 
2460206.539634 -35.678009 0.407227 -10467.395836 0.112931 -10466.456509 1.461844 -10466.750951 0.816959 0.112931 -0.644885 0.112931 0.794500   0   0  -1 
2460208.612713 -33.604930 0.412477 -10467.863703 0.119086 -10466.456509 1.588702 -10467.697780 1.422778 0.119086 -0.165923 0.119086 0.794500   0   0  -1 
2460208.618030 -33.599613 0.412490 -10468.124237 0.122661 -10466.456509 1.589040 -10467.701081 1.165884 0.122661 -0.423156 0.122661 0.794500   0   0  -1 
2460209.504007 -32.713636 0.414734 -10468.350357 0.247406 -10466.456509 1.646461 -10468.312282 1.608386 0.247406 -0.038075 0.247406 0.794500   0   0  -1 
2460209.509978 -32.707665 0.414749 -10468.742438 0.220522 -10466.456509 1.646855 -10468.316775 1.221191 0.220522 -0.425663 0.220522 0.794500   0   0  -1 
2460210.587394 -31.630249 0.417477 -10468.232795 0.137683 -10466.456509 1.719220 -10469.166422 2.652847 0.137683 0.933627 0.137683 0.794500   0   0  -1 
2460210.593026 -31.624617 0.417492 -10467.916827 0.147704 -10466.456509 1.719605 -10469.170847 2.973625 0.147704 1.254020 0.147704 0.794500   0   0  -1 
2460211.516295 -30.701348 0.419830 -10469.090653 0.190231 -10466.456509 1.783728 -10469.801320 2.494395 0.190231 0.710667 0.190231 0.794500   0   0  -1 
2460211.522268 -30.695375 0.419845 -10468.782398 0.153085 -10466.456509 1.784149 -10469.804390 2.806141 0.153085 1.021992 0.153085 0.794500   0   0  -1 
