# Tref_folded model 
-1.500000 -1.222804 
-1.499000 -1.213724 
-1.498000 -1.204515 
-1.497000 -1.195177 
-1.496000 -1.185711 
-1.495000 -1.176118 
-1.494000 -1.166398 
-1.493000 -1.156552 
-1.492000 -1.146582 
-1.491000 -1.136487 
-1.490000 -1.126268 
-1.489000 -1.115927 
-1.488000 -1.105465 
-1.487000 -1.094883 
-1.486000 -1.084180 
-1.485000 -1.073360 
-1.484000 -1.062422 
-1.483000 -1.051369 
-1.482000 -1.040200 
-1.481000 -1.028918 
-1.480000 -1.017523 
-1.479000 -1.006018 
-1.478000 -0.994403 
-1.477000 -0.982679 
-1.476000 -0.970849 
-1.475000 -0.958914 
-1.474000 -0.946875 
-1.473000 -0.934733 
-1.472000 -0.922491 
-1.471000 -0.910150 
-1.470000 -0.897711 
-1.469000 -0.885177 
-1.468000 -0.872549 
-1.467000 -0.859828 
-1.466000 -0.847017 
-1.465000 -0.834118 
-1.464000 -0.821132 
-1.463000 -0.808061 
-1.462000 -0.794907 
-1.461000 -0.781672 
-1.460000 -0.768358 
-1.459000 -0.754967 
-1.458000 -0.741501 
-1.457000 -0.727962 
-1.456000 -0.714352 
-1.455000 -0.700674 
-1.454000 -0.686929 
-1.453000 -0.673119 
-1.452000 -0.659247 
-1.451000 -0.645311 
-1.450000 -0.631321 
-1.449000 -0.617274 
-1.448000 -0.603175 
-1.447000 -0.589023 
-1.446000 -0.574823 
-1.445000 -0.560576 
-1.444000 -0.546284 
-1.443000 -0.531951 
-1.442000 -0.517577 
-1.441000 -0.503165 
-1.440000 -0.488718 
-1.439000 -0.474238 
-1.438000 -0.459728 
-1.437000 -0.445188 
-1.436000 -0.430623 
-1.435000 -0.416034 
-1.434000 -0.401424 
-1.433000 -0.386794 
-1.432000 -0.372147 
-1.431000 -0.357486 
-1.430000 -0.342813 
-1.429000 -0.328130 
-1.428000 -0.313439 
-1.427000 -0.298743 
-1.426000 -0.284043 
-1.425000 -0.269343 
-1.424000 -0.254645 
-1.423000 -0.239950 
-1.422000 -0.225261 
-1.421000 -0.210580 
-1.420000 -0.195909 
-1.419000 -0.181251 
-1.418000 -0.166607 
-1.417000 -0.151980 
-1.416000 -0.137373 
-1.415000 -0.122786 
-1.414000 -0.108222 
-1.413000 -0.093683 
-1.412000 -0.079172 
-1.411000 -0.064689 
-1.410000 -0.050238 
-1.409000 -0.035820 
-1.408000 -0.021437 
-1.407000 -0.007092 
-1.406000 0.007215 
-1.405000 0.021482 
-1.404000 0.035705 
-1.403000 0.049884 
-1.402000 0.064017 
-1.401000 0.078103 
-1.400000 0.092138 
-1.399000 0.106122 
-1.398000 0.120053 
-1.397000 0.133930 
-1.396000 0.147750 
-1.395000 0.161513 
-1.394000 0.175216 
-1.393000 0.188858 
-1.392000 0.202438 
-1.391000 0.215955 
-1.390000 0.229406 
-1.389000 0.242791 
-1.388000 0.256108 
-1.387000 0.269355 
-1.386000 0.282533 
-1.385000 0.295638 
-1.384000 0.308671 
-1.383000 0.321630 
-1.382000 0.334513 
-1.381000 0.347320 
-1.380000 0.360050 
-1.379000 0.372701 
-1.378000 0.385273 
-1.377000 0.397765 
-1.376000 0.410175 
-1.375000 0.422502 
-1.374000 0.434747 
-1.373000 0.446907 
-1.372000 0.458982 
-1.371000 0.470972 
-1.370000 0.482876 
-1.369000 0.494692 
-1.368000 0.506420 
-1.367000 0.518060 
-1.366000 0.529611 
-1.365000 0.541071 
-1.364000 0.552442 
-1.363000 0.563721 
-1.362000 0.574909 
-1.361000 0.586005 
-1.360000 0.597009 
-1.359000 0.607920 
-1.358000 0.618737 
-1.357000 0.629461 
-1.356000 0.640091 
-1.355000 0.650626 
-1.354000 0.661067 
-1.353000 0.671413 
-1.352000 0.681663 
-1.351000 0.691818 
-1.350000 0.701878 
-1.349000 0.711841 
-1.348000 0.721709 
-1.347000 0.731480 
-1.346000 0.741155 
-1.345000 0.750733 
-1.344000 0.760215 
-1.343000 0.769601 
-1.342000 0.778890 
-1.341000 0.788082 
-1.340000 0.797177 
-1.339000 0.806176 
-1.338000 0.815079 
-1.337000 0.823885 
-1.336000 0.832594 
-1.335000 0.841208 
-1.334000 0.849725 
-1.333000 0.858145 
-1.332000 0.866470 
-1.331000 0.874699 
-1.330000 0.882833 
-1.329000 0.890871 
-1.328000 0.898813 
-1.327000 0.906661 
-1.326000 0.914414 
-1.325000 0.922072 
-1.324000 0.929636 
-1.323000 0.937105 
-1.322000 0.944481 
-1.321000 0.951764 
-1.320000 0.958953 
-1.319000 0.966050 
-1.318000 0.973053 
-1.317000 0.979965 
-1.316000 0.986785 
-1.315000 0.993513 
-1.314000 1.000150 
-1.313000 1.006696 
-1.312000 1.013152 
-1.311000 1.019517 
-1.310000 1.025793 
-1.309000 1.031980 
-1.308000 1.038078 
-1.307000 1.044087 
-1.306000 1.050009 
-1.305000 1.055843 
-1.304000 1.061589 
-1.303000 1.067249 
-1.302000 1.072823 
-1.301000 1.078311 
-1.300000 1.083713 
-1.299000 1.089031 
-1.298000 1.094264 
-1.297000 1.099413 
-1.296000 1.104479 
-1.295000 1.109462 
-1.294000 1.114362 
-1.293000 1.119180 
-1.292000 1.123917 
-1.291000 1.128572 
-1.290000 1.133147 
-1.289000 1.137642 
-1.288000 1.142057 
-1.287000 1.146394 
-1.286000 1.150651 
-1.285000 1.154831 
-1.284000 1.158933 
-1.283000 1.162958 
-1.282000 1.166906 
-1.281000 1.170778 
-1.280000 1.174575 
-1.279000 1.178296 
-1.278000 1.181944 
-1.277000 1.185517 
-1.276000 1.189016 
-1.275000 1.192443 
-1.274000 1.195797 
-1.273000 1.199079 
-1.272000 1.202290 
-1.271000 1.205430 
-1.270000 1.208499 
-1.269000 1.211498 
-1.268000 1.214428 
-1.267000 1.217289 
-1.266000 1.220082 
-1.265000 1.222807 
-1.264000 1.225464 
-1.263000 1.228054 
-1.262000 1.230578 
-1.261000 1.233037 
-1.260000 1.235429 
-1.259000 1.237757 
-1.258000 1.240021 
-1.257000 1.242220 
-1.256000 1.244357 
-1.255000 1.246430 
-1.254000 1.248441 
-1.253000 1.250390 
-1.252000 1.252277 
-1.251000 1.254103 
-1.250000 1.255869 
-1.249000 1.257575 
-1.248000 1.259222 
-1.247000 1.260809 
-1.246000 1.262338 
-1.245000 1.263809 
-1.244000 1.265222 
-1.243000 1.266577 
-1.242000 1.267876 
-1.241000 1.269119 
-1.240000 1.270306 
-1.239000 1.271438 
-1.238000 1.272514 
-1.237000 1.273537 
-1.236000 1.274505 
-1.235000 1.275420 
-1.234000 1.276281 
-1.233000 1.277090 
-1.232000 1.277846 
-1.231000 1.278551 
-1.230000 1.279205 
-1.229000 1.279807 
-1.228000 1.280359 
-1.227000 1.280860 
-1.226000 1.281312 
-1.225000 1.281715 
-1.224000 1.282069 
-1.223000 1.282374 
-1.222000 1.282631 
-1.221000 1.282841 
-1.220000 1.283003 
-1.219000 1.283119 
-1.218000 1.283188 
-1.217000 1.283211 
-1.216000 1.283188 
-1.215000 1.283120 
-1.214000 1.283007 
-1.213000 1.282849 
-1.212000 1.282647 
-1.211000 1.282402 
-1.210000 1.282113 
-1.209000 1.281781 
-1.208000 1.281406 
-1.207000 1.280989 
-1.206000 1.280530 
-1.205000 1.280029 
-1.204000 1.279487 
-1.203000 1.278904 
-1.202000 1.278280 
-1.201000 1.277617 
-1.200000 1.276913 
-1.199000 1.276170 
-1.198000 1.275388 
-1.197000 1.274566 
-1.196000 1.273706 
-1.195000 1.272808 
-1.194000 1.271872 
-1.193000 1.270899 
-1.192000 1.269888 
-1.191000 1.268840 
-1.190000 1.267756 
-1.189000 1.266635 
-1.188000 1.265478 
-1.187000 1.264286 
-1.186000 1.263058 
-1.185000 1.261795 
-1.184000 1.260497 
-1.183000 1.259165 
-1.182000 1.257798 
-1.181000 1.256398 
-1.180000 1.254963 
-1.179000 1.253496 
-1.178000 1.251995 
-1.177000 1.250461 
-1.176000 1.248895 
-1.175000 1.247297 
-1.174000 1.245667 
-1.173000 1.244005 
-1.172000 1.242311 
-1.171000 1.240586 
-1.170000 1.238831 
-1.169000 1.237044 
-1.168000 1.235227 
-1.167000 1.233380 
-1.166000 1.231503 
-1.165000 1.229596 
-1.164000 1.227660 
-1.163000 1.225695 
-1.162000 1.223701 
-1.161000 1.221678 
-1.160000 1.219626 
-1.159000 1.217546 
-1.158000 1.215439 
-1.157000 1.213303 
-1.156000 1.211140 
-1.155000 1.208950 
-1.154000 1.206732 
-1.153000 1.204488 
-1.152000 1.202216 
-1.151000 1.199919 
-1.150000 1.197595 
-1.149000 1.195245 
-1.148000 1.192869 
-1.147000 1.190468 
-1.146000 1.188041 
-1.145000 1.185590 
-1.144000 1.183113 
-1.143000 1.180611 
-1.142000 1.178085 
-1.141000 1.175534 
-1.140000 1.172959 
-1.139000 1.170360 
-1.138000 1.167737 
-1.137000 1.165091 
-1.136000 1.162421 
-1.135000 1.159727 
-1.134000 1.157011 
-1.133000 1.154272 
-1.132000 1.151510 
-1.131000 1.148725 
-1.130000 1.145919 
-1.129000 1.143089 
-1.128000 1.140238 
-1.127000 1.137365 
-1.126000 1.134471 
-1.125000 1.131554 
-1.124000 1.128617 
-1.123000 1.125658 
-1.122000 1.122678 
-1.121000 1.119677 
-1.120000 1.116656 
-1.119000 1.113614 
-1.118000 1.110551 
-1.117000 1.107469 
-1.116000 1.104366 
-1.115000 1.101243 
-1.114000 1.098101 
-1.113000 1.094938 
-1.112000 1.091757 
-1.111000 1.088556 
-1.110000 1.085335 
-1.109000 1.082096 
-1.108000 1.078837 
-1.107000 1.075560 
-1.106000 1.072264 
-1.105000 1.068950 
-1.104000 1.065617 
-1.103000 1.062266 
-1.102000 1.058897 
-1.101000 1.055510 
-1.100000 1.052105 
-1.099000 1.048682 
-1.098000 1.045241 
-1.097000 1.041783 
-1.096000 1.038308 
-1.095000 1.034815 
-1.094000 1.031306 
-1.093000 1.027779 
-1.092000 1.024235 
-1.091000 1.020675 
-1.090000 1.017098 
-1.089000 1.013504 
-1.088000 1.009894 
-1.087000 1.006267 
-1.086000 1.002625 
-1.085000 0.998966 
-1.084000 0.995291 
-1.083000 0.991601 
-1.082000 0.987894 
-1.081000 0.984172 
-1.080000 0.980435 
-1.079000 0.976681 
-1.078000 0.972913 
-1.077000 0.969129 
-1.076000 0.965330 
-1.075000 0.961516 
-1.074000 0.957687 
-1.073000 0.953844 
-1.072000 0.949985 
-1.071000 0.946112 
-1.070000 0.942224 
-1.069000 0.938322 
-1.068000 0.934405 
-1.067000 0.930474 
-1.066000 0.926528 
-1.065000 0.922569 
-1.064000 0.918596 
-1.063000 0.914608 
-1.062000 0.910607 
-1.061000 0.906592 
-1.060000 0.902563 
-1.059000 0.898521 
-1.058000 0.894465 
-1.057000 0.890395 
-1.056000 0.886313 
-1.055000 0.882217 
-1.054000 0.878107 
-1.053000 0.873985 
-1.052000 0.869850 
-1.051000 0.865701 
-1.050000 0.861540 
-1.049000 0.857366 
-1.048000 0.853179 
-1.047000 0.848979 
-1.046000 0.844767 
-1.045000 0.840542 
-1.044000 0.836305 
-1.043000 0.832055 
-1.042000 0.827794 
-1.041000 0.823519 
-1.040000 0.819233 
-1.039000 0.814934 
-1.038000 0.810624 
-1.037000 0.806301 
-1.036000 0.801967 
-1.035000 0.797621 
-1.034000 0.793263 
-1.033000 0.788893 
-1.032000 0.784511 
-1.031000 0.780118 
-1.030000 0.775714 
-1.029000 0.771297 
-1.028000 0.766870 
-1.027000 0.762431 
-1.026000 0.757981 
-1.025000 0.753519 
-1.024000 0.749047 
-1.023000 0.744563 
-1.022000 0.740068 
-1.021000 0.735562 
-1.020000 0.731045 
-1.019000 0.726517 
-1.018000 0.721979 
-1.017000 0.717429 
-1.016000 0.712869 
-1.015000 0.708298 
-1.014000 0.703717 
-1.013000 0.699125 
-1.012000 0.694522 
-1.011000 0.689909 
-1.010000 0.685285 
-1.009000 0.680652 
-1.008000 0.676007 
-1.007000 0.671353 
-1.006000 0.666688 
-1.005000 0.662013 
-1.004000 0.657327 
-1.003000 0.652632 
-1.002000 0.647927 
-1.001000 0.643211 
-1.000000 0.638486 
-0.999000 0.633751 
-0.998000 0.629006 
-0.997000 0.624250 
-0.996000 0.619486 
-0.995000 0.614711 
-0.994000 0.609927 
-0.993000 0.605133 
-0.992000 0.600329 
-0.991000 0.595516 
-0.990000 0.590693 
-0.989000 0.585861 
-0.988000 0.581019 
-0.987000 0.576168 
-0.986000 0.571308 
-0.985000 0.566438 
-0.984000 0.561559 
-0.983000 0.556670 
-0.982000 0.551773 
-0.981000 0.546866 
-0.980000 0.541950 
-0.979000 0.537025 
-0.978000 0.532090 
-0.977000 0.527147 
-0.976000 0.522195 
-0.975000 0.517234 
-0.974000 0.512263 
-0.973000 0.507284 
-0.972000 0.502296 
-0.971000 0.497299 
-0.970000 0.492294 
-0.969000 0.487279 
-0.968000 0.482256 
-0.967000 0.477224 
-0.966000 0.472183 
-0.965000 0.467134 
-0.964000 0.462076 
-0.963000 0.457010 
-0.962000 0.451935 
-0.961000 0.446851 
-0.960000 0.441759 
-0.959000 0.436659 
-0.958000 0.431550 
-0.957000 0.426433 
-0.956000 0.421307 
-0.955000 0.416173 
-0.954000 0.411031 
-0.953000 0.405880 
-0.952000 0.400722 
-0.951000 0.395553 
-0.950000 0.390378 
-0.949000 0.385195 
-0.948000 0.380003 
-0.947000 0.374804 
-0.946000 0.369596 
-0.945000 0.364380 
-0.944000 0.359157 
-0.943000 0.353925 
-0.942000 0.348685 
-0.941000 0.343437 
-0.940000 0.338182 
-0.939000 0.332918 
-0.938000 0.327647 
-0.937000 0.322368 
-0.936000 0.317081 
-0.935000 0.311786 
-0.934000 0.306484 
-0.933000 0.301173 
-0.932000 0.295855 
-0.931000 0.290530 
-0.930000 0.285197 
-0.929000 0.279856 
-0.928000 0.274507 
-0.927000 0.269151 
-0.926000 0.263788 
-0.925000 0.258416 
-0.924000 0.253038 
-0.923000 0.247652 
-0.922000 0.242258 
-0.921000 0.236857 
-0.920000 0.231449 
-0.919000 0.226033 
-0.918000 0.220610 
-0.917000 0.215180 
-0.916000 0.209742 
-0.915000 0.204297 
-0.914000 0.198845 
-0.913000 0.193385 
-0.912000 0.187919 
-0.911000 0.182445 
-0.910000 0.176964 
-0.909000 0.171476 
-0.908000 0.165981 
-0.907000 0.160478 
-0.906000 0.154969 
-0.905000 0.149453 
-0.904000 0.143929 
-0.903000 0.138399 
-0.902000 0.132862 
-0.901000 0.127317 
-0.900000 0.121766 
-0.899000 0.116208 
-0.898000 0.110643 
-0.897000 0.105072 
-0.896000 0.099493 
-0.895000 0.093908 
-0.894000 0.088316 
-0.893000 0.082717 
-0.892000 0.077112 
-0.891000 0.071500 
-0.890000 0.065881 
-0.889000 0.060255 
-0.888000 0.054623 
-0.887000 0.048985 
-0.886000 0.043340 
-0.885000 0.037688 
-0.884000 0.032030 
-0.883000 0.026365 
-0.882000 0.020694 
-0.881000 0.015017 
-0.880000 0.009333 
-0.879000 0.003643 
-0.878000 -0.002054 
-0.877000 -0.007757 
-0.876000 -0.013466 
-0.875000 -0.019181 
-0.874000 -0.024903 
-0.873000 -0.030630 
-0.872000 -0.036364 
-0.871000 -0.042104 
-0.870000 -0.047851 
-0.869000 -0.053603 
-0.868000 -0.059361 
-0.867000 -0.065126 
-0.866000 -0.070896 
-0.865000 -0.076672 
-0.864000 -0.082454 
-0.863000 -0.088243 
-0.862000 -0.094037 
-0.861000 -0.099836 
-0.860000 -0.105642 
-0.859000 -0.111453 
-0.858000 -0.117270 
-0.857000 -0.123093 
-0.856000 -0.128922 
-0.855000 -0.134756 
-0.854000 -0.140596 
-0.853000 -0.146441 
-0.852000 -0.152292 
-0.851000 -0.158148 
-0.850000 -0.164010 
-0.849000 -0.169877 
-0.848000 -0.175750 
-0.847000 -0.181628 
-0.846000 -0.187511 
-0.845000 -0.193400 
-0.844000 -0.199294 
-0.843000 -0.205193 
-0.842000 -0.211097 
-0.841000 -0.217007 
-0.840000 -0.222921 
-0.839000 -0.228841 
-0.838000 -0.234765 
-0.837000 -0.240695 
-0.836000 -0.246629 
-0.835000 -0.252568 
-0.834000 -0.258513 
-0.833000 -0.264462 
-0.832000 -0.270415 
-0.831000 -0.276374 
-0.830000 -0.282337 
-0.829000 -0.288305 
-0.828000 -0.294277 
-0.827000 -0.300254 
-0.826000 -0.306235 
-0.825000 -0.312221 
-0.824000 -0.318211 
-0.823000 -0.324206 
-0.822000 -0.330204 
-0.821000 -0.336207 
-0.820000 -0.342215 
-0.819000 -0.348226 
-0.818000 -0.354241 
-0.817000 -0.360261 
-0.816000 -0.366284 
-0.815000 -0.372312 
-0.814000 -0.378343 
-0.813000 -0.384378 
-0.812000 -0.390417 
-0.811000 -0.396459 
-0.810000 -0.402505 
-0.809000 -0.408555 
-0.808000 -0.414608 
-0.807000 -0.420665 
-0.806000 -0.426725 
-0.805000 -0.432788 
-0.804000 -0.438855 
-0.803000 -0.444925 
-0.802000 -0.450998 
-0.801000 -0.457074 
-0.800000 -0.463153 
-0.799000 -0.469235 
-0.798000 -0.475319 
-0.797000 -0.481407 
-0.796000 -0.487497 
-0.795000 -0.493590 
-0.794000 -0.499686 
-0.793000 -0.505784 
-0.792000 -0.511884 
-0.791000 -0.517987 
-0.790000 -0.524092 
-0.789000 -0.530199 
-0.788000 -0.536309 
-0.787000 -0.542420 
-0.786000 -0.548533 
-0.785000 -0.554648 
-0.784000 -0.560765 
-0.783000 -0.566884 
-0.782000 -0.573004 
-0.781000 -0.579125 
-0.780000 -0.585248 
-0.779000 -0.591373 
-0.778000 -0.597498 
-0.777000 -0.603625 
-0.776000 -0.609753 
-0.775000 -0.615881 
-0.774000 -0.622011 
-0.773000 -0.628141 
-0.772000 -0.634272 
-0.771000 -0.640403 
-0.770000 -0.646535 
-0.769000 -0.652667 
-0.768000 -0.658799 
-0.767000 -0.664932 
-0.766000 -0.671064 
-0.765000 -0.677197 
-0.764000 -0.683329 
-0.763000 -0.689460 
-0.762000 -0.695591 
-0.761000 -0.701722 
-0.760000 -0.707852 
-0.759000 -0.713981 
-0.758000 -0.720109 
-0.757000 -0.726236 
-0.756000 -0.732361 
-0.755000 -0.738485 
-0.754000 -0.744608 
-0.753000 -0.750729 
-0.752000 -0.756849 
-0.751000 -0.762966 
-0.750000 -0.769082 
-0.749000 -0.775195 
-0.748000 -0.781306 
-0.747000 -0.787414 
-0.746000 -0.793520 
-0.745000 -0.799623 
-0.744000 -0.805723 
-0.743000 -0.811820 
-0.742000 -0.817913 
-0.741000 -0.824004 
-0.740000 -0.830090 
-0.739000 -0.836173 
-0.738000 -0.842252 
-0.737000 -0.848327 
-0.736000 -0.854397 
-0.735000 -0.860464 
-0.734000 -0.866525 
-0.733000 -0.872582 
-0.732000 -0.878633 
-0.731000 -0.884680 
-0.730000 -0.890721 
-0.729000 -0.896757 
-0.728000 -0.902786 
-0.727000 -0.908810 
-0.726000 -0.914828 
-0.725000 -0.920839 
-0.724000 -0.926844 
-0.723000 -0.932842 
-0.722000 -0.938833 
-0.721000 -0.944817 
-0.720000 -0.950793 
-0.719000 -0.956762 
-0.718000 -0.962723 
-0.717000 -0.968675 
-0.716000 -0.974620 
-0.715000 -0.980555 
-0.714000 -0.986482 
-0.713000 -0.992400 
-0.712000 -0.998309 
-0.711000 -1.004208 
-0.710000 -1.010097 
-0.709000 -1.015977 
-0.708000 -1.021846 
-0.707000 -1.027704 
-0.706000 -1.033551 
-0.705000 -1.039388 
-0.704000 -1.045213 
-0.703000 -1.051026 
-0.702000 -1.056827 
-0.701000 -1.062617 
-0.700000 -1.068393 
-0.699000 -1.074157 
-0.698000 -1.079907 
-0.697000 -1.085645 
-0.696000 -1.091368 
-0.695000 -1.097078 
-0.694000 -1.102773 
-0.693000 -1.108453 
-0.692000 -1.114118 
-0.691000 -1.119769 
-0.690000 -1.125403 
-0.689000 -1.131021 
-0.688000 -1.136623 
-0.687000 -1.142209 
-0.686000 -1.147777 
-0.685000 -1.153328 
-0.684000 -1.158861 
-0.683000 -1.164376 
-0.682000 -1.169873 
-0.681000 -1.175350 
-0.680000 -1.180809 
-0.679000 -1.186247 
-0.678000 -1.191666 
-0.677000 -1.197064 
-0.676000 -1.202442 
-0.675000 -1.207798 
-0.674000 -1.213133 
-0.673000 -1.218445 
-0.672000 -1.223735 
-0.671000 -1.229002 
-0.670000 -1.234246 
-0.669000 -1.239466 
-0.668000 -1.244662 
-0.667000 -1.249833 
-0.666000 -1.254979 
-0.665000 -1.260099 
-0.664000 -1.265193 
-0.663000 -1.270261 
-0.662000 -1.275302 
-0.661000 -1.280315 
-0.660000 -1.285300 
-0.659000 -1.290257 
-0.658000 -1.295184 
-0.657000 -1.300082 
-0.656000 -1.304951 
-0.655000 -1.309788 
-0.654000 -1.314595 
-0.653000 -1.319370 
-0.652000 -1.324112 
-0.651000 -1.328822 
-0.650000 -1.333499 
-0.649000 -1.338142 
-0.648000 -1.342751 
-0.647000 -1.347324 
-0.646000 -1.351862 
-0.645000 -1.356364 
-0.644000 -1.360830 
-0.643000 -1.365257 
-0.642000 -1.369647 
-0.641000 -1.373999 
-0.640000 -1.378311 
-0.639000 -1.382584 
-0.638000 -1.386816 
-0.637000 -1.391007 
-0.636000 -1.395156 
-0.635000 -1.399263 
-0.634000 -1.403327 
-0.633000 -1.407347 
-0.632000 -1.411323 
-0.631000 -1.415254 
-0.630000 -1.419139 
-0.629000 -1.422978 
-0.628000 -1.426769 
-0.627000 -1.430513 
-0.626000 -1.434208 
-0.625000 -1.437854 
-0.624000 -1.441450 
-0.623000 -1.444995 
-0.622000 -1.448488 
-0.621000 -1.451930 
-0.620000 -1.455318 
-0.619000 -1.458652 
-0.618000 -1.461932 
-0.617000 -1.465157 
-0.616000 -1.468325 
-0.615000 -1.471437 
-0.614000 -1.474491 
-0.613000 -1.477486 
-0.612000 -1.480422 
-0.611000 -1.483298 
-0.610000 -1.486113 
-0.609000 -1.488866 
-0.608000 -1.491556 
-0.607000 -1.494183 
-0.606000 -1.496745 
-0.605000 -1.499243 
-0.604000 -1.501674 
-0.603000 -1.504039 
-0.602000 -1.506335 
-0.601000 -1.508563 
-0.600000 -1.510722 
-0.599000 -1.512810 
-0.598000 -1.514826 
-0.597000 -1.516771 
-0.596000 -1.518642 
-0.595000 -1.520439 
-0.594000 -1.522161 
-0.593000 -1.523808 
-0.592000 -1.525377 
-0.591000 -1.526869 
-0.590000 -1.528282 
-0.589000 -1.529615 
-0.588000 -1.530868 
-0.587000 -1.532040 
-0.586000 -1.533129 
-0.585000 -1.534134 
-0.584000 -1.535056 
-0.583000 -1.535892 
-0.582000 -1.536642 
-0.581000 -1.537304 
-0.580000 -1.537879 
-0.579000 -1.538364 
-0.578000 -1.538759 
-0.577000 -1.539064 
-0.576000 -1.539276 
-0.575000 -1.539395 
-0.574000 -1.539421 
-0.573000 -1.539351 
-0.572000 -1.539186 
-0.571000 -1.538924 
-0.570000 -1.538564 
-0.569000 -1.538105 
-0.568000 -1.537547 
-0.567000 -1.536888 
-0.566000 -1.536128 
-0.565000 -1.535265 
-0.564000 -1.534299 
-0.563000 -1.533228 
-0.562000 -1.532052 
-0.561000 -1.530770 
-0.560000 -1.529381 
-0.559000 -1.527883 
-0.558000 -1.526277 
-0.557000 -1.524561 
-0.556000 -1.522734 
-0.555000 -1.520795 
-0.554000 -1.518744 
-0.553000 -1.516579 
-0.552000 -1.514301 
-0.551000 -1.511907 
-0.550000 -1.509397 
-0.549000 -1.506771 
-0.548000 -1.504027 
-0.547000 -1.501165 
-0.546000 -1.498183 
-0.545000 -1.495082 
-0.544000 -1.491860 
-0.543000 -1.488517 
-0.542000 -1.485052 
-0.541000 -1.481463 
-0.540000 -1.477752 
-0.539000 -1.473916 
-0.538000 -1.469955 
-0.537000 -1.465869 
-0.536000 -1.461657 
-0.535000 -1.457317 
-0.534000 -1.452851 
-0.533000 -1.448257 
-0.532000 -1.443534 
-0.531000 -1.438683 
-0.530000 -1.433702 
-0.529000 -1.428592 
-0.528000 -1.423351 
-0.527000 -1.417979 
-0.526000 -1.412476 
-0.525000 -1.406842 
-0.524000 -1.401076 
-0.523000 -1.395178 
-0.522000 -1.389147 
-0.521000 -1.382984 
-0.520000 -1.376688 
-0.519000 -1.370259 
-0.518000 -1.363697 
-0.517000 -1.357001 
-0.516000 -1.350172 
-0.515000 -1.343209 
-0.514000 -1.336113 
-0.513000 -1.328883 
-0.512000 -1.321520 
-0.511000 -1.314023 
-0.510000 -1.306393 
-0.509000 -1.298629 
-0.508000 -1.290733 
-0.507000 -1.282703 
-0.506000 -1.274541 
-0.505000 -1.266247 
-0.504000 -1.257821 
-0.503000 -1.249263 
-0.502000 -1.240574 
-0.501000 -1.231754 
-0.500000 -1.222804 
-0.499000 -1.213724 
-0.498000 -1.204515 
-0.497000 -1.195177 
-0.496000 -1.185711 
-0.495000 -1.176118 
-0.494000 -1.166398 
-0.493000 -1.156552 
-0.492000 -1.146582 
-0.491000 -1.136487 
-0.490000 -1.126268 
-0.489000 -1.115927 
-0.488000 -1.105465 
-0.487000 -1.094883 
-0.486000 -1.084180 
-0.485000 -1.073360 
-0.484000 -1.062422 
-0.483000 -1.051369 
-0.482000 -1.040200 
-0.481000 -1.028918 
-0.480000 -1.017523 
-0.479000 -1.006018 
-0.478000 -0.994403 
-0.477000 -0.982679 
-0.476000 -0.970849 
-0.475000 -0.958914 
-0.474000 -0.946875 
-0.473000 -0.934733 
-0.472000 -0.922491 
-0.471000 -0.910150 
-0.470000 -0.897711 
-0.469000 -0.885177 
-0.468000 -0.872549 
-0.467000 -0.859828 
-0.466000 -0.847017 
-0.465000 -0.834118 
-0.464000 -0.821132 
-0.463000 -0.808061 
-0.462000 -0.794907 
-0.461000 -0.781672 
-0.460000 -0.768358 
-0.459000 -0.754967 
-0.458000 -0.741501 
-0.457000 -0.727962 
-0.456000 -0.714352 
-0.455000 -0.700674 
-0.454000 -0.686929 
-0.453000 -0.673119 
-0.452000 -0.659247 
-0.451000 -0.645311 
-0.450000 -0.631321 
-0.449000 -0.617274 
-0.448000 -0.603175 
-0.447000 -0.589023 
-0.446000 -0.574823 
-0.445000 -0.560576 
-0.444000 -0.546284 
-0.443000 -0.531951 
-0.442000 -0.517577 
-0.441000 -0.503165 
-0.440000 -0.488718 
-0.439000 -0.474238 
-0.438000 -0.459728 
-0.437000 -0.445188 
-0.436000 -0.430623 
-0.435000 -0.416034 
-0.434000 -0.401424 
-0.433000 -0.386794 
-0.432000 -0.372147 
-0.431000 -0.357486 
-0.430000 -0.342813 
-0.429000 -0.328130 
-0.428000 -0.313439 
-0.427000 -0.298743 
-0.426000 -0.284043 
-0.425000 -0.269343 
-0.424000 -0.254645 
-0.423000 -0.239950 
-0.422000 -0.225261 
-0.421000 -0.210580 
-0.420000 -0.195909 
-0.419000 -0.181251 
-0.418000 -0.166607 
-0.417000 -0.151980 
-0.416000 -0.137373 
-0.415000 -0.122786 
-0.414000 -0.108222 
-0.413000 -0.093683 
-0.412000 -0.079172 
-0.411000 -0.064689 
-0.410000 -0.050238 
-0.409000 -0.035820 
-0.408000 -0.021437 
-0.407000 -0.007092 
-0.406000 0.007215 
-0.405000 0.021482 
-0.404000 0.035705 
-0.403000 0.049884 
-0.402000 0.064017 
-0.401000 0.078103 
-0.400000 0.092138 
-0.399000 0.106122 
-0.398000 0.120053 
-0.397000 0.133930 
-0.396000 0.147750 
-0.395000 0.161513 
-0.394000 0.175216 
-0.393000 0.188858 
-0.392000 0.202438 
-0.391000 0.215955 
-0.390000 0.229406 
-0.389000 0.242791 
-0.388000 0.256108 
-0.387000 0.269355 
-0.386000 0.282533 
-0.385000 0.295638 
-0.384000 0.308671 
-0.383000 0.321630 
-0.382000 0.334513 
-0.381000 0.347320 
-0.380000 0.360050 
-0.379000 0.372701 
-0.378000 0.385273 
-0.377000 0.397765 
-0.376000 0.410175 
-0.375000 0.422502 
-0.374000 0.434747 
-0.373000 0.446907 
-0.372000 0.458982 
-0.371000 0.470972 
-0.370000 0.482876 
-0.369000 0.494692 
-0.368000 0.506420 
-0.367000 0.518060 
-0.366000 0.529611 
-0.365000 0.541071 
-0.364000 0.552442 
-0.363000 0.563721 
-0.362000 0.574909 
-0.361000 0.586005 
-0.360000 0.597009 
-0.359000 0.607920 
-0.358000 0.618737 
-0.357000 0.629461 
-0.356000 0.640091 
-0.355000 0.650626 
-0.354000 0.661067 
-0.353000 0.671413 
-0.352000 0.681663 
-0.351000 0.691818 
-0.350000 0.701878 
-0.349000 0.711841 
-0.348000 0.721709 
-0.347000 0.731480 
-0.346000 0.741155 
-0.345000 0.750733 
-0.344000 0.760215 
-0.343000 0.769601 
-0.342000 0.778890 
-0.341000 0.788082 
-0.340000 0.797177 
-0.339000 0.806176 
-0.338000 0.815079 
-0.337000 0.823885 
-0.336000 0.832594 
-0.335000 0.841208 
-0.334000 0.849725 
-0.333000 0.858145 
-0.332000 0.866470 
-0.331000 0.874699 
-0.330000 0.882833 
-0.329000 0.890871 
-0.328000 0.898813 
-0.327000 0.906661 
-0.326000 0.914414 
-0.325000 0.922072 
-0.324000 0.929636 
-0.323000 0.937105 
-0.322000 0.944481 
-0.321000 0.951764 
-0.320000 0.958953 
-0.319000 0.966050 
-0.318000 0.973053 
-0.317000 0.979965 
-0.316000 0.986785 
-0.315000 0.993513 
-0.314000 1.000150 
-0.313000 1.006696 
-0.312000 1.013152 
-0.311000 1.019517 
-0.310000 1.025793 
-0.309000 1.031980 
-0.308000 1.038078 
-0.307000 1.044087 
-0.306000 1.050009 
-0.305000 1.055843 
-0.304000 1.061589 
-0.303000 1.067249 
-0.302000 1.072823 
-0.301000 1.078311 
-0.300000 1.083713 
-0.299000 1.089031 
-0.298000 1.094264 
-0.297000 1.099413 
-0.296000 1.104479 
-0.295000 1.109462 
-0.294000 1.114362 
-0.293000 1.119180 
-0.292000 1.123917 
-0.291000 1.128572 
-0.290000 1.133147 
-0.289000 1.137642 
-0.288000 1.142057 
-0.287000 1.146394 
-0.286000 1.150651 
-0.285000 1.154831 
-0.284000 1.158933 
-0.283000 1.162958 
-0.282000 1.166906 
-0.281000 1.170778 
-0.280000 1.174575 
-0.279000 1.178296 
-0.278000 1.181944 
-0.277000 1.185517 
-0.276000 1.189016 
-0.275000 1.192443 
-0.274000 1.195797 
-0.273000 1.199079 
-0.272000 1.202290 
-0.271000 1.205430 
-0.270000 1.208499 
-0.269000 1.211498 
-0.268000 1.214428 
-0.267000 1.217289 
-0.266000 1.220082 
-0.265000 1.222807 
-0.264000 1.225464 
-0.263000 1.228054 
-0.262000 1.230578 
-0.261000 1.233037 
-0.260000 1.235429 
-0.259000 1.237757 
-0.258000 1.240021 
-0.257000 1.242220 
-0.256000 1.244357 
-0.255000 1.246430 
-0.254000 1.248441 
-0.253000 1.250390 
-0.252000 1.252277 
-0.251000 1.254103 
-0.250000 1.255869 
-0.249000 1.257575 
-0.248000 1.259222 
-0.247000 1.260809 
-0.246000 1.262338 
-0.245000 1.263809 
-0.244000 1.265222 
-0.243000 1.266577 
-0.242000 1.267876 
-0.241000 1.269119 
-0.240000 1.270306 
-0.239000 1.271438 
-0.238000 1.272514 
-0.237000 1.273537 
-0.236000 1.274505 
-0.235000 1.275420 
-0.234000 1.276281 
-0.233000 1.277090 
-0.232000 1.277846 
-0.231000 1.278551 
-0.230000 1.279205 
-0.229000 1.279807 
-0.228000 1.280359 
-0.227000 1.280860 
-0.226000 1.281312 
-0.225000 1.281715 
-0.224000 1.282069 
-0.223000 1.282374 
-0.222000 1.282631 
-0.221000 1.282841 
-0.220000 1.283003 
-0.219000 1.283119 
-0.218000 1.283188 
-0.217000 1.283211 
-0.216000 1.283188 
-0.215000 1.283120 
-0.214000 1.283007 
-0.213000 1.282849 
-0.212000 1.282647 
-0.211000 1.282402 
-0.210000 1.282113 
-0.209000 1.281781 
-0.208000 1.281406 
-0.207000 1.280989 
-0.206000 1.280530 
-0.205000 1.280029 
-0.204000 1.279487 
-0.203000 1.278904 
-0.202000 1.278280 
-0.201000 1.277617 
-0.200000 1.276913 
-0.199000 1.276170 
-0.198000 1.275388 
-0.197000 1.274566 
-0.196000 1.273706 
-0.195000 1.272808 
-0.194000 1.271872 
-0.193000 1.270899 
-0.192000 1.269888 
-0.191000 1.268840 
-0.190000 1.267756 
-0.189000 1.266635 
-0.188000 1.265478 
-0.187000 1.264286 
-0.186000 1.263058 
-0.185000 1.261795 
-0.184000 1.260497 
-0.183000 1.259165 
-0.182000 1.257798 
-0.181000 1.256398 
-0.180000 1.254963 
-0.179000 1.253496 
-0.178000 1.251995 
-0.177000 1.250461 
-0.176000 1.248895 
-0.175000 1.247297 
-0.174000 1.245667 
-0.173000 1.244005 
-0.172000 1.242311 
-0.171000 1.240586 
-0.170000 1.238831 
-0.169000 1.237044 
-0.168000 1.235227 
-0.167000 1.233380 
-0.166000 1.231503 
-0.165000 1.229596 
-0.164000 1.227660 
-0.163000 1.225695 
-0.162000 1.223701 
-0.161000 1.221678 
-0.160000 1.219626 
-0.159000 1.217546 
-0.158000 1.215439 
-0.157000 1.213303 
-0.156000 1.211140 
-0.155000 1.208950 
-0.154000 1.206732 
-0.153000 1.204488 
-0.152000 1.202216 
-0.151000 1.199919 
-0.150000 1.197595 
-0.149000 1.195245 
-0.148000 1.192869 
-0.147000 1.190468 
-0.146000 1.188041 
-0.145000 1.185590 
-0.144000 1.183113 
-0.143000 1.180611 
-0.142000 1.178085 
-0.141000 1.175534 
-0.140000 1.172959 
-0.139000 1.170360 
-0.138000 1.167737 
-0.137000 1.165091 
-0.136000 1.162421 
-0.135000 1.159727 
-0.134000 1.157011 
-0.133000 1.154272 
-0.132000 1.151510 
-0.131000 1.148725 
-0.130000 1.145919 
-0.129000 1.143089 
-0.128000 1.140238 
-0.127000 1.137365 
-0.126000 1.134471 
-0.125000 1.131554 
-0.124000 1.128617 
-0.123000 1.125658 
-0.122000 1.122678 
-0.121000 1.119677 
-0.120000 1.116656 
-0.119000 1.113614 
-0.118000 1.110551 
-0.117000 1.107469 
-0.116000 1.104366 
-0.115000 1.101243 
-0.114000 1.098101 
-0.113000 1.094938 
-0.112000 1.091757 
-0.111000 1.088556 
-0.110000 1.085335 
-0.109000 1.082096 
-0.108000 1.078837 
-0.107000 1.075560 
-0.106000 1.072264 
-0.105000 1.068950 
-0.104000 1.065617 
-0.103000 1.062266 
-0.102000 1.058897 
-0.101000 1.055510 
-0.100000 1.052105 
-0.099000 1.048682 
-0.098000 1.045241 
-0.097000 1.041783 
-0.096000 1.038308 
-0.095000 1.034815 
-0.094000 1.031306 
-0.093000 1.027779 
-0.092000 1.024235 
-0.091000 1.020675 
-0.090000 1.017098 
-0.089000 1.013504 
-0.088000 1.009894 
-0.087000 1.006267 
-0.086000 1.002625 
-0.085000 0.998966 
-0.084000 0.995291 
-0.083000 0.991601 
-0.082000 0.987894 
-0.081000 0.984172 
-0.080000 0.980435 
-0.079000 0.976681 
-0.078000 0.972913 
-0.077000 0.969129 
-0.076000 0.965330 
-0.075000 0.961516 
-0.074000 0.957687 
-0.073000 0.953844 
-0.072000 0.949985 
-0.071000 0.946112 
-0.070000 0.942224 
-0.069000 0.938322 
-0.068000 0.934405 
-0.067000 0.930474 
-0.066000 0.926528 
-0.065000 0.922569 
-0.064000 0.918596 
-0.063000 0.914608 
-0.062000 0.910607 
-0.061000 0.906592 
-0.060000 0.902563 
-0.059000 0.898521 
-0.058000 0.894465 
-0.057000 0.890395 
-0.056000 0.886313 
-0.055000 0.882217 
-0.054000 0.878107 
-0.053000 0.873985 
-0.052000 0.869850 
-0.051000 0.865701 
-0.050000 0.861540 
-0.049000 0.857366 
-0.048000 0.853179 
-0.047000 0.848979 
-0.046000 0.844767 
-0.045000 0.840542 
-0.044000 0.836305 
-0.043000 0.832055 
-0.042000 0.827794 
-0.041000 0.823519 
-0.040000 0.819233 
-0.039000 0.814934 
-0.038000 0.810624 
-0.037000 0.806301 
-0.036000 0.801967 
-0.035000 0.797621 
-0.034000 0.793263 
-0.033000 0.788893 
-0.032000 0.784511 
-0.031000 0.780118 
-0.030000 0.775714 
-0.029000 0.771297 
-0.028000 0.766870 
-0.027000 0.762431 
-0.026000 0.757981 
-0.025000 0.753519 
-0.024000 0.749047 
-0.023000 0.744563 
-0.022000 0.740068 
-0.021000 0.735562 
-0.020000 0.731045 
-0.019000 0.726517 
-0.018000 0.721979 
-0.017000 0.717429 
-0.016000 0.712869 
-0.015000 0.708298 
-0.014000 0.703717 
-0.013000 0.699125 
-0.012000 0.694522 
-0.011000 0.689909 
-0.010000 0.685285 
-0.009000 0.680652 
-0.008000 0.676007 
-0.007000 0.671353 
-0.006000 0.666688 
-0.005000 0.662013 
-0.004000 0.657327 
-0.003000 0.652632 
-0.002000 0.647927 
-0.001000 0.643211 
-0.000000 0.638486 
0.001000 0.633751 
0.002000 0.629006 
0.003000 0.624250 
0.004000 0.619486 
0.005000 0.614711 
0.006000 0.609927 
0.007000 0.605133 
0.008000 0.600329 
0.009000 0.595516 
0.010000 0.590693 
0.011000 0.585861 
0.012000 0.581019 
0.013000 0.576168 
0.014000 0.571308 
0.015000 0.566438 
0.016000 0.561559 
0.017000 0.556670 
0.018000 0.551773 
0.019000 0.546866 
0.020000 0.541950 
0.021000 0.537025 
0.022000 0.532090 
0.023000 0.527147 
0.024000 0.522195 
0.025000 0.517234 
0.026000 0.512263 
0.027000 0.507284 
0.028000 0.502296 
0.029000 0.497299 
0.030000 0.492294 
0.031000 0.487279 
0.032000 0.482256 
0.033000 0.477224 
0.034000 0.472183 
0.035000 0.467134 
0.036000 0.462076 
0.037000 0.457010 
0.038000 0.451935 
0.039000 0.446851 
0.040000 0.441759 
0.041000 0.436659 
0.042000 0.431550 
0.043000 0.426433 
0.044000 0.421307 
0.045000 0.416173 
0.046000 0.411031 
0.047000 0.405880 
0.048000 0.400722 
0.049000 0.395553 
0.050000 0.390378 
0.051000 0.385195 
0.052000 0.380003 
0.053000 0.374804 
0.054000 0.369596 
0.055000 0.364380 
0.056000 0.359157 
0.057000 0.353925 
0.058000 0.348685 
0.059000 0.343437 
0.060000 0.338182 
0.061000 0.332918 
0.062000 0.327647 
0.063000 0.322368 
0.064000 0.317081 
0.065000 0.311786 
0.066000 0.306484 
0.067000 0.301173 
0.068000 0.295855 
0.069000 0.290530 
0.070000 0.285197 
0.071000 0.279856 
0.072000 0.274507 
0.073000 0.269151 
0.074000 0.263788 
0.075000 0.258416 
0.076000 0.253038 
0.077000 0.247652 
0.078000 0.242258 
0.079000 0.236857 
0.080000 0.231449 
0.081000 0.226033 
0.082000 0.220610 
0.083000 0.215180 
0.084000 0.209742 
0.085000 0.204297 
0.086000 0.198845 
0.087000 0.193385 
0.088000 0.187919 
0.089000 0.182445 
0.090000 0.176964 
0.091000 0.171476 
0.092000 0.165981 
0.093000 0.160478 
0.094000 0.154969 
0.095000 0.149453 
0.096000 0.143929 
0.097000 0.138399 
0.098000 0.132862 
0.099000 0.127317 
0.100000 0.121766 
0.101000 0.116208 
0.102000 0.110643 
0.103000 0.105072 
0.104000 0.099493 
0.105000 0.093908 
0.106000 0.088316 
0.107000 0.082717 
0.108000 0.077112 
0.109000 0.071500 
0.110000 0.065881 
0.111000 0.060255 
0.112000 0.054623 
0.113000 0.048985 
0.114000 0.043340 
0.115000 0.037688 
0.116000 0.032030 
0.117000 0.026365 
0.118000 0.020694 
0.119000 0.015017 
0.120000 0.009333 
0.121000 0.003643 
0.122000 -0.002054 
0.123000 -0.007757 
0.124000 -0.013466 
0.125000 -0.019181 
0.126000 -0.024903 
0.127000 -0.030630 
0.128000 -0.036364 
0.129000 -0.042104 
0.130000 -0.047851 
0.131000 -0.053603 
0.132000 -0.059361 
0.133000 -0.065126 
0.134000 -0.070896 
0.135000 -0.076672 
0.136000 -0.082454 
0.137000 -0.088243 
0.138000 -0.094037 
0.139000 -0.099836 
0.140000 -0.105642 
0.141000 -0.111453 
0.142000 -0.117270 
0.143000 -0.123093 
0.144000 -0.128922 
0.145000 -0.134756 
0.146000 -0.140596 
0.147000 -0.146441 
0.148000 -0.152292 
0.149000 -0.158148 
0.150000 -0.164010 
0.151000 -0.169877 
0.152000 -0.175750 
0.153000 -0.181628 
0.154000 -0.187511 
0.155000 -0.193400 
0.156000 -0.199294 
0.157000 -0.205193 
0.158000 -0.211097 
0.159000 -0.217007 
0.160000 -0.222921 
0.161000 -0.228841 
0.162000 -0.234765 
0.163000 -0.240695 
0.164000 -0.246629 
0.165000 -0.252568 
0.166000 -0.258513 
0.167000 -0.264462 
0.168000 -0.270415 
0.169000 -0.276374 
0.170000 -0.282337 
0.171000 -0.288305 
0.172000 -0.294277 
0.173000 -0.300254 
0.174000 -0.306235 
0.175000 -0.312221 
0.176000 -0.318211 
0.177000 -0.324206 
0.178000 -0.330204 
0.179000 -0.336207 
0.180000 -0.342215 
0.181000 -0.348226 
0.182000 -0.354241 
0.183000 -0.360261 
0.184000 -0.366284 
0.185000 -0.372312 
0.186000 -0.378343 
0.187000 -0.384378 
0.188000 -0.390417 
0.189000 -0.396459 
0.190000 -0.402505 
0.191000 -0.408555 
0.192000 -0.414608 
0.193000 -0.420665 
0.194000 -0.426725 
0.195000 -0.432788 
0.196000 -0.438855 
0.197000 -0.444925 
0.198000 -0.450998 
0.199000 -0.457074 
0.200000 -0.463153 
0.201000 -0.469235 
0.202000 -0.475319 
0.203000 -0.481407 
0.204000 -0.487497 
0.205000 -0.493590 
0.206000 -0.499686 
0.207000 -0.505784 
0.208000 -0.511884 
0.209000 -0.517987 
0.210000 -0.524092 
0.211000 -0.530199 
0.212000 -0.536309 
0.213000 -0.542420 
0.214000 -0.548533 
0.215000 -0.554648 
0.216000 -0.560765 
0.217000 -0.566884 
0.218000 -0.573004 
0.219000 -0.579125 
0.220000 -0.585248 
0.221000 -0.591373 
0.222000 -0.597498 
0.223000 -0.603625 
0.224000 -0.609753 
0.225000 -0.615881 
0.226000 -0.622011 
0.227000 -0.628141 
0.228000 -0.634272 
0.229000 -0.640403 
0.230000 -0.646535 
0.231000 -0.652667 
0.232000 -0.658799 
0.233000 -0.664932 
0.234000 -0.671064 
0.235000 -0.677197 
0.236000 -0.683329 
0.237000 -0.689460 
0.238000 -0.695591 
0.239000 -0.701722 
0.240000 -0.707852 
0.241000 -0.713981 
0.242000 -0.720109 
0.243000 -0.726236 
0.244000 -0.732361 
0.245000 -0.738485 
0.246000 -0.744608 
0.247000 -0.750729 
0.248000 -0.756849 
0.249000 -0.762966 
0.250000 -0.769082 
0.251000 -0.775195 
0.252000 -0.781306 
0.253000 -0.787414 
0.254000 -0.793520 
0.255000 -0.799623 
0.256000 -0.805723 
0.257000 -0.811820 
0.258000 -0.817913 
0.259000 -0.824004 
0.260000 -0.830090 
0.261000 -0.836173 
0.262000 -0.842252 
0.263000 -0.848327 
0.264000 -0.854397 
0.265000 -0.860464 
0.266000 -0.866525 
0.267000 -0.872582 
0.268000 -0.878633 
0.269000 -0.884680 
0.270000 -0.890721 
0.271000 -0.896757 
0.272000 -0.902786 
0.273000 -0.908810 
0.274000 -0.914828 
0.275000 -0.920839 
0.276000 -0.926844 
0.277000 -0.932842 
0.278000 -0.938833 
0.279000 -0.944817 
0.280000 -0.950793 
0.281000 -0.956762 
0.282000 -0.962723 
0.283000 -0.968675 
0.284000 -0.974620 
0.285000 -0.980555 
0.286000 -0.986482 
0.287000 -0.992400 
0.288000 -0.998309 
0.289000 -1.004208 
0.290000 -1.010097 
0.291000 -1.015977 
0.292000 -1.021846 
0.293000 -1.027704 
0.294000 -1.033551 
0.295000 -1.039388 
0.296000 -1.045213 
0.297000 -1.051026 
0.298000 -1.056827 
0.299000 -1.062617 
0.300000 -1.068393 
0.301000 -1.074157 
0.302000 -1.079907 
0.303000 -1.085645 
0.304000 -1.091368 
0.305000 -1.097078 
0.306000 -1.102773 
0.307000 -1.108453 
0.308000 -1.114118 
0.309000 -1.119769 
0.310000 -1.125403 
0.311000 -1.131021 
0.312000 -1.136623 
0.313000 -1.142209 
0.314000 -1.147777 
0.315000 -1.153328 
0.316000 -1.158861 
0.317000 -1.164376 
0.318000 -1.169873 
0.319000 -1.175350 
0.320000 -1.180809 
0.321000 -1.186247 
0.322000 -1.191666 
0.323000 -1.197064 
0.324000 -1.202442 
0.325000 -1.207798 
0.326000 -1.213133 
0.327000 -1.218445 
0.328000 -1.223735 
0.329000 -1.229002 
0.330000 -1.234246 
0.331000 -1.239466 
0.332000 -1.244662 
0.333000 -1.249833 
0.334000 -1.254979 
0.335000 -1.260099 
0.336000 -1.265193 
0.337000 -1.270261 
0.338000 -1.275302 
0.339000 -1.280315 
0.340000 -1.285300 
0.341000 -1.290257 
0.342000 -1.295184 
0.343000 -1.300082 
0.344000 -1.304951 
0.345000 -1.309788 
0.346000 -1.314595 
0.347000 -1.319370 
0.348000 -1.324112 
0.349000 -1.328822 
0.350000 -1.333499 
0.351000 -1.338142 
0.352000 -1.342751 
0.353000 -1.347324 
0.354000 -1.351862 
0.355000 -1.356364 
0.356000 -1.360830 
0.357000 -1.365257 
0.358000 -1.369647 
0.359000 -1.373999 
0.360000 -1.378311 
0.361000 -1.382584 
0.362000 -1.386816 
0.363000 -1.391007 
0.364000 -1.395156 
0.365000 -1.399263 
0.366000 -1.403327 
0.367000 -1.407347 
0.368000 -1.411323 
0.369000 -1.415254 
0.370000 -1.419139 
0.371000 -1.422978 
0.372000 -1.426769 
0.373000 -1.430513 
0.374000 -1.434208 
0.375000 -1.437854 
0.376000 -1.441450 
0.377000 -1.444995 
0.378000 -1.448488 
0.379000 -1.451930 
0.380000 -1.455318 
0.381000 -1.458652 
0.382000 -1.461932 
0.383000 -1.465157 
0.384000 -1.468325 
0.385000 -1.471437 
0.386000 -1.474491 
0.387000 -1.477486 
0.388000 -1.480422 
0.389000 -1.483298 
0.390000 -1.486113 
0.391000 -1.488866 
0.392000 -1.491556 
0.393000 -1.494183 
0.394000 -1.496745 
0.395000 -1.499243 
0.396000 -1.501674 
0.397000 -1.504039 
0.398000 -1.506335 
0.399000 -1.508563 
0.400000 -1.510722 
0.401000 -1.512810 
0.402000 -1.514826 
0.403000 -1.516771 
0.404000 -1.518642 
0.405000 -1.520439 
0.406000 -1.522161 
0.407000 -1.523808 
0.408000 -1.525377 
0.409000 -1.526869 
0.410000 -1.528282 
0.411000 -1.529615 
0.412000 -1.530868 
0.413000 -1.532040 
0.414000 -1.533129 
0.415000 -1.534134 
0.416000 -1.535056 
0.417000 -1.535892 
0.418000 -1.536642 
0.419000 -1.537304 
0.420000 -1.537879 
0.421000 -1.538364 
0.422000 -1.538759 
0.423000 -1.539064 
0.424000 -1.539276 
0.425000 -1.539395 
0.426000 -1.539421 
0.427000 -1.539351 
0.428000 -1.539186 
0.429000 -1.538924 
0.430000 -1.538564 
0.431000 -1.538105 
0.432000 -1.537547 
0.433000 -1.536888 
0.434000 -1.536128 
0.435000 -1.535265 
0.436000 -1.534299 
0.437000 -1.533228 
0.438000 -1.532052 
0.439000 -1.530770 
0.440000 -1.529381 
0.441000 -1.527883 
0.442000 -1.526277 
0.443000 -1.524561 
0.444000 -1.522734 
0.445000 -1.520795 
0.446000 -1.518744 
0.447000 -1.516579 
0.448000 -1.514301 
0.449000 -1.511907 
0.450000 -1.509397 
0.451000 -1.506771 
0.452000 -1.504027 
0.453000 -1.501165 
0.454000 -1.498183 
0.455000 -1.495082 
0.456000 -1.491860 
0.457000 -1.488517 
0.458000 -1.485052 
0.459000 -1.481463 
0.460000 -1.477752 
0.461000 -1.473916 
0.462000 -1.469955 
0.463000 -1.465869 
0.464000 -1.461657 
0.465000 -1.457317 
0.466000 -1.452851 
0.467000 -1.448257 
0.468000 -1.443534 
0.469000 -1.438683 
0.470000 -1.433702 
0.471000 -1.428592 
0.472000 -1.423351 
0.473000 -1.417979 
0.474000 -1.412476 
0.475000 -1.406842 
0.476000 -1.401076 
0.477000 -1.395178 
0.478000 -1.389147 
0.479000 -1.382984 
0.480000 -1.376688 
0.481000 -1.370259 
0.482000 -1.363697 
0.483000 -1.357001 
0.484000 -1.350172 
0.485000 -1.343209 
0.486000 -1.336113 
0.487000 -1.328883 
0.488000 -1.321520 
0.489000 -1.314023 
0.490000 -1.306393 
0.491000 -1.298629 
0.492000 -1.290733 
0.493000 -1.282703 
0.494000 -1.274541 
0.495000 -1.266247 
0.496000 -1.257821 
0.497000 -1.249263 
0.498000 -1.240574 
0.499000 -1.231754 
0.500000 -1.222804 
0.501000 -1.213724 
0.502000 -1.204515 
0.503000 -1.195177 
0.504000 -1.185711 
0.505000 -1.176118 
0.506000 -1.166398 
0.507000 -1.156552 
0.508000 -1.146582 
0.509000 -1.136487 
0.510000 -1.126268 
0.511000 -1.115927 
0.512000 -1.105465 
0.513000 -1.094883 
0.514000 -1.084180 
0.515000 -1.073360 
0.516000 -1.062422 
0.517000 -1.051369 
0.518000 -1.040200 
0.519000 -1.028918 
0.520000 -1.017523 
0.521000 -1.006018 
0.522000 -0.994403 
0.523000 -0.982679 
0.524000 -0.970849 
0.525000 -0.958914 
0.526000 -0.946875 
0.527000 -0.934733 
0.528000 -0.922491 
0.529000 -0.910150 
0.530000 -0.897711 
0.531000 -0.885177 
0.532000 -0.872549 
0.533000 -0.859828 
0.534000 -0.847017 
0.535000 -0.834118 
0.536000 -0.821132 
0.537000 -0.808061 
0.538000 -0.794907 
0.539000 -0.781672 
0.540000 -0.768358 
0.541000 -0.754967 
0.542000 -0.741501 
0.543000 -0.727962 
0.544000 -0.714352 
0.545000 -0.700674 
0.546000 -0.686929 
0.547000 -0.673119 
0.548000 -0.659247 
0.549000 -0.645311 
0.550000 -0.631321 
0.551000 -0.617274 
0.552000 -0.603175 
0.553000 -0.589023 
0.554000 -0.574823 
0.555000 -0.560576 
0.556000 -0.546284 
0.557000 -0.531951 
0.558000 -0.517577 
0.559000 -0.503165 
0.560000 -0.488718 
0.561000 -0.474238 
0.562000 -0.459728 
0.563000 -0.445188 
0.564000 -0.430623 
0.565000 -0.416034 
0.566000 -0.401424 
0.567000 -0.386794 
0.568000 -0.372147 
0.569000 -0.357486 
0.570000 -0.342813 
0.571000 -0.328130 
0.572000 -0.313439 
0.573000 -0.298743 
0.574000 -0.284043 
0.575000 -0.269343 
0.576000 -0.254645 
0.577000 -0.239950 
0.578000 -0.225261 
0.579000 -0.210580 
0.580000 -0.195909 
0.581000 -0.181251 
0.582000 -0.166607 
0.583000 -0.151980 
0.584000 -0.137373 
0.585000 -0.122786 
0.586000 -0.108222 
0.587000 -0.093683 
0.588000 -0.079172 
0.589000 -0.064689 
0.590000 -0.050238 
0.591000 -0.035820 
0.592000 -0.021437 
0.593000 -0.007092 
0.594000 0.007215 
0.595000 0.021482 
0.596000 0.035705 
0.597000 0.049884 
0.598000 0.064017 
0.599000 0.078103 
0.600000 0.092138 
0.601000 0.106122 
0.602000 0.120053 
0.603000 0.133930 
0.604000 0.147750 
0.605000 0.161513 
0.606000 0.175216 
0.607000 0.188858 
0.608000 0.202438 
0.609000 0.215955 
0.610000 0.229406 
0.611000 0.242791 
0.612000 0.256108 
0.613000 0.269355 
0.614000 0.282533 
0.615000 0.295638 
0.616000 0.308671 
0.617000 0.321630 
0.618000 0.334513 
0.619000 0.347320 
0.620000 0.360050 
0.621000 0.372701 
0.622000 0.385273 
0.623000 0.397765 
0.624000 0.410175 
0.625000 0.422502 
0.626000 0.434747 
0.627000 0.446907 
0.628000 0.458982 
0.629000 0.470972 
0.630000 0.482876 
0.631000 0.494692 
0.632000 0.506420 
0.633000 0.518060 
0.634000 0.529611 
0.635000 0.541071 
0.636000 0.552442 
0.637000 0.563721 
0.638000 0.574909 
0.639000 0.586005 
0.640000 0.597009 
0.641000 0.607920 
0.642000 0.618737 
0.643000 0.629461 
0.644000 0.640091 
0.645000 0.650626 
0.646000 0.661067 
0.647000 0.671413 
0.648000 0.681663 
0.649000 0.691818 
0.650000 0.701878 
0.651000 0.711841 
0.652000 0.721709 
0.653000 0.731480 
0.654000 0.741155 
0.655000 0.750733 
0.656000 0.760215 
0.657000 0.769601 
0.658000 0.778890 
0.659000 0.788082 
0.660000 0.797177 
0.661000 0.806176 
0.662000 0.815079 
0.663000 0.823885 
0.664000 0.832594 
0.665000 0.841208 
0.666000 0.849725 
0.667000 0.858145 
0.668000 0.866470 
0.669000 0.874699 
0.670000 0.882833 
0.671000 0.890871 
0.672000 0.898813 
0.673000 0.906661 
0.674000 0.914414 
0.675000 0.922072 
0.676000 0.929636 
0.677000 0.937105 
0.678000 0.944481 
0.679000 0.951764 
0.680000 0.958953 
0.681000 0.966050 
0.682000 0.973053 
0.683000 0.979965 
0.684000 0.986785 
0.685000 0.993513 
0.686000 1.000150 
0.687000 1.006696 
0.688000 1.013152 
0.689000 1.019517 
0.690000 1.025793 
0.691000 1.031980 
0.692000 1.038078 
0.693000 1.044087 
0.694000 1.050009 
0.695000 1.055843 
0.696000 1.061589 
0.697000 1.067249 
0.698000 1.072823 
0.699000 1.078311 
0.700000 1.083713 
0.701000 1.089031 
0.702000 1.094264 
0.703000 1.099413 
0.704000 1.104479 
0.705000 1.109462 
0.706000 1.114362 
0.707000 1.119180 
0.708000 1.123917 
0.709000 1.128572 
0.710000 1.133147 
0.711000 1.137642 
0.712000 1.142057 
0.713000 1.146394 
0.714000 1.150651 
0.715000 1.154831 
0.716000 1.158933 
0.717000 1.162958 
0.718000 1.166906 
0.719000 1.170778 
0.720000 1.174575 
0.721000 1.178296 
0.722000 1.181944 
0.723000 1.185517 
0.724000 1.189016 
0.725000 1.192443 
0.726000 1.195797 
0.727000 1.199079 
0.728000 1.202290 
0.729000 1.205430 
0.730000 1.208499 
0.731000 1.211498 
0.732000 1.214428 
0.733000 1.217289 
0.734000 1.220082 
0.735000 1.222807 
0.736000 1.225464 
0.737000 1.228054 
0.738000 1.230578 
0.739000 1.233037 
0.740000 1.235429 
0.741000 1.237757 
0.742000 1.240021 
0.743000 1.242220 
0.744000 1.244357 
0.745000 1.246430 
0.746000 1.248441 
0.747000 1.250390 
0.748000 1.252277 
0.749000 1.254103 
0.750000 1.255869 
0.751000 1.257575 
0.752000 1.259222 
0.753000 1.260809 
0.754000 1.262338 
0.755000 1.263809 
0.756000 1.265222 
0.757000 1.266577 
0.758000 1.267876 
0.759000 1.269119 
0.760000 1.270306 
0.761000 1.271438 
0.762000 1.272514 
0.763000 1.273537 
0.764000 1.274505 
0.765000 1.275420 
0.766000 1.276281 
0.767000 1.277090 
0.768000 1.277846 
0.769000 1.278551 
0.770000 1.279205 
0.771000 1.279807 
0.772000 1.280359 
0.773000 1.280860 
0.774000 1.281312 
0.775000 1.281715 
0.776000 1.282069 
0.777000 1.282374 
0.778000 1.282631 
0.779000 1.282841 
0.780000 1.283003 
0.781000 1.283119 
0.782000 1.283188 
0.783000 1.283211 
0.784000 1.283188 
0.785000 1.283120 
0.786000 1.283007 
0.787000 1.282849 
0.788000 1.282647 
0.789000 1.282402 
0.790000 1.282113 
0.791000 1.281781 
0.792000 1.281406 
0.793000 1.280989 
0.794000 1.280530 
0.795000 1.280029 
0.796000 1.279487 
0.797000 1.278904 
0.798000 1.278280 
0.799000 1.277617 
0.800000 1.276913 
0.801000 1.276170 
0.802000 1.275388 
0.803000 1.274566 
0.804000 1.273706 
0.805000 1.272808 
0.806000 1.271872 
0.807000 1.270899 
0.808000 1.269888 
0.809000 1.268840 
0.810000 1.267756 
0.811000 1.266635 
0.812000 1.265478 
0.813000 1.264286 
0.814000 1.263058 
0.815000 1.261795 
0.816000 1.260497 
0.817000 1.259165 
0.818000 1.257798 
0.819000 1.256398 
0.820000 1.254963 
0.821000 1.253496 
0.822000 1.251995 
0.823000 1.250461 
0.824000 1.248895 
0.825000 1.247297 
0.826000 1.245667 
0.827000 1.244005 
0.828000 1.242311 
0.829000 1.240586 
0.830000 1.238831 
0.831000 1.237044 
0.832000 1.235227 
0.833000 1.233380 
0.834000 1.231503 
0.835000 1.229596 
0.836000 1.227660 
0.837000 1.225695 
0.838000 1.223701 
0.839000 1.221678 
0.840000 1.219626 
0.841000 1.217546 
0.842000 1.215439 
0.843000 1.213303 
0.844000 1.211140 
0.845000 1.208950 
0.846000 1.206732 
0.847000 1.204488 
0.848000 1.202216 
0.849000 1.199919 
0.850000 1.197595 
0.851000 1.195245 
0.852000 1.192869 
0.853000 1.190468 
0.854000 1.188041 
0.855000 1.185590 
0.856000 1.183113 
0.857000 1.180611 
0.858000 1.178085 
0.859000 1.175534 
0.860000 1.172959 
0.861000 1.170360 
0.862000 1.167737 
0.863000 1.165091 
0.864000 1.162421 
0.865000 1.159727 
0.866000 1.157011 
0.867000 1.154272 
0.868000 1.151510 
0.869000 1.148725 
0.870000 1.145919 
0.871000 1.143089 
0.872000 1.140238 
0.873000 1.137365 
0.874000 1.134471 
0.875000 1.131554 
0.876000 1.128617 
0.877000 1.125658 
0.878000 1.122678 
0.879000 1.119677 
0.880000 1.116656 
0.881000 1.113614 
0.882000 1.110551 
0.883000 1.107469 
0.884000 1.104366 
0.885000 1.101243 
0.886000 1.098101 
0.887000 1.094938 
0.888000 1.091757 
0.889000 1.088556 
0.890000 1.085335 
0.891000 1.082096 
0.892000 1.078837 
0.893000 1.075560 
0.894000 1.072264 
0.895000 1.068950 
0.896000 1.065617 
0.897000 1.062266 
0.898000 1.058897 
0.899000 1.055510 
0.900000 1.052105 
0.901000 1.048682 
0.902000 1.045241 
0.903000 1.041783 
0.904000 1.038308 
0.905000 1.034815 
0.906000 1.031306 
0.907000 1.027779 
0.908000 1.024235 
0.909000 1.020675 
0.910000 1.017098 
0.911000 1.013504 
0.912000 1.009894 
0.913000 1.006267 
0.914000 1.002625 
0.915000 0.998966 
0.916000 0.995291 
0.917000 0.991601 
0.918000 0.987894 
0.919000 0.984172 
0.920000 0.980435 
0.921000 0.976681 
0.922000 0.972913 
0.923000 0.969129 
0.924000 0.965330 
0.925000 0.961516 
0.926000 0.957687 
0.927000 0.953844 
0.928000 0.949985 
0.929000 0.946112 
0.930000 0.942224 
0.931000 0.938322 
0.932000 0.934405 
0.933000 0.930474 
0.934000 0.926528 
0.935000 0.922569 
0.936000 0.918596 
0.937000 0.914608 
0.938000 0.910607 
0.939000 0.906592 
0.940000 0.902563 
0.941000 0.898521 
0.942000 0.894465 
0.943000 0.890395 
0.944000 0.886313 
0.945000 0.882217 
0.946000 0.878107 
0.947000 0.873985 
0.948000 0.869850 
0.949000 0.865701 
0.950000 0.861540 
0.951000 0.857366 
0.952000 0.853179 
0.953000 0.848979 
0.954000 0.844767 
0.955000 0.840542 
0.956000 0.836305 
0.957000 0.832055 
0.958000 0.827794 
0.959000 0.823519 
0.960000 0.819233 
0.961000 0.814934 
0.962000 0.810624 
0.963000 0.806301 
0.964000 0.801967 
0.965000 0.797621 
0.966000 0.793263 
0.967000 0.788893 
0.968000 0.784511 
0.969000 0.780118 
0.970000 0.775714 
0.971000 0.771297 
0.972000 0.766870 
0.973000 0.762431 
0.974000 0.757981 
0.975000 0.753519 
0.976000 0.749047 
0.977000 0.744563 
0.978000 0.740068 
0.979000 0.735562 
0.980000 0.731045 
0.981000 0.726517 
0.982000 0.721979 
0.983000 0.717429 
0.984000 0.712869 
0.985000 0.708298 
0.986000 0.703717 
0.987000 0.699125 
0.988000 0.694522 
0.989000 0.689909 
0.990000 0.685285 
0.991000 0.680652 
0.992000 0.676007 
0.993000 0.671353 
0.994000 0.666688 
0.995000 0.662013 
0.996000 0.657327 
0.997000 0.652632 
0.998000 0.647927 
0.999000 0.643211 
1.000000 0.638486 
1.001000 0.633751 
1.002000 0.629006 
1.003000 0.624250 
1.004000 0.619486 
1.005000 0.614711 
1.006000 0.609927 
1.007000 0.605133 
1.008000 0.600329 
1.009000 0.595516 
1.010000 0.590693 
1.011000 0.585861 
1.012000 0.581019 
1.013000 0.576168 
1.014000 0.571308 
1.015000 0.566438 
1.016000 0.561559 
1.017000 0.556670 
1.018000 0.551773 
1.019000 0.546866 
1.020000 0.541950 
1.021000 0.537025 
1.022000 0.532090 
1.023000 0.527147 
1.024000 0.522195 
1.025000 0.517234 
1.026000 0.512263 
1.027000 0.507284 
1.028000 0.502296 
1.029000 0.497299 
1.030000 0.492294 
1.031000 0.487279 
1.032000 0.482256 
1.033000 0.477224 
1.034000 0.472183 
1.035000 0.467134 
1.036000 0.462076 
1.037000 0.457010 
1.038000 0.451935 
1.039000 0.446851 
1.040000 0.441759 
1.041000 0.436659 
1.042000 0.431550 
1.043000 0.426433 
1.044000 0.421307 
1.045000 0.416173 
1.046000 0.411031 
1.047000 0.405880 
1.048000 0.400722 
1.049000 0.395553 
1.050000 0.390378 
1.051000 0.385195 
1.052000 0.380003 
1.053000 0.374804 
1.054000 0.369596 
1.055000 0.364380 
1.056000 0.359157 
1.057000 0.353925 
1.058000 0.348685 
1.059000 0.343437 
1.060000 0.338182 
1.061000 0.332918 
1.062000 0.327647 
1.063000 0.322368 
1.064000 0.317081 
1.065000 0.311786 
1.066000 0.306484 
1.067000 0.301173 
1.068000 0.295855 
1.069000 0.290530 
1.070000 0.285197 
1.071000 0.279856 
1.072000 0.274507 
1.073000 0.269151 
1.074000 0.263788 
1.075000 0.258416 
1.076000 0.253038 
1.077000 0.247652 
1.078000 0.242258 
1.079000 0.236857 
1.080000 0.231449 
1.081000 0.226033 
1.082000 0.220610 
1.083000 0.215180 
1.084000 0.209742 
1.085000 0.204297 
1.086000 0.198845 
1.087000 0.193385 
1.088000 0.187919 
1.089000 0.182445 
1.090000 0.176964 
1.091000 0.171476 
1.092000 0.165981 
1.093000 0.160478 
1.094000 0.154969 
1.095000 0.149453 
1.096000 0.143929 
1.097000 0.138399 
1.098000 0.132862 
1.099000 0.127317 
1.100000 0.121766 
1.101000 0.116208 
1.102000 0.110643 
1.103000 0.105072 
1.104000 0.099493 
1.105000 0.093908 
1.106000 0.088316 
1.107000 0.082717 
1.108000 0.077112 
1.109000 0.071500 
1.110000 0.065881 
1.111000 0.060255 
1.112000 0.054623 
1.113000 0.048985 
1.114000 0.043340 
1.115000 0.037688 
1.116000 0.032030 
1.117000 0.026365 
1.118000 0.020694 
1.119000 0.015017 
1.120000 0.009333 
1.121000 0.003643 
1.122000 -0.002054 
1.123000 -0.007757 
1.124000 -0.013466 
1.125000 -0.019181 
1.126000 -0.024903 
1.127000 -0.030630 
1.128000 -0.036364 
1.129000 -0.042104 
1.130000 -0.047851 
1.131000 -0.053603 
1.132000 -0.059361 
1.133000 -0.065126 
1.134000 -0.070896 
1.135000 -0.076672 
1.136000 -0.082454 
1.137000 -0.088243 
1.138000 -0.094037 
1.139000 -0.099836 
1.140000 -0.105642 
1.141000 -0.111453 
1.142000 -0.117270 
1.143000 -0.123093 
1.144000 -0.128922 
1.145000 -0.134756 
1.146000 -0.140596 
1.147000 -0.146441 
1.148000 -0.152292 
1.149000 -0.158148 
1.150000 -0.164010 
1.151000 -0.169877 
1.152000 -0.175750 
1.153000 -0.181628 
1.154000 -0.187511 
1.155000 -0.193400 
1.156000 -0.199294 
1.157000 -0.205193 
1.158000 -0.211097 
1.159000 -0.217007 
1.160000 -0.222921 
1.161000 -0.228841 
1.162000 -0.234765 
1.163000 -0.240695 
1.164000 -0.246629 
1.165000 -0.252568 
1.166000 -0.258513 
1.167000 -0.264462 
1.168000 -0.270415 
1.169000 -0.276374 
1.170000 -0.282337 
1.171000 -0.288305 
1.172000 -0.294277 
1.173000 -0.300254 
1.174000 -0.306235 
1.175000 -0.312221 
1.176000 -0.318211 
1.177000 -0.324206 
1.178000 -0.330204 
1.179000 -0.336207 
1.180000 -0.342215 
1.181000 -0.348226 
1.182000 -0.354241 
1.183000 -0.360261 
1.184000 -0.366284 
1.185000 -0.372312 
1.186000 -0.378343 
1.187000 -0.384378 
1.188000 -0.390417 
1.189000 -0.396459 
1.190000 -0.402505 
1.191000 -0.408555 
1.192000 -0.414608 
1.193000 -0.420665 
1.194000 -0.426725 
1.195000 -0.432788 
1.196000 -0.438855 
1.197000 -0.444925 
1.198000 -0.450998 
1.199000 -0.457074 
1.200000 -0.463153 
1.201000 -0.469235 
1.202000 -0.475319 
1.203000 -0.481407 
1.204000 -0.487497 
1.205000 -0.493590 
1.206000 -0.499686 
1.207000 -0.505784 
1.208000 -0.511884 
1.209000 -0.517987 
1.210000 -0.524092 
1.211000 -0.530199 
1.212000 -0.536309 
1.213000 -0.542420 
1.214000 -0.548533 
1.215000 -0.554648 
1.216000 -0.560765 
1.217000 -0.566884 
1.218000 -0.573004 
1.219000 -0.579125 
1.220000 -0.585248 
1.221000 -0.591373 
1.222000 -0.597498 
1.223000 -0.603625 
1.224000 -0.609753 
1.225000 -0.615881 
1.226000 -0.622011 
1.227000 -0.628141 
1.228000 -0.634272 
1.229000 -0.640403 
1.230000 -0.646535 
1.231000 -0.652667 
1.232000 -0.658799 
1.233000 -0.664932 
1.234000 -0.671064 
1.235000 -0.677197 
1.236000 -0.683329 
1.237000 -0.689460 
1.238000 -0.695591 
1.239000 -0.701722 
1.240000 -0.707852 
1.241000 -0.713981 
1.242000 -0.720109 
1.243000 -0.726236 
1.244000 -0.732361 
1.245000 -0.738485 
1.246000 -0.744608 
1.247000 -0.750729 
1.248000 -0.756849 
1.249000 -0.762966 
1.250000 -0.769082 
1.251000 -0.775195 
1.252000 -0.781306 
1.253000 -0.787414 
1.254000 -0.793520 
1.255000 -0.799623 
1.256000 -0.805723 
1.257000 -0.811820 
1.258000 -0.817913 
1.259000 -0.824004 
1.260000 -0.830090 
1.261000 -0.836173 
1.262000 -0.842252 
1.263000 -0.848327 
1.264000 -0.854397 
1.265000 -0.860464 
1.266000 -0.866525 
1.267000 -0.872582 
1.268000 -0.878633 
1.269000 -0.884680 
1.270000 -0.890721 
1.271000 -0.896757 
1.272000 -0.902786 
1.273000 -0.908810 
1.274000 -0.914828 
1.275000 -0.920839 
1.276000 -0.926844 
1.277000 -0.932842 
1.278000 -0.938833 
1.279000 -0.944817 
1.280000 -0.950793 
1.281000 -0.956762 
1.282000 -0.962723 
1.283000 -0.968675 
1.284000 -0.974620 
1.285000 -0.980555 
1.286000 -0.986482 
1.287000 -0.992400 
1.288000 -0.998309 
1.289000 -1.004208 
1.290000 -1.010097 
1.291000 -1.015977 
1.292000 -1.021846 
1.293000 -1.027704 
1.294000 -1.033551 
1.295000 -1.039388 
1.296000 -1.045213 
1.297000 -1.051026 
1.298000 -1.056827 
1.299000 -1.062617 
1.300000 -1.068393 
1.301000 -1.074157 
1.302000 -1.079907 
1.303000 -1.085645 
1.304000 -1.091368 
1.305000 -1.097078 
1.306000 -1.102773 
1.307000 -1.108453 
1.308000 -1.114118 
1.309000 -1.119769 
1.310000 -1.125403 
1.311000 -1.131021 
1.312000 -1.136623 
1.313000 -1.142209 
1.314000 -1.147777 
1.315000 -1.153328 
1.316000 -1.158861 
1.317000 -1.164376 
1.318000 -1.169873 
1.319000 -1.175350 
1.320000 -1.180809 
1.321000 -1.186247 
1.322000 -1.191666 
1.323000 -1.197064 
1.324000 -1.202442 
1.325000 -1.207798 
1.326000 -1.213133 
1.327000 -1.218445 
1.328000 -1.223735 
1.329000 -1.229002 
1.330000 -1.234246 
1.331000 -1.239466 
1.332000 -1.244662 
1.333000 -1.249833 
1.334000 -1.254979 
1.335000 -1.260099 
1.336000 -1.265193 
1.337000 -1.270261 
1.338000 -1.275302 
1.339000 -1.280315 
1.340000 -1.285300 
1.341000 -1.290257 
1.342000 -1.295184 
1.343000 -1.300082 
1.344000 -1.304951 
1.345000 -1.309788 
1.346000 -1.314595 
1.347000 -1.319370 
1.348000 -1.324112 
1.349000 -1.328822 
1.350000 -1.333499 
1.351000 -1.338142 
1.352000 -1.342751 
1.353000 -1.347324 
1.354000 -1.351862 
1.355000 -1.356364 
1.356000 -1.360830 
1.357000 -1.365257 
1.358000 -1.369647 
1.359000 -1.373999 
1.360000 -1.378311 
1.361000 -1.382584 
1.362000 -1.386816 
1.363000 -1.391007 
1.364000 -1.395156 
1.365000 -1.399263 
1.366000 -1.403327 
1.367000 -1.407347 
1.368000 -1.411323 
1.369000 -1.415254 
1.370000 -1.419139 
1.371000 -1.422978 
1.372000 -1.426769 
1.373000 -1.430513 
1.374000 -1.434208 
1.375000 -1.437854 
1.376000 -1.441450 
1.377000 -1.444995 
1.378000 -1.448488 
1.379000 -1.451930 
1.380000 -1.455318 
1.381000 -1.458652 
1.382000 -1.461932 
1.383000 -1.465157 
1.384000 -1.468325 
1.385000 -1.471437 
1.386000 -1.474491 
1.387000 -1.477486 
1.388000 -1.480422 
1.389000 -1.483298 
1.390000 -1.486113 
1.391000 -1.488866 
1.392000 -1.491556 
1.393000 -1.494183 
1.394000 -1.496745 
1.395000 -1.499243 
1.396000 -1.501674 
1.397000 -1.504039 
1.398000 -1.506335 
1.399000 -1.508563 
1.400000 -1.510722 
1.401000 -1.512810 
1.402000 -1.514826 
1.403000 -1.516771 
1.404000 -1.518642 
1.405000 -1.520439 
1.406000 -1.522161 
1.407000 -1.523808 
1.408000 -1.525377 
1.409000 -1.526869 
1.410000 -1.528282 
1.411000 -1.529615 
1.412000 -1.530868 
1.413000 -1.532040 
1.414000 -1.533129 
1.415000 -1.534134 
1.416000 -1.535056 
1.417000 -1.535892 
1.418000 -1.536642 
1.419000 -1.537304 
1.420000 -1.537879 
1.421000 -1.538364 
1.422000 -1.538759 
1.423000 -1.539064 
1.424000 -1.539276 
1.425000 -1.539395 
1.426000 -1.539421 
1.427000 -1.539351 
1.428000 -1.539186 
1.429000 -1.538924 
1.430000 -1.538564 
1.431000 -1.538105 
1.432000 -1.537547 
1.433000 -1.536888 
1.434000 -1.536128 
1.435000 -1.535265 
1.436000 -1.534299 
1.437000 -1.533228 
1.438000 -1.532052 
1.439000 -1.530770 
1.440000 -1.529381 
1.441000 -1.527883 
1.442000 -1.526277 
1.443000 -1.524561 
1.444000 -1.522734 
1.445000 -1.520795 
1.446000 -1.518744 
1.447000 -1.516579 
1.448000 -1.514301 
1.449000 -1.511907 
1.450000 -1.509397 
1.451000 -1.506771 
1.452000 -1.504027 
1.453000 -1.501165 
1.454000 -1.498183 
1.455000 -1.495082 
1.456000 -1.491860 
1.457000 -1.488517 
1.458000 -1.485052 
1.459000 -1.481463 
1.460000 -1.477752 
1.461000 -1.473916 
1.462000 -1.469955 
1.463000 -1.465869 
1.464000 -1.461657 
1.465000 -1.457317 
1.466000 -1.452851 
1.467000 -1.448257 
1.468000 -1.443534 
1.469000 -1.438683 
1.470000 -1.433702 
1.471000 -1.428592 
1.472000 -1.423351 
1.473000 -1.417979 
1.474000 -1.412476 
1.475000 -1.406842 
1.476000 -1.401076 
1.477000 -1.395178 
1.478000 -1.389147 
1.479000 -1.382984 
1.480000 -1.376688 
1.481000 -1.370259 
1.482000 -1.363697 
1.483000 -1.357001 
1.484000 -1.350172 
1.485000 -1.343209 
1.486000 -1.336113 
1.487000 -1.328883 
1.488000 -1.321520 
1.489000 -1.314023 
1.490000 -1.306393 
1.491000 -1.298629 
1.492000 -1.290733 
1.493000 -1.282703 
1.494000 -1.274541 
1.495000 -1.266247 
1.496000 -1.257821 
1.497000 -1.249263 
1.498000 -1.240574 
1.499000 -1.231754 
