# time Tc_folded Tref_folded value value_err offset model full_model val_compare val_compare_err residuals residuals_err jitter jitter_flag offset_flag subset_flag 
2455480.529186 0.000000 0.000000 -10482.960657 0.485677 -10476.244751 -4.713753 -10480.919235 -6.755175 0.485677 -2.041422 0.485677 1.311023   1   1  -1 
2455480.532970 0.000000 0.000000 -10481.678693 0.440084 -10476.244751 -4.716312 -10480.920448 -5.474557 0.440084 -0.758245 0.440084 1.311023   1   1  -1 
2455480.536778 0.000000 0.000000 -10480.431449 0.465046 -10476.244751 -4.718882 -10480.921647 -4.228685 0.465046 0.490198 0.465046 1.311023   1   1  -1 
2455482.554786 0.000000 0.000000 -10476.128743 0.353905 -10476.244751 -4.827366 -10478.524177 -2.431932 0.353905 2.395434 0.353905 1.311023   1   1  -1 
2455484.542056 0.000000 0.000000 -10475.755433 0.514319 -10476.244751 -2.957662 -10474.904366 -3.808729 0.514319 -0.851067 0.514319 1.311023   1   1  -1 
2455484.545828 0.000000 0.000000 -10473.332240 0.532707 -10476.244751 -2.954660 -10474.899950 -1.386950 0.532707 1.567710 0.532707 1.311023   1   1  -1 
2455484.549671 0.000000 0.000000 -10474.438386 0.508347 -10476.244751 -2.951608 -10474.895464 -2.494531 0.508347 0.457078 0.508347 1.311023   1   1  -1 
2455485.527184 0.000000 0.000000 -10473.605978 0.432034 -10476.244751 -2.444089 -10474.208086 -1.841981 0.432034 0.602108 0.432034 1.311023   1   1  -1 
2455485.532971 0.000000 0.000000 -10471.997247 0.445706 -10476.244751 -2.442715 -10474.206641 -0.233321 0.445706 2.209394 0.445706 1.311023   1   1  -1 
2455487.543214 0.000000 0.000000 -10473.844627 0.404437 -10476.244751 -2.617466 -10474.881957 -1.580135 0.404437 1.037330 0.404437 1.311023   1   1  -1 
2455487.548897 0.000000 0.000000 -10473.904015 0.401767 -10476.244751 -2.618552 -10474.885659 -1.636908 0.401767 0.981644 0.401767 1.311023   1   1  -1 
2455493.544252 0.000000 0.000000 -10479.814585 0.396600 -10476.244751 -2.627170 -10479.773196 -2.668559 0.396600 -0.041389 0.396600 1.311023   1   1  -1 
2455493.550478 0.000000 0.000000 -10480.900282 0.405220 -10476.244751 -2.625156 -10479.777761 -3.747677 0.405220 -1.122521 0.405220 1.311023   1   1  -1 
2455495.535877 0.000000 0.000000 -10480.826331 0.401246 -10476.244751 -2.646307 -10480.677760 -2.794878 0.401246 -0.148571 0.401246 1.311023   1   1  -1 
2455495.541664 0.000000 0.000000 -10480.647538 0.425418 -10476.244751 -2.647950 -10480.675908 -2.619580 0.425418 0.028370 0.425418 1.311023   1   1  -1 
2455498.517820 0.000000 0.000000 -10479.650410 0.663846 -10476.244751 -2.672629 -10478.448771 -3.874268 0.663846 -1.201639 0.663846 1.311023   1   1  -1 
2455498.523445 0.000000 0.000000 -10478.978096 0.600098 -10476.244751 -2.671859 -10478.446372 -3.203584 0.600098 -0.531724 0.600098 1.311023   1   1  -1 
2455500.544007 0.000000 0.000000 -10479.588979 0.341836 -10476.244751 -3.184724 -10478.814020 -3.959683 0.341836 -0.774959 0.341836 1.311023   1   1  -1 
2455500.549389 0.000000 0.000000 -10479.646223 0.372174 -10476.244751 -3.187541 -10478.817278 -4.016486 0.372174 -0.828945 0.372174 1.311023   1   1  -1 
2455501.547102 0.000000 0.000000 -10479.228913 0.302659 -10476.244751 -3.566308 -10479.325040 -3.470181 0.302659 0.096127 0.302659 1.311023   1   1  -1 
2455501.552738 0.000000 0.000000 -10480.110772 0.289222 -10476.244751 -3.567065 -10479.326763 -4.351074 0.289222 -0.784009 0.289222 1.311023   1   1  -1 
2455505.514789 0.000000 0.000000 -10479.788974 0.344263 -10476.244751 -2.402705 -10479.392940 -2.798739 0.344263 -0.396034 0.344263 1.311023   1   1  -1 
2455505.520425 0.000000 0.000000 -10479.398339 0.340728 -10476.244751 -2.405864 -10479.398755 -2.405449 0.340728 0.000416 0.340728 1.311023   1   1  -1 
2455507.517142 0.000000 0.000000 -10482.165859 0.264981 -10476.244751 -3.791394 -10481.935990 -4.021263 0.264981 -0.229869 0.264981 1.311023   1   1  -1 
2455507.522824 0.000000 0.000000 -10483.868821 0.270208 -10476.244751 -3.794031 -10481.942333 -5.720518 0.270208 -1.926488 0.270208 1.311023   1   1  -1 
2455509.518050 0.000000 0.000000 -10482.136940 0.380261 -10476.244751 -4.129184 -10482.774447 -3.491677 0.380261 0.637507 0.380261 1.311023   1   1  -1 
2455509.523524 0.000000 0.000000 -10481.842165 0.354765 -10476.244751 -4.129568 -10482.771201 -3.200532 0.354765 0.929036 0.354765 1.311023   1   1  -1 
2455511.516449 0.000000 0.000000 -10481.051242 0.398498 -10476.244751 -4.296902 -10480.348032 -5.000112 0.398498 -0.703210 0.398498 1.311023   1   1  -1 
2455511.521935 0.000000 0.000000 -10481.318563 0.396662 -10476.244751 -4.296741 -10480.340984 -5.274320 0.396662 -0.977579 0.396662 1.311023   1   1  -1 
2455513.504562 0.000000 0.000000 -10476.804338 0.418335 -10476.244751 -3.883276 -10478.203477 -2.484137 0.418335 1.399139 0.418335 1.311023   1   1  -1 
2455513.510244 0.000000 0.000000 -10476.668251 0.441085 -10476.244751 -3.881931 -10478.198912 -2.351271 0.441085 1.530661 0.441085 1.311023   1   1  -1 
2455514.505835 0.000000 0.000000 -10478.206203 0.335906 -10476.244751 -3.733394 -10477.587230 -4.352367 0.335906 -0.618973 0.335906 1.311023   1   1  -1 
2455514.511356 0.000000 0.000000 -10477.524806 0.341716 -10476.244751 -3.732996 -10477.584777 -3.673025 0.341716 0.059971 0.341716 1.311023   1   1  -1 
2455519.503938 0.000000 0.000000 -10474.517329 0.516685 -10476.244751 -0.134467 -10474.558873 -0.092922 0.516685 0.041544 0.516685 1.311023   1   1  -1 
2455519.508811 0.000000 0.000000 -10473.971305 0.498073 -10476.244751 -0.132944 -10474.560724 0.456475 0.498073 0.589419 0.498073 1.311023   1   1  -1 
2455523.508036 0.000000 0.000000 -10476.567096 0.414917 -10476.244751 0.371345 -10477.864881 1.669130 0.414917 1.297785 0.414917 1.311023   1   1  -1 
2455523.513036 0.000000 0.000000 -10476.426565 0.432885 -10476.244751 0.372421 -10477.865444 1.811301 0.432885 1.438879 0.432885 1.311023   1   1  -1 
2455524.521481 0.000000 0.000000 -10476.409103 0.333974 -10476.244751 0.187541 -10477.775543 1.553981 0.333974 1.366440 0.333974 1.311023   1   1  -1 
2455524.526446 0.000000 0.000000 -10475.818731 0.339194 -10476.244751 0.184372 -10477.774949 2.140590 0.339194 1.956218 0.339194 1.311023   1   1  -1 
2455653.900831 0.000000 0.000000 -10479.122782 0.372304 -10476.244751 -1.495593 -10477.836984 -2.781392 0.372304 -1.285798 0.372304 1.311023   1   1  -1 
2455653.906410 0.000000 0.000000 -10477.502514 0.368097 -10476.244751 -1.497113 -10477.832557 -1.167070 0.368097 0.330043 0.368097 1.311023   1   1  -1 
2455654.900357 0.000000 0.000000 -10477.529507 0.407058 -10476.244751 -1.794174 -10477.309511 -2.014170 0.407058 -0.219996 0.407058 1.311023   1   1  -1 
2455654.905936 0.000000 0.000000 -10476.951630 0.365708 -10476.244751 -1.795824 -10477.308017 -1.439437 0.365708 0.356387 0.365708 1.311023   1   1  -1 
2455657.909222 0.000000 0.000000 -10477.608535 0.302855 -10476.244751 -2.054718 -10477.387075 -2.276179 0.302855 -0.221460 0.302855 1.311023   1   1  -1 
2455657.914813 0.000000 0.000000 -10478.050098 0.315866 -10476.244751 -2.054509 -10477.388160 -2.716447 0.315866 -0.661938 0.315866 1.311023   1   1  -1 
2455659.907949 0.000000 0.000000 -10477.046490 0.384743 -10476.244751 -2.063156 -10478.008531 -1.101115 0.384743 0.962041 0.384743 1.311023   1   1  -1 
2455659.913540 0.000000 0.000000 -10478.198534 0.401510 -10476.244751 -2.063134 -10478.010562 -2.251107 0.401510 -0.187972 0.401510 1.311023   1   1  -1 
2455660.901884 0.000000 0.000000 -10478.330760 0.251174 -10476.244751 -2.016228 -10478.352826 -1.994163 0.251174 0.022066 0.251174 1.311023   1   1  -1 
2455662.902485 0.000000 0.000000 -10478.461597 0.474458 -10476.244751 -2.067676 -10479.391898 -1.137375 0.474458 0.930301 0.474458 1.311023   1   1  -1 
2455662.908180 0.000000 0.000000 -10479.019990 0.454621 -10476.244751 -2.069329 -10479.396868 -1.692451 0.454621 0.376878 0.454621 1.311023   1   1  -1 
2455663.839263 0.000000 0.000000 -10481.021871 0.868606 -10476.244751 -2.479898 -10480.398947 -3.102822 0.868606 -0.622924 0.868606 1.311023   1   1  -1 
2455672.897729 0.000000 0.000000 -10477.289791 0.326960 -10476.244751 -2.031212 -10477.296398 -2.024606 0.326960 0.006607 0.326960 1.311023   1   1  -1 
2455672.902775 0.000000 0.000000 -10477.128218 0.300639 -10476.244751 -2.033203 -10477.297915 -1.863506 0.300639 0.169697 0.300639 1.311023   1   1  -1 
2455675.905453 0.000000 0.000000 -10479.983143 0.211350 -10476.244751 -2.648632 -10477.948828 -4.682947 0.211350 -2.034315 0.211350 1.311023   1   1  -1 
2455679.879903 0.000000 0.000000 -10481.249420 0.252289 -10476.244751 -3.211349 -10479.638377 -4.822392 0.252289 -1.611043 0.252289 1.311023   1   1  -1 
2455679.885123 0.000000 0.000000 -10482.070814 0.256851 -10476.244751 -3.211929 -10479.640297 -5.642446 0.256851 -2.430517 0.256851 1.311023   1   1  -1 
2455712.893679 0.000000 0.000000 -10477.596372 0.280177 -10476.244751 -2.193334 -10476.937641 -2.852064 0.280177 -0.658731 0.280177 1.311023   1   1  -1 
2455715.864679 0.000000 0.000000 -10473.715742 0.681733 -10476.244751 -1.251884 -10474.674945 -0.292681 0.681733 0.959203 0.681733 1.311023   1   1  -1 
2455715.867376 0.000000 0.000000 -10473.898980 0.709421 -10476.244751 -1.251686 -10474.674209 -0.476457 0.709421 0.775229 0.709421 1.311023   1   1  -1 
2455715.869992 0.000000 0.000000 -10473.445162 0.718389 -10476.244751 -1.251498 -10474.673500 -0.023160 0.718389 1.228338 0.718389 1.311023   1   1  -1 
2455715.872747 0.000000 0.000000 -10473.903696 0.742414 -10476.244751 -1.251303 -10474.672758 -0.482242 0.742414 0.769062 0.742414 1.311023   1   1  -1 
2455727.859452 0.000000 0.000000 -10475.357665 0.528199 -10476.244751 -0.476842 -10476.508878 0.674371 0.528199 1.151213 0.528199 1.311023   1   1  -1 
2455727.863145 0.000000 0.000000 -10476.960737 0.516663 -10476.244751 -0.474639 -10476.506848 -0.928528 0.516663 -0.453889 0.516663 1.311023   1   1  -1 
2455727.866953 0.000000 0.000000 -10477.060026 0.559742 -10476.244751 -0.472374 -10476.504764 -1.027636 0.559742 -0.555262 0.559742 1.311023   1   1  -1 
2455735.809170 0.000000 0.000000 -10480.718295 0.263016 -10476.244751 -1.037220 -10480.601416 -1.154099 0.263016 -0.116879 0.263016 1.311023   1   1  -1 
2455754.777241 0.000000 0.000000 -10475.455016 0.545675 -10476.244751 -1.053848 -10476.789309 0.280446 0.545675 1.334293 0.545675 1.311023   1   1  -1 
2455755.755721 0.000000 0.000000 -10477.021535 0.384396 -10476.244751 -1.121466 -10476.451721 -1.691280 0.384396 -0.569814 0.384396 1.311023   1   1  -1 
2455769.736300 0.000000 0.000000 -10478.718338 0.338766 -10476.244751 -2.198454 -10478.782478 -2.134314 0.338766 0.064140 0.338766 1.311023   1   1  -1 
2455769.742075 0.000000 0.000000 -10479.209949 0.385157 -10476.244751 -2.202594 -10478.782518 -2.630025 0.385157 -0.427431 0.385157 1.311023   1   1  -1 
2455776.628483 0.000000 0.000000 -10477.854877 0.356174 -10476.244751 -1.236005 -10476.820956 -2.269926 0.356174 -1.033921 0.356174 1.311023   1   1  -1 
2455782.624998 0.000000 0.000000 -10477.234320 0.380536 -10476.244751 -1.190770 -10475.385077 -3.040012 0.380536 -1.849243 0.380536 1.311023   1   1  -1 
2455784.737667 0.000000 0.000000 -10473.119634 0.272683 -10476.244751 -1.989304 -10473.985863 -1.123075 0.272683 0.866229 0.272683 1.311023   1   1  -1 
2455801.526698 0.000000 0.000000 -10477.714254 0.636570 -10476.244751 -1.253856 -10476.634778 -2.333332 0.636570 -1.079476 0.636570 1.311023   1   1  -1 
2455801.531628 0.000000 0.000000 -10478.348482 0.588581 -10476.244751 -1.249596 -10476.631327 -2.966751 0.588581 -1.717155 0.588581 1.311023   1   1  -1 
2455804.632333 0.000000 0.000000 -10479.889141 0.560283 -10476.244751 -1.298053 -10477.528614 -3.658580 0.560283 -2.360527 0.560283 1.311023   1   1  -1 
2455804.637669 0.000000 0.000000 -10479.356651 0.516075 -10476.244751 -1.299221 -10477.531832 -3.124040 0.516075 -1.824819 0.516075 1.311023   1   1  -1 
2455807.626267 0.000000 0.000000 -10477.952953 0.482855 -10476.244751 -1.075994 -10478.900153 -0.128793 0.482855 0.947200 0.482855 1.311023   1   1  -1 
2455807.631162 0.000000 0.000000 -10477.762393 0.443292 -10476.244751 -1.077753 -10478.905206 0.065060 0.443292 1.142813 0.443292 1.311023   1   1  -1 
2455810.581550 0.000000 0.000000 -10481.002505 0.377097 -10476.244751 -2.059717 -10479.599149 -3.463072 0.377097 -1.403356 0.377097 1.311023   1   1  -1 
2455810.586723 0.000000 0.000000 -10480.282556 0.398696 -10476.244751 -2.056989 -10479.589092 -2.750453 0.398696 -0.693464 0.398696 1.311023   1   1  -1 
2455816.587002 0.000000 0.000000 -10476.284284 0.479893 -10476.244751 -3.462600 -10476.738095 -3.008788 0.479893 0.453811 0.479893 1.311023   1   1  -1 
2455816.590578 0.000000 0.000000 -10475.380232 0.444942 -10476.244751 -3.465623 -10476.740714 -2.105141 0.444942 1.360482 0.444942 1.311023   1   1  -1 
2455816.594154 0.000000 0.000000 -10476.257023 0.438232 -10476.244751 -3.468641 -10476.743329 -2.982336 0.438232 0.486306 0.438232 1.311023   1   1  -1 
2455834.622073 0.000000 0.000000 -10480.909706 0.288686 -10476.244751 -2.143045 -10480.615217 -2.437534 0.288686 -0.294489 0.288686 1.311023   1   1  -1 
2455834.627593 0.000000 0.000000 -10481.704100 0.288262 -10476.244751 -2.147477 -10480.623372 -3.228206 0.288262 -1.080728 0.288262 1.311023   1   1  -1 
2455836.585712 0.000000 0.000000 -10482.497452 0.340261 -10476.244751 -3.410794 -10483.408236 -2.500010 0.340261 0.910784 0.340261 1.311023   1   1  -1 
2455836.591440 0.000000 0.000000 -10483.216344 0.339568 -10476.244751 -3.412417 -10483.414578 -3.214182 0.339568 0.198234 0.339568 1.311023   1   1  -1 
2455839.585007 0.000000 0.000000 -10480.984122 0.455066 -10476.244751 -1.822982 -10481.217487 -1.589617 0.455066 0.233365 0.455066 1.311023   1   1  -1 
2455839.590794 0.000000 0.000000 -10480.862232 0.459884 -10476.244751 -1.816445 -10481.203518 -1.475159 0.459884 0.341286 0.459884 1.311023   1   1  -1 
2455842.549547 0.000000 0.000000 -10475.984718 0.533150 -10476.244751 0.473888 -10476.638340 1.127510 0.533150 0.653622 0.533150 1.311023   1   1  -1 
2455842.555033 0.000000 0.000000 -10475.769563 0.436601 -10476.244751 0.475362 -10476.635032 1.340832 0.436601 0.865469 0.436601 1.311023   1   1  -1 
2455845.575633 0.000000 0.000000 -10472.970844 0.533869 -10476.244751 1.137596 -10475.439372 3.606124 0.533869 2.468528 0.533869 1.311023   1   1  -1 
2455845.581258 0.000000 0.000000 -10473.156417 0.461200 -10476.244751 1.137603 -10475.438937 3.420123 0.461200 2.282520 0.461200 1.311023   1   1  -1 
2455870.498785 0.000000 0.000000 -10481.818484 0.365314 -10476.244751 -3.718987 -10480.216292 -5.321178 0.365314 -1.602192 0.365314 1.311023   1   1  -1 
2455870.504422 0.000000 0.000000 -10481.151885 0.359240 -10476.244751 -3.718351 -10480.212832 -4.657404 0.359240 -0.939053 0.359240 1.311023   1   1  -1 
2455874.532217 0.000000 0.000000 -10477.728868 0.513797 -10476.244751 -1.612502 -10477.309852 -2.031517 0.513797 -0.419016 0.513797 1.311023   1   1  -1 
2455874.537437 0.000000 0.000000 -10475.674380 0.695338 -10476.244751 -1.611551 -10477.308821 0.022889 0.695338 1.634441 0.695338 1.311023   1   1  -1 
2455878.549549 0.000000 0.000000 -10474.975638 0.680478 -10476.244751 -1.119993 -10477.395938 1.300307 0.680478 2.420300 0.680478 1.311023   1   1  -1 
2455878.554965 0.000000 0.000000 -10473.200640 0.660711 -10476.244751 -1.121833 -10477.399641 3.077168 0.660711 4.199001 0.660711 1.311023   1   1  -1 
2456020.892743 0.000000 0.000000 -10474.892081 0.400252 -10476.244751 -1.037650 -10475.354246 -0.575485 0.400252 0.462165 0.400252 1.311023   1   1  -1 
2456020.898160 0.000000 0.000000 -10474.995167 0.390725 -10476.244751 -1.039059 -10475.359962 -0.674263 0.390725 0.364795 0.390725 1.311023   1   1  -1 
2456022.889397 0.000000 0.000000 -10478.871489 0.497344 -10476.244751 -1.829202 -10478.149801 -2.550890 0.497344 -0.721688 0.497344 1.311023   1   1  -1 
2456022.894884 0.000000 0.000000 -10479.815426 0.556527 -10476.244751 -1.831552 -10478.157907 -3.489072 0.556527 -1.657519 0.556527 1.311023   1   1  -1 
2456024.891353 0.000000 0.000000 -10480.979281 0.428656 -10476.244751 -2.250947 -10479.071211 -4.159017 0.428656 -1.908070 0.428656 1.311023   1   1  -1 
2456024.897048 0.000000 0.000000 -10480.604419 0.407038 -10476.244751 -2.250810 -10479.066871 -3.788358 0.407038 -1.537548 0.407038 1.311023   1   1  -1 
2456028.922257 0.000000 0.000000 -10477.908590 0.345283 -10476.244751 -2.011329 -10477.533773 -2.386145 0.345283 -0.374817 0.345283 1.311023   1   1  -1 
2456029.892891 0.000000 0.000000 -10478.166891 0.543499 -10476.244751 -1.373580 -10477.153842 -2.386630 0.543499 -1.013049 0.543499 1.311023   1   1  -1 
2456029.898354 0.000000 0.000000 -10478.569496 0.519266 -10476.244751 -1.369148 -10477.151123 -2.787521 0.519266 -1.418373 0.519266 1.311023   1   1  -1 
2456031.852968 0.000000 0.000000 -10477.024746 0.408809 -10476.244751 -0.247519 -10476.779259 -0.493005 0.408809 -0.245487 0.408809 1.311023   1   1  -1 
2456052.857065 0.000000 0.000000 -10480.793021 0.406318 -10476.244751 -1.523196 -10479.266140 -3.050077 0.406318 -1.526881 0.406318 1.311023   1   1  -1 
2456052.862482 0.000000 0.000000 -10480.156970 0.393840 -10476.244751 -1.528233 -10479.267890 -2.417313 0.393840 -0.889080 0.393840 1.311023   1   1  -1 
2456053.851639 0.000000 0.000000 -10480.816786 0.437473 -10476.244751 -2.299493 -10479.054715 -4.061564 0.437473 -1.762071 0.437473 1.311023   1   1  -1 
2456053.857114 0.000000 0.000000 -10476.986852 0.414343 -10476.244751 -2.302386 -10479.051172 -0.238066 0.414343 2.064320 0.414343 1.311023   1   1  -1 
2456054.839916 0.000000 0.000000 -10479.578072 0.266506 -10476.244751 -2.467320 -10478.230025 -3.815368 0.266506 -1.348047 0.266506 1.311023   1   1  -1 
2456055.886865 0.000000 0.000000 -10478.308216 0.254853 -10476.244751 -1.963674 -10477.242007 -3.029883 0.254853 -1.066209 0.254853 1.311023   1   1  -1 
2456056.818146 0.000000 0.000000 -10476.145121 0.446651 -10476.244751 -1.320549 -10476.566320 -0.899351 0.446651 0.421199 0.446651 1.311023   1   1  -1 
2456056.823714 0.000000 0.000000 -10476.399813 0.406993 -10476.244751 -1.317019 -10476.563400 -1.153433 0.406993 0.163587 0.406993 1.311023   1   1  -1 
2456078.843392 0.000000 0.000000 -10475.070920 0.323779 -10476.244751 0.029749 -10476.893690 1.852519 0.323779 1.822770 0.323779 1.311023   1   1  -1 
2456078.849075 0.000000 0.000000 -10475.406297 0.316487 -10476.244751 0.028757 -10476.896576 1.519036 0.316487 1.490279 0.316487 1.311023   1   1  -1 
2456081.832748 0.000000 0.000000 -10477.091748 0.398009 -10476.244751 -0.763046 -10477.268132 -0.586662 0.398009 0.176384 0.398009 1.311023   1   1  -1 
2456081.838651 0.000000 0.000000 -10477.350415 0.323723 -10476.244751 -0.765113 -10477.261727 -0.853801 0.323723 -0.088688 0.323723 1.311023   1   1  -1 
2456085.820521 0.000000 0.000000 -10474.269371 0.439249 -10476.244751 -1.245151 -10473.208120 -2.306401 0.439249 -1.061251 0.439249 1.311023   1   1  -1 
2456085.826250 0.000000 0.000000 -10473.694203 0.458936 -10476.244751 -1.242583 -10473.203545 -1.733240 0.458936 -0.490658 0.458936 1.311023   1   1  -1 
2456088.742747 0.000000 0.000000 -10472.336592 0.274700 -10476.244751 0.777820 -10471.363670 -0.195102 0.274700 -0.972922 0.274700 1.311023   1   1  -1 
2456092.900369 0.000000 0.000000 -10477.981567 0.314413 -10476.244751 -0.754686 -10475.973013 -2.763240 0.314413 -2.008554 0.314413 1.311023   1   1  -1 
2456115.815540 0.000000 0.000000 -10474.774807 0.388096 -10476.244751 1.496874 -10471.892550 -1.385383 0.388096 -2.882257 0.388096 1.311023   1   1  -1 
2456118.809984 0.000000 0.000000 -10471.978956 0.256427 -10476.244751 1.221922 -10471.946486 1.189452 0.256427 -0.032470 0.256427 1.311023   1   1  -1 
2456121.820367 0.000000 0.000000 -10475.055286 0.705930 -10476.244751 0.196046 -10474.714134 -0.145106 0.705930 -0.341152 0.705930 1.311023   1   1  -1 
2456149.686124 0.000000 0.000000 -10478.886301 0.422505 -10476.244751 -1.678133 -10478.498852 -2.065582 0.422505 -0.387449 0.422505 1.311023   1   1  -1 
2456154.723489 0.000000 0.000000 -10473.222066 0.432559 -10476.244751 1.492063 -10474.315431 2.585428 0.432559 1.093365 0.432559 1.311023   1   1  -1 
2456154.728442 0.000000 0.000000 -10472.383548 0.640869 -10476.244751 1.493337 -10474.309802 3.419591 0.640869 1.926254 0.640869 1.311023   1   1  -1 
2456166.527551 0.000000 0.000000 -10482.638275 0.322758 -10476.244751 0.121725 -10480.710102 -1.806448 0.322758 -1.928173 0.322758 1.311023   1   1  -1 
2456168.609469 0.000000 0.000000 -10483.235121 0.485702 -10476.244751 -1.390511 -10480.673392 -3.952240 0.485702 -2.561729 0.485702 1.311023   1   1  -1 
2456168.615105 0.000000 0.000000 -10482.078140 0.428978 -10476.244751 -1.393896 -10480.669793 -2.802244 0.428978 -1.408347 0.428978 1.311023   1   1  -1 
2456171.510563 0.000000 0.000000 -10477.310953 0.261955 -10476.244751 -0.819995 -10478.042302 -0.088646 0.261955 0.731349 0.261955 1.311023   1   1  -1 
2456173.694840 0.000000 0.000000 -10472.314153 0.435027 -10476.244751 0.660923 -10476.165429 4.512199 0.435027 3.851276 0.435027 1.311023   1   1  -1 
2456181.612869 0.000000 0.000000 -10475.571527 0.304713 -10476.244751 -0.308859 -10477.534756 1.654369 0.304713 1.963229 0.304713 1.311023   1   1  -1 
2456186.623747 0.000000 0.000000 -10470.871523 0.269145 -10476.244751 0.227371 -10471.719390 1.075238 0.269145 0.847867 0.269145 1.311023   1   1  -1 
2456189.666838 0.000000 0.000000 -10471.752751 0.854916 -10476.244751 -0.562788 -10473.126836 0.811297 0.854916 1.374085 0.854916 1.311023   1   1  -1 
2456190.592865 0.000000 0.000000 -10474.982002 0.436640 -10476.244751 0.171101 -10472.954380 -1.856521 0.436640 -2.027622 0.436640 1.311023   1   1  -1 
2456190.598548 0.000000 0.000000 -10475.915820 0.410184 -10476.244751 0.176072 -10472.953279 -2.786470 0.410184 -2.962541 0.410184 1.311023   1   1  -1 
2456195.586272 0.000000 0.000000 -10476.324229 0.455921 -10476.244751 0.696311 -10476.691921 1.064002 0.455921 0.367692 0.455921 1.311023   1   1  -1 
2456195.591793 0.000000 0.000000 -10476.833989 0.456503 -10476.244751 0.698141 -10476.690114 0.554266 0.456503 -0.143875 0.456503 1.311023   1   1  -1 
2456198.564091 0.000000 0.000000 -10469.851121 0.593173 -10476.244751 3.077126 -10472.135831 5.361835 0.593173 2.284710 0.593173 1.311023   1   1  -1 
2456198.569866 0.000000 0.000000 -10469.520142 0.625422 -10476.244751 3.077776 -10472.132666 5.690300 0.625422 2.612524 0.625422 1.311023   1   1  -1 
2456204.547188 0.000000 0.000000 -10474.005151 0.390830 -10476.244751 1.520423 -10474.249552 1.764824 0.390830 0.244401 0.390830 1.311023   1   1  -1 
2456205.523197 0.000000 0.000000 -10476.331744 0.223735 -10476.244751 1.146595 -10475.019645 -0.165505 0.223735 -1.312099 0.223735 1.311023   1   1  -1 
2456208.615737 0.000000 0.000000 -10479.274458 0.471028 -10476.244751 0.156506 -10477.868341 -1.249611 0.471028 -1.406117 0.471028 1.311023   1   1  -1 
2456209.540800 0.000000 0.000000 -10475.726000 0.526879 -10476.244751 1.209676 -10477.174026 2.657702 0.526879 1.448026 0.526879 1.311023   1   1  -1 
2456210.532155 0.000000 0.000000 -10475.727704 0.432092 -10476.244751 2.466053 -10475.339242 2.077590 0.432092 -0.388462 0.432092 1.311023   1   1  -1 
2456212.523498 0.000000 0.000000 -10470.032065 0.239792 -10476.244751 3.196801 -10472.034510 5.199246 0.239792 2.002445 0.239792 1.311023   1   1  -1 
2456217.523649 0.000000 0.000000 -10469.768240 0.370476 -10476.244751 4.268754 -10468.800880 3.301394 0.370476 -0.967360 0.370476 1.311023   1   1  -1 
2456217.529482 0.000000 0.000000 -10468.041405 0.361734 -10476.244751 4.273183 -10468.795960 5.027739 0.361734 0.754555 0.361734 1.311023   1   1  -1 
2456218.587951 0.000000 0.000000 -10468.491163 0.391645 -10476.244751 4.526478 -10468.544235 4.579550 0.391645 0.053072 0.391645 1.311023   1   1  -1 
2456219.500319 0.000000 0.000000 -10469.245686 0.247828 -10476.244751 3.823954 -10469.423196 4.001464 0.247828 0.177510 0.247828 1.311023   1   1  -1 
2456220.491327 0.000000 0.000000 -10472.137625 0.391613 -10476.244751 2.604689 -10471.066039 1.533103 0.391613 -1.071586 0.391613 1.311023   1   1  -1 
2456220.514069 0.000000 0.000000 -10472.572915 0.320320 -10476.244751 2.577914 -10471.105692 1.110691 0.320320 -1.467223 0.320320 1.311023   1   1  -1 
2456409.867093 0.000000 0.000000 -10475.673600 0.617333 -10476.244751 4.020216 -10474.278778 2.625394 0.617333 -1.394822 0.617333 1.311023   1   1  -1 
2456409.872719 0.000000 0.000000 -10476.137178 0.595203 -10476.244751 4.020848 -10474.277151 2.160822 0.595203 -1.860027 0.595203 1.311023   1   1  -1 
2456416.824768 0.000000 0.000000 -10472.302186 0.550392 -10476.244751 2.021567 -10471.156943 0.876323 0.550392 -1.145243 0.550392 1.311023   1   1  -1 
2456416.828565 0.000000 0.000000 -10470.986675 0.545862 -10476.244751 2.020635 -10471.157097 2.191056 0.545862 0.170422 0.545862 1.311023   1   1  -1 
2456416.832443 0.000000 0.000000 -10471.882453 0.566830 -10476.244751 2.019679 -10471.157259 1.294485 0.566830 -0.725194 0.566830 1.311023   1   1  -1 
2456432.884915 0.000000 0.000000 -10474.962361 0.393986 -10476.244751 0.580616 -10475.592407 1.210662 0.393986 0.630046 0.393986 1.311023   1   1  -1 
2456432.890124 0.000000 0.000000 -10475.372110 0.450803 -10476.244751 0.579457 -10475.596264 0.803612 0.450803 0.224154 0.450803 1.311023   1   1  -1 
2456433.905268 0.000000 0.000000 -10472.852948 0.738644 -10476.244751 0.776697 -10475.962036 3.885785 0.738644 3.109088 0.738644 1.311023   1   1  -1 
2456433.910395 0.000000 0.000000 -10474.512391 0.801539 -10476.244751 0.779335 -10475.962445 2.229390 0.801539 1.450054 0.801539 1.311023   1   1  -1 
2456434.892458 0.000000 0.000000 -10475.434897 0.484791 -10476.244751 1.345374 -10476.025358 1.935835 0.484791 0.590461 0.484791 1.311023   1   1  -1 
2456434.898129 0.000000 0.000000 -10474.106533 0.468854 -10476.244751 1.348303 -10476.026346 3.268116 0.468854 1.919813 0.468854 1.311023   1   1  -1 
2456437.889188 0.000000 0.000000 -10477.501611 0.400790 -10476.244751 1.255167 -10478.485057 2.238613 0.400790 0.983446 0.400790 1.311023   1   1  -1 
2456437.894720 0.000000 0.000000 -10477.202903 0.367888 -10476.244751 1.253975 -10478.489348 2.540420 0.367888 1.286445 0.367888 1.311023   1   1  -1 
2456438.860772 0.000000 0.000000 -10477.416873 0.320407 -10476.244751 1.099808 -10478.719380 2.402314 0.320407 1.302507 0.320407 1.311023   1   1  -1 
2456441.860316 0.000000 0.000000 -10477.889690 0.423142 -10476.244751 1.168813 -10475.787725 -0.933152 0.423142 -2.101965 0.423142 1.311023   1   1  -1 
2456454.832361 0.000000 0.000000 -10475.281861 0.354619 -10476.244751 0.942915 -10474.566003 0.227057 0.354619 -0.715858 0.354619 1.311023   1   1  -1 
2456454.837894 0.000000 0.000000 -10474.118452 0.355826 -10476.244751 0.946178 -10474.557030 1.384756 0.355826 0.438578 0.355826 1.311023   1   1  -1 
2456467.823190 0.000000 0.000000 -10478.702475 0.627828 -10476.244751 1.855436 -10478.866002 2.018963 0.627828 0.163527 0.627828 1.311023   1   1  -1 
2456467.826929 0.000000 0.000000 -10477.017285 0.556688 -10476.244751 1.855482 -10478.862818 3.701015 0.556688 1.845533 0.556688 1.311023   1   1  -1 
2456467.830702 0.000000 0.000000 -10477.517838 0.592918 -10476.244751 1.855532 -10478.859588 3.197282 0.592918 1.341750 0.592918 1.311023   1   1  -1 
2456473.860840 0.000000 0.000000 -10476.447652 0.525661 -10476.244751 0.339706 -10477.356197 1.248250 0.525661 0.908545 0.525661 1.311023   1   1  -1 
2456473.864821 0.000000 0.000000 -10476.577531 0.508451 -10476.244751 0.342538 -10477.353368 1.118375 0.508451 0.775837 0.508451 1.311023   1   1  -1 
2456473.868595 0.000000 0.000000 -10477.152422 0.549460 -10476.244751 0.345224 -10477.350686 0.543488 0.549460 0.198264 0.549460 1.311023   1   1  -1 
2456480.776552 0.000000 0.000000 -10477.791088 0.498216 -10476.244751 0.808552 -10478.208700 1.226164 0.498216 0.417612 0.498216 1.311023   1   1  -1 
2456480.782281 0.000000 0.000000 -10479.026503 0.462663 -10476.244751 0.810294 -10478.207204 -0.009005 0.462663 -0.819299 0.462663 1.311023   1   1  -1 
2456481.631506 0.000000 0.000000 -10479.243238 0.620379 -10476.244751 1.284234 -10477.414427 -0.544577 0.620379 -1.828811 0.620379 1.311023   1   1  -1 
2456481.637189 0.000000 0.000000 -10479.719427 0.629706 -10476.244751 1.288719 -10477.404928 -1.025780 0.629706 -2.314499 0.629706 1.311023   1   1  -1 
2456501.599929 0.000000 0.000000 -10471.824389 0.315832 -10476.244751 1.541547 -10473.333928 3.051087 0.315832 1.509539 0.315832 1.311023   1   1  -1 
2456523.744316 0.000000 0.000000 -10476.503679 0.283739 -10476.244751 0.328389 -10475.467254 -0.708036 0.283739 -1.036425 0.283739 1.311023   1   1  -1 
2456524.691276 0.000000 0.000000 -10475.914483 0.351566 -10476.244751 -0.124915 -10476.193322 0.153924 0.351566 0.278839 0.351566 1.311023   1   1  -1 
2456524.696693 0.000000 0.000000 -10476.491657 0.358347 -10476.244751 -0.126551 -10476.193619 -0.424589 0.358347 -0.298038 0.358347 1.311023   1   1  -1 
2456525.743740 0.000000 0.000000 -10476.578898 0.318867 -10476.244751 -0.108179 -10475.473351 -1.213726 0.318867 -1.105547 0.318867 1.311023   1   1  -1 
2456569.534062 0.000000 0.000000 -10476.206904 0.538465 -10476.244751 1.712267 -10477.260303 2.765666 0.538465 1.053399 0.538465 1.311023   1   1  -1 
2456585.564665 0.000000 0.000000 -10473.765867 0.427831 -10476.244751 -0.624515 -10474.580494 0.190111 0.427831 0.814627 0.427831 1.311023   1   1  -1 
2456585.568473 0.000000 0.000000 -10475.180778 0.414412 -10476.244751 -0.623285 -10474.576340 -1.227723 0.414412 -0.604438 0.414412 1.311023   1   1  -1 
2456585.572350 0.000000 0.000000 -10474.743998 0.423051 -10476.244751 -0.622029 -10474.572113 -0.793914 0.423051 -0.171885 0.423051 1.311023   1   1  -1 
2456586.547688 0.000000 0.000000 -10474.360620 0.464286 -10476.244751 -0.263019 -10473.605509 -1.018130 0.464286 -0.755111 0.464286 1.311023   1   1  -1 
2456586.551530 0.000000 0.000000 -10474.580572 0.496503 -10476.244751 -0.261531 -10473.602150 -1.239953 0.496503 -0.978422 0.496503 1.311023   1   1  -1 
2456586.555442 0.000000 0.000000 -10475.256026 0.515154 -10476.244751 -0.260017 -10473.598734 -1.917309 0.515154 -1.657292 0.515154 1.311023   1   1  -1 
2456590.510961 0.000000 0.000000 -10473.364197 0.683759 -10476.244751 0.369671 -10473.000811 0.006285 0.683759 -0.363386 0.683759 1.311023   1   1  -1 
2456590.514943 0.000000 0.000000 -10471.788641 0.761395 -10476.244751 0.369753 -10473.002574 1.583686 0.761395 1.213933 0.761395 1.311023   1   1  -1 
2456590.518611 0.000000 0.000000 -10472.177822 0.643858 -10476.244751 0.369830 -10473.004200 1.196208 0.643858 0.826378 0.643858 1.311023   1   1  -1 
2456765.917789 0.000000 0.000000 -10478.736988 0.356105 -10476.244751 0.315494 -10479.388592 0.967099 0.356105 0.651604 0.356105 1.311023   1   1  -1 
2456765.923021 0.000000 0.000000 -10479.356033 0.359343 -10476.244751 0.316521 -10479.392893 0.353381 0.359343 0.036860 0.359343 1.311023   1   1  -1 
2456789.854143 0.000000 0.000000 -10471.510093 0.391560 -10476.244751 1.147819 -10472.539834 2.177560 0.391560 1.029741 0.391560 1.311023   1   1  -1 
2456789.859722 0.000000 0.000000 -10471.639643 0.405092 -10476.244751 1.150674 -10472.538165 2.049196 0.405092 0.898522 0.405092 1.311023   1   1  -1 
2456806.890179 0.000000 0.000000 -10477.728101 0.424327 -10476.244751 -0.248787 -10476.833385 -1.143502 0.424327 -0.894716 0.424327 1.311023   1   1  -1 
2456829.893363 0.000000 0.000000 -10474.769093 0.272363 -10476.244751 -0.135293 -10474.205518 -0.698868 0.272363 -0.563575 0.272363 1.311023   1   1  -1 
2456857.748704 0.000000 0.000000 -10473.725387 0.458440 -10476.244751 0.111298 -10473.692609 0.078520 0.458440 -0.032778 0.458440 1.311023   1   1  -1 
2456857.754433 0.000000 0.000000 -10473.163228 0.448012 -10476.244751 0.113148 -10473.691402 0.641322 0.448012 0.528174 0.448012 1.311023   1   1  -1 
2456866.784629 0.000000 0.000000 -10479.134302 0.372433 -10476.244751 -0.729097 -10480.977645 1.114246 0.372433 1.843343 0.372433 1.311023   1   1  -1 
2456896.727940 0.000000 0.000000 -10476.588857 0.526898 -10476.244751 1.558055 -10476.192592 1.161790 0.526898 -0.396265 0.526898 1.311023   1   1  -1 
2456896.733287 0.000000 0.000000 -10476.057196 0.651138 -10476.244751 1.561341 -10476.185091 1.689236 0.651138 0.127895 0.651138 1.311023   1   1  -1 
2457146.919889 0.000000 0.000000 -10475.918297 0.272209 -10476.244751 0.981932 -10474.648543 -0.287822 0.272209 -1.269754 0.272209 1.311023   1   1  -1 
2457176.844500 0.000000 0.000000 -10464.313000 0.241278 -10461.625644 -0.829697 -10464.390597 -0.752100 0.241278 0.077597 0.241278 1.311023   1   2  -1 
2457180.950532 0.000000 0.000000 -10468.297390 0.305748 -10461.625644 -1.698601 -10467.300538 -2.695453 0.305748 -0.996852 0.305748 1.311023   1   2  -1 
2457180.956053 0.000000 0.000000 -10469.641714 0.321155 -10461.625644 -1.697560 -10467.302158 -4.037116 0.321155 -2.339556 0.321155 1.311023   1   2  -1 
2457307.523708 0.000000 0.000000 -10460.965808 0.284606 -10461.625644 0.806931 -10462.239442 2.080565 0.284606 1.273634 0.284606 1.311023   1   2  -1 
2457307.529113 0.000000 0.000000 -10461.174528 0.295801 -10461.625644 0.807632 -10462.241436 1.874540 0.295801 1.066908 0.295801 1.311023   1   2  -1 
2457879.840329 0.000000 0.000000 -10463.101417 0.420408 -10461.625644 0.337728 -10463.566637 0.802948 0.420408 0.465220 0.420408 1.311023   1   2  -1 
2457968.637355 0.000000 0.000000 -10461.424457 0.383012 -10461.625644 1.497736 -10462.257430 2.330709 0.383012 0.832973 0.383012 1.311023   1   2  -1 
2460042.883932 0.000000 0.000000 -10467.619651 0.097183 -10468.521197 2.446053 -10468.384808 3.211210 0.097183 0.765157 0.097183 0.810588   0   0  -1 
2460042.889532 0.000000 0.000000 -10467.826807 0.098837 -10468.521197 2.450082 -10468.375433 2.998708 0.098837 0.548626 0.098837 0.810588   0   0  -1 
2460043.870973 0.000000 0.000000 -10467.810891 0.115769 -10468.521197 3.070703 -10466.987320 2.247132 0.115769 -0.823571 0.115769 0.810588   0   0  -1 
2460043.876677 0.000000 0.000000 -10467.827764 0.107743 -10468.521197 3.073592 -10466.981162 2.226989 0.107743 -0.846602 0.107743 0.810588   0   0  -1 
2460044.793251 0.000000 0.000000 -10466.216747 0.119007 -10468.521197 3.360151 -10466.335763 3.479167 0.119007 0.119016 0.119007 0.810588   0   0  -1 
2460044.798982 0.000000 0.000000 -10466.355629 0.118254 -10468.521197 3.360651 -10466.333936 3.338958 0.118254 -0.021693 0.118254 0.810588   0   0  -1 
2460045.773704 0.000000 0.000000 -10468.947680 0.263543 -10468.521197 3.182999 -10466.406277 0.641596 0.263543 -2.541403 0.263543 0.810588   0   0  -1 
2460045.779649 0.000000 0.000000 -10468.728031 0.178179 -10468.521197 3.180378 -10466.408870 0.861217 0.178179 -2.319161 0.178179 0.810588   0   0  -1 
2460046.786658 0.000000 0.000000 -10466.718679 0.108298 -10468.521197 2.546978 -10467.112857 2.941156 0.108298 0.394178 0.108298 0.810588   0   0  -1 
2460046.792204 0.000000 0.000000 -10467.571100 0.100449 -10468.521197 2.542791 -10467.117783 2.089474 0.100449 -0.453317 0.100449 0.810588   0   0  -1 
2460047.789500 0.000000 0.000000 -10468.079684 0.107918 -10468.521197 1.791682 -10468.047978 1.759976 0.107918 -0.031706 0.107918 0.810588   0   0  -1 
2460047.795047 0.000000 0.000000 -10468.412170 0.104000 -10468.521197 1.787807 -10468.053076 1.428713 0.104000 -0.359094 0.104000 0.810588   0   0  -1 
2460048.783364 0.000000 0.000000 -10468.577566 0.129590 -10468.521197 1.204497 -10468.887730 1.514661 0.129590 0.310164 0.129590 0.810588   0   0  -1 
2460048.789012 0.000000 0.000000 -10468.027070 0.120793 -10468.521197 1.201777 -10468.892067 2.066774 0.120793 0.864997 0.120793 0.810588   0   0  -1 
2460049.801102 0.000000 0.000000 -10468.921797 0.111941 -10468.521197 0.785187 -10469.630179 1.493569 0.111941 0.708382 0.111941 0.810588   0   0  -1 
2460049.806533 0.000000 0.000000 -10469.044553 0.118675 -10468.521197 0.783158 -10469.634106 1.372712 0.118675 0.589553 0.118675 0.810588   0   0  -1 
2460050.776767 0.000000 0.000000 -10470.880979 0.110463 -10468.521197 0.410278 -10470.378683 -0.092019 0.110463 -0.502296 0.110463 0.810588   0   0  -1 
2460050.782471 0.000000 0.000000 -10470.587932 0.106168 -10468.521197 0.407968 -10470.383382 0.203418 0.106168 -0.204550 0.106168 0.810588   0   0  -1 
2460068.823617 0.000000 0.000000 -10467.442048 0.125458 -10468.521197 1.782383 -10467.592128 1.932463 0.125458 0.150080 0.125458 0.810588   0   0  -1 
2460068.829253 0.000000 0.000000 -10468.177705 0.157911 -10468.521197 1.778532 -10467.600613 1.201440 0.157911 -0.577092 0.157911 0.810588   0   0  -1 
2460073.775251 0.000000 0.000000 -10468.691416 0.136518 -10468.521197 -0.777132 -10468.245348 -1.223200 0.136518 -0.446068 0.136518 0.810588   0   0  -1 
2460073.780774 0.000000 0.000000 -10468.532442 0.124641 -10468.521197 -0.778143 -10468.245465 -1.065120 0.124641 -0.286977 0.124641 0.810588   0   0  -1 
2460076.728213 0.000000 0.000000 -10468.677012 0.126723 -10468.521197 -1.776593 -10469.445877 -1.007727 0.126723 0.768865 0.126723 0.810588   0   0  -1 
2460076.733797 0.000000 0.000000 -10468.420636 0.121235 -10468.521197 -1.778404 -10469.448903 -0.750137 0.121235 1.028267 0.121235 0.810588   0   0  -1 
2460077.755001 0.000000 0.000000 -10469.796842 0.156253 -10468.521197 -1.905413 -10469.834325 -1.867929 0.156253 0.037483 0.156253 0.810588   0   0  -1 
2460077.760768 0.000000 0.000000 -10469.832216 0.150546 -10468.521197 -1.904697 -10469.835271 -1.901642 0.150546 0.003055 0.150546 0.810588   0   0  -1 
2460078.818364 0.000000 0.000000 -10470.121344 0.118065 -10468.521197 -1.455860 -10469.730978 -1.846227 0.118065 -0.390366 0.118065 0.810588   0   0  -1 
2460078.823976 0.000000 0.000000 -10470.631326 0.115757 -10468.521197 -1.451878 -10469.729047 -2.354157 0.115757 -0.902279 0.115757 0.810588   0   0  -1 
2460079.846559 0.000000 0.000000 -10469.784428 0.112864 -10468.521197 -0.543806 -10469.240101 -1.088133 0.112864 -0.544327 0.112864 0.810588   0   0  -1 
2460079.852048 0.000000 0.000000 -10469.613740 0.114319 -10468.521197 -0.538361 -10469.237170 -0.914931 0.114319 -0.376570 0.114319 0.810588   0   0  -1 
2460080.730235 0.000000 0.000000 -10469.772583 0.121764 -10468.521197 0.298855 -10468.844674 -0.629053 0.121764 -0.927909 0.121764 0.810588   0   0  -1 
2460080.735864 0.000000 0.000000 -10469.610615 0.112383 -10468.521197 0.303697 -10468.842974 -0.463944 0.112383 -0.767641 0.112383 0.810588   0   0  -1 
2460082.755256 0.000000 0.000000 -10469.121371 0.143393 -10468.521197 1.276085 -10469.223842 1.378556 0.143393 0.102471 0.143393 0.810588   0   0  -1 
2460082.760842 0.000000 0.000000 -10468.518798 0.129661 -10468.521197 1.277125 -10469.226783 1.985110 0.129661 0.707985 0.129661 0.810588   0   0  -1 
2460086.748603 0.000000 0.000000 -10463.771857 0.096592 -10468.521197 2.959005 -10465.330873 4.518021 0.096592 1.559016 0.096592 0.810588   0   0  -1 
2460086.754324 0.000000 0.000000 -10464.310069 0.104158 -10468.521197 2.960334 -10465.324111 3.974376 0.104158 1.014042 0.104158 0.810588   0   0  -1 
2460199.601214 0.000000 0.000000 -10467.857782 0.194625 -10468.521197 -1.590015 -10468.216434 -1.231363 0.194625 0.358652 0.194625 0.810588   0   0  -1 
2460199.607025 0.000000 0.000000 -10469.302924 0.190719 -10468.521197 -1.591253 -10468.210171 -2.684006 0.190719 -1.092753 0.190719 0.810588   0   0  -1 
2460201.515076 0.000000 0.000000 -10466.554990 0.136306 -10468.521197 -1.722949 -10466.459904 -1.818035 0.136306 -0.095086 0.136306 0.810588   0   0  -1 
2460201.520627 0.000000 0.000000 -10466.389365 0.147106 -10468.521197 -1.722541 -10466.456927 -1.654979 0.147106 0.067562 0.147106 0.810588   0   0  -1 
2460202.533617 0.000000 0.000000 -10465.659465 0.116368 -10468.521197 -1.666595 -10466.177035 -1.149024 0.116368 0.517570 0.116368 0.810588   0   0  -1 
2460202.539273 0.000000 0.000000 -10465.508485 0.110234 -10468.521197 -1.666610 -10466.176978 -0.998117 0.110234 0.668493 0.110234 0.810588   0   0  -1 
2460203.571018 0.000000 0.000000 -10465.844882 0.168626 -10468.521197 -1.758993 -10466.413750 -1.190124 0.168626 0.568868 0.168626 0.810588   0   0  -1 
2460203.577196 0.000000 0.000000 -10465.648256 0.180164 -10468.521197 -1.759952 -10466.416368 -0.991840 0.180164 0.768112 0.180164 0.810588   0   0  -1 
2460204.530857 0.000000 0.000000 -10467.427115 0.098515 -10468.521197 -1.881532 -10466.875322 -2.433325 0.098515 -0.551793 0.098515 0.810588   0   0  -1 
2460204.536387 0.000000 0.000000 -10466.800940 0.104273 -10468.521197 -1.881781 -10466.877931 -1.804791 0.104273 0.076991 0.104273 0.810588   0   0  -1 
2460205.516019 0.000000 0.000000 -10468.149301 0.122140 -10468.521197 -1.757267 -10467.225746 -2.680822 0.122140 -0.923555 0.122140 0.810588   0   0  -1 
2460205.521490 0.000000 0.000000 -10467.759986 0.108265 -10468.521197 -1.755537 -10467.226919 -2.288604 0.108265 -0.533067 0.108265 0.810588   0   0  -1 
2460206.534104 0.000000 0.000000 -10467.984215 0.123507 -10468.521197 -1.281565 -10467.331002 -1.934779 0.123507 -0.653213 0.123507 0.810588   0   0  -1 
2460206.539634 0.000000 0.000000 -10467.395836 0.112931 -10468.521197 -1.278454 -10467.331253 -1.343037 0.112931 -0.064583 0.112931 0.810588   0   0  -1 
2460208.612713 0.000000 0.000000 -10467.863703 0.119086 -10468.521197 -0.449621 -10467.916740 -0.396583 0.119086 0.053037 0.119086 0.810588   0   0  -1 
2460208.618030 0.000000 0.000000 -10468.124237 0.122661 -10468.521197 -0.448741 -10467.919924 -0.653053 0.122661 -0.204313 0.122661 0.810588   0   0  -1 
2460209.504007 0.000000 0.000000 -10468.350357 0.247406 -10468.521197 -0.311294 -10468.498633 -0.163018 0.247406 0.148276 0.247406 0.810588   0   0  -1 
2460209.509978 0.000000 0.000000 -10468.742438 0.220522 -10468.521197 -0.310140 -10468.502587 -0.549991 0.220522 -0.239851 0.220522 0.810588   0   0  -1 
2460210.587394 0.000000 0.000000 -10468.232795 0.137683 -10468.521197 0.036787 -10469.142672 0.946664 0.137683 0.909877 0.137683 0.810588   0   0  -1 
2460210.593026 0.000000 0.000000 -10467.916827 0.147704 -10468.521197 0.039331 -10469.145605 1.268108 0.147704 1.228778 0.147704 0.810588   0   0  -1 
2460211.516295 0.000000 0.000000 -10469.090653 0.190231 -10468.521197 0.481524 -10469.612606 1.003477 0.190231 0.521953 0.190231 0.810588   0   0  -1 
2460211.522268 0.000000 0.000000 -10468.782398 0.153085 -10468.521197 0.484126 -10469.615716 1.317445 0.153085 0.833318 0.153085 0.810588   0   0  -1 
